0 0.373437 0.375000 0.050000 0.062500
0 0.381250 0.347656 0.050000 0.062500
0 0.412500 0.382812 0.050000 0.062500
0 0.696875 0.796875 0.050000 0.062500
0 0.831250 0.484375 0.050000 0.062500
0 0.895312 0.490234 0.050000 0.062500
0 0.962500 0.427734 0.050000 0.062500
0 0.760938 0.298828 0.050000 0.062500
0 0.664062 0.248047 0.050000 0.062500
0 0.642188 0.224609 0.050000 0.062500
0 0.646875 0.187500 0.050000 0.062500
0 0.039062 0.154297 0.050000 0.062500
0 0.983594 0.935547 0.032813 0.062500
0 0.975000 0.949219 0.050000 0.062500
0 0.875000 0.977539 0.050000 0.044922
