0 0.945312 0.140625 0.050000 0.062500
0 0.965625 0.167969 0.050000 0.062500
0 0.978906 0.220703 0.042188 0.062500
0 0.962500 0.279297 0.050000 0.062500
0 0.667188 0.587891 0.050000 0.062500
0 0.626563 0.605469 0.050000 0.062500
0 0.329688 0.699219 0.050000 0.062500
0 0.357812 0.703125 0.050000 0.062500
0 0.165625 0.531250 0.050000 0.062500
0 0.117188 0.488281 0.050000 0.062500
0 0.018750 0.281250 0.037500 0.062500
0 0.253125 0.185547 0.050000 0.062500
0 0.204687 0.091797 0.050000 0.062500
0 0.185938 0.074219 0.050000 0.062500
0 0.210938 0.030273 0.050000 0.060547
0 0.165625 0.029297 0.050000 0.058594
0 0.128125 0.018555 0.050000 0.037109
0 0.451562 0.078125 0.050000 0.062500
0 0.681250 0.125000 0.050000 0.062500
