0 0.212500 0.018555 0.050000 0.037109
0 0.198437 0.019531 0.050000 0.039062
0 0.140625 0.027344 0.050000 0.054688
0 0.126562 0.039062 0.050000 0.062500
0 0.093750 0.166016 0.050000 0.062500
0 0.092188 0.332031 0.050000 0.062500
0 0.307812 0.236328 0.050000 0.062500
0 0.235937 0.257812 0.050000 0.062500
0 0.253125 0.386719 0.050000 0.062500
0 0.265625 0.414062 0.050000 0.062500
0 0.389062 0.474609 0.050000 0.062500
0 0.368750 0.365234 0.050000 0.062500
0 0.117188 0.515625 0.050000 0.062500
0 0.468750 0.132812 0.050000 0.062500
0 0.509375 0.046875 0.050000 0.062500
0 0.868750 0.039062 0.050000 0.062500
0 0.857812 0.085938 0.050000 0.062500
0 0.648438 0.439453 0.050000 0.062500
0 0.643750 0.675781 0.050000 0.062500
0 0.826562 0.765625 0.050000 0.062500
0 0.553125 0.697266 0.050000 0.062500
0 0.565625 0.710938 0.050000 0.062500
0 0.157812 0.785156 0.050000 0.062500
0 0.016406 0.609375 0.032813 0.062500
0 0.110937 0.771484 0.050000 0.062500
0 0.014063 0.763672 0.028125 0.062500
0 0.012500 0.796875 0.025000 0.062500
0 0.014063 0.845703 0.028125 0.062500
0 0.139063 0.859375 0.050000 0.062500
0 0.381250 0.981445 0.050000 0.037109
0 0.210938 0.945312 0.050000 0.062500
0 0.165625 0.958984 0.050000 0.062500
0 0.115625 0.890625 0.050000 0.062500
0 0.085938 0.937500 0.050000 0.062500
