0 0.112500 0.039062 0.050000 0.062500
0 0.112500 0.022461 0.050000 0.044922
0 0.125000 0.185547 0.050000 0.062500
0 0.239063 0.222656 0.050000 0.062500
0 0.231250 0.238281 0.050000 0.062500
0 0.475000 0.033203 0.050000 0.062500
0 0.479687 0.105469 0.050000 0.062500
0 0.678125 0.138672 0.050000 0.062500
0 0.448437 0.390625 0.050000 0.062500
0 0.310937 0.501953 0.050000 0.062500
0 0.351562 0.474609 0.050000 0.062500
0 0.460938 0.525391 0.050000 0.062500
0 0.556250 0.337891 0.050000 0.062500
0 0.593750 0.333984 0.050000 0.062500
0 0.617188 0.341797 0.050000 0.062500
0 0.664062 0.144531 0.050000 0.062500
0 0.851562 0.414062 0.050000 0.062500
0 0.857812 0.431641 0.050000 0.062500
0 0.704688 0.464844 0.050000 0.062500
0 0.821875 0.929688 0.050000 0.062500
0 0.528125 0.896484 0.050000 0.062500
0 0.528125 0.951172 0.050000 0.062500
0 0.489063 0.969727 0.050000 0.060547
0 0.368750 0.910156 0.050000 0.062500
0 0.368750 0.958984 0.050000 0.062500
0 0.378125 0.703125 0.050000 0.062500
0 0.417187 0.787109 0.050000 0.062500
0 0.398438 0.806641 0.050000 0.062500
0 0.468750 0.814453 0.050000 0.062500
0 0.481250 0.861328 0.050000 0.062500
0 0.248438 0.806641 0.050000 0.062500
0 0.273438 0.976562 0.050000 0.046875
0 0.260937 0.982422 0.050000 0.035156
0 0.159375 0.722656 0.050000 0.062500
0 0.137500 0.853516 0.050000 0.062500
0 0.060937 0.695312 0.050000 0.062500
0 0.046875 0.705078 0.050000 0.062500
0 0.018750 0.806641 0.037500 0.062500
0 0.085938 0.917969 0.050000 0.062500
0 0.075000 0.929688 0.050000 0.062500
0 0.123438 0.761719 0.050000 0.062500
0 0.090625 0.757812 0.050000 0.062500
0 0.093750 0.740234 0.050000 0.062500
0 0.057813 0.720703 0.050000 0.062500
0 0.031250 0.761719 0.050000 0.062500
0 0.060937 0.816406 0.050000 0.062500
0 0.078125 0.806641 0.050000 0.062500
0 0.087500 0.794922 0.050000 0.062500
0 0.029687 0.798828 0.050000 0.062500
0 0.040625 0.941406 0.050000 0.062500
0 0.020313 0.871094 0.040625 0.062500
0 0.016406 0.937500 0.032813 0.062500
0 0.089063 0.980469 0.050000 0.039062
0 0.062500 0.871094 0.050000 0.062500
0 0.054688 0.839844 0.050000 0.062500
0 0.051562 0.857422 0.050000 0.062500
0 0.056250 0.960938 0.050000 0.062500
0 0.314063 0.447266 0.050000 0.062500
0 0.050000 0.541016 0.050000 0.062500
0 0.064062 0.535156 0.050000 0.062500
0 0.022656 0.029297 0.045312 0.058594
