0 0.679688 0.148438 0.050000 0.062500
0 0.665625 0.154297 0.050000 0.062500
0 0.873437 0.433594 0.050000 0.062500
0 0.878125 0.443359 0.050000 0.062500
0 0.709375 0.482422 0.050000 0.062500
0 0.609375 0.312500 0.050000 0.062500
0 0.582812 0.308594 0.050000 0.062500
0 0.559375 0.349609 0.050000 0.062500
0 0.473438 0.382812 0.050000 0.062500
0 0.454688 0.515625 0.050000 0.062500
0 0.296875 0.492188 0.050000 0.062500
0 0.340625 0.468750 0.050000 0.062500
0 0.239063 0.250000 0.050000 0.062500
0 0.226562 0.261719 0.050000 0.062500
0 0.117188 0.175781 0.050000 0.062500
0 0.092188 0.030273 0.050000 0.060547
0 0.104688 0.020508 0.050000 0.041016
0 0.476562 0.095703 0.050000 0.062500
0 0.056250 0.523438 0.050000 0.062500
0 0.373437 0.687500 0.050000 0.062500
0 0.792188 0.978516 0.050000 0.042969
0 0.521875 0.888672 0.050000 0.062500
0 0.521875 0.947266 0.050000 0.062500
0 0.478125 0.964844 0.050000 0.062500
0 0.473438 0.855469 0.050000 0.062500
0 0.431250 0.785156 0.050000 0.062500
0 0.409375 0.804688 0.050000 0.062500
0 0.359375 0.908203 0.050000 0.062500
0 0.368750 0.958984 0.050000 0.062500
0 0.275000 0.968750 0.050000 0.062500
0 0.235937 0.802734 0.050000 0.062500
0 0.153125 0.716797 0.050000 0.062500
0 0.129688 0.843750 0.050000 0.062500
0 0.125000 0.769531 0.050000 0.062500
0 0.070312 0.681641 0.050000 0.062500
0 0.059375 0.691406 0.050000 0.062500
0 0.034375 0.701172 0.050000 0.062500
0 0.082812 0.730469 0.050000 0.062500
0 0.068750 0.736328 0.050000 0.062500
0 0.064062 0.792969 0.050000 0.062500
0 0.039062 0.765625 0.050000 0.062500
0 0.048438 0.738281 0.050000 0.062500
0 0.031250 0.750000 0.050000 0.062500
0 0.022656 0.822266 0.045312 0.062500
0 0.023438 0.791016 0.046875 0.062500
0 0.040625 0.820312 0.050000 0.062500
0 0.043750 0.837891 0.050000 0.062500
0 0.018750 0.830078 0.037500 0.062500
0 0.017969 0.916016 0.035937 0.062500
0 0.017188 0.908203 0.034375 0.062500
0 0.016406 0.927734 0.032813 0.062500
0 0.076563 0.914062 0.050000 0.062500
0 0.064062 0.925781 0.050000 0.062500
0 0.253125 0.979492 0.050000 0.041016
0 0.026562 0.975586 0.050000 0.048828
0 0.053125 0.977539 0.050000 0.044922
0 0.081250 0.976562 0.050000 0.046875
0 0.039062 0.977539 0.050000 0.044922
0 0.067187 0.976562 0.050000 0.046875
0 0.062500 0.970703 0.050000 0.058594
0 0.037500 0.968750 0.050000 0.062500
0 0.050000 0.863281 0.050000 0.062500
0 0.103125 0.810547 0.050000 0.062500
0 0.020313 0.861328 0.040625 0.062500
0 0.022656 0.026367 0.045312 0.052734
