0 0.098437 0.029297 0.050000 0.058594
0 0.110937 0.016602 0.050000 0.033203
0 0.112500 0.160156 0.050000 0.062500
0 0.240625 0.257812 0.050000 0.062500
0 0.473438 0.099609 0.050000 0.062500
0 0.676562 0.156250 0.050000 0.062500
0 0.690625 0.138672 0.050000 0.062500
0 0.893750 0.437500 0.050000 0.062500
0 0.898438 0.455078 0.050000 0.062500
0 0.718750 0.492188 0.050000 0.062500
0 0.567187 0.355469 0.050000 0.062500
0 0.593750 0.287109 0.050000 0.062500
0 0.479687 0.373047 0.050000 0.062500
0 0.448437 0.509766 0.050000 0.062500
0 0.373437 0.681641 0.050000 0.062500
0 0.421875 0.798828 0.050000 0.062500
0 0.473438 0.851562 0.050000 0.062500
0 0.515625 0.873047 0.050000 0.062500
0 0.520312 0.947266 0.050000 0.062500
0 0.476562 0.962891 0.050000 0.062500
0 0.489063 0.804688 0.050000 0.062500
0 0.445312 0.773438 0.050000 0.062500
0 0.295312 0.482422 0.050000 0.062500
0 0.335938 0.458984 0.050000 0.062500
0 0.359375 0.896484 0.050000 0.062500
0 0.367188 0.951172 0.050000 0.062500
0 0.264062 0.951172 0.050000 0.062500
0 0.250000 0.975586 0.050000 0.048828
0 0.234375 0.792969 0.050000 0.062500
0 0.148438 0.710938 0.050000 0.062500
0 0.084375 0.677734 0.050000 0.062500
0 0.051562 0.513672 0.050000 0.062500
0 0.125000 0.835938 0.050000 0.062500
0 0.096875 0.800781 0.050000 0.062500
0 0.065625 0.919922 0.050000 0.062500
0 0.021875 0.902344 0.043750 0.062500
0 0.037500 0.806641 0.050000 0.062500
0 0.034375 0.767578 0.050000 0.062500
0 0.067187 0.683594 0.050000 0.062500
0 0.037500 0.673828 0.050000 0.062500
0 0.081250 0.724609 0.050000 0.062500
0 0.078125 0.970703 0.050000 0.058594
0 0.046875 0.939453 0.050000 0.062500
0 0.056250 0.841797 0.050000 0.062500
0 0.070312 0.773438 0.050000 0.062500
0 0.067187 0.798828 0.050000 0.062500
0 0.050000 0.800781 0.050000 0.062500
0 0.018750 0.855469 0.037500 0.062500
0 0.025000 0.971680 0.050000 0.056641
0 0.024219 0.023438 0.048438 0.046875
0 0.303125 0.439453 0.050000 0.062500
