0 0.476562 0.109375 0.050000 0.062500
0 0.096875 0.025391 0.050000 0.050781
0 0.114062 0.152344 0.050000 0.062500
0 0.025000 0.019531 0.050000 0.039062
0 0.707812 0.144531 0.050000 0.062500
0 0.692187 0.148438 0.050000 0.062500
0 0.590625 0.250000 0.050000 0.062500
0 0.579688 0.251953 0.050000 0.062500
0 0.584375 0.369141 0.050000 0.062500
0 0.721875 0.509766 0.050000 0.062500
0 0.920312 0.458984 0.050000 0.062500
0 0.925000 0.474609 0.050000 0.062500
0 0.445312 0.345703 0.050000 0.062500
0 0.435937 0.498047 0.050000 0.062500
0 0.375000 0.673828 0.050000 0.062500
0 0.473438 0.775391 0.050000 0.062500
0 0.514062 0.804688 0.050000 0.062500
0 0.440625 0.792969 0.050000 0.062500
0 0.476562 0.830078 0.050000 0.062500
0 0.518750 0.843750 0.050000 0.062500
0 0.515625 0.935547 0.050000 0.062500
0 0.476562 0.941406 0.050000 0.062500
0 0.359375 0.878906 0.050000 0.062500
0 0.367188 0.935547 0.050000 0.062500
0 0.256250 0.925781 0.050000 0.062500
0 0.234375 0.775391 0.050000 0.062500
0 0.150000 0.697266 0.050000 0.062500
0 0.109375 0.673828 0.050000 0.062500
0 0.060937 0.503906 0.050000 0.062500
0 0.293750 0.445312 0.050000 0.062500
0 0.292187 0.466797 0.050000 0.062500
0 0.310937 0.439453 0.050000 0.062500
0 0.339062 0.451172 0.050000 0.062500
0 0.087500 0.675781 0.050000 0.062500
0 0.064062 0.662109 0.050000 0.062500
0 0.081250 0.712891 0.050000 0.062500
0 0.021875 0.775391 0.043750 0.062500
0 0.014844 0.789062 0.029687 0.062500
0 0.021875 0.804688 0.043750 0.062500
0 0.035937 0.800781 0.050000 0.062500
0 0.129688 0.830078 0.050000 0.062500
0 0.098437 0.792969 0.050000 0.062500
0 0.076563 0.898438 0.050000 0.062500
0 0.064062 0.906250 0.050000 0.062500
0 0.054688 0.916016 0.050000 0.062500
0 0.045312 0.935547 0.050000 0.062500
0 0.037500 0.947266 0.050000 0.062500
0 0.021875 0.941406 0.043750 0.062500
0 0.016406 0.910156 0.032813 0.062500
0 0.026562 0.878906 0.050000 0.062500
0 0.020313 0.843750 0.040625 0.062500
0 0.054688 0.806641 0.050000 0.062500
0 0.048438 0.787109 0.050000 0.062500
0 0.046875 0.769531 0.050000 0.062500
0 0.032813 0.736328 0.050000 0.062500
0 0.048438 0.843750 0.050000 0.062500
0 0.078125 0.969727 0.050000 0.060547
0 0.056250 0.970703 0.050000 0.058594
0 0.040625 0.973633 0.050000 0.052734
0 0.026562 0.969727 0.050000 0.060547
0 0.250000 0.970703 0.050000 0.058594
0 0.031250 0.515625 0.050000 0.062500
