0 0.104688 0.023438 0.050000 0.046875
0 0.024219 0.019531 0.048438 0.039062
0 0.112500 0.152344 0.050000 0.062500
0 0.239063 0.246094 0.050000 0.062500
0 0.221875 0.253906 0.050000 0.062500
0 0.435937 0.349609 0.050000 0.062500
0 0.589063 0.378906 0.050000 0.062500
0 0.585938 0.242188 0.050000 0.062500
0 0.575000 0.244141 0.050000 0.062500
0 0.695312 0.154297 0.050000 0.062500
0 0.712500 0.146484 0.050000 0.062500
0 0.478125 0.103516 0.050000 0.062500
0 0.931250 0.480469 0.050000 0.062500
0 0.928125 0.462891 0.050000 0.062500
0 0.725000 0.517578 0.050000 0.062500
0 0.432812 0.501953 0.050000 0.062500
0 0.373437 0.669922 0.050000 0.062500
0 0.475000 0.773438 0.050000 0.062500
0 0.445312 0.791016 0.050000 0.062500
0 0.476562 0.837891 0.050000 0.062500
0 0.520312 0.851562 0.050000 0.062500
0 0.521875 0.937500 0.050000 0.062500
0 0.578125 0.979492 0.050000 0.041016
0 0.476562 0.945312 0.050000 0.062500
0 0.362500 0.878906 0.050000 0.062500
0 0.371875 0.931641 0.050000 0.062500
0 0.260937 0.927734 0.050000 0.062500
0 0.248438 0.972656 0.050000 0.054688
0 0.235937 0.773438 0.050000 0.062500
0 0.146875 0.695312 0.050000 0.062500
0 0.112500 0.673828 0.050000 0.062500
0 0.064062 0.505859 0.050000 0.062500
0 0.090625 0.679688 0.050000 0.062500
0 0.073438 0.658203 0.050000 0.062500
0 0.126562 0.832031 0.050000 0.062500
0 0.100000 0.787109 0.050000 0.062500
0 0.298438 0.476562 0.050000 0.062500
0 0.343750 0.460938 0.050000 0.062500
0 0.518750 0.808594 0.050000 0.062500
0 0.070312 0.699219 0.050000 0.062500
0 0.035937 0.693359 0.050000 0.062500
0 0.065625 0.787109 0.050000 0.062500
0 0.045312 0.791016 0.050000 0.062500
0 0.051562 0.802734 0.050000 0.062500
0 0.019531 0.845703 0.039062 0.062500
0 0.022656 0.802734 0.045312 0.062500
0 0.014844 0.781250 0.029687 0.062500
0 0.021875 0.777344 0.043750 0.062500
0 0.015625 0.919922 0.031250 0.062500
0 0.060937 0.906250 0.050000 0.062500
0 0.045312 0.919922 0.050000 0.062500
0 0.045312 0.935547 0.050000 0.062500
0 0.034375 0.957031 0.050000 0.062500
0 0.048438 0.935547 0.050000 0.062500
0 0.019531 0.947266 0.039062 0.062500
0 0.019531 0.945312 0.039062 0.062500
0 0.065625 0.941406 0.050000 0.062500
0 0.078125 0.898438 0.050000 0.062500
0 0.053125 0.969727 0.050000 0.060547
0 0.029687 0.973633 0.050000 0.052734
0 0.018750 0.972656 0.037500 0.054688
0 0.026562 0.734375 0.050000 0.062500
0 0.017969 0.748047 0.035937 0.062500
0 0.043750 0.750000 0.050000 0.062500
0 0.021875 0.857422 0.043750 0.062500
0 0.032813 0.519531 0.050000 0.062500
