0 0.642188 0.026367 0.050000 0.052734
0 0.645312 0.072266 0.050000 0.062500
0 0.900000 0.220703 0.050000 0.062500
0 0.798438 0.341797 0.050000 0.062500
0 0.800000 0.365234 0.050000 0.062500
0 0.539062 0.537109 0.050000 0.062500
0 0.657813 0.570312 0.050000 0.062500
0 0.690625 0.964844 0.050000 0.062500
0 0.729688 0.751953 0.050000 0.062500
0 0.817187 0.693359 0.050000 0.062500
0 0.785937 0.759766 0.050000 0.062500
0 0.885938 0.679688 0.050000 0.062500
0 0.984375 0.718750 0.031250 0.062500
0 0.535937 0.740234 0.050000 0.062500
0 0.373437 0.839844 0.050000 0.062500
0 0.135937 0.865234 0.050000 0.062500
0 0.039062 0.818359 0.050000 0.062500
0 0.062500 0.609375 0.050000 0.062500
0 0.064062 0.574219 0.050000 0.062500
0 0.125000 0.519531 0.050000 0.062500
0 0.182812 0.474609 0.050000 0.062500
0 0.273438 0.457031 0.050000 0.062500
0 0.418750 0.382812 0.050000 0.062500
0 0.312500 0.494141 0.050000 0.062500
0 0.295312 0.492188 0.050000 0.062500
0 0.262500 0.558594 0.050000 0.062500
0 0.207813 0.431641 0.050000 0.062500
0 0.121875 0.468750 0.050000 0.062500
0 0.075000 0.419922 0.050000 0.062500
0 0.151562 0.363281 0.050000 0.062500
0 0.273438 0.322266 0.050000 0.062500
0 0.021875 0.318359 0.043750 0.062500
0 0.260937 0.191406 0.050000 0.062500
0 0.385937 0.181641 0.050000 0.062500
0 0.231250 0.138672 0.050000 0.062500
0 0.178125 0.265625 0.050000 0.062500
0 0.225000 0.304688 0.050000 0.062500
0 0.148438 0.248047 0.050000 0.062500
0 0.248438 0.500000 0.050000 0.062500
0 0.693750 0.974609 0.050000 0.050781
0 0.607812 0.347656 0.050000 0.062500
0 0.600000 0.406250 0.050000 0.062500
0 0.492188 0.091797 0.050000 0.062500
0 0.471875 0.103516 0.050000 0.062500
0 0.473438 0.072266 0.050000 0.062500
0 0.446875 0.080078 0.050000 0.062500
0 0.410938 0.025391 0.050000 0.050781
0 0.481250 0.016602 0.050000 0.033203
0 0.473438 0.024414 0.050000 0.048828
0 0.459375 0.017578 0.050000 0.035156
0 0.117188 0.076172 0.050000 0.062500
0 0.021094 0.337891 0.042188 0.062500
