0 0.112500 0.076172 0.050000 0.062500
0 0.225000 0.136719 0.050000 0.062500
0 0.256250 0.187500 0.050000 0.062500
0 0.381250 0.179688 0.050000 0.062500
0 0.176563 0.259766 0.050000 0.062500
0 0.143750 0.244141 0.050000 0.062500
0 0.021875 0.304688 0.043750 0.062500
0 0.057813 0.601562 0.050000 0.062500
0 0.060937 0.574219 0.050000 0.062500
0 0.121875 0.523438 0.050000 0.062500
0 0.187500 0.466797 0.050000 0.062500
0 0.212500 0.429688 0.050000 0.062500
0 0.117188 0.470703 0.050000 0.062500
0 0.075000 0.412109 0.050000 0.062500
0 0.150000 0.361328 0.050000 0.062500
0 0.226562 0.298828 0.050000 0.062500
0 0.270313 0.316406 0.050000 0.062500
0 0.421875 0.373047 0.050000 0.062500
0 0.273438 0.445312 0.050000 0.062500
0 0.246875 0.496094 0.050000 0.062500
0 0.289062 0.498047 0.050000 0.062500
0 0.306250 0.494141 0.050000 0.062500
0 0.259375 0.568359 0.050000 0.062500
0 0.039062 0.816406 0.050000 0.062500
0 0.125000 0.830078 0.050000 0.062500
0 0.364063 0.835938 0.050000 0.062500
0 0.687500 0.975586 0.050000 0.048828
0 0.687500 0.975586 0.050000 0.048828
0 0.523438 0.740234 0.050000 0.062500
0 0.650000 0.572266 0.050000 0.062500
0 0.596875 0.576172 0.050000 0.062500
0 0.532813 0.546875 0.050000 0.062500
0 0.798438 0.363281 0.050000 0.062500
0 0.795312 0.341797 0.050000 0.062500
0 0.984375 0.724609 0.031250 0.062500
0 0.871875 0.675781 0.050000 0.062500
0 0.814063 0.693359 0.050000 0.062500
0 0.798438 0.753906 0.050000 0.062500
0 0.739062 0.746094 0.050000 0.062500
0 0.637500 0.070312 0.050000 0.062500
0 0.600000 0.404297 0.050000 0.062500
0 0.603125 0.347656 0.050000 0.062500
0 0.489063 0.099609 0.050000 0.062500
0 0.462500 0.074219 0.050000 0.062500
0 0.440625 0.080078 0.050000 0.062500
0 0.414062 0.025391 0.050000 0.050781
0 0.375000 0.039062 0.050000 0.062500
0 0.482812 0.020508 0.050000 0.041016
0 0.467187 0.021484 0.050000 0.042969
0 0.454688 0.016602 0.050000 0.033203
0 0.685937 0.962891 0.050000 0.062500
0 0.887500 0.222656 0.050000 0.062500
0 0.465625 0.099609 0.050000 0.062500
