0 0.631250 0.022461 0.050000 0.044922
0 0.628125 0.058594 0.050000 0.062500
0 0.473438 0.109375 0.050000 0.062500
0 0.885938 0.212891 0.050000 0.062500
0 0.792188 0.353516 0.050000 0.062500
0 0.798438 0.333984 0.050000 0.062500
0 0.592187 0.398438 0.050000 0.062500
0 0.595313 0.339844 0.050000 0.062500
0 0.418750 0.363281 0.050000 0.062500
0 0.295312 0.503906 0.050000 0.062500
0 0.282813 0.500000 0.050000 0.062500
0 0.254688 0.566406 0.050000 0.062500
0 0.239063 0.492188 0.050000 0.062500
0 0.262500 0.445312 0.050000 0.062500
0 0.175000 0.462891 0.050000 0.062500
0 0.210938 0.416016 0.050000 0.062500
0 0.265625 0.316406 0.050000 0.062500
0 0.248438 0.185547 0.050000 0.062500
0 0.376563 0.177734 0.050000 0.062500
0 0.221875 0.296875 0.050000 0.062500
0 0.176563 0.255859 0.050000 0.062500
0 0.139063 0.238281 0.050000 0.062500
0 0.139063 0.355469 0.050000 0.062500
0 0.070312 0.408203 0.050000 0.062500
0 0.110937 0.457031 0.050000 0.062500
0 0.110937 0.517578 0.050000 0.062500
0 0.054688 0.568359 0.050000 0.062500
0 0.056250 0.595703 0.050000 0.062500
0 0.060937 0.808594 0.050000 0.062500
0 0.357812 0.826172 0.050000 0.062500
0 0.510938 0.730469 0.050000 0.062500
0 0.531250 0.548828 0.050000 0.062500
0 0.620313 0.582031 0.050000 0.062500
0 0.742188 0.736328 0.050000 0.062500
0 0.804688 0.667969 0.050000 0.062500
0 0.793750 0.707031 0.050000 0.062500
0 0.812500 0.746094 0.050000 0.062500
0 0.678125 0.957031 0.050000 0.062500
0 0.678125 0.974609 0.050000 0.050781
0 0.868750 0.671875 0.050000 0.062500
0 0.983594 0.718750 0.032813 0.062500
0 0.464062 0.089844 0.050000 0.062500
0 0.220312 0.132812 0.050000 0.062500
0 0.106250 0.060547 0.050000 0.062500
0 0.020313 0.294922 0.040625 0.062500
0 0.446875 0.078125 0.050000 0.062500
0 0.437500 0.064453 0.050000 0.062500
0 0.368750 0.029297 0.050000 0.058594
0 0.404687 0.019531 0.050000 0.039062
0 0.468750 0.016602 0.050000 0.033203
