0 0.018750 0.283203 0.037500 0.062500
0 0.068750 0.404297 0.050000 0.062500
0 0.109375 0.455078 0.050000 0.062500
0 0.114062 0.507812 0.050000 0.062500
0 0.056250 0.558594 0.050000 0.062500
0 0.053125 0.591797 0.050000 0.062500
0 0.178125 0.460938 0.050000 0.062500
0 0.212500 0.412109 0.050000 0.062500
0 0.260937 0.439453 0.050000 0.062500
0 0.240625 0.476562 0.050000 0.062500
0 0.275000 0.507812 0.050000 0.062500
0 0.289062 0.505859 0.050000 0.062500
0 0.250000 0.558594 0.050000 0.062500
0 0.270313 0.316406 0.050000 0.062500
0 0.221875 0.289062 0.050000 0.062500
0 0.143750 0.347656 0.050000 0.062500
0 0.173437 0.253906 0.050000 0.062500
0 0.139063 0.234375 0.050000 0.062500
0 0.250000 0.189453 0.050000 0.062500
0 0.220312 0.128906 0.050000 0.062500
0 0.373437 0.164062 0.050000 0.062500
0 0.412500 0.363281 0.050000 0.062500
0 0.521875 0.554688 0.050000 0.062500
0 0.617188 0.580078 0.050000 0.062500
0 0.500000 0.736328 0.050000 0.062500
0 0.343750 0.820312 0.050000 0.062500
0 0.068750 0.808594 0.050000 0.062500
0 0.676562 0.962891 0.050000 0.062500
0 0.676562 0.975586 0.050000 0.048828
0 0.750000 0.734375 0.050000 0.062500
0 0.792188 0.662109 0.050000 0.062500
0 0.790625 0.699219 0.050000 0.062500
0 0.826562 0.734375 0.050000 0.062500
0 0.873437 0.658203 0.050000 0.062500
0 0.984375 0.718750 0.031250 0.062500
0 0.980469 0.652344 0.039062 0.062500
0 0.801562 0.351562 0.050000 0.062500
0 0.801562 0.332031 0.050000 0.062500
0 0.884375 0.205078 0.050000 0.062500
0 0.985938 0.236328 0.028125 0.062500
0 0.631250 0.054688 0.050000 0.062500
0 0.462500 0.113281 0.050000 0.062500
0 0.462500 0.082031 0.050000 0.062500
0 0.439063 0.072266 0.050000 0.062500
0 0.600000 0.386719 0.050000 0.062500
0 0.593750 0.332031 0.050000 0.062500
0 0.401562 0.017578 0.050000 0.035156
0 0.365625 0.031250 0.050000 0.062500
0 0.104688 0.060547 0.050000 0.062500
0 0.629687 0.020508 0.050000 0.041016
0 0.076563 0.751953 0.050000 0.062500
