0 0.106250 0.060547 0.050000 0.062500
0 0.021875 0.279297 0.043750 0.062500
0 0.220312 0.123047 0.050000 0.062500
0 0.245312 0.189453 0.050000 0.062500
0 0.137500 0.230469 0.050000 0.062500
0 0.175000 0.255859 0.050000 0.062500
0 0.220312 0.289062 0.050000 0.062500
0 0.270313 0.316406 0.050000 0.062500
0 0.146875 0.341797 0.050000 0.062500
0 0.070312 0.396484 0.050000 0.062500
0 0.109375 0.451172 0.050000 0.062500
0 0.215625 0.414062 0.050000 0.062500
0 0.182812 0.453125 0.050000 0.062500
0 0.117188 0.501953 0.050000 0.062500
0 0.056250 0.556641 0.050000 0.062500
0 0.054688 0.589844 0.050000 0.062500
0 0.273438 0.509766 0.050000 0.062500
0 0.292187 0.511719 0.050000 0.062500
0 0.237500 0.474609 0.050000 0.062500
0 0.264062 0.437500 0.050000 0.062500
0 0.415625 0.359375 0.050000 0.062500
0 0.375000 0.169922 0.050000 0.062500
0 0.451562 0.109375 0.050000 0.062500
0 0.462500 0.080078 0.050000 0.062500
0 0.437500 0.070312 0.050000 0.062500
0 0.598437 0.324219 0.050000 0.062500
0 0.598437 0.384766 0.050000 0.062500
0 0.801562 0.326172 0.050000 0.062500
0 0.800000 0.351562 0.050000 0.062500
0 0.887500 0.207031 0.050000 0.062500
0 0.618750 0.582031 0.050000 0.062500
0 0.493750 0.736328 0.050000 0.062500
0 0.334375 0.820312 0.050000 0.062500
0 0.676562 0.958984 0.050000 0.062500
0 0.675000 0.974609 0.050000 0.050781
0 0.756250 0.722656 0.050000 0.062500
0 0.793750 0.660156 0.050000 0.062500
0 0.879687 0.652344 0.050000 0.062500
0 0.978906 0.660156 0.042188 0.062500
0 0.984375 0.724609 0.031250 0.062500
0 0.845313 0.718750 0.050000 0.062500
0 0.518750 0.552734 0.050000 0.062500
0 0.253125 0.556641 0.050000 0.062500
0 0.081250 0.806641 0.050000 0.062500
0 0.364063 0.033203 0.050000 0.062500
0 0.401562 0.018555 0.050000 0.037109
0 0.059375 0.734375 0.050000 0.062500
0 0.982812 0.228516 0.034375 0.062500
0 0.037500 0.018555 0.050000 0.037109
0 0.631250 0.050781 0.050000 0.062500
0 0.631250 0.018555 0.050000 0.037109
