0 0.598437 0.324219 0.050000 0.062500
0 0.532813 0.527344 0.050000 0.062500
0 0.600000 0.384766 0.050000 0.062500
0 0.604688 0.357422 0.050000 0.062500
0 0.632812 0.587891 0.050000 0.062500
0 0.485938 0.740234 0.050000 0.062500
0 0.320312 0.818359 0.050000 0.062500
0 0.282813 0.523438 0.050000 0.062500
0 0.106250 0.808594 0.050000 0.062500
0 0.051562 0.589844 0.050000 0.062500
0 0.270313 0.326172 0.050000 0.062500
0 0.789062 0.658203 0.050000 0.062500
0 0.767188 0.724609 0.050000 0.062500
0 0.232813 0.474609 0.050000 0.062500
0 0.432812 0.113281 0.050000 0.062500
0 0.375000 0.166016 0.050000 0.062500
0 0.457813 0.083984 0.050000 0.062500
0 0.421875 0.085938 0.050000 0.062500
0 0.385937 0.095703 0.050000 0.062500
0 0.359375 0.044922 0.050000 0.062500
0 0.631250 0.046875 0.050000 0.062500
0 0.629687 0.018555 0.050000 0.037109
0 0.879687 0.207031 0.050000 0.062500
0 0.803125 0.332031 0.050000 0.062500
0 0.889062 0.642578 0.050000 0.062500
0 0.870313 0.699219 0.050000 0.062500
0 0.965625 0.679688 0.050000 0.062500
0 0.264062 0.521484 0.050000 0.062500
0 0.262500 0.439453 0.050000 0.062500
0 0.209375 0.414062 0.050000 0.062500
0 0.179688 0.457031 0.050000 0.062500
0 0.107813 0.509766 0.050000 0.062500
0 0.051562 0.558594 0.050000 0.062500
0 0.107813 0.449219 0.050000 0.062500
0 0.068750 0.398438 0.050000 0.062500
0 0.142187 0.347656 0.050000 0.062500
0 0.235937 0.193359 0.050000 0.062500
0 0.134375 0.232422 0.050000 0.062500
0 0.217188 0.123047 0.050000 0.062500
0 0.173437 0.257812 0.050000 0.062500
0 0.220312 0.289062 0.050000 0.062500
0 0.106250 0.054688 0.050000 0.062500
0 0.026562 0.026367 0.050000 0.052734
0 0.018750 0.263672 0.037500 0.062500
0 0.026562 0.265625 0.050000 0.062500
0 0.412500 0.361328 0.050000 0.062500
0 0.984375 0.216797 0.031250 0.062500
0 0.587500 0.367188 0.050000 0.062500
0 0.400000 0.017578 0.050000 0.035156
0 0.021094 0.724609 0.042188 0.062500
0 0.678125 0.969727 0.050000 0.060547
0 0.798438 0.347656 0.050000 0.062500
