0 0.725000 0.142578 0.050000 0.062500
0 0.739062 0.175781 0.050000 0.062500
0 0.757812 0.220703 0.050000 0.062500
0 0.807813 0.242188 0.050000 0.062500
0 0.726562 0.294922 0.050000 0.062500
0 0.100000 0.140625 0.050000 0.062500
0 0.112500 0.218750 0.050000 0.062500
0 0.385937 0.550781 0.050000 0.062500
0 0.350000 0.576172 0.050000 0.062500
0 0.079687 0.667969 0.050000 0.062500
0 0.076563 0.623047 0.050000 0.062500
0 0.796875 0.322266 0.050000 0.062500
0 0.775000 0.388672 0.050000 0.062500
0 0.793750 0.375000 0.050000 0.062500
0 0.818750 0.375000 0.050000 0.062500
0 0.823438 0.429688 0.050000 0.062500
0 0.840625 0.457031 0.050000 0.062500
0 0.846875 0.500000 0.050000 0.062500
0 0.890625 0.550781 0.050000 0.062500
