0 0.157812 0.026367 0.050000 0.052734
0 0.104688 0.125000 0.050000 0.062500
0 0.017969 0.228516 0.035937 0.062500
0 0.026562 0.238281 0.050000 0.062500
0 0.164062 0.201172 0.050000 0.062500
0 0.145313 0.224609 0.050000 0.062500
0 0.079687 0.361328 0.050000 0.062500
0 0.193750 0.427734 0.050000 0.062500
0 0.215625 0.457031 0.050000 0.062500
0 0.112500 0.537109 0.050000 0.062500
0 0.153125 0.564453 0.050000 0.062500
0 0.196875 0.589844 0.050000 0.062500
0 0.257812 0.630859 0.050000 0.062500
0 0.167187 0.691406 0.050000 0.062500
0 0.112500 0.652344 0.050000 0.062500
0 0.042188 0.718750 0.050000 0.062500
0 0.087500 0.746094 0.050000 0.062500
0 0.157812 0.765625 0.050000 0.062500
0 0.087500 0.816406 0.050000 0.062500
0 0.042188 0.857422 0.050000 0.062500
0 0.043750 0.882812 0.050000 0.062500
0 0.242188 0.746094 0.050000 0.062500
0 0.218750 0.789062 0.050000 0.062500
0 0.320312 0.439453 0.050000 0.062500
0 0.354687 0.466797 0.050000 0.062500
0 0.392188 0.656250 0.050000 0.062500
0 0.235937 0.892578 0.050000 0.062500
0 0.254688 0.890625 0.050000 0.062500
0 0.225000 0.890625 0.050000 0.062500
0 0.506250 0.781250 0.050000 0.062500
0 0.573438 0.623047 0.050000 0.062500
0 0.565625 0.652344 0.050000 0.062500
0 0.579688 0.677734 0.050000 0.062500
0 0.729688 0.773438 0.050000 0.062500
0 0.782813 0.634766 0.050000 0.062500
0 0.610938 0.349609 0.050000 0.062500
0 0.342187 0.392578 0.050000 0.062500
0 0.420312 0.386719 0.050000 0.062500
0 0.284375 0.400391 0.050000 0.062500
0 0.321875 0.412109 0.050000 0.062500
0 0.385937 0.125000 0.050000 0.062500
0 0.864062 0.500000 0.050000 0.062500
0 0.867188 0.271484 0.050000 0.062500
0 0.796875 0.222656 0.050000 0.062500
0 0.723437 0.160156 0.050000 0.062500
0 0.846875 0.187500 0.050000 0.062500
0 0.860938 0.171875 0.050000 0.062500
0 0.862500 0.089844 0.050000 0.062500
0 0.967187 0.500000 0.050000 0.062500
0 0.977344 0.515625 0.045312 0.062500
0 0.759375 0.957031 0.050000 0.062500
0 0.854688 0.949219 0.050000 0.062500
0 0.767188 0.980469 0.050000 0.039062
0 0.948438 0.927734 0.050000 0.062500
0 0.975000 0.927734 0.050000 0.062500
0 0.382812 0.300781 0.050000 0.062500
0 0.328125 0.269531 0.050000 0.062500
0 0.243750 0.119141 0.050000 0.062500
0 0.275000 0.138672 0.050000 0.062500
0 0.284375 0.103516 0.050000 0.062500
0 0.303125 0.105469 0.050000 0.062500
0 0.250000 0.216797 0.050000 0.062500
0 0.287500 0.222656 0.050000 0.062500
0 0.298438 0.179688 0.050000 0.062500
0 0.285938 0.189453 0.050000 0.062500
0 0.332813 0.123047 0.050000 0.062500
0 0.310937 0.138672 0.050000 0.062500
0 0.334375 0.144531 0.050000 0.062500
0 0.328125 0.164062 0.050000 0.062500
0 0.343750 0.166016 0.050000 0.062500
0 0.365625 0.169922 0.050000 0.062500
0 0.401562 0.169922 0.050000 0.062500
0 0.415625 0.179688 0.050000 0.062500
0 0.426563 0.197266 0.050000 0.062500
0 0.448437 0.296875 0.050000 0.062500
0 0.353125 0.210938 0.050000 0.062500
0 0.331250 0.212891 0.050000 0.062500
0 0.348438 0.234375 0.050000 0.062500
0 0.376563 0.232422 0.050000 0.062500
0 0.392188 0.234375 0.050000 0.062500
0 0.445312 0.214844 0.050000 0.062500
0 0.432812 0.226562 0.050000 0.062500
0 0.421875 0.242188 0.050000 0.062500
0 0.428125 0.287109 0.050000 0.062500
0 0.454688 0.269531 0.050000 0.062500
0 0.470313 0.251953 0.050000 0.062500
0 0.389062 0.261719 0.050000 0.062500
0 0.414062 0.271484 0.050000 0.062500
0 0.273438 0.169922 0.050000 0.062500
0 0.264062 0.203125 0.050000 0.062500
0 0.260937 0.185547 0.050000 0.062500
0 0.264062 0.150391 0.050000 0.062500
0 0.254688 0.125000 0.050000 0.062500
0 0.307812 0.228516 0.050000 0.062500
0 0.303125 0.203125 0.050000 0.062500
0 0.614062 0.294922 0.050000 0.062500
0 0.287500 0.156250 0.050000 0.062500
0 0.014063 0.457031 0.028125 0.062500
0 0.017969 0.476562 0.035937 0.062500
0 0.983594 0.529297 0.032813 0.062500
0 0.248438 0.171875 0.050000 0.062500
0 0.239063 0.171875 0.050000 0.062500
