0 0.860938 0.105469 0.050000 0.062500
0 0.854688 0.173828 0.050000 0.062500
0 0.842187 0.199219 0.050000 0.062500
0 0.857812 0.503906 0.050000 0.062500
0 0.376563 0.314453 0.050000 0.062500
0 0.318750 0.277344 0.050000 0.062500
0 0.270313 0.179688 0.050000 0.062500
0 0.015625 0.457031 0.031250 0.062500
0 0.019531 0.478516 0.039062 0.062500
0 0.109375 0.537109 0.050000 0.062500
0 0.153125 0.564453 0.050000 0.062500
0 0.195312 0.597656 0.050000 0.062500
0 0.253125 0.634766 0.050000 0.062500
0 0.114062 0.658203 0.050000 0.062500
0 0.167187 0.701172 0.050000 0.062500
0 0.239063 0.748047 0.050000 0.062500
0 0.043750 0.722656 0.050000 0.062500
0 0.081250 0.750000 0.050000 0.062500
0 0.157812 0.773438 0.050000 0.062500
0 0.215625 0.798828 0.050000 0.062500
0 0.220312 0.894531 0.050000 0.062500
0 0.235937 0.900391 0.050000 0.062500
0 0.251563 0.896484 0.050000 0.062500
0 0.085938 0.816406 0.050000 0.062500
0 0.035937 0.861328 0.050000 0.062500
0 0.042188 0.888672 0.050000 0.062500
0 0.392188 0.666016 0.050000 0.062500
0 0.510938 0.794922 0.050000 0.062500
0 0.215625 0.457031 0.050000 0.062500
0 0.185938 0.429688 0.050000 0.062500
0 0.309375 0.443359 0.050000 0.062500
0 0.307812 0.416016 0.050000 0.062500
0 0.271875 0.406250 0.050000 0.062500
0 0.415625 0.390625 0.050000 0.062500
0 0.339062 0.408203 0.050000 0.062500
0 0.350000 0.472656 0.050000 0.062500
0 0.609375 0.355469 0.050000 0.062500
0 0.014063 0.248047 0.028125 0.062500
0 0.019531 0.257812 0.039062 0.062500
0 0.090625 0.142578 0.050000 0.062500
0 0.145313 0.039062 0.050000 0.062500
0 0.560937 0.664062 0.050000 0.062500
0 0.570312 0.626953 0.050000 0.062500
0 0.576562 0.687500 0.050000 0.062500
0 0.720313 0.779297 0.050000 0.062500
0 0.785937 0.638672 0.050000 0.062500
0 0.757812 0.968750 0.050000 0.062500
0 0.845313 0.962891 0.050000 0.062500
0 0.964063 0.947266 0.050000 0.062500
0 0.946875 0.933594 0.050000 0.062500
0 0.962500 0.509766 0.050000 0.062500
0 0.976562 0.519531 0.046875 0.062500
0 0.983594 0.533203 0.032813 0.062500
0 0.860938 0.283203 0.050000 0.062500
0 0.735938 0.173828 0.050000 0.062500
0 0.401562 0.177734 0.050000 0.062500
0 0.417187 0.185547 0.050000 0.062500
0 0.421875 0.207031 0.050000 0.062500
0 0.309375 0.144531 0.050000 0.062500
0 0.235937 0.121094 0.050000 0.062500
0 0.248438 0.134766 0.050000 0.062500
0 0.281250 0.109375 0.050000 0.062500
0 0.303125 0.115234 0.050000 0.062500
0 0.382812 0.132812 0.050000 0.062500
0 0.275000 0.142578 0.050000 0.062500
0 0.260937 0.156250 0.050000 0.062500
0 0.235937 0.177734 0.050000 0.062500
0 0.245312 0.220703 0.050000 0.062500
0 0.253125 0.203125 0.050000 0.062500
0 0.285938 0.236328 0.050000 0.062500
0 0.306250 0.234375 0.050000 0.062500
0 0.260937 0.212891 0.050000 0.062500
0 0.470313 0.253906 0.050000 0.062500
0 0.451562 0.271484 0.050000 0.062500
0 0.442188 0.306641 0.050000 0.062500
0 0.440625 0.224609 0.050000 0.062500
0 0.431250 0.234375 0.050000 0.062500
0 0.421875 0.253906 0.050000 0.062500
0 0.393750 0.240234 0.050000 0.062500
0 0.379688 0.240234 0.050000 0.062500
0 0.387500 0.267578 0.050000 0.062500
0 0.425000 0.296875 0.050000 0.062500
0 0.331250 0.152344 0.050000 0.062500
0 0.323437 0.171875 0.050000 0.062500
0 0.334375 0.130859 0.050000 0.062500
0 0.343750 0.175781 0.050000 0.062500
0 0.364063 0.173828 0.050000 0.062500
0 0.328125 0.218750 0.050000 0.062500
0 0.351562 0.214844 0.050000 0.062500
0 0.350000 0.240234 0.050000 0.062500
0 0.285938 0.164062 0.050000 0.062500
0 0.793750 0.232422 0.050000 0.062500
0 0.160938 0.207031 0.050000 0.062500
0 0.143750 0.228516 0.050000 0.062500
0 0.076563 0.361328 0.050000 0.062500
0 0.246875 0.177734 0.050000 0.062500
