0 0.387500 0.130859 0.050000 0.062500
0 0.281250 0.105469 0.050000 0.062500
0 0.301563 0.107422 0.050000 0.062500
0 0.129688 0.050781 0.050000 0.062500
0 0.084375 0.150391 0.050000 0.062500
0 0.162500 0.203125 0.050000 0.062500
0 0.145313 0.218750 0.050000 0.062500
0 0.187500 0.421875 0.050000 0.062500
0 0.264062 0.394531 0.050000 0.062500
0 0.115625 0.531250 0.050000 0.062500
0 0.106250 0.531250 0.050000 0.062500
0 0.220312 0.453125 0.050000 0.062500
0 0.016406 0.441406 0.032813 0.062500
0 0.020313 0.460938 0.040625 0.062500
0 0.014063 0.271484 0.028125 0.062500
0 0.239063 0.898438 0.050000 0.062500
0 0.254688 0.900391 0.050000 0.062500
0 0.223438 0.890625 0.050000 0.062500
0 0.218750 0.796875 0.050000 0.062500
0 0.239063 0.740234 0.050000 0.062500
0 0.251563 0.625000 0.050000 0.062500
0 0.198437 0.595703 0.050000 0.062500
0 0.159375 0.558594 0.050000 0.062500
0 0.146875 0.550781 0.050000 0.062500
0 0.114062 0.642578 0.050000 0.062500
0 0.165625 0.685547 0.050000 0.062500
0 0.159375 0.757812 0.050000 0.062500
0 0.042188 0.710938 0.050000 0.062500
0 0.085938 0.740234 0.050000 0.062500
0 0.082812 0.808594 0.050000 0.062500
0 0.039062 0.859375 0.050000 0.062500
0 0.039062 0.884766 0.050000 0.062500
0 0.023438 0.902344 0.046875 0.062500
0 0.392188 0.658203 0.050000 0.062500
0 0.535937 0.806641 0.050000 0.062500
0 0.710938 0.785156 0.050000 0.062500
0 0.571875 0.625000 0.050000 0.062500
0 0.567187 0.667969 0.050000 0.062500
0 0.578125 0.689453 0.050000 0.062500
0 0.779687 0.646484 0.050000 0.062500
0 0.792188 0.634766 0.050000 0.062500
0 0.867188 0.501953 0.050000 0.062500
0 0.881250 0.291016 0.050000 0.062500
0 0.751563 0.181641 0.050000 0.062500
0 0.795312 0.226562 0.050000 0.062500
0 0.853125 0.115234 0.050000 0.062500
0 0.856250 0.166016 0.050000 0.062500
0 0.845313 0.193359 0.050000 0.062500
0 0.962500 0.509766 0.050000 0.062500
0 0.762500 0.957031 0.050000 0.062500
0 0.764062 0.983398 0.050000 0.033203
0 0.840625 0.962891 0.050000 0.062500
0 0.953125 0.955078 0.050000 0.062500
0 0.948438 0.933594 0.050000 0.062500
0 0.610938 0.353516 0.050000 0.062500
0 0.296875 0.435547 0.050000 0.062500
0 0.351562 0.470703 0.050000 0.062500
0 0.417187 0.390625 0.050000 0.062500
0 0.246875 0.121094 0.050000 0.062500
0 0.250000 0.132812 0.050000 0.062500
0 0.273438 0.142578 0.050000 0.062500
0 0.312500 0.138672 0.050000 0.062500
0 0.287500 0.140625 0.050000 0.062500
0 0.404687 0.173828 0.050000 0.062500
0 0.417187 0.177734 0.050000 0.062500
0 0.262500 0.150391 0.050000 0.062500
0 0.246875 0.218750 0.050000 0.062500
0 0.285938 0.224609 0.050000 0.062500
0 0.332813 0.142578 0.050000 0.062500
0 0.334375 0.150391 0.050000 0.062500
0 0.364063 0.175781 0.050000 0.062500
0 0.328125 0.162109 0.050000 0.062500
0 0.251563 0.169922 0.050000 0.062500
0 0.237500 0.173828 0.050000 0.062500
0 0.285938 0.166016 0.050000 0.062500
0 0.273438 0.175781 0.050000 0.062500
0 0.306250 0.207031 0.050000 0.062500
0 0.326562 0.216797 0.050000 0.062500
0 0.285938 0.187500 0.050000 0.062500
0 0.300000 0.177734 0.050000 0.062500
0 0.475000 0.259766 0.050000 0.062500
0 0.451562 0.271484 0.050000 0.062500
0 0.445312 0.298828 0.050000 0.062500
0 0.428125 0.294922 0.050000 0.062500
0 0.379688 0.302734 0.050000 0.062500
0 0.304688 0.277344 0.050000 0.062500
0 0.426563 0.195312 0.050000 0.062500
0 0.445312 0.216797 0.050000 0.062500
0 0.437500 0.230469 0.050000 0.062500
0 0.426563 0.240234 0.050000 0.062500
0 0.350000 0.232422 0.050000 0.062500
0 0.356250 0.212891 0.050000 0.062500
0 0.409375 0.267578 0.050000 0.062500
0 0.393750 0.257812 0.050000 0.062500
0 0.381250 0.238281 0.050000 0.062500
0 0.396875 0.236328 0.050000 0.062500
0 0.339062 0.421875 0.050000 0.062500
0 0.301563 0.406250 0.050000 0.062500
0 0.079687 0.359375 0.050000 0.062500
