0 0.115625 0.533203 0.050000 0.062500
0 0.156250 0.560547 0.050000 0.062500
0 0.198437 0.585938 0.050000 0.062500
0 0.257812 0.623047 0.050000 0.062500
0 0.221875 0.884766 0.050000 0.062500
0 0.240625 0.888672 0.050000 0.062500
0 0.259375 0.894531 0.050000 0.062500
0 0.087500 0.981445 0.050000 0.037109
0 0.042188 0.853516 0.050000 0.062500
0 0.040625 0.882812 0.050000 0.062500
0 0.085938 0.806641 0.050000 0.062500
0 0.220312 0.787109 0.050000 0.062500
0 0.246875 0.742188 0.050000 0.062500
0 0.157812 0.757812 0.050000 0.062500
0 0.084375 0.738281 0.050000 0.062500
0 0.039062 0.707031 0.050000 0.062500
0 0.164062 0.691406 0.050000 0.062500
0 0.110937 0.642578 0.050000 0.062500
0 0.019531 0.421875 0.039062 0.062500
0 0.023438 0.437500 0.046875 0.062500
0 0.221875 0.445312 0.050000 0.062500
0 0.193750 0.421875 0.050000 0.062500
0 0.393750 0.654297 0.050000 0.062500
0 0.539062 0.808594 0.050000 0.062500
0 0.701562 0.792969 0.050000 0.062500
0 0.568750 0.671875 0.050000 0.062500
0 0.585938 0.683594 0.050000 0.062500
0 0.573438 0.623047 0.050000 0.062500
0 0.603125 0.658203 0.050000 0.062500
0 0.764062 0.955078 0.050000 0.062500
0 0.829688 0.960938 0.050000 0.062500
0 0.768750 0.981445 0.050000 0.037109
0 0.882812 0.977539 0.050000 0.044922
0 0.948438 0.931641 0.050000 0.062500
0 0.932813 0.966797 0.050000 0.062500
0 0.782813 0.644531 0.050000 0.062500
0 0.867188 0.496094 0.050000 0.062500
0 0.612500 0.345703 0.050000 0.062500
0 0.867188 0.287109 0.050000 0.062500
0 0.795312 0.220703 0.050000 0.062500
0 0.762500 0.187500 0.050000 0.062500
0 0.839063 0.119141 0.050000 0.062500
0 0.857812 0.160156 0.050000 0.062500
0 0.846875 0.187500 0.050000 0.062500
0 0.967187 0.496094 0.050000 0.062500
0 0.975781 0.511719 0.048438 0.062500
0 0.420312 0.386719 0.050000 0.062500
0 0.337500 0.435547 0.050000 0.062500
0 0.354687 0.466797 0.050000 0.062500
0 0.253125 0.384766 0.050000 0.062500
0 0.296875 0.396484 0.050000 0.062500
0 0.281250 0.421875 0.050000 0.062500
0 0.110937 0.066406 0.050000 0.062500
0 0.071875 0.164062 0.050000 0.062500
0 0.160938 0.195312 0.050000 0.062500
0 0.148438 0.220703 0.050000 0.062500
0 0.248438 0.119141 0.050000 0.062500
0 0.279687 0.097656 0.050000 0.062500
0 0.301563 0.103516 0.050000 0.062500
0 0.389062 0.121094 0.050000 0.062500
0 0.276562 0.132812 0.050000 0.062500
0 0.314063 0.136719 0.050000 0.062500
0 0.342187 0.142578 0.050000 0.062500
0 0.407813 0.167969 0.050000 0.062500
0 0.420312 0.175781 0.050000 0.062500
0 0.428125 0.191406 0.050000 0.062500
0 0.287500 0.263672 0.050000 0.062500
0 0.251563 0.128906 0.050000 0.062500
0 0.289062 0.162109 0.050000 0.062500
0 0.239063 0.167969 0.050000 0.062500
0 0.364063 0.166016 0.050000 0.062500
0 0.250000 0.210938 0.050000 0.062500
0 0.264062 0.148438 0.050000 0.062500
0 0.289062 0.222656 0.050000 0.062500
0 0.267188 0.197266 0.050000 0.062500
0 0.260937 0.181641 0.050000 0.062500
0 0.464062 0.265625 0.050000 0.062500
0 0.479687 0.253906 0.050000 0.062500
0 0.451562 0.287109 0.050000 0.062500
0 0.382812 0.298828 0.050000 0.062500
0 0.356250 0.208984 0.050000 0.062500
0 0.381250 0.230469 0.050000 0.062500
0 0.396875 0.232422 0.050000 0.062500
0 0.354687 0.234375 0.050000 0.062500
0 0.328125 0.208984 0.050000 0.062500
0 0.445312 0.212891 0.050000 0.062500
0 0.434375 0.224609 0.050000 0.062500
0 0.426563 0.240234 0.050000 0.062500
0 0.395313 0.255859 0.050000 0.062500
0 0.414062 0.275391 0.050000 0.062500
0 0.429688 0.289062 0.050000 0.062500
0 0.985156 0.525391 0.029687 0.062500
0 0.081250 0.357422 0.050000 0.062500
0 0.328125 0.160156 0.050000 0.062500
0 0.342187 0.167969 0.050000 0.062500
0 0.304688 0.201172 0.050000 0.062500
