0 0.060937 0.121094 0.050000 0.062500
0 0.039062 0.142578 0.050000 0.062500
0 0.092188 0.408203 0.050000 0.062500
0 0.128125 0.445312 0.050000 0.062500
0 0.048438 0.595703 0.050000 0.062500
0 0.100000 0.630859 0.050000 0.062500
0 0.051562 0.773438 0.050000 0.062500
0 0.042188 0.859375 0.050000 0.062500
0 0.123438 0.894531 0.050000 0.062500
0 0.159375 0.835938 0.050000 0.062500
0 0.178125 0.975586 0.050000 0.048828
0 0.250000 0.720703 0.050000 0.062500
0 0.182812 0.677734 0.050000 0.062500
0 0.354687 0.718750 0.050000 0.062500
0 0.298438 0.490234 0.050000 0.062500
0 0.387500 0.365234 0.050000 0.062500
0 0.596875 0.673828 0.050000 0.062500
0 0.643750 0.730469 0.050000 0.062500
0 0.643750 0.761719 0.050000 0.062500
0 0.710938 0.873047 0.050000 0.062500
0 0.918750 0.705078 0.050000 0.062500
0 0.937500 0.728516 0.050000 0.062500
0 0.781250 0.550781 0.050000 0.062500
0 0.959375 0.523438 0.050000 0.062500
0 0.976562 0.523438 0.046875 0.062500
0 0.640625 0.314453 0.050000 0.062500
0 0.904687 0.175781 0.050000 0.062500
0 0.853125 0.335938 0.050000 0.062500
0 0.851562 0.363281 0.050000 0.062500
0 0.710938 0.044922 0.050000 0.062500
0 0.957812 0.113281 0.050000 0.062500
0 0.335938 0.255859 0.050000 0.062500
0 0.171875 0.138672 0.050000 0.062500
0 0.468750 0.193359 0.050000 0.062500
0 0.440625 0.234375 0.050000 0.062500
0 0.171875 0.025391 0.050000 0.050781
0 0.257812 0.039062 0.050000 0.062500
0 0.193750 0.054688 0.050000 0.062500
0 0.206250 0.042969 0.050000 0.062500
0 0.382812 0.080078 0.050000 0.062500
0 0.393750 0.095703 0.050000 0.062500
0 0.360938 0.160156 0.050000 0.062500
0 0.343750 0.160156 0.050000 0.062500
0 0.357812 0.195312 0.050000 0.062500
0 0.401562 0.113281 0.050000 0.062500
0 0.420312 0.150391 0.050000 0.062500
0 0.403125 0.173828 0.050000 0.062500
0 0.409375 0.236328 0.050000 0.062500
0 0.414062 0.216797 0.050000 0.062500
0 0.389062 0.216797 0.050000 0.062500
0 0.429688 0.132812 0.050000 0.062500
0 0.317188 0.082031 0.050000 0.062500
0 0.300000 0.117188 0.050000 0.062500
0 0.307812 0.140625 0.050000 0.062500
0 0.285938 0.080078 0.050000 0.062500
0 0.271875 0.068359 0.050000 0.062500
0 0.276562 0.031250 0.050000 0.062500
0 0.195312 0.128906 0.050000 0.062500
0 0.200000 0.164062 0.050000 0.062500
0 0.231250 0.152344 0.050000 0.062500
0 0.237500 0.123047 0.050000 0.062500
0 0.220312 0.099609 0.050000 0.062500
0 0.240625 0.085938 0.050000 0.062500
0 0.203125 0.083984 0.050000 0.062500
0 0.218750 0.070312 0.050000 0.062500
0 0.165625 0.076172 0.050000 0.062500
0 0.182812 0.085938 0.050000 0.062500
