0 0.087500 0.394531 0.050000 0.062500
0 0.131250 0.435547 0.050000 0.062500
0 0.392188 0.351562 0.050000 0.062500
0 0.301563 0.486328 0.050000 0.062500
0 0.045312 0.582031 0.050000 0.062500
0 0.103125 0.615234 0.050000 0.062500
0 0.054688 0.763672 0.050000 0.062500
0 0.045312 0.839844 0.050000 0.062500
0 0.118750 0.878906 0.050000 0.062500
0 0.146875 0.826172 0.050000 0.062500
0 0.171875 0.966797 0.050000 0.062500
0 0.184375 0.982422 0.050000 0.035156
0 0.370312 0.958984 0.050000 0.062500
0 0.189062 0.669922 0.050000 0.062500
0 0.245312 0.734375 0.050000 0.062500
0 0.354687 0.707031 0.050000 0.062500
0 0.059375 0.105469 0.050000 0.062500
0 0.039062 0.126953 0.050000 0.062500
0 0.642188 0.300781 0.050000 0.062500
0 0.710938 0.028320 0.050000 0.056641
0 0.173437 0.021484 0.050000 0.042969
0 0.204687 0.028320 0.050000 0.056641
0 0.190625 0.039062 0.050000 0.062500
0 0.339062 0.246094 0.050000 0.062500
0 0.598437 0.666016 0.050000 0.062500
0 0.651563 0.732422 0.050000 0.062500
0 0.643750 0.761719 0.050000 0.062500
0 0.723437 0.859375 0.050000 0.062500
0 0.929688 0.689453 0.050000 0.062500
0 0.942187 0.718750 0.050000 0.062500
0 0.801562 0.535156 0.050000 0.062500
0 0.964063 0.513672 0.050000 0.062500
0 0.978906 0.509766 0.042188 0.062500
0 0.382812 0.066406 0.050000 0.062500
0 0.395313 0.080078 0.050000 0.062500
0 0.300000 0.024414 0.050000 0.048828
0 0.171875 0.125000 0.050000 0.062500
0 0.943750 0.072266 0.050000 0.062500
0 0.968750 0.097656 0.050000 0.062500
0 0.904687 0.164062 0.050000 0.062500
0 0.857812 0.349609 0.050000 0.062500
0 0.859375 0.375000 0.050000 0.062500
0 0.300000 0.105469 0.050000 0.062500
0 0.310937 0.126953 0.050000 0.062500
0 0.318750 0.066406 0.050000 0.062500
0 0.290625 0.060547 0.050000 0.062500
0 0.270313 0.054688 0.050000 0.062500
0 0.403125 0.101562 0.050000 0.062500
0 0.164062 0.058594 0.050000 0.062500
0 0.179688 0.072266 0.050000 0.062500
0 0.360938 0.146484 0.050000 0.062500
0 0.342187 0.148438 0.050000 0.062500
0 0.371875 0.119141 0.050000 0.062500
0 0.390625 0.123047 0.050000 0.062500
0 0.412500 0.224609 0.050000 0.062500
0 0.468750 0.173828 0.050000 0.062500
0 0.442188 0.216797 0.050000 0.062500
0 0.362500 0.179688 0.050000 0.062500
0 0.417187 0.140625 0.050000 0.062500
0 0.406250 0.158203 0.050000 0.062500
0 0.406250 0.199219 0.050000 0.062500
0 0.220312 0.054688 0.050000 0.062500
0 0.207813 0.072266 0.050000 0.062500
0 0.195312 0.111328 0.050000 0.062500
0 0.207813 0.095703 0.050000 0.062500
0 0.223438 0.085938 0.050000 0.062500
0 0.279687 0.019531 0.050000 0.039062
0 0.250000 0.029297 0.050000 0.058594
0 0.231250 0.134766 0.050000 0.062500
0 0.248438 0.144531 0.050000 0.062500
0 0.240625 0.105469 0.050000 0.062500
0 0.275000 0.105469 0.050000 0.062500
0 0.192188 0.144531 0.050000 0.062500
