0 0.720313 0.146484 0.050000 0.062500
0 0.740625 0.179688 0.050000 0.062500
0 0.754687 0.220703 0.050000 0.062500
0 0.725000 0.300781 0.050000 0.062500
0 0.792188 0.322266 0.050000 0.062500
0 0.773438 0.396484 0.050000 0.062500
0 0.792188 0.380859 0.050000 0.062500
0 0.817187 0.382812 0.050000 0.062500
0 0.818750 0.443359 0.050000 0.062500
0 0.837500 0.466797 0.050000 0.062500
0 0.845313 0.501953 0.050000 0.062500
0 0.887500 0.554688 0.050000 0.062500
0 0.389062 0.556641 0.050000 0.062500
0 0.343750 0.566406 0.050000 0.062500
0 0.079687 0.677734 0.050000 0.062500
0 0.042188 0.599609 0.050000 0.062500
0 0.090625 0.244141 0.050000 0.062500
0 0.118750 0.166016 0.050000 0.062500
0 0.804688 0.240234 0.050000 0.062500
