0 0.031250 0.767578 0.050000 0.062500
0 0.081250 0.792969 0.050000 0.062500
0 0.014844 0.716797 0.029687 0.062500
0 0.154688 0.648438 0.050000 0.062500
0 0.278125 0.679688 0.050000 0.062500
0 0.070312 0.574219 0.050000 0.062500
0 0.082812 0.572266 0.050000 0.062500
0 0.017188 0.562500 0.034375 0.062500
0 0.064062 0.917969 0.050000 0.062500
0 0.225000 0.888672 0.050000 0.062500
0 0.339062 0.890625 0.050000 0.062500
0 0.150000 0.979492 0.050000 0.041016
0 0.346875 0.535156 0.050000 0.062500
0 0.576562 0.847656 0.050000 0.062500
0 0.593750 0.917969 0.050000 0.062500
0 0.578125 0.941406 0.050000 0.062500
0 0.823438 0.847656 0.050000 0.062500
0 0.825000 0.828125 0.050000 0.062500
0 0.848437 0.707031 0.050000 0.062500
0 0.871875 0.720703 0.050000 0.062500
0 0.870313 0.738281 0.050000 0.062500
0 0.875000 0.751953 0.050000 0.062500
0 0.946875 0.695312 0.050000 0.062500
0 0.973437 0.697266 0.050000 0.062500
0 0.690625 0.220703 0.050000 0.062500
0 0.120313 0.121094 0.050000 0.062500
0 0.234375 0.080078 0.050000 0.062500
0 0.375000 0.105469 0.050000 0.062500
0 0.196875 0.148438 0.050000 0.062500
0 0.037500 0.281250 0.050000 0.062500
0 0.021875 0.306641 0.043750 0.062500
0 0.321875 0.416016 0.050000 0.062500
0 0.937500 0.250000 0.050000 0.062500
0 0.953125 0.275391 0.050000 0.062500
0 0.885938 0.388672 0.050000 0.062500
0 0.629687 0.414062 0.050000 0.062500
0 0.632812 0.476562 0.050000 0.062500
0 0.150000 0.177734 0.050000 0.062500
0 0.460938 0.351562 0.050000 0.062500
0 0.337500 0.363281 0.050000 0.062500
0 0.362500 0.244141 0.050000 0.062500
0 0.375000 0.251953 0.050000 0.062500
0 0.225000 0.166016 0.050000 0.062500
0 0.187500 0.199219 0.050000 0.062500
0 0.175000 0.210938 0.050000 0.062500
0 0.140625 0.242188 0.050000 0.062500
0 0.165625 0.271484 0.050000 0.062500
0 0.176563 0.287109 0.050000 0.062500
0 0.142187 0.302734 0.050000 0.062500
0 0.175000 0.316406 0.050000 0.062500
0 0.200000 0.318359 0.050000 0.062500
0 0.218750 0.296875 0.050000 0.062500
0 0.203125 0.224609 0.050000 0.062500
0 0.185938 0.244141 0.050000 0.062500
0 0.175000 0.253906 0.050000 0.062500
0 0.235937 0.199219 0.050000 0.062500
0 0.260937 0.191406 0.050000 0.062500
0 0.256250 0.224609 0.050000 0.062500
0 0.273438 0.236328 0.050000 0.062500
0 0.304688 0.244141 0.050000 0.062500
0 0.292187 0.300781 0.050000 0.062500
0 0.270313 0.294922 0.050000 0.062500
0 0.326562 0.322266 0.050000 0.062500
0 0.345313 0.326172 0.050000 0.062500
0 0.387500 0.275391 0.050000 0.062500
0 0.410938 0.302734 0.050000 0.062500
0 0.403125 0.318359 0.050000 0.062500
0 0.375000 0.380859 0.050000 0.062500
0 0.385937 0.412109 0.050000 0.062500
0 0.396875 0.378906 0.050000 0.062500
0 0.428125 0.402344 0.050000 0.062500
0 0.078125 0.099609 0.050000 0.062500
0 0.198437 0.261719 0.050000 0.062500
0 0.218750 0.244141 0.050000 0.062500
0 0.287500 0.316406 0.050000 0.062500
0 0.207813 0.281250 0.050000 0.062500
0 0.254688 0.253906 0.050000 0.062500
0 0.387500 0.332031 0.050000 0.062500
