0 0.068750 0.097656 0.050000 0.062500
0 0.229687 0.072266 0.050000 0.062500
0 0.109375 0.126953 0.050000 0.062500
0 0.150000 0.173828 0.050000 0.062500
0 0.039062 0.275391 0.050000 0.062500
0 0.023438 0.302734 0.046875 0.062500
0 0.198437 0.148438 0.050000 0.062500
0 0.379688 0.101562 0.050000 0.062500
0 0.365625 0.240234 0.050000 0.062500
0 0.376563 0.251953 0.050000 0.062500
0 0.325000 0.414062 0.050000 0.062500
0 0.343750 0.533203 0.050000 0.062500
0 0.150000 0.644531 0.050000 0.062500
0 0.279687 0.675781 0.050000 0.062500
0 0.018750 0.712891 0.037500 0.062500
0 0.028125 0.765625 0.050000 0.062500
0 0.081250 0.791016 0.050000 0.062500
0 0.075000 0.912109 0.050000 0.062500
0 0.225000 0.886719 0.050000 0.062500
0 0.339062 0.884766 0.050000 0.062500
0 0.151562 0.978516 0.050000 0.042969
0 0.078125 0.572266 0.050000 0.062500
0 0.025000 0.548828 0.050000 0.062500
0 0.226562 0.167969 0.050000 0.062500
0 0.690625 0.216797 0.050000 0.062500
0 0.631250 0.412109 0.050000 0.062500
0 0.632812 0.472656 0.050000 0.062500
0 0.579688 0.843750 0.050000 0.062500
0 0.596875 0.910156 0.050000 0.062500
0 0.581250 0.935547 0.050000 0.062500
0 0.820312 0.824219 0.050000 0.062500
0 0.820312 0.845703 0.050000 0.062500
0 0.854688 0.701172 0.050000 0.062500
0 0.875000 0.738281 0.050000 0.062500
0 0.875000 0.750000 0.050000 0.062500
0 0.879687 0.767578 0.050000 0.062500
0 0.957812 0.693359 0.050000 0.062500
0 0.975781 0.685547 0.048438 0.062500
0 0.892188 0.400391 0.050000 0.062500
0 0.942187 0.242188 0.050000 0.062500
0 0.954688 0.271484 0.050000 0.062500
0 0.459375 0.345703 0.050000 0.062500
0 0.423438 0.398438 0.050000 0.062500
0 0.385937 0.404297 0.050000 0.062500
0 0.239063 0.197266 0.050000 0.062500
0 0.306250 0.238281 0.050000 0.062500
0 0.262500 0.183594 0.050000 0.062500
0 0.276562 0.234375 0.050000 0.062500
0 0.256250 0.224609 0.050000 0.062500
0 0.189062 0.197266 0.050000 0.062500
0 0.176563 0.208984 0.050000 0.062500
0 0.203125 0.226562 0.050000 0.062500
0 0.290625 0.292969 0.050000 0.062500
0 0.270313 0.294922 0.050000 0.062500
0 0.143750 0.300781 0.050000 0.062500
0 0.171875 0.316406 0.050000 0.062500
0 0.168750 0.271484 0.050000 0.062500
0 0.178125 0.285156 0.050000 0.062500
0 0.187500 0.238281 0.050000 0.062500
0 0.200000 0.257812 0.050000 0.062500
0 0.221875 0.283203 0.050000 0.062500
0 0.221875 0.240234 0.050000 0.062500
0 0.387500 0.277344 0.050000 0.062500
0 0.414062 0.296875 0.050000 0.062500
0 0.396875 0.337891 0.050000 0.062500
0 0.403125 0.314453 0.050000 0.062500
0 0.400000 0.375000 0.050000 0.062500
0 0.373437 0.378906 0.050000 0.062500
0 0.339062 0.355469 0.050000 0.062500
0 0.346875 0.322266 0.050000 0.062500
0 0.328125 0.320312 0.050000 0.062500
0 0.228125 0.316406 0.050000 0.062500
0 0.201563 0.316406 0.050000 0.062500
0 0.376563 0.296875 0.050000 0.062500
0 0.162500 0.230469 0.050000 0.062500
