0 0.209375 0.058594 0.050000 0.062500
0 0.093750 0.130859 0.050000 0.062500
0 0.381250 0.095703 0.050000 0.062500
0 0.695312 0.210938 0.050000 0.062500
0 0.942187 0.240234 0.050000 0.062500
0 0.956250 0.267578 0.050000 0.062500
0 0.906250 0.412109 0.050000 0.062500
0 0.632812 0.406250 0.050000 0.062500
0 0.635938 0.466797 0.050000 0.062500
0 0.870313 0.693359 0.050000 0.062500
0 0.978125 0.677734 0.043750 0.062500
0 0.962500 0.687500 0.050000 0.062500
0 0.882812 0.759766 0.050000 0.062500
0 0.878125 0.779297 0.050000 0.062500
0 0.889062 0.792969 0.050000 0.062500
0 0.814063 0.820312 0.050000 0.062500
0 0.815625 0.839844 0.050000 0.062500
0 0.581250 0.835938 0.050000 0.062500
0 0.603125 0.900391 0.050000 0.062500
0 0.587500 0.927734 0.050000 0.062500
0 0.342187 0.880859 0.050000 0.062500
0 0.225000 0.880859 0.050000 0.062500
0 0.084375 0.902344 0.050000 0.062500
0 0.150000 0.978516 0.050000 0.042969
0 0.085938 0.787109 0.050000 0.062500
0 0.031250 0.765625 0.050000 0.062500
0 0.042188 0.687500 0.050000 0.062500
0 0.134375 0.638672 0.050000 0.062500
0 0.279687 0.667969 0.050000 0.062500
0 0.340625 0.527344 0.050000 0.062500
0 0.457813 0.341797 0.050000 0.062500
0 0.042188 0.531250 0.050000 0.062500
0 0.075000 0.564453 0.050000 0.062500
0 0.042188 0.271484 0.050000 0.062500
0 0.021875 0.296875 0.043750 0.062500
0 0.200000 0.140625 0.050000 0.062500
0 0.151562 0.166016 0.050000 0.062500
0 0.220312 0.179688 0.050000 0.062500
0 0.239063 0.193359 0.050000 0.062500
0 0.260937 0.179688 0.050000 0.062500
0 0.187500 0.191406 0.050000 0.062500
0 0.175000 0.205078 0.050000 0.062500
0 0.157812 0.226562 0.050000 0.062500
0 0.203125 0.218750 0.050000 0.062500
0 0.185938 0.234375 0.050000 0.062500
0 0.257812 0.220703 0.050000 0.062500
0 0.275000 0.230469 0.050000 0.062500
0 0.306250 0.234375 0.050000 0.062500
0 0.365625 0.236328 0.050000 0.062500
0 0.379688 0.250000 0.050000 0.062500
0 0.390625 0.267578 0.050000 0.062500
0 0.378125 0.289062 0.050000 0.062500
0 0.415625 0.289062 0.050000 0.062500
0 0.403125 0.310547 0.050000 0.062500
0 0.395313 0.333984 0.050000 0.062500
0 0.400000 0.369141 0.050000 0.062500
0 0.376563 0.378906 0.050000 0.062500
0 0.387500 0.402344 0.050000 0.062500
0 0.420312 0.398438 0.050000 0.062500
0 0.323437 0.408203 0.050000 0.062500
0 0.343750 0.347656 0.050000 0.062500
0 0.345313 0.312500 0.050000 0.062500
0 0.326562 0.314453 0.050000 0.062500
0 0.290625 0.294922 0.050000 0.062500
0 0.271875 0.306641 0.050000 0.062500
0 0.145313 0.292969 0.050000 0.062500
0 0.176563 0.310547 0.050000 0.062500
0 0.204687 0.312500 0.050000 0.062500
0 0.234375 0.310547 0.050000 0.062500
0 0.215625 0.289062 0.050000 0.062500
0 0.178125 0.277344 0.050000 0.062500
0 0.164062 0.261719 0.050000 0.062500
0 0.206250 0.253906 0.050000 0.062500
0 0.225000 0.236328 0.050000 0.062500
