0 0.050000 0.024414 0.050000 0.048828
0 0.035937 0.267578 0.050000 0.062500
0 0.065625 0.349609 0.050000 0.062500
0 0.014844 0.511719 0.029687 0.062500
0 0.017969 0.587891 0.035937 0.062500
0 0.020313 0.785156 0.040625 0.062500
0 0.071875 0.906250 0.050000 0.062500
0 0.185938 0.744141 0.050000 0.062500
0 0.145313 0.560547 0.050000 0.062500
0 0.128125 0.515625 0.050000 0.062500
0 0.164062 0.472656 0.050000 0.062500
0 0.226562 0.068359 0.050000 0.062500
0 0.212500 0.132812 0.050000 0.062500
0 0.257812 0.125000 0.050000 0.062500
0 0.276562 0.101562 0.050000 0.062500
0 0.410938 0.119141 0.050000 0.062500
0 0.337500 0.181641 0.050000 0.062500
0 0.362500 0.236328 0.050000 0.062500
0 0.350000 0.287109 0.050000 0.062500
0 0.326562 0.281250 0.050000 0.062500
0 0.485938 0.220703 0.050000 0.062500
0 0.601562 0.236328 0.050000 0.062500
0 0.589063 0.257812 0.050000 0.062500
0 0.618750 0.296875 0.050000 0.062500
0 0.287500 0.507812 0.050000 0.062500
0 0.343750 0.556641 0.050000 0.062500
0 0.368750 0.648438 0.050000 0.062500
0 0.303125 0.712891 0.050000 0.062500
0 0.698438 0.947266 0.050000 0.062500
0 0.860938 0.669922 0.050000 0.062500
0 0.942187 0.484375 0.050000 0.062500
0 0.953125 0.376953 0.050000 0.062500
0 0.889062 0.574219 0.050000 0.062500
0 0.909375 0.576172 0.050000 0.062500
0 0.920312 0.562500 0.050000 0.062500
0 0.953125 0.640625 0.050000 0.062500
0 0.975781 0.630859 0.048438 0.062500
0 0.642188 0.583984 0.050000 0.062500
0 0.732812 0.496094 0.050000 0.062500
0 0.387500 0.416016 0.050000 0.062500
0 0.476562 0.351562 0.050000 0.062500
0 0.473438 0.373047 0.050000 0.062500
0 0.520312 0.398438 0.050000 0.062500
0 0.517188 0.416016 0.050000 0.062500
0 0.487500 0.789062 0.050000 0.062500
0 0.504687 0.796875 0.050000 0.062500
0 0.420312 0.759766 0.050000 0.062500
0 0.451562 0.773438 0.050000 0.062500
0 0.532813 0.640625 0.050000 0.062500
0 0.528125 0.658203 0.050000 0.062500
0 0.428125 0.384766 0.050000 0.062500
0 0.451562 0.406250 0.050000 0.062500
0 0.467187 0.408203 0.050000 0.062500
0 0.482812 0.416016 0.050000 0.062500
0 0.403125 0.496094 0.050000 0.062500
0 0.504687 0.564453 0.050000 0.062500
0 0.503125 0.472656 0.050000 0.062500
0 0.490625 0.505859 0.050000 0.062500
0 0.490625 0.531250 0.050000 0.062500
0 0.425000 0.589844 0.050000 0.062500
0 0.443750 0.582031 0.050000 0.062500
0 0.459375 0.578125 0.050000 0.062500
0 0.457813 0.625000 0.050000 0.062500
0 0.468750 0.648438 0.050000 0.062500
0 0.439063 0.662109 0.050000 0.062500
0 0.432812 0.476562 0.050000 0.062500
0 0.467187 0.476562 0.050000 0.062500
0 0.445312 0.458984 0.050000 0.062500
0 0.467187 0.447266 0.050000 0.062500
0 0.414062 0.417969 0.050000 0.062500
0 0.414062 0.443359 0.050000 0.062500
0 0.389062 0.457031 0.050000 0.062500
0 0.528125 0.490234 0.050000 0.062500
0 0.515625 0.718750 0.050000 0.062500
0 0.520312 0.679688 0.050000 0.062500
0 0.498437 0.671875 0.050000 0.062500
0 0.440625 0.736328 0.050000 0.062500
0 0.451562 0.728516 0.050000 0.062500
0 0.475000 0.705078 0.050000 0.062500
0 0.414062 0.517578 0.050000 0.062500
0 0.485938 0.714844 0.050000 0.062500
0 0.673438 0.138672 0.050000 0.062500
