0 0.073438 0.882812 0.050000 0.062500
0 0.021875 0.753906 0.043750 0.062500
0 0.028125 0.556641 0.050000 0.062500
0 0.022656 0.482422 0.045312 0.062500
0 0.045312 0.339844 0.050000 0.062500
0 0.037500 0.230469 0.050000 0.062500
0 0.148438 0.042969 0.050000 0.062500
0 0.190625 0.105469 0.050000 0.062500
0 0.253125 0.109375 0.050000 0.062500
0 0.275000 0.083984 0.050000 0.062500
0 0.356250 0.074219 0.050000 0.062500
0 0.334375 0.150391 0.050000 0.062500
0 0.354687 0.226562 0.050000 0.062500
0 0.350000 0.271484 0.050000 0.062500
0 0.387500 0.281250 0.050000 0.062500
0 0.384375 0.402344 0.050000 0.062500
0 0.334375 0.517578 0.050000 0.062500
0 0.184375 0.443359 0.050000 0.062500
0 0.106250 0.476562 0.050000 0.062500
0 0.150000 0.560547 0.050000 0.062500
0 0.189062 0.722656 0.050000 0.062500
0 0.314063 0.701172 0.050000 0.062500
0 0.373437 0.630859 0.050000 0.062500
0 0.339062 0.587891 0.050000 0.062500
0 0.425000 0.496094 0.050000 0.062500
0 0.432812 0.517578 0.050000 0.062500
0 0.437500 0.484375 0.050000 0.062500
0 0.428125 0.423828 0.050000 0.062500
0 0.420312 0.447266 0.050000 0.062500
0 0.457813 0.398438 0.050000 0.062500
0 0.471875 0.416016 0.050000 0.062500
0 0.500000 0.404297 0.050000 0.062500
0 0.506250 0.431641 0.050000 0.062500
0 0.503125 0.449219 0.050000 0.062500
0 0.484375 0.443359 0.050000 0.062500
0 0.482812 0.470703 0.050000 0.062500
0 0.465625 0.457031 0.050000 0.062500
0 0.510938 0.496094 0.050000 0.062500
0 0.528125 0.482422 0.050000 0.062500
0 0.515625 0.468750 0.050000 0.062500
0 0.510938 0.564453 0.050000 0.062500
0 0.521875 0.603516 0.050000 0.062500
0 0.532813 0.638672 0.050000 0.062500
0 0.537500 0.654297 0.050000 0.062500
0 0.521875 0.671875 0.050000 0.062500
0 0.528125 0.707031 0.050000 0.062500
0 0.509375 0.798828 0.050000 0.062500
0 0.489063 0.787109 0.050000 0.062500
0 0.448437 0.775391 0.050000 0.062500
0 0.451562 0.753906 0.050000 0.062500
0 0.443750 0.736328 0.050000 0.062500
0 0.460938 0.738281 0.050000 0.062500
0 0.475000 0.699219 0.050000 0.062500
0 0.453125 0.703125 0.050000 0.062500
0 0.454688 0.681641 0.050000 0.062500
0 0.484375 0.660156 0.050000 0.062500
0 0.479687 0.640625 0.050000 0.062500
0 0.500000 0.644531 0.050000 0.062500
0 0.473438 0.621094 0.050000 0.062500
0 0.443750 0.617188 0.050000 0.062500
0 0.428125 0.617188 0.050000 0.062500
0 0.471875 0.568359 0.050000 0.062500
0 0.437500 0.578125 0.050000 0.062500
0 0.484375 0.981445 0.050000 0.037109
0 0.695312 0.970703 0.050000 0.058594
0 0.667188 0.591797 0.050000 0.062500
0 0.728125 0.525391 0.050000 0.062500
0 0.596875 0.263672 0.050000 0.062500
0 0.568750 0.226562 0.050000 0.062500
0 0.543750 0.175781 0.050000 0.062500
0 0.465625 0.189453 0.050000 0.062500
0 0.506250 0.357422 0.050000 0.062500
0 0.542188 0.402344 0.050000 0.062500
0 0.871875 0.699219 0.050000 0.062500
0 0.945312 0.619141 0.050000 0.062500
0 0.980469 0.601562 0.039062 0.062500
0 0.904687 0.531250 0.050000 0.062500
0 0.895312 0.548828 0.050000 0.062500
0 0.871875 0.548828 0.050000 0.062500
0 0.918750 0.449219 0.050000 0.062500
0 0.939063 0.359375 0.050000 0.062500
