0 0.687500 0.972656 0.050000 0.054688
0 0.528125 0.979492 0.050000 0.041016
0 0.484375 0.978516 0.050000 0.042969
0 0.067187 0.878906 0.050000 0.062500
0 0.017969 0.746094 0.035937 0.062500
0 0.187500 0.720703 0.050000 0.062500
0 0.306250 0.699219 0.050000 0.062500
0 0.371875 0.626953 0.050000 0.062500
0 0.325000 0.591797 0.050000 0.062500
0 0.343750 0.523438 0.050000 0.062500
0 0.184375 0.457031 0.050000 0.062500
0 0.150000 0.570312 0.050000 0.062500
0 0.082812 0.466797 0.050000 0.062500
0 0.017969 0.470703 0.035937 0.062500
0 0.025000 0.542969 0.050000 0.062500
0 0.021875 0.322266 0.043750 0.062500
0 0.022656 0.248047 0.045312 0.062500
0 0.092188 0.044922 0.050000 0.062500
0 0.176563 0.105469 0.050000 0.062500
0 0.231250 0.111328 0.050000 0.062500
0 0.246875 0.080078 0.050000 0.062500
0 0.306250 0.056641 0.050000 0.062500
0 0.325000 0.064453 0.050000 0.062500
0 0.304688 0.140625 0.050000 0.062500
0 0.373437 0.281250 0.050000 0.062500
0 0.350000 0.275391 0.050000 0.062500
0 0.328125 0.226562 0.050000 0.062500
0 0.373437 0.410156 0.050000 0.062500
0 0.403125 0.445312 0.050000 0.062500
0 0.423438 0.494141 0.050000 0.062500
0 0.417187 0.464844 0.050000 0.062500
0 0.425000 0.437500 0.050000 0.062500
0 0.432812 0.416016 0.050000 0.062500
0 0.446875 0.402344 0.050000 0.062500
0 0.456250 0.386719 0.050000 0.062500
0 0.473438 0.408203 0.050000 0.062500
0 0.489063 0.402344 0.050000 0.062500
0 0.500000 0.433594 0.050000 0.062500
0 0.482812 0.441406 0.050000 0.062500
0 0.460938 0.460938 0.050000 0.062500
0 0.475000 0.466797 0.050000 0.062500
0 0.517188 0.476562 0.050000 0.062500
0 0.512500 0.501953 0.050000 0.062500
0 0.506250 0.517578 0.050000 0.062500
0 0.514062 0.552734 0.050000 0.062500
0 0.520312 0.603516 0.050000 0.062500
0 0.528125 0.638672 0.050000 0.062500
0 0.528125 0.671875 0.050000 0.062500
0 0.521875 0.708984 0.050000 0.062500
0 0.498437 0.701172 0.050000 0.062500
0 0.496875 0.671875 0.050000 0.062500
0 0.498437 0.640625 0.050000 0.062500
0 0.479687 0.632812 0.050000 0.062500
0 0.468750 0.623047 0.050000 0.062500
0 0.468750 0.568359 0.050000 0.062500
0 0.425000 0.578125 0.050000 0.062500
0 0.442188 0.636719 0.050000 0.062500
0 0.446875 0.691406 0.050000 0.062500
0 0.450000 0.669922 0.050000 0.062500
0 0.457813 0.732422 0.050000 0.062500
0 0.443750 0.736328 0.050000 0.062500
0 0.445312 0.767578 0.050000 0.062500
0 0.478125 0.781250 0.050000 0.062500
0 0.500000 0.792969 0.050000 0.062500
0 0.667188 0.601562 0.050000 0.062500
0 0.715625 0.517578 0.050000 0.062500
0 0.581250 0.250000 0.050000 0.062500
0 0.543750 0.212891 0.050000 0.062500
0 0.490625 0.156250 0.050000 0.062500
0 0.435937 0.181641 0.050000 0.062500
0 0.628125 0.099609 0.050000 0.062500
0 0.926562 0.335938 0.050000 0.062500
0 0.893750 0.423828 0.050000 0.062500
0 0.887500 0.494141 0.050000 0.062500
0 0.881250 0.523438 0.050000 0.062500
0 0.851562 0.517578 0.050000 0.062500
0 0.871875 0.687500 0.050000 0.062500
0 0.934375 0.593750 0.050000 0.062500
0 0.964063 0.589844 0.050000 0.062500
0 0.983594 0.779297 0.032813 0.062500
0 0.462500 0.507812 0.050000 0.062500
0 0.451562 0.486328 0.050000 0.062500
0 0.443750 0.464844 0.050000 0.062500
