0 0.793750 0.382812 0.050000 0.062500
0 0.771875 0.392578 0.050000 0.062500
0 0.793750 0.328125 0.050000 0.062500
0 0.820312 0.384766 0.050000 0.062500
0 0.821875 0.443359 0.050000 0.062500
0 0.845313 0.505859 0.050000 0.062500
0 0.840625 0.462891 0.050000 0.062500
0 0.884375 0.556641 0.050000 0.062500
0 0.721875 0.300781 0.050000 0.062500
0 0.751563 0.226562 0.050000 0.062500
0 0.737500 0.179688 0.050000 0.062500
0 0.720313 0.146484 0.050000 0.062500
0 0.812500 0.246094 0.050000 0.062500
0 0.379688 0.550781 0.050000 0.062500
0 0.342187 0.570312 0.050000 0.062500
0 0.085938 0.679688 0.050000 0.062500
0 0.020313 0.546875 0.040625 0.062500
0 0.075000 0.275391 0.050000 0.062500
0 0.148438 0.191406 0.050000 0.062500
0 0.387500 0.044922 0.050000 0.062500
