0 0.022656 0.476562 0.045312 0.062500
0 0.059375 0.447266 0.050000 0.062500
0 0.025000 0.550781 0.050000 0.062500
0 0.021094 0.742188 0.042188 0.062500
0 0.068750 0.876953 0.050000 0.062500
0 0.189062 0.724609 0.050000 0.062500
0 0.167187 0.582031 0.050000 0.062500
0 0.179688 0.435547 0.050000 0.062500
0 0.365625 0.626953 0.050000 0.062500
0 0.312500 0.597656 0.050000 0.062500
0 0.310937 0.699219 0.050000 0.062500
0 0.353125 0.539062 0.050000 0.062500
0 0.354687 0.396484 0.050000 0.062500
0 0.346875 0.267578 0.050000 0.062500
0 0.381250 0.279297 0.050000 0.062500
0 0.314063 0.218750 0.050000 0.062500
0 0.284375 0.146484 0.050000 0.062500
0 0.242188 0.072266 0.050000 0.062500
0 0.209375 0.103516 0.050000 0.062500
0 0.142187 0.099609 0.050000 0.062500
0 0.026562 0.039062 0.050000 0.062500
0 0.276562 0.058594 0.050000 0.062500
0 0.451562 0.132812 0.050000 0.062500
0 0.421875 0.169922 0.050000 0.062500
0 0.526563 0.205078 0.050000 0.062500
0 0.545312 0.232422 0.050000 0.062500
0 0.615625 0.095703 0.050000 0.062500
0 0.425000 0.513672 0.050000 0.062500
0 0.425000 0.488281 0.050000 0.062500
0 0.404687 0.447266 0.050000 0.062500
0 0.421875 0.423828 0.050000 0.062500
0 0.434375 0.443359 0.050000 0.062500
0 0.439063 0.423828 0.050000 0.062500
0 0.457813 0.402344 0.050000 0.062500
0 0.451562 0.384766 0.050000 0.062500
0 0.470313 0.416016 0.050000 0.062500
0 0.484375 0.416016 0.050000 0.062500
0 0.490625 0.404297 0.050000 0.062500
0 0.493750 0.375000 0.050000 0.062500
0 0.500000 0.355469 0.050000 0.062500
0 0.539062 0.400391 0.050000 0.062500
0 0.496875 0.435547 0.050000 0.062500
0 0.484375 0.437500 0.050000 0.062500
0 0.476562 0.472656 0.050000 0.062500
0 0.460938 0.460938 0.050000 0.062500
0 0.446875 0.500000 0.050000 0.062500
0 0.503125 0.501953 0.050000 0.062500
0 0.521875 0.482422 0.050000 0.062500
0 0.509375 0.470703 0.050000 0.062500
0 0.509375 0.550781 0.050000 0.062500
0 0.507812 0.576172 0.050000 0.062500
0 0.510938 0.609375 0.050000 0.062500
0 0.535937 0.640625 0.050000 0.062500
0 0.542188 0.664062 0.050000 0.062500
0 0.518750 0.681641 0.050000 0.062500
0 0.518750 0.705078 0.050000 0.062500
0 0.506250 0.796875 0.050000 0.062500
0 0.490625 0.783203 0.050000 0.062500
0 0.453125 0.771484 0.050000 0.062500
0 0.440625 0.773438 0.050000 0.062500
0 0.439063 0.748047 0.050000 0.062500
0 0.451562 0.722656 0.050000 0.062500
0 0.443750 0.695312 0.050000 0.062500
0 0.448437 0.667969 0.050000 0.062500
0 0.448437 0.648438 0.050000 0.062500
0 0.414062 0.617188 0.050000 0.062500
0 0.476562 0.642578 0.050000 0.062500
0 0.501563 0.642578 0.050000 0.062500
0 0.495312 0.671875 0.050000 0.062500
0 0.484375 0.701172 0.050000 0.062500
0 0.473438 0.570312 0.050000 0.062500
0 0.460938 0.625000 0.050000 0.062500
0 0.429688 0.574219 0.050000 0.062500
0 0.439063 0.574219 0.050000 0.062500
0 0.675000 0.975586 0.050000 0.048828
0 0.484375 0.979492 0.050000 0.041016
0 0.675000 0.599609 0.050000 0.062500
0 0.701562 0.542969 0.050000 0.062500
0 0.860938 0.494141 0.050000 0.062500
0 0.829688 0.494141 0.050000 0.062500
0 0.871875 0.470703 0.050000 0.062500
0 0.878125 0.388672 0.050000 0.062500
0 0.914062 0.328125 0.050000 0.062500
0 0.953125 0.568359 0.050000 0.062500
0 0.920312 0.578125 0.050000 0.062500
0 0.870313 0.689453 0.050000 0.062500
0 0.980469 0.742188 0.039062 0.062500
0 0.459375 0.519531 0.050000 0.062500
0 0.473438 0.658203 0.050000 0.062500
