0 0.070312 0.876953 0.050000 0.062500
0 0.021094 0.742188 0.042188 0.062500
0 0.173437 0.720703 0.050000 0.062500
0 0.309375 0.703125 0.050000 0.062500
0 0.364063 0.630859 0.050000 0.062500
0 0.320312 0.617188 0.050000 0.062500
0 0.181250 0.458984 0.050000 0.062500
0 0.165625 0.576172 0.050000 0.062500
0 0.051562 0.441406 0.050000 0.062500
0 0.021875 0.476562 0.043750 0.062500
0 0.021875 0.550781 0.043750 0.062500
0 0.343750 0.396484 0.050000 0.062500
0 0.360938 0.548828 0.050000 0.062500
0 0.345313 0.273438 0.050000 0.062500
0 0.371875 0.285156 0.050000 0.062500
0 0.303125 0.230469 0.050000 0.062500
0 0.268750 0.125000 0.050000 0.062500
0 0.245312 0.039062 0.050000 0.062500
0 0.215625 0.076172 0.050000 0.062500
0 0.193750 0.111328 0.050000 0.062500
0 0.123438 0.105469 0.050000 0.062500
0 0.017188 0.050781 0.034375 0.062500
0 0.013281 0.248047 0.026562 0.062500
0 0.403125 0.169922 0.050000 0.062500
0 0.423438 0.126953 0.050000 0.062500
0 0.509375 0.201172 0.050000 0.062500
0 0.545312 0.224609 0.050000 0.062500
0 0.603125 0.085938 0.050000 0.062500
0 0.678125 0.603516 0.050000 0.062500
0 0.704688 0.550781 0.050000 0.062500
0 0.540625 0.402344 0.050000 0.062500
0 0.501563 0.357422 0.050000 0.062500
0 0.495312 0.416016 0.050000 0.062500
0 0.475000 0.416016 0.050000 0.062500
0 0.459375 0.390625 0.050000 0.062500
0 0.437500 0.421875 0.050000 0.062500
0 0.418750 0.417969 0.050000 0.062500
0 0.403125 0.447266 0.050000 0.062500
0 0.414062 0.492188 0.050000 0.062500
0 0.428125 0.509766 0.050000 0.062500
0 0.462500 0.523438 0.050000 0.062500
0 0.453125 0.468750 0.050000 0.062500
0 0.464062 0.453125 0.050000 0.062500
0 0.478125 0.476562 0.050000 0.062500
0 0.509375 0.464844 0.050000 0.062500
0 0.517188 0.488281 0.050000 0.062500
0 0.506250 0.509766 0.050000 0.062500
0 0.507812 0.535156 0.050000 0.062500
0 0.506250 0.570312 0.050000 0.062500
0 0.518750 0.603516 0.050000 0.062500
0 0.525000 0.625000 0.050000 0.062500
0 0.534375 0.652344 0.050000 0.062500
0 0.523438 0.671875 0.050000 0.062500
0 0.518750 0.705078 0.050000 0.062500
0 0.510938 0.802734 0.050000 0.062500
0 0.479687 0.779297 0.050000 0.062500
0 0.451562 0.773438 0.050000 0.062500
0 0.440625 0.773438 0.050000 0.062500
0 0.435937 0.750000 0.050000 0.062500
0 0.446875 0.738281 0.050000 0.062500
0 0.487500 0.705078 0.050000 0.062500
0 0.473438 0.691406 0.050000 0.062500
0 0.493750 0.669922 0.050000 0.062500
0 0.500000 0.640625 0.050000 0.062500
0 0.479687 0.644531 0.050000 0.062500
0 0.467187 0.638672 0.050000 0.062500
0 0.465625 0.623047 0.050000 0.062500
0 0.476562 0.574219 0.050000 0.062500
0 0.464062 0.580078 0.050000 0.062500
0 0.451562 0.582031 0.050000 0.062500
0 0.435937 0.587891 0.050000 0.062500
0 0.417187 0.619141 0.050000 0.062500
0 0.432812 0.640625 0.050000 0.062500
0 0.445312 0.648438 0.050000 0.062500
0 0.487500 0.976562 0.050000 0.046875
0 0.529687 0.981445 0.050000 0.037109
0 0.678125 0.975586 0.050000 0.048828
0 0.867188 0.691406 0.050000 0.062500
0 0.975000 0.732422 0.050000 0.062500
0 0.950000 0.570312 0.050000 0.062500
0 0.915625 0.572266 0.050000 0.062500
0 0.867188 0.466797 0.050000 0.062500
0 0.851562 0.484375 0.050000 0.062500
0 0.828125 0.490234 0.050000 0.062500
0 0.867188 0.382812 0.050000 0.062500
0 0.904687 0.312500 0.050000 0.062500
0 0.443750 0.550781 0.050000 0.062500
0 0.451562 0.675781 0.050000 0.062500
