0 0.309375 0.969727 0.050000 0.060547
0 0.345313 0.947266 0.050000 0.062500
0 0.132812 0.828125 0.050000 0.062500
0 0.014844 0.867188 0.029687 0.062500
0 0.015625 0.796875 0.031250 0.062500
0 0.012500 0.707031 0.025000 0.062500
0 0.162500 0.757812 0.050000 0.062500
0 0.237500 0.689453 0.050000 0.062500
0 0.200000 0.572266 0.050000 0.062500
0 0.329688 0.597656 0.050000 0.062500
0 0.356250 0.621094 0.050000 0.062500
0 0.376563 0.474609 0.050000 0.062500
0 0.421875 0.451172 0.050000 0.062500
0 0.284375 0.472656 0.050000 0.062500
0 0.165625 0.468750 0.050000 0.062500
0 0.106250 0.378906 0.050000 0.062500
0 0.084375 0.414062 0.050000 0.062500
0 0.024219 0.355469 0.048438 0.062500
0 0.171875 0.369141 0.050000 0.062500
0 0.128125 0.294922 0.050000 0.062500
0 0.128125 0.232422 0.050000 0.062500
0 0.031250 0.169922 0.050000 0.062500
0 0.135937 0.140625 0.050000 0.062500
0 0.123438 0.099609 0.050000 0.062500
0 0.185938 0.062500 0.050000 0.062500
0 0.257812 0.033203 0.050000 0.062500
0 0.317188 0.042969 0.050000 0.062500
0 0.339062 0.024414 0.050000 0.048828
0 0.587500 0.199219 0.050000 0.062500
0 0.495312 0.333984 0.050000 0.062500
0 0.631250 0.132812 0.050000 0.062500
0 0.664062 0.310547 0.050000 0.062500
0 0.804688 0.578125 0.050000 0.062500
0 0.734375 0.603516 0.050000 0.062500
0 0.737500 0.718750 0.050000 0.062500
0 0.750000 0.691406 0.050000 0.062500
0 0.710938 0.730469 0.050000 0.062500
0 0.857812 0.826172 0.050000 0.062500
0 0.909375 0.781250 0.050000 0.062500
0 0.829688 0.839844 0.050000 0.062500
0 0.856250 0.943359 0.050000 0.062500
0 0.979688 0.955078 0.040625 0.062500
0 0.618750 0.921875 0.050000 0.062500
0 0.651563 0.964844 0.050000 0.062500
0 0.515625 0.740234 0.050000 0.062500
0 0.484375 0.687500 0.050000 0.062500
0 0.479687 0.712891 0.050000 0.062500
0 0.432812 0.714844 0.050000 0.062500
0 0.440625 0.740234 0.050000 0.062500
0 0.425000 0.744141 0.050000 0.062500
0 0.414062 0.746094 0.050000 0.062500
0 0.418750 0.767578 0.050000 0.062500
0 0.403125 0.820312 0.050000 0.062500
0 0.428125 0.835938 0.050000 0.062500
0 0.404687 0.847656 0.050000 0.062500
0 0.428125 0.849609 0.050000 0.062500
0 0.414062 0.880859 0.050000 0.062500
0 0.409375 0.910156 0.050000 0.062500
0 0.414062 0.975586 0.050000 0.048828
0 0.412500 0.941406 0.050000 0.062500
0 0.398438 0.953125 0.050000 0.062500
0 0.437500 0.953125 0.050000 0.062500
0 0.446875 0.951172 0.050000 0.062500
0 0.451562 0.974609 0.050000 0.050781
0 0.495312 0.979492 0.050000 0.041016
0 0.504687 0.976562 0.050000 0.046875
0 0.500000 0.951172 0.050000 0.062500
0 0.485938 0.945312 0.050000 0.062500
0 0.482812 0.898438 0.050000 0.062500
0 0.500000 0.910156 0.050000 0.062500
0 0.457813 0.800781 0.050000 0.062500
0 0.456250 0.767578 0.050000 0.062500
0 0.440625 0.781250 0.050000 0.062500
0 0.473438 0.740234 0.050000 0.062500
0 0.460938 0.744141 0.050000 0.062500
0 0.478125 0.773438 0.050000 0.062500
0 0.484375 0.753906 0.050000 0.062500
0 0.500000 0.798828 0.050000 0.062500
0 0.492188 0.804688 0.050000 0.062500
0 0.501563 0.812500 0.050000 0.062500
0 0.496875 0.832031 0.050000 0.062500
0 0.478125 0.828125 0.050000 0.062500
0 0.475000 0.806641 0.050000 0.062500
0 0.476562 0.845703 0.050000 0.062500
0 0.485938 0.873047 0.050000 0.062500
0 0.781250 0.220703 0.050000 0.062500
0 0.890625 0.322266 0.050000 0.062500
0 0.964063 0.158203 0.050000 0.062500
0 0.942187 0.148438 0.050000 0.062500
0 0.983594 0.207031 0.032813 0.062500
0 0.815625 0.095703 0.050000 0.062500
0 0.717187 0.111328 0.050000 0.062500
0 0.773438 0.024414 0.050000 0.048828
0 0.835938 0.031250 0.050000 0.062500
