0 0.868750 0.955078 0.050000 0.062500
0 0.882812 0.923828 0.050000 0.062500
0 0.873437 0.910156 0.050000 0.062500
0 0.860938 0.914062 0.050000 0.062500
0 0.853125 0.939453 0.050000 0.062500
0 0.839063 0.923828 0.050000 0.062500
0 0.856250 0.880859 0.050000 0.062500
0 0.881250 0.863281 0.050000 0.062500
0 0.881250 0.839844 0.050000 0.062500
0 0.893750 0.830078 0.050000 0.062500
0 0.871875 0.808594 0.050000 0.062500
0 0.854688 0.812500 0.050000 0.062500
0 0.832812 0.812500 0.050000 0.062500
0 0.896875 0.783203 0.050000 0.062500
0 0.892188 0.750000 0.050000 0.062500
0 0.909375 0.761719 0.050000 0.062500
0 0.937500 0.748047 0.050000 0.062500
0 0.928125 0.759766 0.050000 0.062500
0 0.931250 0.802734 0.050000 0.062500
0 0.914062 0.820312 0.050000 0.062500
0 0.918750 0.791016 0.050000 0.062500
0 0.943750 0.826172 0.050000 0.062500
0 0.948438 0.851562 0.050000 0.062500
0 0.926562 0.882812 0.050000 0.062500
0 0.926562 0.902344 0.050000 0.062500
0 0.931250 0.925781 0.050000 0.062500
0 0.934375 0.949219 0.050000 0.062500
0 0.939063 0.978516 0.050000 0.042969
0 0.901563 0.981445 0.050000 0.037109
0 0.840625 0.981445 0.050000 0.037109
0 0.789062 0.976562 0.050000 0.046875
0 0.268750 0.976562 0.050000 0.046875
0 0.253125 0.863281 0.050000 0.062500
0 0.096875 0.773438 0.050000 0.062500
0 0.118750 0.750000 0.050000 0.062500
0 0.217188 0.763672 0.050000 0.062500
0 0.279687 0.765625 0.050000 0.062500
0 0.242188 0.666016 0.050000 0.062500
0 0.215625 0.601562 0.050000 0.062500
0 0.262500 0.566406 0.050000 0.062500
0 0.334375 0.677734 0.050000 0.062500
0 0.342187 0.751953 0.050000 0.062500
0 0.451562 0.873047 0.050000 0.062500
0 0.453125 0.798828 0.050000 0.062500
0 0.539062 0.787109 0.050000 0.062500
0 0.614062 0.785156 0.050000 0.062500
0 0.517188 0.636719 0.050000 0.062500
0 0.506250 0.560547 0.050000 0.062500
0 0.476562 0.509766 0.050000 0.062500
0 0.548438 0.435547 0.050000 0.062500
0 0.603125 0.421875 0.050000 0.062500
0 0.648438 0.373047 0.050000 0.062500
0 0.800000 0.636719 0.050000 0.062500
0 0.828125 0.646484 0.050000 0.062500
0 0.967187 0.460938 0.050000 0.062500
0 0.750000 0.269531 0.050000 0.062500
0 0.673438 0.076172 0.050000 0.062500
0 0.775000 0.048828 0.050000 0.062500
0 0.740625 0.028320 0.050000 0.056641
0 0.807813 0.070312 0.050000 0.062500
0 0.829688 0.054688 0.050000 0.062500
0 0.423438 0.314453 0.050000 0.062500
0 0.392188 0.382812 0.050000 0.062500
0 0.359375 0.435547 0.050000 0.062500
0 0.226562 0.437500 0.050000 0.062500
0 0.182812 0.382812 0.050000 0.062500
0 0.167187 0.314453 0.050000 0.062500
0 0.209375 0.263672 0.050000 0.062500
0 0.337500 0.261719 0.050000 0.062500
0 0.078125 0.390625 0.050000 0.062500
0 0.021094 0.308594 0.042188 0.062500
0 0.148438 0.212891 0.050000 0.062500
0 0.204687 0.142578 0.050000 0.062500
0 0.237500 0.146484 0.050000 0.062500
0 0.256250 0.125000 0.050000 0.062500
0 0.276562 0.142578 0.050000 0.062500
0 0.285938 0.136719 0.050000 0.062500
0 0.325000 0.126953 0.050000 0.062500
0 0.053125 0.189453 0.050000 0.062500
0 0.022656 0.201172 0.045312 0.062500
0 0.909375 0.851562 0.050000 0.062500
0 0.975781 0.796875 0.048438 0.062500
0 0.454688 0.089844 0.050000 0.062500
0 0.435937 0.126953 0.050000 0.062500
0 0.418750 0.123047 0.050000 0.062500
0 0.403125 0.126953 0.050000 0.062500
