0 0.329688 0.187500 0.050000 0.062500
0 0.500000 0.189453 0.050000 0.062500
0 0.523438 0.187500 0.050000 0.062500
0 0.607812 0.183594 0.050000 0.062500
0 0.692187 0.195312 0.050000 0.062500
0 0.729688 0.261719 0.050000 0.062500
0 0.767188 0.304688 0.050000 0.062500
0 0.803125 0.355469 0.050000 0.062500
0 0.835938 0.375000 0.050000 0.062500
0 0.667188 0.294922 0.050000 0.062500
0 0.532813 0.308594 0.050000 0.062500
0 0.534375 0.328125 0.050000 0.062500
0 0.312500 0.224609 0.050000 0.062500
0 0.359375 0.240234 0.050000 0.062500
0 0.037500 0.287109 0.050000 0.062500
0 0.193750 0.287109 0.050000 0.062500
0 0.139063 0.394531 0.050000 0.062500
0 0.268750 0.335938 0.050000 0.062500
0 0.279687 0.302734 0.050000 0.062500
0 0.421875 0.421875 0.050000 0.062500
0 0.478125 0.410156 0.050000 0.062500
0 0.382812 0.466797 0.050000 0.062500
0 0.479687 0.466797 0.050000 0.062500
0 0.514062 0.462891 0.050000 0.062500
0 0.517188 0.523438 0.050000 0.062500
0 0.590625 0.505859 0.050000 0.062500
0 0.323437 0.792969 0.050000 0.062500
0 0.490625 0.722656 0.050000 0.062500
0 0.528125 0.783203 0.050000 0.062500
0 0.598437 0.746094 0.050000 0.062500
0 0.768750 0.496094 0.050000 0.062500
0 0.837500 0.658203 0.050000 0.062500
0 0.904687 0.810547 0.050000 0.062500
0 0.900000 0.845703 0.050000 0.062500
