0 0.360938 0.199219 0.050000 0.062500
0 0.525000 0.207031 0.050000 0.062500
0 0.548438 0.207031 0.050000 0.062500
0 0.635938 0.199219 0.050000 0.062500
0 0.715625 0.208984 0.050000 0.062500
0 0.337500 0.234375 0.050000 0.062500
0 0.382812 0.250000 0.050000 0.062500
0 0.053125 0.298828 0.050000 0.062500
0 0.204687 0.300781 0.050000 0.062500
0 0.292187 0.320312 0.050000 0.062500
0 0.284375 0.347656 0.050000 0.062500
0 0.146875 0.408203 0.050000 0.062500
0 0.150000 0.384766 0.050000 0.062500
0 0.345313 0.798828 0.050000 0.062500
0 0.512500 0.744141 0.050000 0.062500
0 0.548438 0.808594 0.050000 0.062500
0 0.625000 0.755859 0.050000 0.062500
0 0.850000 0.662109 0.050000 0.062500
0 0.934375 0.820312 0.050000 0.062500
0 0.926562 0.853516 0.050000 0.062500
0 0.529687 0.533203 0.050000 0.062500
0 0.609375 0.509766 0.050000 0.062500
0 0.403125 0.480469 0.050000 0.062500
0 0.425000 0.429688 0.050000 0.062500
0 0.473438 0.414062 0.050000 0.062500
0 0.528125 0.464844 0.050000 0.062500
0 0.504687 0.472656 0.050000 0.062500
0 0.543750 0.335938 0.050000 0.062500
0 0.548438 0.318359 0.050000 0.062500
0 0.685937 0.306641 0.050000 0.062500
0 0.735938 0.269531 0.050000 0.062500
0 0.785937 0.314453 0.050000 0.062500
0 0.815625 0.363281 0.050000 0.062500
0 0.842187 0.392578 0.050000 0.062500
0 0.785937 0.507812 0.050000 0.062500
