0 0.032813 0.300781 0.050000 0.062500
0 0.134375 0.392578 0.050000 0.062500
0 0.139063 0.416016 0.050000 0.062500
0 0.189062 0.300781 0.050000 0.062500
0 0.275000 0.347656 0.050000 0.062500
0 0.285938 0.322266 0.050000 0.062500
0 0.359375 0.208984 0.050000 0.062500
0 0.378125 0.253906 0.050000 0.062500
0 0.451562 0.419922 0.050000 0.062500
0 0.403125 0.435547 0.050000 0.062500
0 0.398438 0.484375 0.050000 0.062500
0 0.531250 0.339844 0.050000 0.062500
0 0.682813 0.310547 0.050000 0.062500
0 0.359375 0.785156 0.050000 0.062500
0 0.510938 0.761719 0.050000 0.062500
0 0.548438 0.832031 0.050000 0.062500
0 0.625000 0.759766 0.050000 0.062500
0 0.517188 0.468750 0.050000 0.062500
0 0.500000 0.482422 0.050000 0.062500
0 0.521875 0.533203 0.050000 0.062500
0 0.610938 0.517578 0.050000 0.062500
0 0.725000 0.273438 0.050000 0.062500
0 0.778125 0.320312 0.050000 0.062500
0 0.807813 0.369141 0.050000 0.062500
0 0.832812 0.400391 0.050000 0.062500
0 0.775000 0.509766 0.050000 0.062500
0 0.850000 0.666016 0.050000 0.062500
0 0.934375 0.826172 0.050000 0.062500
0 0.928125 0.859375 0.050000 0.062500
0 0.528125 0.207031 0.050000 0.062500
0 0.551562 0.212891 0.050000 0.062500
0 0.635938 0.207031 0.050000 0.062500
0 0.721875 0.218750 0.050000 0.062500
0 0.334375 0.240234 0.050000 0.062500
0 0.539062 0.320312 0.050000 0.062500
