0 0.534375 0.228516 0.050000 0.062500
0 0.559375 0.230469 0.050000 0.062500
0 0.643750 0.236328 0.050000 0.062500
0 0.721875 0.251953 0.050000 0.062500
0 0.365625 0.207031 0.050000 0.062500
0 0.345313 0.234375 0.050000 0.062500
0 0.079687 0.390625 0.050000 0.062500
0 0.076563 0.369141 0.050000 0.062500
0 0.220312 0.341797 0.050000 0.062500
0 0.335938 0.404297 0.050000 0.062500
0 0.298438 0.433594 0.050000 0.062500
0 0.365625 0.482422 0.050000 0.062500
0 0.470313 0.339844 0.050000 0.062500
0 0.656250 0.341797 0.050000 0.062500
0 0.668750 0.292969 0.050000 0.062500
0 0.737500 0.347656 0.050000 0.062500
0 0.750000 0.396484 0.050000 0.062500
0 0.756250 0.435547 0.050000 0.062500
0 0.475000 0.328125 0.050000 0.062500
0 0.464062 0.478516 0.050000 0.062500
0 0.460938 0.496094 0.050000 0.062500
0 0.464062 0.542969 0.050000 0.062500
0 0.581250 0.541016 0.050000 0.062500
0 0.715625 0.550781 0.050000 0.062500
0 0.587500 0.748047 0.050000 0.062500
0 0.460938 0.835938 0.050000 0.062500
0 0.343750 0.751953 0.050000 0.062500
0 0.503125 0.910156 0.050000 0.062500
0 0.784375 0.710938 0.050000 0.062500
0 0.893750 0.904297 0.050000 0.062500
0 0.904687 0.880859 0.050000 0.062500
0 0.142187 0.281250 0.050000 0.062500
0 0.231250 0.310547 0.050000 0.062500
