0 0.365625 0.201172 0.050000 0.062500
0 0.532813 0.226562 0.050000 0.062500
0 0.557813 0.226562 0.050000 0.062500
0 0.435937 0.318359 0.050000 0.062500
0 0.423438 0.335938 0.050000 0.062500
0 0.629687 0.283203 0.050000 0.062500
0 0.640625 0.222656 0.050000 0.062500
0 0.635938 0.343750 0.050000 0.062500
0 0.704688 0.343750 0.050000 0.062500
0 0.710938 0.388672 0.050000 0.062500
0 0.715625 0.423828 0.050000 0.062500
0 0.725000 0.244141 0.050000 0.062500
0 0.968750 0.386719 0.050000 0.062500
0 0.975781 0.519531 0.048438 0.062500
0 0.343750 0.199219 0.050000 0.062500
0 0.426563 0.466797 0.050000 0.062500
0 0.429688 0.486328 0.050000 0.062500
0 0.428125 0.535156 0.050000 0.062500
0 0.550000 0.533203 0.050000 0.062500
0 0.678125 0.533203 0.050000 0.062500
0 0.753125 0.703125 0.050000 0.062500
0 0.587500 0.724609 0.050000 0.062500
0 0.350000 0.712891 0.050000 0.062500
0 0.448437 0.880859 0.050000 0.062500
0 0.493750 0.953125 0.050000 0.062500
0 0.895312 0.902344 0.050000 0.062500
0 0.906250 0.873047 0.050000 0.062500
0 0.982812 0.914062 0.034375 0.062500
0 0.256250 0.388672 0.050000 0.062500
0 0.343750 0.476562 0.050000 0.062500
0 0.226562 0.427734 0.050000 0.062500
0 0.187500 0.341797 0.050000 0.062500
0 0.193750 0.304688 0.050000 0.062500
0 0.101562 0.277344 0.050000 0.062500
0 0.025000 0.359375 0.050000 0.062500
0 0.031250 0.386719 0.050000 0.062500
