0 0.187500 0.134766 0.050000 0.062500
0 0.209375 0.136719 0.050000 0.062500
0 0.150000 0.228516 0.050000 0.062500
0 0.089063 0.316406 0.050000 0.062500
0 0.076563 0.357422 0.050000 0.062500
0 0.076563 0.416016 0.050000 0.062500
0 0.237500 0.349609 0.050000 0.062500
0 0.239063 0.324219 0.050000 0.062500
0 0.312500 0.308594 0.050000 0.062500
0 0.429688 0.326172 0.050000 0.062500
0 0.320312 0.398438 0.050000 0.062500
0 0.323437 0.246094 0.050000 0.062500
0 0.625000 0.304688 0.050000 0.062500
0 0.631250 0.285156 0.050000 0.062500
0 0.889062 0.380859 0.050000 0.062500
0 0.796875 0.488281 0.050000 0.062500
0 0.654687 0.455078 0.050000 0.062500
0 0.665625 0.421875 0.050000 0.062500
0 0.673438 0.521484 0.050000 0.062500
0 0.681250 0.476562 0.050000 0.062500
0 0.203125 0.937500 0.050000 0.062500
0 0.882812 0.958984 0.050000 0.062500
0 0.898438 0.968750 0.050000 0.062500
0 0.900000 0.509766 0.050000 0.062500
0 0.795312 0.611328 0.050000 0.062500
0 0.932813 0.628906 0.050000 0.062500
0 0.940625 0.378906 0.050000 0.062500
0 0.915625 0.355469 0.050000 0.062500
0 0.932813 0.333984 0.050000 0.062500
0 0.870313 0.246094 0.050000 0.062500
0 0.926562 0.212891 0.050000 0.062500
0 0.948438 0.226562 0.050000 0.062500
0 0.968750 0.300781 0.050000 0.062500
0 0.759375 0.189453 0.050000 0.062500
0 0.729688 0.226562 0.050000 0.062500
0 0.021875 0.121094 0.043750 0.062500
0 0.016406 0.095703 0.032813 0.062500
