0 0.278125 0.257812 0.050000 0.062500
0 0.151562 0.066406 0.050000 0.062500
0 0.178125 0.107422 0.050000 0.062500
0 0.198437 0.105469 0.050000 0.062500
0 0.057813 0.091797 0.050000 0.062500
0 0.042188 0.089844 0.050000 0.062500
0 0.331250 0.085938 0.050000 0.062500
0 0.328125 0.115234 0.050000 0.062500
0 0.362500 0.089844 0.050000 0.062500
0 0.371875 0.115234 0.050000 0.062500
0 0.556250 0.132812 0.050000 0.062500
0 0.576562 0.130859 0.050000 0.062500
0 0.071875 0.306641 0.050000 0.062500
0 0.225000 0.318359 0.050000 0.062500
0 0.256250 0.404297 0.050000 0.062500
0 0.312500 0.341797 0.050000 0.062500
0 0.278125 0.298828 0.050000 0.062500
0 0.306250 0.210938 0.050000 0.062500
0 0.370312 0.283203 0.050000 0.062500
0 0.376563 0.310547 0.050000 0.062500
0 0.490625 0.234375 0.050000 0.062500
0 0.587500 0.255859 0.050000 0.062500
0 0.614062 0.298828 0.050000 0.062500
0 0.684375 0.333984 0.050000 0.062500
0 0.764062 0.281250 0.050000 0.062500
0 0.850000 0.375000 0.050000 0.062500
0 0.851562 0.425781 0.050000 0.062500
0 0.879687 0.484375 0.050000 0.062500
0 0.943750 0.476562 0.050000 0.062500
0 0.926562 0.439453 0.050000 0.062500
0 0.764062 0.257812 0.050000 0.062500
0 0.581250 0.941406 0.050000 0.062500
0 0.135937 0.748047 0.050000 0.062500
0 0.264062 0.582031 0.050000 0.062500
