0 0.017969 0.042969 0.035937 0.062500
0 0.031250 0.048828 0.050000 0.062500
0 0.067187 0.144531 0.050000 0.062500
0 0.014844 0.441406 0.029687 0.062500
0 0.203125 0.361328 0.050000 0.062500
0 0.275000 0.378906 0.050000 0.062500
0 0.246875 0.332031 0.050000 0.062500
0 0.334375 0.308594 0.050000 0.062500
0 0.371875 0.304688 0.050000 0.062500
0 0.435937 0.020508 0.050000 0.041016
0 0.501563 0.020508 0.050000 0.041016
0 0.510938 0.111328 0.050000 0.062500
0 0.582812 0.107422 0.050000 0.062500
0 0.662500 0.148438 0.050000 0.062500
0 0.596875 0.224609 0.050000 0.062500
0 0.715625 0.171875 0.050000 0.062500
0 0.720313 0.146484 0.050000 0.062500
0 0.684375 0.072266 0.050000 0.062500
0 0.700000 0.041016 0.050000 0.062500
0 0.767188 0.024414 0.050000 0.048828
0 0.787500 0.033203 0.050000 0.062500
0 0.904687 0.125000 0.050000 0.062500
0 0.940625 0.152344 0.050000 0.062500
0 0.915625 0.093750 0.050000 0.062500
0 0.943750 0.119141 0.050000 0.062500
0 0.868750 0.028320 0.050000 0.056641
0 0.887500 0.044922 0.050000 0.062500
0 0.870313 0.207031 0.050000 0.062500
0 0.951562 0.335938 0.050000 0.062500
0 0.940625 0.291016 0.050000 0.062500
0 0.573438 0.380859 0.050000 0.062500
0 0.545312 0.384766 0.050000 0.062500
0 0.460938 0.560547 0.050000 0.062500
0 0.667188 0.480469 0.050000 0.062500
0 0.434375 0.759766 0.050000 0.062500
0 0.645312 0.981445 0.050000 0.037109
0 0.818750 0.981445 0.050000 0.037109
0 0.165625 0.964844 0.050000 0.062500
0 0.187500 0.957031 0.050000 0.062500
0 0.084375 0.933594 0.050000 0.062500
