0 0.164062 0.039062 0.050000 0.062500
0 0.178125 0.072266 0.050000 0.062500
0 0.268750 0.289062 0.050000 0.062500
0 0.326562 0.472656 0.050000 0.062500
0 0.354687 0.496094 0.050000 0.062500
0 0.067187 0.683594 0.050000 0.062500
0 0.040625 0.355469 0.050000 0.062500
0 0.395313 0.072266 0.050000 0.062500
0 0.714063 0.142578 0.050000 0.062500
0 0.729688 0.173828 0.050000 0.062500
0 0.751563 0.222656 0.050000 0.062500
0 0.721875 0.304688 0.050000 0.062500
0 0.801562 0.240234 0.050000 0.062500
0 0.781250 0.326172 0.050000 0.062500
0 0.767188 0.396484 0.050000 0.062500
0 0.807813 0.388672 0.050000 0.062500
0 0.807813 0.437500 0.050000 0.062500
0 0.821875 0.464844 0.050000 0.062500
0 0.831250 0.496094 0.050000 0.062500
0 0.870313 0.554688 0.050000 0.062500
0 0.976562 0.882812 0.046875 0.062500
