0 0.454688 0.018555 0.050000 0.037109
0 0.703125 0.015625 0.050000 0.031250
0 0.804688 0.024414 0.050000 0.048828
0 0.823438 0.031250 0.050000 0.062500
0 0.901563 0.031250 0.050000 0.062500
0 0.917188 0.041016 0.050000 0.062500
0 0.948438 0.105469 0.050000 0.062500
0 0.931250 0.123047 0.050000 0.062500
0 0.968750 0.121094 0.050000 0.062500
0 0.971875 0.148438 0.050000 0.062500
0 0.975000 0.337891 0.050000 0.062500
0 0.956250 0.289062 0.050000 0.062500
0 0.882812 0.205078 0.050000 0.062500
0 0.518750 0.103516 0.050000 0.062500
0 0.603125 0.101562 0.050000 0.062500
0 0.701562 0.080078 0.050000 0.062500
0 0.678125 0.146484 0.050000 0.062500
0 0.735938 0.146484 0.050000 0.062500
0 0.617188 0.218750 0.050000 0.062500
0 0.190625 0.962891 0.050000 0.062500
0 0.209375 0.955078 0.050000 0.062500
0 0.034375 0.443359 0.050000 0.062500
0 0.235937 0.367188 0.050000 0.062500
0 0.273438 0.330078 0.050000 0.062500
0 0.300000 0.373047 0.050000 0.062500
0 0.368750 0.324219 0.050000 0.062500
0 0.404687 0.322266 0.050000 0.062500
0 0.618750 0.390625 0.050000 0.062500
0 0.585938 0.400391 0.050000 0.062500
0 0.700000 0.480469 0.050000 0.062500
0 0.492188 0.562500 0.050000 0.062500
0 0.465625 0.763672 0.050000 0.062500
0 0.678125 0.981445 0.050000 0.037109
0 0.850000 0.981445 0.050000 0.037109
0 0.060937 0.056641 0.050000 0.062500
0 0.035937 0.046875 0.050000 0.062500
0 0.093750 0.164062 0.050000 0.062500
0 0.029687 0.753906 0.050000 0.062500
0 0.117188 0.937500 0.050000 0.062500
