0 0.245312 0.365234 0.050000 0.062500
0 0.284375 0.328125 0.050000 0.062500
0 0.301563 0.373047 0.050000 0.062500
0 0.379688 0.347656 0.050000 0.062500
0 0.425000 0.341797 0.050000 0.062500
0 0.610938 0.414062 0.050000 0.062500
0 0.643750 0.408203 0.050000 0.062500
0 0.714063 0.478516 0.050000 0.062500
0 0.501563 0.564453 0.050000 0.062500
0 0.473438 0.757812 0.050000 0.062500
0 0.185938 0.966797 0.050000 0.062500
0 0.215625 0.960938 0.050000 0.062500
0 0.048438 0.449219 0.050000 0.062500
0 0.089063 0.220703 0.050000 0.062500
0 0.071875 0.064453 0.050000 0.062500
0 0.048438 0.044922 0.050000 0.062500
0 0.684375 0.979492 0.050000 0.041016
0 0.860938 0.981445 0.050000 0.037109
0 0.967187 0.324219 0.050000 0.062500
0 0.946875 0.281250 0.050000 0.062500
0 0.875000 0.197266 0.050000 0.062500
0 0.492188 0.082031 0.050000 0.062500
0 0.614062 0.212891 0.050000 0.062500
0 0.675000 0.138672 0.050000 0.062500
0 0.723437 0.136719 0.050000 0.062500
0 0.596875 0.083984 0.050000 0.062500
0 0.692187 0.056641 0.050000 0.062500
0 0.670312 0.018555 0.050000 0.037109
0 0.812500 0.027344 0.050000 0.054688
0 0.828125 0.035156 0.050000 0.062500
0 0.906250 0.037109 0.050000 0.062500
0 0.923438 0.050781 0.050000 0.062500
0 0.954688 0.107422 0.050000 0.062500
0 0.940625 0.130859 0.050000 0.062500
0 0.979688 0.130859 0.040625 0.062500
0 0.976562 0.158203 0.046875 0.062500
0 0.121875 0.943359 0.050000 0.062500
0 0.035937 0.755859 0.050000 0.062500
