0 0.050000 0.095703 0.050000 0.062500
0 0.103125 0.125000 0.050000 0.062500
0 0.942187 0.058594 0.050000 0.062500
0 0.954688 0.066406 0.050000 0.062500
0 0.585938 0.160156 0.050000 0.062500
0 0.368750 0.281250 0.050000 0.062500
0 0.429688 0.287109 0.050000 0.062500
0 0.278125 0.472656 0.050000 0.062500
0 0.284375 0.505859 0.050000 0.062500
0 0.278125 0.533203 0.050000 0.062500
0 0.256250 0.560547 0.050000 0.062500
0 0.026562 0.650391 0.050000 0.062500
0 0.251563 0.701172 0.050000 0.062500
0 0.381250 0.556641 0.050000 0.062500
0 0.390625 0.582031 0.050000 0.062500
0 0.268750 0.759766 0.050000 0.062500
0 0.450000 0.621094 0.050000 0.062500
0 0.379688 0.658203 0.050000 0.062500
0 0.348438 0.414062 0.050000 0.062500
0 0.425000 0.378906 0.050000 0.062500
0 0.693750 0.318359 0.050000 0.062500
0 0.614062 0.443359 0.050000 0.062500
0 0.840625 0.308594 0.050000 0.062500
0 0.818750 0.445312 0.050000 0.062500
0 0.856250 0.453125 0.050000 0.062500
0 0.935937 0.611328 0.050000 0.062500
0 0.965625 0.646484 0.050000 0.062500
0 0.985156 0.593750 0.029687 0.062500
0 0.803125 0.691406 0.050000 0.062500
0 0.582812 0.746094 0.050000 0.062500
0 0.656250 0.792969 0.050000 0.062500
0 0.632812 0.744141 0.050000 0.062500
0 0.496875 0.904297 0.050000 0.062500
0 0.467187 0.916016 0.050000 0.062500
0 0.367188 0.861328 0.050000 0.062500
0 0.923438 0.859375 0.050000 0.062500
0 0.901563 0.865234 0.050000 0.062500
