0 0.276562 0.470703 0.050000 0.062500
0 0.265625 0.515625 0.050000 0.062500
0 0.271875 0.542969 0.050000 0.062500
0 0.246875 0.566406 0.050000 0.062500
0 0.021875 0.660156 0.043750 0.062500
0 0.239063 0.703125 0.050000 0.062500
0 0.279687 0.757812 0.050000 0.062500
0 0.357812 0.296875 0.050000 0.062500
0 0.415625 0.292969 0.050000 0.062500
0 0.414062 0.386719 0.050000 0.062500
0 0.354687 0.425781 0.050000 0.062500
0 0.368750 0.666016 0.050000 0.062500
0 0.382812 0.572266 0.050000 0.062500
0 0.442188 0.628906 0.050000 0.062500
0 0.359375 0.884766 0.050000 0.062500
0 0.459375 0.919922 0.050000 0.062500
0 0.485938 0.914062 0.050000 0.062500
0 0.573438 0.753906 0.050000 0.062500
0 0.634375 0.796875 0.050000 0.062500
0 0.609375 0.748047 0.050000 0.062500
0 0.603125 0.451172 0.050000 0.062500
0 0.676562 0.332031 0.050000 0.062500
0 0.584375 0.166016 0.050000 0.062500
0 0.835938 0.308594 0.050000 0.062500
0 0.806250 0.453125 0.050000 0.062500
0 0.832812 0.468750 0.050000 0.062500
0 0.795312 0.695312 0.050000 0.062500
0 0.928125 0.623047 0.050000 0.062500
0 0.960938 0.656250 0.050000 0.062500
0 0.982031 0.603516 0.035937 0.062500
0 0.890625 0.853516 0.050000 0.062500
0 0.909375 0.859375 0.050000 0.062500
0 0.956250 0.072266 0.050000 0.062500
0 0.942187 0.064453 0.050000 0.062500
0 0.098437 0.132812 0.050000 0.062500
0 0.042188 0.107422 0.050000 0.062500
