0 0.845313 0.205078 0.050000 0.062500
0 0.876563 0.277344 0.050000 0.062500
0 0.871875 0.373047 0.050000 0.062500
0 0.859375 0.404297 0.050000 0.062500
0 0.832812 0.480469 0.050000 0.062500
0 0.898438 0.261719 0.050000 0.062500
0 0.904687 0.275391 0.050000 0.062500
0 0.329688 0.267578 0.050000 0.062500
0 0.317188 0.355469 0.050000 0.062500
0 0.385937 0.339844 0.050000 0.062500
0 0.250000 0.392578 0.050000 0.062500
0 0.104688 0.339844 0.050000 0.062500
0 0.068750 0.263672 0.050000 0.062500
0 0.048438 0.150391 0.050000 0.062500
0 0.137500 0.308594 0.050000 0.062500
0 0.014063 0.458984 0.028125 0.062500
0 0.014063 0.375000 0.028125 0.062500
0 0.016406 0.666016 0.032813 0.062500
0 0.671875 0.599609 0.050000 0.062500
0 0.689063 0.695312 0.050000 0.062500
0 0.768750 0.697266 0.050000 0.062500
0 0.828125 0.697266 0.050000 0.062500
0 0.837500 0.642578 0.050000 0.062500
0 0.671875 0.843750 0.050000 0.062500
0 0.645312 0.941406 0.050000 0.062500
0 0.596875 0.951172 0.050000 0.062500
0 0.631250 0.973633 0.050000 0.052734
0 0.826562 0.892578 0.050000 0.062500
0 0.900000 0.892578 0.050000 0.062500
0 0.840625 0.981445 0.050000 0.037109
0 0.389062 0.722656 0.050000 0.062500
0 0.445312 0.818359 0.050000 0.062500
0 0.478125 0.861328 0.050000 0.062500
0 0.134375 0.845703 0.050000 0.062500
0 0.134375 0.935547 0.050000 0.062500
0 0.193750 0.953125 0.050000 0.062500
0 0.217188 0.978516 0.050000 0.042969
0 0.034375 0.964844 0.050000 0.062500
0 0.137500 0.949219 0.050000 0.062500
0 0.070312 0.671875 0.050000 0.062500
0 0.090625 0.673828 0.050000 0.062500
0 0.121875 0.675781 0.050000 0.062500
0 0.173437 0.656250 0.050000 0.062500
0 0.184375 0.675781 0.050000 0.062500
0 0.239063 0.626953 0.050000 0.062500
0 0.251563 0.679688 0.050000 0.062500
