0 0.656250 0.843750 0.050000 0.062500
0 0.804688 0.882812 0.050000 0.062500
0 0.881250 0.894531 0.050000 0.062500
0 0.848437 0.646484 0.050000 0.062500
0 0.706250 0.603516 0.050000 0.062500
0 0.689063 0.691406 0.050000 0.062500
0 0.765625 0.693359 0.050000 0.062500
0 0.826562 0.693359 0.050000 0.062500
0 0.626563 0.937500 0.050000 0.062500
0 0.610938 0.970703 0.050000 0.058594
0 0.821875 0.978516 0.050000 0.042969
0 0.107813 0.941406 0.050000 0.062500
0 0.106250 0.970703 0.050000 0.058594
0 0.131250 0.845703 0.050000 0.062500
0 0.175000 0.958984 0.050000 0.062500
0 0.418750 0.822266 0.050000 0.062500
0 0.451562 0.865234 0.050000 0.062500
0 0.559375 0.953125 0.050000 0.062500
0 0.017188 0.968750 0.034375 0.062500
0 0.015625 0.667969 0.031250 0.062500
0 0.071875 0.669922 0.050000 0.062500
0 0.089063 0.666016 0.050000 0.062500
0 0.125000 0.675781 0.050000 0.062500
0 0.059375 0.230469 0.050000 0.062500
0 0.021875 0.150391 0.043750 0.062500
0 0.132812 0.257812 0.050000 0.062500
0 0.332813 0.267578 0.050000 0.062500
0 0.381250 0.343750 0.050000 0.062500
0 0.296875 0.363281 0.050000 0.062500
0 0.031250 0.453125 0.050000 0.062500
0 0.016406 0.382812 0.032813 0.062500
0 0.092188 0.328125 0.050000 0.062500
0 0.154688 0.650391 0.050000 0.062500
0 0.237500 0.644531 0.050000 0.062500
0 0.254688 0.673828 0.050000 0.062500
0 0.807813 0.484375 0.050000 0.062500
0 0.848437 0.406250 0.050000 0.062500
0 0.876563 0.404297 0.050000 0.062500
0 0.859375 0.291016 0.050000 0.062500
0 0.832812 0.199219 0.050000 0.062500
0 0.898438 0.265625 0.050000 0.062500
0 0.198437 0.979492 0.050000 0.041016
0 0.389062 0.720703 0.050000 0.062500
0 0.187500 0.675781 0.050000 0.062500
