0 0.329688 0.271484 0.050000 0.062500
0 0.379688 0.347656 0.050000 0.062500
0 0.290625 0.376953 0.050000 0.062500
0 0.054688 0.220703 0.050000 0.062500
0 0.021094 0.166016 0.042188 0.062500
0 0.128125 0.226562 0.050000 0.062500
0 0.082812 0.322266 0.050000 0.062500
0 0.043750 0.447266 0.050000 0.062500
0 0.015625 0.386719 0.031250 0.062500
0 0.014844 0.664062 0.029687 0.062500
0 0.067187 0.669922 0.050000 0.062500
0 0.089063 0.667969 0.050000 0.062500
0 0.123438 0.679688 0.050000 0.062500
0 0.151562 0.642578 0.050000 0.062500
0 0.239063 0.650391 0.050000 0.062500
0 0.251563 0.677734 0.050000 0.062500
0 0.731250 0.613281 0.050000 0.062500
0 0.685937 0.693359 0.050000 0.062500
0 0.767188 0.693359 0.050000 0.062500
0 0.825000 0.689453 0.050000 0.062500
0 0.859375 0.650391 0.050000 0.062500
0 0.404687 0.816406 0.050000 0.062500
0 0.440625 0.861328 0.050000 0.062500
0 0.539062 0.953125 0.050000 0.062500
0 0.645312 0.841797 0.050000 0.062500
0 0.603125 0.970703 0.050000 0.058594
0 0.790625 0.878906 0.050000 0.062500
0 0.878125 0.896484 0.050000 0.062500
0 0.807813 0.974609 0.050000 0.050781
0 0.612500 0.929688 0.050000 0.062500
0 0.389062 0.718750 0.050000 0.062500
0 0.128125 0.853516 0.050000 0.062500
0 0.092188 0.943359 0.050000 0.062500
0 0.089063 0.972656 0.050000 0.054688
0 0.159375 0.966797 0.050000 0.062500
0 0.196875 0.982422 0.050000 0.035156
0 0.850000 0.404297 0.050000 0.062500
0 0.876563 0.419922 0.050000 0.062500
0 0.795312 0.480469 0.050000 0.062500
0 0.851562 0.302734 0.050000 0.062500
0 0.828125 0.197266 0.050000 0.062500
0 0.887500 0.267578 0.050000 0.062500
0 0.895312 0.253906 0.050000 0.062500
0 0.184375 0.675781 0.050000 0.062500
