0 0.026562 0.240234 0.050000 0.062500
0 0.092188 0.251953 0.050000 0.062500
0 0.109375 0.250000 0.050000 0.062500
0 0.114062 0.052734 0.050000 0.062500
0 0.123438 0.021484 0.050000 0.042969
0 0.204687 0.257812 0.050000 0.062500
0 0.250000 0.259766 0.050000 0.062500
0 0.270313 0.259766 0.050000 0.062500
0 0.415625 0.292969 0.050000 0.062500
0 0.378125 0.259766 0.050000 0.062500
0 0.392188 0.259766 0.050000 0.062500
0 0.703125 0.273438 0.050000 0.062500
0 0.784375 0.277344 0.050000 0.062500
0 0.842187 0.277344 0.050000 0.062500
0 0.921875 0.203125 0.050000 0.062500
0 0.975000 0.259766 0.050000 0.062500
0 0.553125 0.412109 0.050000 0.062500
0 0.659375 0.423828 0.050000 0.062500
0 0.643750 0.511719 0.050000 0.062500
0 0.642188 0.546875 0.050000 0.062500
0 0.259375 0.585938 0.050000 0.062500
0 0.246875 0.707031 0.050000 0.062500
0 0.334375 0.660156 0.050000 0.062500
0 0.348438 0.625000 0.050000 0.062500
0 0.395313 0.564453 0.050000 0.062500
0 0.484375 0.556641 0.050000 0.062500
0 0.495312 0.533203 0.050000 0.062500
0 0.273438 0.451172 0.050000 0.062500
0 0.239063 0.425781 0.050000 0.062500
0 0.084375 0.464844 0.050000 0.062500
0 0.031250 0.619141 0.050000 0.062500
0 0.057813 0.626953 0.050000 0.062500
0 0.060937 0.652344 0.050000 0.062500
0 0.050000 0.673828 0.050000 0.062500
0 0.053125 0.712891 0.050000 0.062500
0 0.389062 0.882812 0.050000 0.062500
0 0.739062 0.810547 0.050000 0.062500
0 0.742188 0.908203 0.050000 0.062500
0 0.832812 0.914062 0.050000 0.062500
0 0.828125 0.816406 0.050000 0.062500
0 0.754687 0.625000 0.050000 0.062500
0 0.801562 0.617188 0.050000 0.062500
0 0.826562 0.617188 0.050000 0.062500
0 0.848437 0.582031 0.050000 0.062500
