0 0.706250 0.285156 0.050000 0.062500
0 0.784375 0.285156 0.050000 0.062500
0 0.846875 0.291016 0.050000 0.062500
0 0.928125 0.234375 0.050000 0.062500
0 0.970313 0.212891 0.050000 0.062500
0 0.982812 0.269531 0.034375 0.062500
0 0.020313 0.638672 0.040625 0.062500
0 0.046875 0.648438 0.050000 0.062500
0 0.050000 0.669922 0.050000 0.062500
0 0.034375 0.724609 0.050000 0.062500
0 0.067187 0.679688 0.050000 0.062500
0 0.078125 0.484375 0.050000 0.062500
0 0.212500 0.437500 0.050000 0.062500
0 0.248438 0.464844 0.050000 0.062500
0 0.225000 0.609375 0.050000 0.062500
0 0.234375 0.722656 0.050000 0.062500
0 0.321875 0.677734 0.050000 0.062500
0 0.334375 0.640625 0.050000 0.062500
0 0.348438 0.570312 0.050000 0.062500
0 0.389062 0.896484 0.050000 0.062500
0 0.739062 0.812500 0.050000 0.062500
0 0.746875 0.917969 0.050000 0.062500
0 0.829688 0.826172 0.050000 0.062500
0 0.840625 0.929688 0.050000 0.062500
0 0.723437 0.625000 0.050000 0.062500
0 0.784375 0.628906 0.050000 0.062500
0 0.806250 0.632812 0.050000 0.062500
0 0.837500 0.605469 0.050000 0.062500
0 0.623437 0.515625 0.050000 0.062500
0 0.607812 0.550781 0.050000 0.062500
0 0.479687 0.537109 0.050000 0.062500
0 0.470313 0.560547 0.050000 0.062500
0 0.537500 0.417969 0.050000 0.062500
0 0.639062 0.427734 0.050000 0.062500
0 0.028125 0.251953 0.050000 0.062500
0 0.098437 0.072266 0.050000 0.062500
0 0.420312 0.304688 0.050000 0.062500
0 0.207813 0.261719 0.050000 0.062500
0 0.278125 0.267578 0.050000 0.062500
0 0.251563 0.267578 0.050000 0.062500
0 0.092188 0.257812 0.050000 0.062500
0 0.110937 0.255859 0.050000 0.062500
0 0.378125 0.269531 0.050000 0.062500
0 0.409375 0.269531 0.050000 0.062500
0 0.131250 0.028320 0.050000 0.056641
0 0.746875 0.020508 0.050000 0.041016
