0 0.528125 0.109375 0.050000 0.062500
0 0.462500 0.111328 0.050000 0.062500
0 0.482812 0.197266 0.050000 0.062500
0 0.420312 0.232422 0.050000 0.062500
0 0.368750 0.250000 0.050000 0.062500
0 0.362500 0.283203 0.050000 0.062500
0 0.557813 0.287109 0.050000 0.062500
0 0.729688 0.238281 0.050000 0.062500
0 0.725000 0.312500 0.050000 0.062500
0 0.737500 0.373047 0.050000 0.062500
0 0.018750 0.224609 0.037500 0.062500
0 0.093750 0.187500 0.050000 0.062500
0 0.126562 0.208984 0.050000 0.062500
0 0.132812 0.355469 0.050000 0.062500
0 0.059375 0.410156 0.050000 0.062500
0 0.246875 0.355469 0.050000 0.062500
0 0.234375 0.392578 0.050000 0.062500
0 0.140625 0.472656 0.050000 0.062500
0 0.103125 0.357422 0.050000 0.062500
0 0.092188 0.794922 0.050000 0.062500
0 0.121875 0.816406 0.050000 0.062500
0 0.290625 0.746094 0.050000 0.062500
0 0.387500 0.580078 0.050000 0.062500
0 0.723437 0.513672 0.050000 0.062500
0 0.728125 0.617188 0.050000 0.062500
0 0.792188 0.646484 0.050000 0.062500
0 0.821875 0.533203 0.050000 0.062500
0 0.970313 0.330078 0.050000 0.062500
0 0.985938 0.421875 0.028125 0.062500
