0 0.068750 0.152344 0.050000 0.062500
0 0.104688 0.164062 0.050000 0.062500
0 0.125000 0.292969 0.050000 0.062500
0 0.084375 0.335938 0.050000 0.062500
0 0.024219 0.376953 0.048438 0.062500
0 0.137500 0.400391 0.050000 0.062500
0 0.220312 0.330078 0.050000 0.062500
0 0.232813 0.298828 0.050000 0.062500
0 0.335938 0.226562 0.050000 0.062500
0 0.346875 0.189453 0.050000 0.062500
0 0.368750 0.169922 0.050000 0.062500
0 0.450000 0.134766 0.050000 0.062500
0 0.448437 0.050781 0.050000 0.062500
0 0.503125 0.052734 0.050000 0.062500
0 0.512500 0.230469 0.050000 0.062500
0 0.731250 0.126953 0.050000 0.062500
0 0.945312 0.242188 0.050000 0.062500
0 0.717187 0.240234 0.050000 0.062500
0 0.731250 0.326172 0.050000 0.062500
0 0.756250 0.455078 0.050000 0.062500
0 0.729688 0.544922 0.050000 0.062500
0 0.803125 0.582031 0.050000 0.062500
0 0.834375 0.468750 0.050000 0.062500
0 0.232813 0.570312 0.050000 0.062500
0 0.396875 0.517578 0.050000 0.062500
0 0.507812 0.878906 0.050000 0.062500
0 0.732812 0.962891 0.050000 0.062500
0 0.103125 0.732422 0.050000 0.062500
0 0.139063 0.753906 0.050000 0.062500
0 0.043750 0.975586 0.050000 0.048828
