0 0.240625 0.070312 0.050000 0.062500
0 0.245312 0.087891 0.050000 0.062500
0 0.340625 0.060547 0.050000 0.062500
0 0.332813 0.076172 0.050000 0.062500
0 0.465625 0.091797 0.050000 0.062500
0 0.210938 0.144531 0.050000 0.062500
0 0.142187 0.207031 0.050000 0.062500
0 0.084375 0.083984 0.050000 0.062500
0 0.159375 0.312500 0.050000 0.062500
0 0.179688 0.337891 0.050000 0.062500
0 0.278125 0.265625 0.050000 0.062500
0 0.325000 0.285156 0.050000 0.062500
0 0.357812 0.294922 0.050000 0.062500
0 0.212500 0.359375 0.050000 0.062500
0 0.193750 0.396484 0.050000 0.062500
0 0.146875 0.470703 0.050000 0.062500
0 0.184375 0.492188 0.050000 0.062500
0 0.215625 0.492188 0.050000 0.062500
0 0.223438 0.511719 0.050000 0.062500
0 0.265625 0.537109 0.050000 0.062500
0 0.226562 0.564453 0.050000 0.062500
0 0.035937 0.531250 0.050000 0.062500
0 0.014063 0.570312 0.028125 0.062500
0 0.019531 0.556641 0.039062 0.062500
0 0.039062 0.546875 0.050000 0.062500
0 0.117188 0.546875 0.050000 0.062500
0 0.125000 0.570312 0.050000 0.062500
0 0.014063 0.648438 0.028125 0.062500
0 0.031250 0.628906 0.050000 0.062500
0 0.057813 0.585938 0.050000 0.062500
0 0.029687 0.675781 0.050000 0.062500
0 0.104688 0.638672 0.050000 0.062500
0 0.023438 0.763672 0.046875 0.062500
0 0.037500 0.781250 0.050000 0.062500
0 0.060937 0.802734 0.050000 0.062500
0 0.039062 0.892578 0.050000 0.062500
0 0.146875 0.703125 0.050000 0.062500
0 0.134375 0.683594 0.050000 0.062500
0 0.117188 0.656250 0.050000 0.062500
0 0.167187 0.613281 0.050000 0.062500
0 0.304688 0.753906 0.050000 0.062500
0 0.254688 0.833984 0.050000 0.062500
0 0.298438 0.871094 0.050000 0.062500
0 0.340625 0.822266 0.050000 0.062500
0 0.326562 0.878906 0.050000 0.062500
0 0.403125 0.939453 0.050000 0.062500
0 0.431250 0.453125 0.050000 0.062500
0 0.442188 0.546875 0.050000 0.062500
0 0.593750 0.664062 0.050000 0.062500
0 0.564063 0.740234 0.050000 0.062500
0 0.546875 0.769531 0.050000 0.062500
0 0.846875 0.585938 0.050000 0.062500
0 0.904687 0.755859 0.050000 0.062500
0 0.518750 0.277344 0.050000 0.062500
0 0.523438 0.361328 0.050000 0.062500
0 0.512500 0.386719 0.050000 0.062500
0 0.589063 0.289062 0.050000 0.062500
0 0.603125 0.251953 0.050000 0.062500
0 0.665625 0.169922 0.050000 0.062500
0 0.750000 0.082031 0.050000 0.062500
0 0.746875 0.101562 0.050000 0.062500
0 0.973437 0.082031 0.050000 0.062500
0 0.970313 0.195312 0.050000 0.062500
0 0.692187 0.250000 0.050000 0.062500
0 0.618750 0.312500 0.050000 0.062500
0 0.082812 0.126953 0.050000 0.062500
0 0.023438 0.250000 0.046875 0.062500
0 0.037500 0.251953 0.050000 0.062500
