0 0.104688 0.093750 0.050000 0.062500
0 0.100000 0.130859 0.050000 0.062500
0 0.268750 0.078125 0.050000 0.062500
0 0.265625 0.095703 0.050000 0.062500
0 0.184375 0.320312 0.050000 0.062500
0 0.167187 0.216797 0.050000 0.062500
0 0.234375 0.146484 0.050000 0.062500
0 0.368750 0.058594 0.050000 0.062500
0 0.359375 0.080078 0.050000 0.062500
0 0.495312 0.089844 0.050000 0.062500
0 0.022656 0.585938 0.045312 0.062500
0 0.028125 0.566406 0.050000 0.062500
0 0.040625 0.560547 0.050000 0.062500
0 0.057813 0.552734 0.050000 0.062500
0 0.292187 0.277344 0.050000 0.062500
0 0.334375 0.304688 0.050000 0.062500
0 0.368750 0.316406 0.050000 0.062500
0 0.204687 0.343750 0.050000 0.062500
0 0.235937 0.363281 0.050000 0.062500
0 0.218750 0.402344 0.050000 0.062500
0 0.159375 0.492188 0.050000 0.062500
0 0.192188 0.511719 0.050000 0.062500
0 0.225000 0.519531 0.050000 0.062500
0 0.235937 0.533203 0.050000 0.062500
0 0.268750 0.562500 0.050000 0.062500
0 0.239063 0.589844 0.050000 0.062500
0 0.131250 0.568359 0.050000 0.062500
0 0.068750 0.597656 0.050000 0.062500
0 0.045312 0.650391 0.050000 0.062500
0 0.022656 0.667969 0.045312 0.062500
0 0.037500 0.705078 0.050000 0.062500
0 0.137500 0.589844 0.050000 0.062500
0 0.118750 0.662109 0.050000 0.062500
0 0.134375 0.685547 0.050000 0.062500
0 0.151562 0.712891 0.050000 0.062500
0 0.162500 0.728516 0.050000 0.062500
0 0.175000 0.640625 0.050000 0.062500
0 0.018750 0.705078 0.037500 0.062500
0 0.037500 0.783203 0.050000 0.062500
0 0.050000 0.791016 0.050000 0.062500
0 0.073438 0.824219 0.050000 0.062500
0 0.051562 0.925781 0.050000 0.062500
0 0.332813 0.769531 0.050000 0.062500
0 0.362500 0.843750 0.050000 0.062500
0 0.275000 0.839844 0.050000 0.062500
0 0.321875 0.880859 0.050000 0.062500
0 0.350000 0.898438 0.050000 0.062500
0 0.440625 0.935547 0.050000 0.062500
0 0.468750 0.572266 0.050000 0.062500
0 0.443750 0.468750 0.050000 0.062500
0 0.526563 0.402344 0.050000 0.062500
0 0.532813 0.375000 0.050000 0.062500
0 0.518750 0.302734 0.050000 0.062500
0 0.607812 0.269531 0.050000 0.062500
0 0.601562 0.298828 0.050000 0.062500
0 0.668750 0.187500 0.050000 0.062500
0 0.692187 0.263672 0.050000 0.062500
0 0.642188 0.326172 0.050000 0.062500
0 0.762500 0.089844 0.050000 0.062500
0 0.760938 0.115234 0.050000 0.062500
0 0.978906 0.083984 0.042188 0.062500
0 0.975781 0.199219 0.048438 0.062500
0 0.595313 0.662109 0.050000 0.062500
0 0.589063 0.753906 0.050000 0.062500
0 0.568750 0.767578 0.050000 0.062500
0 0.876563 0.607422 0.050000 0.062500
0 0.928125 0.781250 0.050000 0.062500
0 0.057813 0.259766 0.050000 0.062500
0 0.039062 0.259766 0.050000 0.062500
