0 0.154688 0.234375 0.050000 0.062500
0 0.221875 0.150391 0.050000 0.062500
0 0.260937 0.115234 0.050000 0.062500
0 0.275000 0.087891 0.050000 0.062500
0 0.360938 0.080078 0.050000 0.062500
0 0.371875 0.062500 0.050000 0.062500
0 0.510938 0.089844 0.050000 0.062500
0 0.176563 0.333984 0.050000 0.062500
0 0.198437 0.361328 0.050000 0.062500
0 0.215625 0.423828 0.050000 0.062500
0 0.231250 0.378906 0.050000 0.062500
0 0.270313 0.306641 0.050000 0.062500
0 0.312500 0.333984 0.050000 0.062500
0 0.345313 0.349609 0.050000 0.062500
0 0.051562 0.269531 0.050000 0.062500
0 0.034375 0.269531 0.050000 0.062500
0 0.423438 0.494141 0.050000 0.062500
0 0.507812 0.421875 0.050000 0.062500
0 0.515625 0.398438 0.050000 0.062500
0 0.481250 0.339844 0.050000 0.062500
0 0.579688 0.324219 0.050000 0.062500
0 0.585938 0.291016 0.050000 0.062500
0 0.657813 0.287109 0.050000 0.062500
0 0.643750 0.208984 0.050000 0.062500
0 0.728125 0.128906 0.050000 0.062500
0 0.742188 0.103516 0.050000 0.062500
0 0.959375 0.089844 0.050000 0.062500
0 0.932813 0.216797 0.050000 0.062500
0 0.643750 0.339844 0.050000 0.062500
0 0.467187 0.607422 0.050000 0.062500
0 0.560937 0.660156 0.050000 0.062500
0 0.581250 0.769531 0.050000 0.062500
0 0.870313 0.628906 0.050000 0.062500
0 0.929688 0.812500 0.050000 0.062500
0 0.562500 0.783203 0.050000 0.062500
0 0.326562 0.781250 0.050000 0.062500
0 0.268750 0.853516 0.050000 0.062500
0 0.318750 0.900391 0.050000 0.062500
0 0.339062 0.923828 0.050000 0.062500
0 0.359375 0.865234 0.050000 0.062500
0 0.432812 0.947266 0.050000 0.062500
0 0.021875 0.595703 0.043750 0.062500
0 0.023438 0.582031 0.046875 0.062500
0 0.034375 0.568359 0.050000 0.062500
0 0.056250 0.566406 0.050000 0.062500
0 0.056250 0.619141 0.050000 0.062500
0 0.034375 0.687500 0.050000 0.062500
0 0.017969 0.697266 0.035937 0.062500
0 0.024219 0.750000 0.048438 0.062500
0 0.019531 0.822266 0.039062 0.062500
0 0.042188 0.822266 0.050000 0.062500
0 0.064062 0.863281 0.050000 0.062500
0 0.040625 0.968750 0.050000 0.062500
0 0.145313 0.767578 0.050000 0.062500
0 0.132812 0.748047 0.050000 0.062500
0 0.114062 0.720703 0.050000 0.062500
0 0.100000 0.697266 0.050000 0.062500
0 0.154688 0.675781 0.050000 0.062500
0 0.118750 0.625000 0.050000 0.062500
0 0.109375 0.603516 0.050000 0.062500
0 0.142187 0.527344 0.050000 0.062500
0 0.178125 0.541016 0.050000 0.062500
0 0.206250 0.544922 0.050000 0.062500
0 0.215625 0.562500 0.050000 0.062500
0 0.214062 0.632812 0.050000 0.062500
0 0.242188 0.605469 0.050000 0.062500
