0 0.114062 0.029297 0.050000 0.058594
0 0.131250 0.066406 0.050000 0.062500
0 0.032813 0.199219 0.050000 0.062500
0 0.020313 0.208984 0.040625 0.062500
0 0.056250 0.285156 0.050000 0.062500
0 0.057813 0.617188 0.050000 0.062500
0 0.343750 0.474609 0.050000 0.062500
0 0.339062 0.291016 0.050000 0.062500
0 0.748437 0.171875 0.050000 0.062500
0 0.760938 0.220703 0.050000 0.062500
0 0.771875 0.259766 0.050000 0.062500
0 0.735938 0.332031 0.050000 0.062500
0 0.823438 0.287109 0.050000 0.062500
0 0.798438 0.361328 0.050000 0.062500
0 0.781250 0.421875 0.050000 0.062500
0 0.826562 0.423828 0.050000 0.062500
0 0.818750 0.482422 0.050000 0.062500
0 0.829688 0.503906 0.050000 0.062500
0 0.842187 0.542969 0.050000 0.062500
0 0.871875 0.597656 0.050000 0.062500
0 0.531250 0.062500 0.050000 0.062500
0 0.334375 0.443359 0.050000 0.062500
