0 0.712500 0.083984 0.050000 0.062500
0 0.723437 0.097656 0.050000 0.062500
0 0.809375 0.167969 0.050000 0.062500
0 0.970313 0.171875 0.050000 0.062500
0 0.957812 0.191406 0.050000 0.062500
0 0.773438 0.255859 0.050000 0.062500
0 0.776563 0.291016 0.050000 0.062500
0 0.787500 0.337891 0.050000 0.062500
0 0.751563 0.347656 0.050000 0.062500
0 0.692187 0.294922 0.050000 0.062500
0 0.867188 0.462891 0.050000 0.062500
0 0.931250 0.466797 0.050000 0.062500
0 0.900000 0.521484 0.050000 0.062500
0 0.884375 0.537109 0.050000 0.062500
0 0.809375 0.550781 0.050000 0.062500
0 0.793750 0.564453 0.050000 0.062500
0 0.806250 0.917969 0.050000 0.062500
0 0.781250 0.912109 0.050000 0.062500
0 0.712500 0.941406 0.050000 0.062500
0 0.373437 0.789062 0.050000 0.062500
0 0.401562 0.781250 0.050000 0.062500
0 0.417187 0.800781 0.050000 0.062500
0 0.385937 0.871094 0.050000 0.062500
0 0.460938 0.835938 0.050000 0.062500
0 0.554688 0.900391 0.050000 0.062500
0 0.435937 0.977539 0.050000 0.044922
0 0.510938 0.750000 0.050000 0.062500
0 0.621875 0.699219 0.050000 0.062500
0 0.676562 0.576172 0.050000 0.062500
0 0.635938 0.460938 0.050000 0.062500
0 0.646875 0.392578 0.050000 0.062500
0 0.623437 0.359375 0.050000 0.062500
0 0.623437 0.332031 0.050000 0.062500
0 0.562500 0.298828 0.050000 0.062500
0 0.520312 0.285156 0.050000 0.062500
0 0.509375 0.294922 0.050000 0.062500
0 0.546875 0.248047 0.050000 0.062500
0 0.387500 0.306641 0.050000 0.062500
0 0.437500 0.310547 0.050000 0.062500
0 0.412500 0.347656 0.050000 0.062500
0 0.435937 0.425781 0.050000 0.062500
0 0.464062 0.447266 0.050000 0.062500
0 0.465625 0.474609 0.050000 0.062500
0 0.350000 0.560547 0.050000 0.062500
0 0.315625 0.582031 0.050000 0.062500
0 0.275000 0.599609 0.050000 0.062500
0 0.275000 0.576172 0.050000 0.062500
0 0.301563 0.548828 0.050000 0.062500
0 0.293750 0.507812 0.050000 0.062500
0 0.303125 0.472656 0.050000 0.062500
0 0.298438 0.439453 0.050000 0.062500
0 0.290625 0.421875 0.050000 0.062500
0 0.284375 0.382812 0.050000 0.062500
0 0.346875 0.419922 0.050000 0.062500
0 0.350000 0.437500 0.050000 0.062500
0 0.179688 0.412109 0.050000 0.062500
0 0.159375 0.421875 0.050000 0.062500
0 0.168750 0.521484 0.050000 0.062500
0 0.234375 0.515625 0.050000 0.062500
0 0.239063 0.541016 0.050000 0.062500
0 0.154688 0.589844 0.050000 0.062500
0 0.198437 0.705078 0.050000 0.062500
0 0.196875 0.736328 0.050000 0.062500
0 0.050000 0.746094 0.050000 0.062500
0 0.131250 0.371094 0.050000 0.062500
0 0.151562 0.361328 0.050000 0.062500
0 0.014844 0.693359 0.029687 0.062500
0 0.028125 0.371094 0.050000 0.062500
