0 0.024219 0.751953 0.048438 0.062500
0 0.193750 0.716797 0.050000 0.062500
0 0.195312 0.689453 0.050000 0.062500
0 0.126562 0.591797 0.050000 0.062500
0 0.139063 0.521484 0.050000 0.062500
0 0.362500 0.767578 0.050000 0.062500
0 0.378125 0.777344 0.050000 0.062500
0 0.396875 0.794922 0.050000 0.062500
0 0.437500 0.830078 0.050000 0.062500
0 0.367188 0.863281 0.050000 0.062500
0 0.423438 0.976562 0.050000 0.046875
0 0.543750 0.894531 0.050000 0.062500
0 0.495312 0.755859 0.050000 0.062500
0 0.703125 0.966797 0.050000 0.062500
0 0.770312 0.906250 0.050000 0.062500
0 0.795312 0.914062 0.050000 0.062500
0 0.607812 0.695312 0.050000 0.062500
0 0.651563 0.572266 0.050000 0.062500
0 0.773438 0.558594 0.050000 0.062500
0 0.787500 0.541016 0.050000 0.062500
0 0.860938 0.529297 0.050000 0.062500
0 0.873437 0.509766 0.050000 0.062500
0 0.903125 0.455078 0.050000 0.062500
0 0.834375 0.447266 0.050000 0.062500
0 0.775000 0.332031 0.050000 0.062500
0 0.735938 0.343750 0.050000 0.062500
0 0.764062 0.285156 0.050000 0.062500
0 0.762500 0.250000 0.050000 0.062500
0 0.623437 0.330078 0.050000 0.062500
0 0.593750 0.355469 0.050000 0.062500
0 0.621875 0.388672 0.050000 0.062500
0 0.598437 0.455078 0.050000 0.062500
0 0.443750 0.468750 0.050000 0.062500
0 0.439063 0.447266 0.050000 0.062500
0 0.415625 0.427734 0.050000 0.062500
0 0.395313 0.345703 0.050000 0.062500
0 0.375000 0.302734 0.050000 0.062500
0 0.409375 0.296875 0.050000 0.062500
0 0.501563 0.285156 0.050000 0.062500
0 0.545312 0.296875 0.050000 0.062500
0 0.268750 0.380859 0.050000 0.062500
0 0.117188 0.367188 0.050000 0.062500
0 0.139063 0.363281 0.050000 0.062500
0 0.153125 0.423828 0.050000 0.062500
0 0.167187 0.417969 0.050000 0.062500
0 0.268750 0.419922 0.050000 0.062500
0 0.276562 0.441406 0.050000 0.062500
0 0.271875 0.472656 0.050000 0.062500
0 0.265625 0.511719 0.050000 0.062500
0 0.321875 0.419922 0.050000 0.062500
0 0.326562 0.435547 0.050000 0.062500
0 0.279687 0.546875 0.050000 0.062500
0 0.289062 0.585938 0.050000 0.062500
0 0.317188 0.562500 0.050000 0.062500
0 0.250000 0.597656 0.050000 0.062500
0 0.246875 0.578125 0.050000 0.062500
0 0.215625 0.539062 0.050000 0.062500
0 0.215625 0.507812 0.050000 0.062500
0 0.803125 0.162109 0.050000 0.062500
0 0.946875 0.185547 0.050000 0.062500
0 0.960938 0.167969 0.050000 0.062500
0 0.709375 0.091797 0.050000 0.062500
0 0.700000 0.076172 0.050000 0.062500
