0 0.625000 0.316406 0.050000 0.062500
0 0.637500 0.324219 0.050000 0.062500
0 0.593750 0.345703 0.050000 0.062500
0 0.595313 0.398438 0.050000 0.062500
0 0.887500 0.304688 0.050000 0.062500
0 0.885938 0.328125 0.050000 0.062500
0 0.732812 0.289062 0.050000 0.062500
0 0.642188 0.111328 0.050000 0.062500
0 0.107813 0.023438 0.050000 0.046875
0 0.109375 0.207031 0.050000 0.062500
0 0.093750 0.248047 0.050000 0.062500
0 0.181250 0.322266 0.050000 0.062500
0 0.176563 0.351562 0.050000 0.062500
0 0.178125 0.375000 0.050000 0.062500
0 0.223438 0.359375 0.050000 0.062500
0 0.237500 0.394531 0.050000 0.062500
0 0.262500 0.386719 0.050000 0.062500
0 0.234375 0.589844 0.050000 0.062500
0 0.240625 0.617188 0.050000 0.062500
0 0.260937 0.652344 0.050000 0.062500
0 0.217188 0.650391 0.050000 0.062500
0 0.223438 0.808594 0.050000 0.062500
0 0.281250 0.119141 0.050000 0.062500
0 0.339062 0.185547 0.050000 0.062500
0 0.309375 0.210938 0.050000 0.062500
0 0.306250 0.238281 0.050000 0.062500
0 0.217188 0.283203 0.050000 0.062500
0 0.231250 0.328125 0.050000 0.062500
0 0.245312 0.308594 0.050000 0.062500
0 0.281250 0.257812 0.050000 0.062500
0 0.292187 0.273438 0.050000 0.062500
0 0.250000 0.271484 0.050000 0.062500
0 0.250000 0.234375 0.050000 0.062500
0 0.331250 0.267578 0.050000 0.062500
0 0.407813 0.324219 0.050000 0.062500
0 0.418750 0.349609 0.050000 0.062500
0 0.410938 0.375000 0.050000 0.062500
0 0.339062 0.531250 0.050000 0.062500
0 0.321875 0.945312 0.050000 0.062500
0 0.096875 0.966797 0.050000 0.062500
0 0.398438 0.818359 0.050000 0.062500
0 0.346875 0.732422 0.050000 0.062500
0 0.517188 0.718750 0.050000 0.062500
0 0.542188 0.613281 0.050000 0.062500
0 0.656250 0.681641 0.050000 0.062500
0 0.670312 0.673828 0.050000 0.062500
0 0.742188 0.720703 0.050000 0.062500
0 0.759375 0.705078 0.050000 0.062500
0 0.789062 0.667969 0.050000 0.062500
0 0.712500 0.593750 0.050000 0.062500
0 0.767188 0.556641 0.050000 0.062500
0 0.789062 0.539062 0.050000 0.062500
0 0.820312 0.562500 0.050000 0.062500
0 0.834375 0.515625 0.050000 0.062500
0 0.850000 0.492188 0.050000 0.062500
0 0.929688 0.453125 0.050000 0.062500
0 0.651563 0.351562 0.050000 0.062500
0 0.662500 0.365234 0.050000 0.062500
0 0.709375 0.404297 0.050000 0.062500
0 0.860938 0.882812 0.050000 0.062500
0 0.956250 0.781250 0.050000 0.062500
0 0.523438 0.232422 0.050000 0.062500
0 0.481250 0.236328 0.050000 0.062500
0 0.496875 0.169922 0.050000 0.062500
0 0.489063 0.425781 0.050000 0.062500
0 0.016406 0.732422 0.032813 0.062500
0 0.028125 0.744141 0.050000 0.062500
0 0.054688 0.765625 0.050000 0.062500
0 0.019531 0.761719 0.039062 0.062500
0 0.024219 0.781250 0.048438 0.062500
