0 0.103125 0.220703 0.050000 0.062500
0 0.098437 0.263672 0.050000 0.062500
0 0.098437 0.291016 0.050000 0.062500
0 0.016406 0.314453 0.032813 0.062500
0 0.056250 0.384766 0.050000 0.062500
0 0.267188 0.224609 0.050000 0.062500
0 0.343750 0.306641 0.050000 0.062500
0 0.318750 0.365234 0.050000 0.062500
0 0.373437 0.332031 0.050000 0.062500
0 0.279687 0.277344 0.050000 0.062500
0 0.426563 0.195312 0.050000 0.062500
0 0.370312 0.355469 0.050000 0.062500
0 0.539062 0.214844 0.050000 0.062500
0 0.528125 0.242188 0.050000 0.062500
0 0.437500 0.324219 0.050000 0.062500
0 0.429688 0.353516 0.050000 0.062500
0 0.460938 0.298828 0.050000 0.062500
0 0.507812 0.279297 0.050000 0.062500
0 0.529687 0.289062 0.050000 0.062500
0 0.589063 0.205078 0.050000 0.062500
0 0.573438 0.228516 0.050000 0.062500
0 0.620313 0.298828 0.050000 0.062500
0 0.629687 0.333984 0.050000 0.062500
0 0.628125 0.351562 0.050000 0.062500
0 0.623437 0.392578 0.050000 0.062500
0 0.592187 0.433594 0.050000 0.062500
0 0.604688 0.449219 0.050000 0.062500
0 0.659375 0.373047 0.050000 0.062500
0 0.718750 0.111328 0.050000 0.062500
0 0.471875 0.019531 0.050000 0.039062
0 0.481250 0.599609 0.050000 0.062500
0 0.489063 0.621094 0.050000 0.062500
0 0.510938 0.656250 0.050000 0.062500
0 0.345313 0.769531 0.050000 0.062500
0 0.350000 0.800781 0.050000 0.062500
0 0.360938 0.820312 0.050000 0.062500
0 0.390625 0.800781 0.050000 0.062500
0 0.362500 0.798828 0.050000 0.062500
0 0.560937 0.841797 0.050000 0.062500
0 0.635938 0.851562 0.050000 0.062500
0 0.715625 0.845703 0.050000 0.062500
0 0.679688 0.960938 0.050000 0.062500
0 0.478125 0.693359 0.050000 0.062500
0 0.670312 0.574219 0.050000 0.062500
0 0.784375 0.570312 0.050000 0.062500
0 0.854688 0.746094 0.050000 0.062500
0 0.903125 0.626953 0.050000 0.062500
0 0.912500 0.611328 0.050000 0.062500
0 0.873437 0.482422 0.050000 0.062500
0 0.950000 0.388672 0.050000 0.062500
0 0.956250 0.343750 0.050000 0.062500
0 0.753125 0.203125 0.050000 0.062500
0 0.795312 0.271484 0.050000 0.062500
0 0.792188 0.332031 0.050000 0.062500
0 0.854688 0.257812 0.050000 0.062500
0 0.983594 0.644531 0.032813 0.062500
