0 0.154688 0.109375 0.050000 0.062500
0 0.150000 0.144531 0.050000 0.062500
0 0.107813 0.175781 0.050000 0.062500
0 0.065625 0.490234 0.050000 0.062500
0 0.367188 0.425781 0.050000 0.062500
0 0.425000 0.287109 0.050000 0.062500
0 0.812500 0.230469 0.050000 0.062500
0 0.817187 0.273438 0.050000 0.062500
0 0.818750 0.328125 0.050000 0.062500
0 0.868750 0.365234 0.050000 0.062500
0 0.801562 0.375000 0.050000 0.062500
0 0.809375 0.490234 0.050000 0.062500
0 0.845313 0.496094 0.050000 0.062500
0 0.832812 0.429688 0.050000 0.062500
0 0.835938 0.550781 0.050000 0.062500
0 0.840625 0.578125 0.050000 0.062500
0 0.840625 0.621094 0.050000 0.062500
0 0.868750 0.683594 0.050000 0.062500
0 0.373437 0.396484 0.050000 0.062500
