0 0.045312 0.328125 0.050000 0.062500
0 0.092188 0.400391 0.050000 0.062500
0 0.137500 0.306641 0.050000 0.062500
0 0.140625 0.275391 0.050000 0.062500
0 0.142187 0.232422 0.050000 0.062500
0 0.304688 0.240234 0.050000 0.062500
0 0.323437 0.283203 0.050000 0.062500
0 0.375000 0.326172 0.050000 0.062500
0 0.354687 0.378906 0.050000 0.062500
0 0.412500 0.345703 0.050000 0.062500
0 0.410938 0.369141 0.050000 0.062500
0 0.475000 0.361328 0.050000 0.062500
0 0.482812 0.330078 0.050000 0.062500
0 0.456250 0.207031 0.050000 0.062500
0 0.506250 0.306641 0.050000 0.062500
0 0.570312 0.310547 0.050000 0.062500
0 0.571875 0.253906 0.050000 0.062500
0 0.581250 0.232422 0.050000 0.062500
0 0.643750 0.230469 0.050000 0.062500
0 0.659375 0.308594 0.050000 0.062500
0 0.675000 0.339844 0.050000 0.062500
0 0.832812 0.337891 0.050000 0.062500
0 0.668750 0.363281 0.050000 0.062500
0 0.646875 0.466797 0.050000 0.062500
0 0.660937 0.470703 0.050000 0.062500
0 0.656250 0.404297 0.050000 0.062500
0 0.718750 0.369141 0.050000 0.062500
0 0.757812 0.378906 0.050000 0.062500
0 0.839063 0.277344 0.050000 0.062500
0 0.798438 0.214844 0.050000 0.062500
0 0.759375 0.113281 0.050000 0.062500
0 0.907813 0.271484 0.050000 0.062500
0 0.532813 0.019531 0.050000 0.039062
0 0.909375 0.486328 0.050000 0.062500
0 0.728125 0.585938 0.050000 0.062500
0 0.829688 0.572266 0.050000 0.062500
0 0.960938 0.619141 0.050000 0.062500
0 0.950000 0.638672 0.050000 0.062500
0 0.909375 0.753906 0.050000 0.062500
0 0.764062 0.861328 0.050000 0.062500
0 0.685937 0.871094 0.050000 0.062500
0 0.617188 0.853516 0.050000 0.062500
0 0.735938 0.968750 0.050000 0.062500
0 0.529687 0.615234 0.050000 0.062500
0 0.535937 0.636719 0.050000 0.062500
0 0.557813 0.667969 0.050000 0.062500
0 0.520312 0.710938 0.050000 0.062500
0 0.401562 0.781250 0.050000 0.062500
0 0.403125 0.814453 0.050000 0.062500
0 0.417187 0.830078 0.050000 0.062500
0 0.439063 0.820312 0.050000 0.062500
0 0.417187 0.802734 0.050000 0.062500
0 0.617188 0.236328 0.050000 0.062500
