0 0.128125 0.318359 0.050000 0.062500
0 0.125000 0.287109 0.050000 0.062500
0 0.125000 0.250000 0.050000 0.062500
0 0.034375 0.341797 0.050000 0.062500
0 0.067187 0.412109 0.050000 0.062500
0 0.289062 0.255859 0.050000 0.062500
0 0.310937 0.296875 0.050000 0.062500
0 0.348438 0.339844 0.050000 0.062500
0 0.331250 0.388672 0.050000 0.062500
0 0.404687 0.345703 0.050000 0.062500
0 0.400000 0.373047 0.050000 0.062500
0 0.473438 0.337891 0.050000 0.062500
0 0.468750 0.369141 0.050000 0.062500
0 0.509375 0.310547 0.050000 0.062500
0 0.440625 0.212891 0.050000 0.062500
0 0.764062 0.095703 0.050000 0.062500
0 0.817187 0.193359 0.050000 0.062500
0 0.825000 0.269531 0.050000 0.062500
0 0.935937 0.277344 0.050000 0.062500
0 0.825000 0.330078 0.050000 0.062500
0 0.815625 0.369141 0.050000 0.062500
0 0.764062 0.367188 0.050000 0.062500
0 0.884375 0.468750 0.050000 0.062500
0 0.582812 0.232422 0.050000 0.062500
0 0.620313 0.230469 0.050000 0.062500
0 0.662500 0.253906 0.050000 0.062500
0 0.665625 0.273438 0.050000 0.062500
0 0.653125 0.308594 0.050000 0.062500
0 0.667188 0.339844 0.050000 0.062500
0 0.665625 0.363281 0.050000 0.062500
0 0.629687 0.390625 0.050000 0.062500
0 0.559375 0.341797 0.050000 0.062500
0 0.560937 0.324219 0.050000 0.062500
0 0.570312 0.304688 0.050000 0.062500
0 0.578125 0.257812 0.050000 0.062500
0 0.576562 0.017578 0.050000 0.035156
0 0.968750 0.611328 0.050000 0.062500
0 0.954688 0.623047 0.050000 0.062500
0 0.939063 0.763672 0.050000 0.062500
0 0.809375 0.875000 0.050000 0.062500
0 0.768750 0.970703 0.050000 0.058594
0 0.703125 0.904297 0.050000 0.062500
0 0.642188 0.863281 0.050000 0.062500
0 0.423438 0.792969 0.050000 0.062500
0 0.442188 0.804688 0.050000 0.062500
0 0.429688 0.828125 0.050000 0.062500
0 0.445312 0.839844 0.050000 0.062500
0 0.468750 0.822266 0.050000 0.062500
0 0.537500 0.626953 0.050000 0.062500
0 0.535937 0.650391 0.050000 0.062500
0 0.565625 0.675781 0.050000 0.062500
0 0.682813 0.511719 0.050000 0.062500
0 0.701562 0.517578 0.050000 0.062500
0 0.837500 0.560547 0.050000 0.062500
0 0.770312 0.582031 0.050000 0.062500
