0 0.112500 0.248047 0.050000 0.062500
0 0.107813 0.279297 0.050000 0.062500
0 0.107813 0.312500 0.050000 0.062500
0 0.021094 0.341797 0.042188 0.062500
0 0.048438 0.408203 0.050000 0.062500
0 0.265625 0.248047 0.050000 0.062500
0 0.295312 0.291016 0.050000 0.062500
0 0.320312 0.341797 0.050000 0.062500
0 0.307812 0.380859 0.050000 0.062500
0 0.389062 0.341797 0.050000 0.062500
0 0.382812 0.369141 0.050000 0.062500
0 0.454688 0.330078 0.050000 0.062500
0 0.450000 0.365234 0.050000 0.062500
0 0.428125 0.208984 0.050000 0.062500
0 0.495312 0.308594 0.050000 0.062500
0 0.565625 0.228516 0.050000 0.062500
0 0.562500 0.253906 0.050000 0.062500
0 0.565625 0.302734 0.050000 0.062500
0 0.543750 0.320312 0.050000 0.062500
0 0.542188 0.337891 0.050000 0.062500
0 0.603125 0.220703 0.050000 0.062500
0 0.601562 0.376953 0.050000 0.062500
0 0.648438 0.255859 0.050000 0.062500
0 0.653125 0.275391 0.050000 0.062500
0 0.639062 0.302734 0.050000 0.062500
0 0.646875 0.335938 0.050000 0.062500
0 0.646875 0.363281 0.050000 0.062500
0 0.770312 0.361328 0.050000 0.062500
0 0.820312 0.361328 0.050000 0.062500
0 0.807813 0.322266 0.050000 0.062500
0 0.806250 0.261719 0.050000 0.062500
0 0.807813 0.183594 0.050000 0.062500
0 0.751563 0.082031 0.050000 0.062500
0 0.931250 0.275391 0.050000 0.062500
0 0.982031 0.367188 0.035937 0.062500
0 0.860938 0.455078 0.050000 0.062500
0 0.818750 0.546875 0.050000 0.062500
0 0.954688 0.595703 0.050000 0.062500
0 0.942187 0.609375 0.050000 0.062500
0 0.698438 0.525391 0.050000 0.062500
0 0.681250 0.521484 0.050000 0.062500
0 0.529687 0.623047 0.050000 0.062500
0 0.529687 0.644531 0.050000 0.062500
0 0.553125 0.673828 0.050000 0.062500
0 0.509375 0.728516 0.050000 0.062500
0 0.637500 0.859375 0.050000 0.062500
0 0.698438 0.910156 0.050000 0.062500
0 0.771875 0.970703 0.050000 0.058594
0 0.818750 0.876953 0.050000 0.062500
0 0.934375 0.755859 0.050000 0.062500
0 0.421875 0.785156 0.050000 0.062500
0 0.425000 0.820312 0.050000 0.062500
0 0.439063 0.830078 0.050000 0.062500
0 0.435937 0.802734 0.050000 0.062500
0 0.465625 0.818359 0.050000 0.062500
0 0.771875 0.576172 0.050000 0.062500
