0 0.078125 0.238281 0.050000 0.062500
0 0.076563 0.275391 0.050000 0.062500
0 0.078125 0.302734 0.050000 0.062500
0 0.021094 0.400391 0.042188 0.062500
0 0.235937 0.240234 0.050000 0.062500
0 0.262500 0.279297 0.050000 0.062500
0 0.279687 0.332031 0.050000 0.062500
0 0.265625 0.375000 0.050000 0.062500
0 0.360938 0.332031 0.050000 0.062500
0 0.357812 0.357422 0.050000 0.062500
0 0.393750 0.199219 0.050000 0.062500
0 0.429688 0.318359 0.050000 0.062500
0 0.421875 0.353516 0.050000 0.062500
0 0.514062 0.617188 0.050000 0.062500
0 0.509375 0.636719 0.050000 0.062500
0 0.537500 0.664062 0.050000 0.062500
0 0.489063 0.722656 0.050000 0.062500
0 0.418750 0.775391 0.050000 0.062500
0 0.421875 0.812500 0.050000 0.062500
0 0.434375 0.826172 0.050000 0.062500
0 0.457813 0.810547 0.050000 0.062500
0 0.434375 0.794922 0.050000 0.062500
0 0.632812 0.847656 0.050000 0.062500
0 0.689063 0.916016 0.050000 0.062500
0 0.773438 0.964844 0.050000 0.062500
0 0.837500 0.869141 0.050000 0.062500
0 0.931250 0.750000 0.050000 0.062500
0 0.937500 0.576172 0.050000 0.062500
0 0.926562 0.591797 0.050000 0.062500
0 0.473438 0.292969 0.050000 0.062500
0 0.510938 0.312500 0.050000 0.062500
0 0.514062 0.333984 0.050000 0.062500
0 0.565625 0.361328 0.050000 0.062500
0 0.546875 0.316406 0.050000 0.062500
0 0.542188 0.240234 0.050000 0.062500
0 0.543750 0.212891 0.050000 0.062500
0 0.582812 0.205078 0.050000 0.062500
0 0.729688 0.056641 0.050000 0.062500
0 0.793750 0.158203 0.050000 0.062500
0 0.632812 0.250000 0.050000 0.062500
0 0.637500 0.273438 0.050000 0.062500
0 0.612500 0.287109 0.050000 0.062500
0 0.618750 0.322266 0.050000 0.062500
0 0.621875 0.343750 0.050000 0.062500
0 0.776563 0.240234 0.050000 0.062500
0 0.778125 0.304688 0.050000 0.062500
0 0.775000 0.341797 0.050000 0.062500
0 0.679688 0.533203 0.050000 0.062500
0 0.693750 0.533203 0.050000 0.062500
0 0.776563 0.564453 0.050000 0.062500
0 0.800000 0.527344 0.050000 0.062500
0 0.818750 0.433594 0.050000 0.062500
0 0.832812 0.339844 0.050000 0.062500
0 0.921875 0.267578 0.050000 0.062500
0 0.970313 0.349609 0.050000 0.062500
0 0.984375 0.490234 0.031250 0.062500
