0 0.054688 0.240234 0.050000 0.062500
0 0.056250 0.271484 0.050000 0.062500
0 0.051562 0.298828 0.050000 0.062500
0 0.203125 0.242188 0.050000 0.062500
0 0.243750 0.273438 0.050000 0.062500
0 0.243750 0.326172 0.050000 0.062500
0 0.229687 0.369141 0.050000 0.062500
0 0.334375 0.330078 0.050000 0.062500
0 0.328125 0.351562 0.050000 0.062500
0 0.401562 0.314453 0.050000 0.062500
0 0.396875 0.343750 0.050000 0.062500
0 0.717187 0.035156 0.050000 0.062500
0 0.785937 0.142578 0.050000 0.062500
0 0.071875 0.123047 0.050000 0.062500
0 0.365625 0.191406 0.050000 0.062500
0 0.453125 0.289062 0.050000 0.062500
0 0.487500 0.306641 0.050000 0.062500
0 0.485938 0.332031 0.050000 0.062500
0 0.532813 0.324219 0.050000 0.062500
0 0.521875 0.353516 0.050000 0.062500
0 0.525000 0.236328 0.050000 0.062500
0 0.523438 0.205078 0.050000 0.062500
0 0.565625 0.197266 0.050000 0.062500
0 0.585938 0.277344 0.050000 0.062500
0 0.596875 0.308594 0.050000 0.062500
0 0.596875 0.335938 0.050000 0.062500
0 0.615625 0.251953 0.050000 0.062500
0 0.620313 0.281250 0.050000 0.062500
0 0.751563 0.222656 0.050000 0.062500
0 0.751563 0.287109 0.050000 0.062500
0 0.781250 0.326172 0.050000 0.062500
0 0.784375 0.421875 0.050000 0.062500
0 0.845313 0.324219 0.050000 0.062500
0 0.917188 0.263672 0.050000 0.062500
0 0.951562 0.335938 0.050000 0.062500
0 0.970313 0.466797 0.050000 0.062500
0 0.918750 0.552734 0.050000 0.062500
0 0.903125 0.576172 0.050000 0.062500
0 0.682813 0.552734 0.050000 0.062500
0 0.700000 0.550781 0.050000 0.062500
0 0.782813 0.509766 0.050000 0.062500
0 0.789062 0.566406 0.050000 0.062500
0 0.498437 0.611328 0.050000 0.062500
0 0.506250 0.632812 0.050000 0.062500
0 0.521875 0.660156 0.050000 0.062500
0 0.926562 0.742188 0.050000 0.062500
0 0.850000 0.857422 0.050000 0.062500
0 0.770312 0.962891 0.050000 0.062500
0 0.678125 0.927734 0.050000 0.062500
0 0.629687 0.839844 0.050000 0.062500
0 0.464062 0.718750 0.050000 0.062500
0 0.414062 0.771484 0.050000 0.062500
0 0.415625 0.806641 0.050000 0.062500
0 0.431250 0.791016 0.050000 0.062500
0 0.431250 0.816406 0.050000 0.062500
0 0.456250 0.800781 0.050000 0.062500
