0 0.081250 0.111328 0.050000 0.062500
0 0.065625 0.146484 0.050000 0.062500
0 0.021875 0.244141 0.043750 0.062500
0 0.024219 0.283203 0.048438 0.062500
0 0.020313 0.304688 0.040625 0.062500
0 0.162500 0.250000 0.050000 0.062500
0 0.210938 0.273438 0.050000 0.062500
0 0.193750 0.328125 0.050000 0.062500
0 0.182812 0.375000 0.050000 0.062500
0 0.298438 0.330078 0.050000 0.062500
0 0.295312 0.355469 0.050000 0.062500
0 0.329688 0.199219 0.050000 0.062500
0 0.368750 0.308594 0.050000 0.062500
0 0.362500 0.337891 0.050000 0.062500
0 0.429688 0.281250 0.050000 0.062500
0 0.454688 0.312500 0.050000 0.062500
0 0.454688 0.337891 0.050000 0.062500
0 0.481250 0.343750 0.050000 0.062500
0 0.517188 0.341797 0.050000 0.062500
0 0.568750 0.333984 0.050000 0.062500
0 0.568750 0.306641 0.050000 0.062500
0 0.553125 0.273438 0.050000 0.062500
0 0.603125 0.259766 0.050000 0.062500
0 0.598437 0.292969 0.050000 0.062500
0 0.506250 0.234375 0.050000 0.062500
0 0.501563 0.205078 0.050000 0.062500
0 0.545312 0.195312 0.050000 0.062500
0 0.703125 0.017578 0.050000 0.035156
0 0.778125 0.115234 0.050000 0.062500
0 0.717187 0.207031 0.050000 0.062500
0 0.721875 0.279297 0.050000 0.062500
0 0.792188 0.314453 0.050000 0.062500
0 0.862500 0.304688 0.050000 0.062500
0 0.912500 0.261719 0.050000 0.062500
0 0.923438 0.328125 0.050000 0.062500
0 0.942187 0.441406 0.050000 0.062500
0 0.978906 0.542969 0.042188 0.062500
0 0.975781 0.560547 0.048438 0.062500
0 0.898438 0.542969 0.050000 0.062500
0 0.884375 0.560547 0.050000 0.062500
0 0.926562 0.742188 0.050000 0.062500
0 0.843750 0.859375 0.050000 0.062500
0 0.760938 0.962891 0.050000 0.062500
0 0.673438 0.953125 0.050000 0.062500
0 0.629687 0.841797 0.050000 0.062500
0 0.757812 0.505859 0.050000 0.062500
0 0.801562 0.576172 0.050000 0.062500
0 0.735938 0.406250 0.050000 0.062500
0 0.473438 0.609375 0.050000 0.062500
0 0.484375 0.628906 0.050000 0.062500
0 0.503125 0.662109 0.050000 0.062500
0 0.439063 0.720703 0.050000 0.062500
0 0.412500 0.767578 0.050000 0.062500
0 0.415625 0.800781 0.050000 0.062500
0 0.428125 0.818359 0.050000 0.062500
0 0.459375 0.800781 0.050000 0.062500
0 0.429688 0.791016 0.050000 0.062500
0 0.681250 0.582031 0.050000 0.062500
0 0.701562 0.582031 0.050000 0.062500
