0 0.779687 0.652344 0.050000 0.062500
0 0.790625 0.667969 0.050000 0.062500
0 0.812500 0.693359 0.050000 0.062500
0 0.817187 0.794922 0.050000 0.062500
0 0.812500 0.828125 0.050000 0.062500
0 0.828125 0.839844 0.050000 0.062500
0 0.857812 0.835938 0.050000 0.062500
0 0.828125 0.816406 0.050000 0.062500
0 0.703125 0.742188 0.050000 0.062500
0 0.895312 0.406250 0.050000 0.062500
0 0.395313 0.152344 0.050000 0.062500
0 0.403125 0.205078 0.050000 0.062500
0 0.407813 0.228516 0.050000 0.062500
0 0.379688 0.285156 0.050000 0.062500
0 0.462500 0.291016 0.050000 0.062500
0 0.368750 0.365234 0.050000 0.062500
0 0.367188 0.404297 0.050000 0.062500
0 0.259375 0.728516 0.050000 0.062500
0 0.164062 0.977539 0.050000 0.044922
0 0.039062 0.501953 0.050000 0.062500
0 0.031250 0.470703 0.050000 0.062500
0 0.153125 0.416016 0.050000 0.062500
0 0.168750 0.343750 0.050000 0.062500
0 0.018750 0.375000 0.037500 0.062500
0 0.031250 0.244141 0.050000 0.062500
0 0.267188 0.328125 0.050000 0.062500
0 0.275000 0.298828 0.050000 0.062500
0 0.265625 0.259766 0.050000 0.062500
0 0.228125 0.195312 0.050000 0.062500
0 0.559375 0.226562 0.050000 0.062500
0 0.670312 0.267578 0.050000 0.062500
0 0.725000 0.302734 0.050000 0.062500
0 0.701562 0.339844 0.050000 0.062500
0 0.698438 0.365234 0.050000 0.062500
0 0.625000 0.326172 0.050000 0.062500
0 0.618750 0.359375 0.050000 0.062500
0 0.545312 0.353516 0.050000 0.062500
0 0.542188 0.382812 0.050000 0.062500
0 0.800000 0.230469 0.050000 0.062500
0 0.806250 0.253906 0.050000 0.062500
0 0.814063 0.298828 0.050000 0.062500
0 0.832812 0.324219 0.050000 0.062500
0 0.831250 0.353516 0.050000 0.062500
0 0.854688 0.250000 0.050000 0.062500
0 0.904687 0.310547 0.050000 0.062500
0 0.896875 0.339844 0.050000 0.062500
0 0.954688 0.343750 0.050000 0.062500
0 0.964063 0.267578 0.050000 0.062500
0 0.962500 0.208984 0.050000 0.062500
