0 0.326562 0.740234 0.050000 0.062500
0 0.348438 0.718750 0.050000 0.062500
0 0.392188 0.734375 0.050000 0.062500
0 0.625000 0.853516 0.050000 0.062500
0 0.748437 0.783203 0.050000 0.062500
0 0.798438 0.828125 0.050000 0.062500
0 0.943750 0.773438 0.050000 0.062500
0 0.579688 0.658203 0.050000 0.062500
0 0.639062 0.511719 0.050000 0.062500
0 0.626563 0.535156 0.050000 0.062500
0 0.642188 0.558594 0.050000 0.062500
0 0.681250 0.332031 0.050000 0.062500
0 0.754687 0.242188 0.050000 0.062500
0 0.960938 0.070312 0.050000 0.062500
0 0.642188 0.091797 0.050000 0.062500
0 0.851562 0.759766 0.050000 0.062500
