0 0.157812 0.978516 0.050000 0.042969
0 0.253125 0.669922 0.050000 0.062500
0 0.729688 0.628906 0.050000 0.062500
0 0.739062 0.644531 0.050000 0.062500
0 0.764062 0.671875 0.050000 0.062500
0 0.645312 0.718750 0.050000 0.062500
0 0.982812 0.849609 0.034375 0.062500
0 0.792188 0.769531 0.050000 0.062500
0 0.834375 0.806641 0.050000 0.062500
0 0.787500 0.802734 0.050000 0.062500
0 0.801562 0.792969 0.050000 0.062500
0 0.801562 0.816406 0.050000 0.062500
0 0.890625 0.175781 0.050000 0.062500
0 0.901563 0.230469 0.050000 0.062500
0 0.926562 0.300781 0.050000 0.062500
0 0.798438 0.210938 0.050000 0.062500
0 0.840625 0.287109 0.050000 0.062500
0 0.839063 0.322266 0.050000 0.062500
0 0.801562 0.382812 0.050000 0.062500
0 0.746875 0.205078 0.050000 0.062500
0 0.756250 0.226562 0.050000 0.062500
0 0.746875 0.279297 0.050000 0.062500
0 0.765625 0.294922 0.050000 0.062500
0 0.768750 0.320312 0.050000 0.062500
0 0.703125 0.275391 0.050000 0.062500
0 0.392188 0.107422 0.050000 0.062500
0 0.376563 0.136719 0.050000 0.062500
0 0.348438 0.199219 0.050000 0.062500
0 0.353125 0.222656 0.050000 0.062500
0 0.307812 0.267578 0.050000 0.062500
0 0.290625 0.345703 0.050000 0.062500
0 0.281250 0.380859 0.050000 0.062500
0 0.200000 0.234375 0.050000 0.062500
0 0.204687 0.279297 0.050000 0.062500
0 0.198437 0.300781 0.050000 0.062500
0 0.095312 0.320312 0.050000 0.062500
0 0.079687 0.396484 0.050000 0.062500
0 0.237500 0.164062 0.050000 0.062500
0 0.400000 0.259766 0.050000 0.062500
0 0.485938 0.201172 0.050000 0.062500
0 0.475000 0.333984 0.050000 0.062500
0 0.473438 0.359375 0.050000 0.062500
0 0.575000 0.250000 0.050000 0.062500
0 0.559375 0.300781 0.050000 0.062500
0 0.551562 0.333984 0.050000 0.062500
0 0.634375 0.312500 0.050000 0.062500
0 0.629687 0.335938 0.050000 0.062500
0 0.982031 0.462891 0.035937 0.062500
