0 0.971875 0.507812 0.050000 0.062500
0 0.698438 0.642578 0.050000 0.062500
0 0.704688 0.656250 0.050000 0.062500
0 0.728125 0.693359 0.050000 0.062500
0 0.604688 0.712891 0.050000 0.062500
0 0.753125 0.789062 0.050000 0.062500
0 0.748437 0.818359 0.050000 0.062500
0 0.789062 0.830078 0.050000 0.062500
0 0.762500 0.835938 0.050000 0.062500
0 0.765625 0.810547 0.050000 0.062500
0 0.104688 0.929688 0.050000 0.062500
0 0.234375 0.603516 0.050000 0.062500
0 0.060937 0.314453 0.050000 0.062500
0 0.090625 0.246094 0.050000 0.062500
0 0.195312 0.240234 0.050000 0.062500
0 0.201563 0.212891 0.050000 0.062500
0 0.196875 0.167969 0.050000 0.062500
0 0.257812 0.332031 0.050000 0.062500
0 0.268750 0.296875 0.050000 0.062500
0 0.296875 0.220703 0.050000 0.062500
0 0.350000 0.191406 0.050000 0.062500
0 0.392188 0.232422 0.050000 0.062500
0 0.351562 0.166016 0.050000 0.062500
0 0.396875 0.111328 0.050000 0.062500
0 0.412500 0.087891 0.050000 0.062500
0 0.460938 0.337891 0.050000 0.062500
0 0.465625 0.310547 0.050000 0.062500
0 0.485938 0.183594 0.050000 0.062500
0 0.560937 0.238281 0.050000 0.062500
0 0.551562 0.289062 0.050000 0.062500
0 0.540625 0.316406 0.050000 0.062500
0 0.629687 0.306641 0.050000 0.062500
0 0.618750 0.328125 0.050000 0.062500
0 0.750000 0.220703 0.050000 0.062500
0 0.756250 0.242188 0.050000 0.062500
0 0.717187 0.273438 0.050000 0.062500
0 0.742188 0.294922 0.050000 0.062500
0 0.803125 0.234375 0.050000 0.062500
0 0.889062 0.207031 0.050000 0.062500
0 0.896875 0.259766 0.050000 0.062500
0 0.928125 0.343750 0.050000 0.062500
0 0.835938 0.314453 0.050000 0.062500
0 0.832812 0.357422 0.050000 0.062500
0 0.757812 0.341797 0.050000 0.062500
0 0.756250 0.314453 0.050000 0.062500
0 0.771875 0.398438 0.050000 0.062500
0 0.270313 0.101562 0.050000 0.062500
0 0.946875 0.900391 0.050000 0.062500
