0 0.081250 0.451172 0.050000 0.062500
0 0.068750 0.505859 0.050000 0.062500
0 0.106250 0.490234 0.050000 0.062500
0 0.126562 0.490234 0.050000 0.062500
0 0.184375 0.412109 0.050000 0.062500
0 0.376563 0.408203 0.050000 0.062500
0 0.287500 0.384766 0.050000 0.062500
0 0.304688 0.443359 0.050000 0.062500
0 0.335938 0.431641 0.050000 0.062500
0 0.346875 0.453125 0.050000 0.062500
0 0.451562 0.398438 0.050000 0.062500
0 0.465625 0.421875 0.050000 0.062500
0 0.459375 0.441406 0.050000 0.062500
0 0.535937 0.457031 0.050000 0.062500
0 0.537500 0.482422 0.050000 0.062500
0 0.157812 0.150391 0.050000 0.062500
0 0.150000 0.326172 0.050000 0.062500
0 0.251563 0.164062 0.050000 0.062500
0 0.260937 0.212891 0.050000 0.062500
0 0.334375 0.115234 0.050000 0.062500
0 0.332813 0.140625 0.050000 0.062500
0 0.332813 0.167969 0.050000 0.062500
0 0.348438 0.324219 0.050000 0.062500
0 0.373437 0.279297 0.050000 0.062500
0 0.421875 0.222656 0.050000 0.062500
0 0.534375 0.144531 0.050000 0.062500
0 0.703125 0.072266 0.050000 0.062500
0 0.785937 0.044922 0.050000 0.062500
0 0.795312 0.044922 0.050000 0.062500
0 0.935937 0.144531 0.050000 0.062500
0 0.909375 0.195312 0.050000 0.062500
0 0.871875 0.279297 0.050000 0.062500
0 0.957812 0.291016 0.050000 0.062500
0 0.960938 0.316406 0.050000 0.062500
0 0.943750 0.333984 0.050000 0.062500
0 0.946875 0.355469 0.050000 0.062500
0 0.693750 0.179688 0.050000 0.062500
0 0.712500 0.208984 0.050000 0.062500
0 0.704688 0.236328 0.050000 0.062500
0 0.743750 0.261719 0.050000 0.062500
0 0.653125 0.302734 0.050000 0.062500
0 0.643750 0.333984 0.050000 0.062500
0 0.578125 0.251953 0.050000 0.062500
0 0.506250 0.283203 0.050000 0.062500
0 0.490625 0.314453 0.050000 0.062500
0 0.165625 0.914062 0.050000 0.062500
0 0.187500 0.906250 0.050000 0.062500
0 0.203125 0.972656 0.050000 0.054688
0 0.223438 0.955078 0.050000 0.062500
0 0.409375 0.980469 0.050000 0.039062
0 0.489063 0.981445 0.050000 0.037109
0 0.490625 0.951172 0.050000 0.062500
0 0.473438 0.925781 0.050000 0.062500
0 0.201563 0.517578 0.050000 0.062500
0 0.225000 0.525391 0.050000 0.062500
0 0.264062 0.501953 0.050000 0.062500
0 0.232813 0.568359 0.050000 0.062500
0 0.250000 0.621094 0.050000 0.062500
0 0.392188 0.521484 0.050000 0.062500
0 0.415625 0.542969 0.050000 0.062500
0 0.475000 0.550781 0.050000 0.062500
0 0.476562 0.585938 0.050000 0.062500
0 0.551562 0.625000 0.050000 0.062500
0 0.521875 0.638672 0.050000 0.062500
0 0.453125 0.621094 0.050000 0.062500
0 0.485938 0.648438 0.050000 0.062500
0 0.485938 0.673828 0.050000 0.062500
0 0.601562 0.689453 0.050000 0.062500
0 0.504687 0.708984 0.050000 0.062500
0 0.542188 0.751953 0.050000 0.062500
0 0.517188 0.798828 0.050000 0.062500
0 0.565625 0.746094 0.050000 0.062500
0 0.417187 0.806641 0.050000 0.062500
0 0.392188 0.837891 0.050000 0.062500
0 0.446875 0.859375 0.050000 0.062500
0 0.310937 0.923828 0.050000 0.062500
0 0.281250 0.859375 0.050000 0.062500
0 0.256250 0.761719 0.050000 0.062500
0 0.217188 0.740234 0.050000 0.062500
0 0.226562 0.675781 0.050000 0.062500
0 0.298438 0.644531 0.050000 0.062500
0 0.315625 0.730469 0.050000 0.062500
0 0.332813 0.775391 0.050000 0.062500
0 0.301563 0.830078 0.050000 0.062500
0 0.337500 0.626953 0.050000 0.062500
0 0.357812 0.666016 0.050000 0.062500
0 0.404687 0.636719 0.050000 0.062500
