0 0.712500 0.072266 0.050000 0.062500
0 0.773438 0.042969 0.050000 0.062500
0 0.785937 0.042969 0.050000 0.062500
0 0.900000 0.144531 0.050000 0.062500
0 0.929688 0.285156 0.050000 0.062500
0 0.884375 0.193359 0.050000 0.062500
0 0.831250 0.275391 0.050000 0.062500
0 0.926562 0.367188 0.050000 0.062500
0 0.921875 0.341797 0.050000 0.062500
0 0.929688 0.314453 0.050000 0.062500
0 0.715625 0.265625 0.050000 0.062500
0 0.676562 0.232422 0.050000 0.062500
0 0.679688 0.205078 0.050000 0.062500
0 0.670312 0.179688 0.050000 0.062500
0 0.615625 0.298828 0.050000 0.062500
0 0.609375 0.330078 0.050000 0.062500
0 0.545312 0.248047 0.050000 0.062500
0 0.510938 0.140625 0.050000 0.062500
0 0.487500 0.285156 0.050000 0.062500
0 0.462500 0.310547 0.050000 0.062500
0 0.395313 0.222656 0.050000 0.062500
0 0.343750 0.279297 0.050000 0.062500
0 0.321875 0.320312 0.050000 0.062500
0 0.306250 0.166016 0.050000 0.062500
0 0.306250 0.140625 0.050000 0.062500
0 0.306250 0.113281 0.050000 0.062500
0 0.223438 0.156250 0.050000 0.062500
0 0.134375 0.148438 0.050000 0.062500
0 0.226562 0.212891 0.050000 0.062500
0 0.146875 0.312500 0.050000 0.062500
0 0.270313 0.378906 0.050000 0.062500
0 0.173437 0.410156 0.050000 0.062500
0 0.076563 0.439453 0.050000 0.062500
0 0.103125 0.486328 0.050000 0.062500
0 0.117188 0.490234 0.050000 0.062500
0 0.056250 0.503906 0.050000 0.062500
0 0.193750 0.513672 0.050000 0.062500
0 0.217188 0.521484 0.050000 0.062500
0 0.220312 0.568359 0.050000 0.062500
0 0.232813 0.613281 0.050000 0.062500
0 0.217188 0.673828 0.050000 0.062500
0 0.210938 0.734375 0.050000 0.062500
0 0.175000 0.902344 0.050000 0.062500
0 0.248438 0.755859 0.050000 0.062500
0 0.218750 0.955078 0.050000 0.062500
0 0.196875 0.971680 0.050000 0.056641
0 0.146875 0.906250 0.050000 0.062500
0 0.265625 0.859375 0.050000 0.062500
0 0.298438 0.832031 0.050000 0.062500
0 0.301563 0.919922 0.050000 0.062500
0 0.321875 0.773438 0.050000 0.062500
0 0.309375 0.726562 0.050000 0.062500
0 0.292187 0.644531 0.050000 0.062500
0 0.325000 0.626953 0.050000 0.062500
0 0.345313 0.666016 0.050000 0.062500
0 0.251563 0.496094 0.050000 0.062500
0 0.304688 0.439453 0.050000 0.062500
0 0.326562 0.429688 0.050000 0.062500
0 0.335938 0.451172 0.050000 0.062500
0 0.370312 0.398438 0.050000 0.062500
0 0.385937 0.519531 0.050000 0.062500
0 0.406250 0.537109 0.050000 0.062500
0 0.514062 0.457031 0.050000 0.062500
0 0.514062 0.484375 0.050000 0.062500
0 0.446875 0.396484 0.050000 0.062500
0 0.454688 0.417969 0.050000 0.062500
0 0.446875 0.435547 0.050000 0.062500
0 0.396875 0.460938 0.050000 0.062500
0 0.385937 0.449219 0.050000 0.062500
0 0.385937 0.642578 0.050000 0.062500
0 0.384375 0.716797 0.050000 0.062500
0 0.381250 0.839844 0.050000 0.062500
0 0.406250 0.800781 0.050000 0.062500
0 0.510938 0.794922 0.050000 0.062500
0 0.437500 0.857422 0.050000 0.062500
0 0.529687 0.746094 0.050000 0.062500
0 0.560937 0.750000 0.050000 0.062500
0 0.592187 0.685547 0.050000 0.062500
0 0.495312 0.707031 0.050000 0.062500
0 0.459375 0.527344 0.050000 0.062500
0 0.467187 0.550781 0.050000 0.062500
0 0.468750 0.582031 0.050000 0.062500
0 0.445312 0.623047 0.050000 0.062500
0 0.476562 0.656250 0.050000 0.062500
0 0.515625 0.632812 0.050000 0.062500
0 0.535937 0.626953 0.050000 0.062500
0 0.465625 0.923828 0.050000 0.062500
0 0.482812 0.951172 0.050000 0.062500
0 0.407813 0.960938 0.050000 0.062500
0 0.400000 0.980469 0.050000 0.039062
0 0.479687 0.981445 0.050000 0.037109
