0 0.031250 0.146484 0.050000 0.062500
0 0.110937 0.148438 0.050000 0.062500
0 0.085938 0.199219 0.050000 0.062500
0 0.207813 0.109375 0.050000 0.062500
0 0.207813 0.136719 0.050000 0.062500
0 0.206250 0.156250 0.050000 0.062500
0 0.175000 0.265625 0.050000 0.062500
0 0.214062 0.281250 0.050000 0.062500
0 0.217188 0.308594 0.050000 0.062500
0 0.293750 0.216797 0.050000 0.062500
0 0.412500 0.128906 0.050000 0.062500
0 0.425000 0.238281 0.050000 0.062500
0 0.467187 0.291016 0.050000 0.062500
0 0.443750 0.322266 0.050000 0.062500
0 0.400000 0.312500 0.050000 0.062500
0 0.339062 0.302734 0.050000 0.062500
0 0.550000 0.156250 0.050000 0.062500
0 0.562500 0.185547 0.050000 0.062500
0 0.562500 0.216797 0.050000 0.062500
0 0.579688 0.251953 0.050000 0.062500
0 0.657813 0.287109 0.050000 0.062500
0 0.759375 0.037109 0.050000 0.062500
0 0.765625 0.068359 0.050000 0.062500
0 0.765625 0.125000 0.050000 0.062500
0 0.765625 0.175781 0.050000 0.062500
0 0.807813 0.271484 0.050000 0.062500
0 0.923438 0.259766 0.050000 0.062500
0 0.983594 0.251953 0.032813 0.062500
0 0.914062 0.283203 0.050000 0.062500
0 0.904687 0.333984 0.050000 0.062500
0 0.814063 0.294922 0.050000 0.062500
0 0.851562 0.398438 0.050000 0.062500
0 0.859375 0.423828 0.050000 0.062500
0 0.040625 0.417969 0.050000 0.062500
0 0.137500 0.396484 0.050000 0.062500
0 0.160938 0.351562 0.050000 0.062500
0 0.275000 0.435547 0.050000 0.062500
0 0.317188 0.447266 0.050000 0.062500
0 0.304688 0.427734 0.050000 0.062500
0 0.251563 0.382812 0.050000 0.062500
0 0.351562 0.390625 0.050000 0.062500
0 0.423438 0.390625 0.050000 0.062500
0 0.437500 0.412109 0.050000 0.062500
0 0.425000 0.427734 0.050000 0.062500
0 0.426563 0.455078 0.050000 0.062500
0 0.421875 0.486328 0.050000 0.062500
0 0.370312 0.447266 0.050000 0.062500
0 0.379688 0.464844 0.050000 0.062500
0 0.389062 0.533203 0.050000 0.062500
0 0.364063 0.511719 0.050000 0.062500
0 0.445312 0.537109 0.050000 0.062500
0 0.448437 0.578125 0.050000 0.062500
0 0.481250 0.609375 0.050000 0.062500
0 0.504687 0.619141 0.050000 0.062500
0 0.564063 0.646484 0.050000 0.062500
0 0.456250 0.640625 0.050000 0.062500
0 0.459375 0.669922 0.050000 0.062500
0 0.476562 0.699219 0.050000 0.062500
0 0.514062 0.740234 0.050000 0.062500
0 0.520312 0.783203 0.050000 0.062500
0 0.564063 0.765625 0.050000 0.062500
0 0.418750 0.640625 0.050000 0.062500
0 0.387500 0.628906 0.050000 0.062500
0 0.389062 0.701172 0.050000 0.062500
0 0.414062 0.789062 0.050000 0.062500
0 0.387500 0.830078 0.050000 0.062500
0 0.431250 0.865234 0.050000 0.062500
0 0.450000 0.923828 0.050000 0.062500
0 0.465625 0.943359 0.050000 0.062500
0 0.462500 0.977539 0.050000 0.044922
0 0.385937 0.974609 0.050000 0.050781
0 0.317188 0.982422 0.050000 0.035156
0 0.189062 0.972656 0.050000 0.054688
0 0.128125 0.906250 0.050000 0.062500
0 0.154688 0.892578 0.050000 0.062500
0 0.204687 0.947266 0.050000 0.062500
0 0.284375 0.914062 0.050000 0.062500
0 0.250000 0.861328 0.050000 0.062500
0 0.337500 0.820312 0.050000 0.062500
0 0.321875 0.759766 0.050000 0.062500
0 0.281250 0.746094 0.050000 0.062500
0 0.293750 0.720703 0.050000 0.062500
0 0.220312 0.718750 0.050000 0.062500
0 0.196875 0.667969 0.050000 0.062500
0 0.204687 0.609375 0.050000 0.062500
0 0.218750 0.562500 0.050000 0.062500
0 0.201563 0.529297 0.050000 0.062500
0 0.235937 0.490234 0.050000 0.062500
0 0.171875 0.507812 0.050000 0.062500
0 0.084375 0.482422 0.050000 0.062500
0 0.034375 0.503906 0.050000 0.062500
0 0.095312 0.484375 0.050000 0.062500
0 0.284375 0.640625 0.050000 0.062500
0 0.339062 0.613281 0.050000 0.062500
0 0.340625 0.662109 0.050000 0.062500
0 0.984375 0.263672 0.031250 0.062500
