0 0.760938 0.039062 0.050000 0.062500
0 0.975781 0.242188 0.048438 0.062500
0 0.978125 0.255859 0.043750 0.062500
0 0.910937 0.255859 0.050000 0.062500
0 0.893750 0.281250 0.050000 0.062500
0 0.878125 0.330078 0.050000 0.062500
0 0.843750 0.402344 0.050000 0.062500
0 0.854688 0.429688 0.050000 0.062500
0 0.793750 0.269531 0.050000 0.062500
0 0.793750 0.292969 0.050000 0.062500
0 0.778125 0.066406 0.050000 0.062500
0 0.745313 0.119141 0.050000 0.062500
0 0.745313 0.171875 0.050000 0.062500
0 0.532813 0.150391 0.050000 0.062500
0 0.543750 0.185547 0.050000 0.062500
0 0.545312 0.208984 0.050000 0.062500
0 0.556250 0.250000 0.050000 0.062500
0 0.625000 0.283203 0.050000 0.062500
0 0.396875 0.126953 0.050000 0.062500
0 0.404687 0.238281 0.050000 0.062500
0 0.443750 0.289062 0.050000 0.062500
0 0.420312 0.304688 0.050000 0.062500
0 0.195312 0.111328 0.050000 0.062500
0 0.190625 0.134766 0.050000 0.062500
0 0.182812 0.164062 0.050000 0.062500
0 0.200000 0.167969 0.050000 0.062500
0 0.278125 0.212891 0.050000 0.062500
0 0.021875 0.142578 0.043750 0.062500
0 0.064062 0.105469 0.050000 0.062500
0 0.096875 0.142578 0.050000 0.062500
0 0.064062 0.197266 0.050000 0.062500
0 0.190625 0.271484 0.050000 0.062500
0 0.195312 0.308594 0.050000 0.062500
0 0.315625 0.300781 0.050000 0.062500
0 0.390625 0.316406 0.050000 0.062500
0 0.150000 0.345703 0.050000 0.062500
0 0.142187 0.390625 0.050000 0.062500
0 0.043750 0.417969 0.050000 0.062500
0 0.037500 0.501953 0.050000 0.062500
0 0.081250 0.480469 0.050000 0.062500
0 0.095312 0.482422 0.050000 0.062500
0 0.175000 0.505859 0.050000 0.062500
0 0.204687 0.529297 0.050000 0.062500
0 0.235937 0.492188 0.050000 0.062500
0 0.220312 0.564453 0.050000 0.062500
0 0.207813 0.607422 0.050000 0.062500
0 0.203125 0.666016 0.050000 0.062500
0 0.218750 0.716797 0.050000 0.062500
0 0.125000 0.902344 0.050000 0.062500
0 0.156250 0.894531 0.050000 0.062500
0 0.182812 0.972656 0.050000 0.054688
0 0.203125 0.951172 0.050000 0.062500
0 0.282813 0.914062 0.050000 0.062500
0 0.253125 0.857422 0.050000 0.062500
0 0.282813 0.748047 0.050000 0.062500
0 0.298438 0.718750 0.050000 0.062500
0 0.287500 0.634766 0.050000 0.062500
0 0.281250 0.431641 0.050000 0.062500
0 0.309375 0.421875 0.050000 0.062500
0 0.318750 0.445312 0.050000 0.062500
0 0.245312 0.376953 0.050000 0.062500
0 0.348438 0.386719 0.050000 0.062500
0 0.426563 0.388672 0.050000 0.062500
0 0.434375 0.414062 0.050000 0.062500
0 0.425000 0.427734 0.050000 0.062500
0 0.418750 0.449219 0.050000 0.062500
0 0.364063 0.443359 0.050000 0.062500
0 0.381250 0.460938 0.050000 0.062500
0 0.412500 0.478516 0.050000 0.062500
0 0.364063 0.511719 0.050000 0.062500
0 0.387500 0.529297 0.050000 0.062500
0 0.340625 0.609375 0.050000 0.062500
0 0.345313 0.658203 0.050000 0.062500
0 0.320312 0.755859 0.050000 0.062500
0 0.345313 0.822266 0.050000 0.062500
0 0.392188 0.832031 0.050000 0.062500
0 0.415625 0.783203 0.050000 0.062500
0 0.393750 0.699219 0.050000 0.062500
0 0.392188 0.628906 0.050000 0.062500
0 0.448437 0.535156 0.050000 0.062500
0 0.445312 0.572266 0.050000 0.062500
0 0.462500 0.664062 0.050000 0.062500
0 0.482812 0.607422 0.050000 0.062500
0 0.501563 0.611328 0.050000 0.062500
0 0.559375 0.640625 0.050000 0.062500
0 0.573438 0.769531 0.050000 0.062500
0 0.523438 0.787109 0.050000 0.062500
0 0.515625 0.738281 0.050000 0.062500
0 0.475000 0.699219 0.050000 0.062500
0 0.432812 0.857422 0.050000 0.062500
0 0.450000 0.914062 0.050000 0.062500
0 0.467187 0.937500 0.050000 0.062500
0 0.460938 0.975586 0.050000 0.048828
0 0.385937 0.974609 0.050000 0.050781
0 0.317188 0.981445 0.050000 0.037109
