0 0.371875 0.880859 0.050000 0.062500
0 0.304688 0.630859 0.050000 0.062500
0 0.410938 0.429688 0.050000 0.062500
0 0.428125 0.468750 0.050000 0.062500
0 0.412500 0.490234 0.050000 0.062500
0 0.223438 0.478516 0.050000 0.062500
0 0.021094 0.152344 0.042188 0.062500
0 0.054688 0.199219 0.050000 0.062500
0 0.024219 0.925781 0.048438 0.062500
0 0.759375 0.969727 0.050000 0.060547
0 0.762500 0.892578 0.050000 0.062500
0 0.812500 0.917969 0.050000 0.062500
0 0.920312 0.981445 0.050000 0.037109
0 0.954688 0.753906 0.050000 0.062500
0 0.940625 0.707031 0.050000 0.062500
0 0.975781 0.648438 0.048438 0.062500
0 0.957812 0.607422 0.050000 0.062500
0 0.956250 0.578125 0.050000 0.062500
0 0.968750 0.535156 0.050000 0.062500
0 0.982812 0.507812 0.034375 0.062500
0 0.912500 0.550781 0.050000 0.062500
0 0.779687 0.546875 0.050000 0.062500
0 0.823438 0.523438 0.050000 0.062500
0 0.782813 0.478516 0.050000 0.062500
0 0.983594 0.464844 0.032813 0.062500
0 0.983594 0.443359 0.032813 0.062500
0 0.981250 0.425781 0.037500 0.062500
0 0.854688 0.417969 0.050000 0.062500
0 0.834375 0.353516 0.050000 0.062500
0 0.776563 0.351562 0.050000 0.062500
0 0.860938 0.316406 0.050000 0.062500
0 0.190625 0.208984 0.050000 0.062500
0 0.198437 0.230469 0.050000 0.062500
0 0.201563 0.287109 0.050000 0.062500
0 0.335938 0.179688 0.050000 0.062500
0 0.495312 0.101562 0.050000 0.062500
0 0.515625 0.089844 0.050000 0.062500
0 0.510938 0.142578 0.050000 0.062500
0 0.542188 0.189453 0.050000 0.062500
0 0.503125 0.244141 0.050000 0.062500
0 0.607812 0.167969 0.050000 0.062500
0 0.743750 0.154297 0.050000 0.062500
0 0.739062 0.175781 0.050000 0.062500
0 0.732812 0.207031 0.050000 0.062500
0 0.651563 0.296875 0.050000 0.062500
0 0.953125 0.175781 0.050000 0.062500
0 0.959375 0.136719 0.050000 0.062500
0 0.889062 0.292969 0.050000 0.062500
0 0.851562 0.335938 0.050000 0.062500
0 0.980469 0.349609 0.039062 0.062500
0 0.820312 0.251953 0.050000 0.062500
