0 0.523438 0.085938 0.050000 0.062500
0 0.498437 0.093750 0.050000 0.062500
0 0.521875 0.132812 0.050000 0.062500
0 0.514062 0.179688 0.050000 0.062500
0 0.573438 0.164062 0.050000 0.062500
0 0.467187 0.230469 0.050000 0.062500
0 0.971875 0.416016 0.050000 0.062500
0 0.971875 0.433594 0.050000 0.062500
0 0.968750 0.455078 0.050000 0.062500
0 0.968750 0.488281 0.050000 0.062500
0 0.964063 0.525391 0.050000 0.062500
0 0.942187 0.566406 0.050000 0.062500
0 0.948438 0.593750 0.050000 0.062500
0 0.964063 0.638672 0.050000 0.062500
0 0.984375 0.666016 0.031250 0.062500
0 0.928125 0.695312 0.050000 0.062500
0 0.943750 0.734375 0.050000 0.062500
0 0.903125 0.541016 0.050000 0.062500
0 0.820312 0.513672 0.050000 0.062500
0 0.770312 0.535156 0.050000 0.062500
0 0.770312 0.468750 0.050000 0.062500
0 0.031250 0.195312 0.050000 0.062500
0 0.157812 0.203125 0.050000 0.062500
0 0.165625 0.226562 0.050000 0.062500
0 0.173437 0.275391 0.050000 0.062500
0 0.314063 0.171875 0.050000 0.062500
0 0.217188 0.468750 0.050000 0.062500
0 0.285938 0.605469 0.050000 0.062500
0 0.298438 0.587891 0.050000 0.062500
0 0.390625 0.429688 0.050000 0.062500
0 0.421875 0.474609 0.050000 0.062500
0 0.357812 0.871094 0.050000 0.062500
0 0.434375 0.453125 0.050000 0.062500
0 0.731250 0.878906 0.050000 0.062500
0 0.767188 0.964844 0.050000 0.062500
0 0.798438 0.906250 0.050000 0.062500
0 0.915625 0.978516 0.050000 0.042969
0 0.843750 0.402344 0.050000 0.062500
0 0.615625 0.281250 0.050000 0.062500
0 0.739062 0.333984 0.050000 0.062500
0 0.795312 0.343750 0.050000 0.062500
0 0.823438 0.304688 0.050000 0.062500
0 0.959375 0.119141 0.050000 0.062500
0 0.929688 0.167969 0.050000 0.062500
0 0.971875 0.292969 0.050000 0.062500
0 0.942187 0.333984 0.050000 0.062500
0 0.851562 0.281250 0.050000 0.062500
0 0.787500 0.240234 0.050000 0.062500
0 0.712500 0.191406 0.050000 0.062500
0 0.709375 0.171875 0.050000 0.062500
0 0.709375 0.148438 0.050000 0.062500
0 0.851562 0.341797 0.050000 0.062500
