0 0.354687 0.871094 0.050000 0.062500
0 0.715625 0.875000 0.050000 0.062500
0 0.789062 0.900391 0.050000 0.062500
0 0.771875 0.966797 0.050000 0.062500
0 0.910937 0.975586 0.050000 0.048828
0 0.945312 0.732422 0.050000 0.062500
0 0.921875 0.693359 0.050000 0.062500
0 0.982812 0.660156 0.034375 0.062500
0 0.960938 0.634766 0.050000 0.062500
0 0.948438 0.589844 0.050000 0.062500
0 0.937500 0.562500 0.050000 0.062500
0 0.960938 0.523438 0.050000 0.062500
0 0.957812 0.482422 0.050000 0.062500
0 0.954688 0.453125 0.050000 0.062500
0 0.964063 0.433594 0.050000 0.062500
0 0.962500 0.408203 0.050000 0.062500
0 0.765625 0.464844 0.050000 0.062500
0 0.765625 0.529297 0.050000 0.062500
0 0.810937 0.509766 0.050000 0.062500
0 0.898438 0.537109 0.050000 0.062500
0 0.767188 0.333984 0.050000 0.062500
0 0.801562 0.302734 0.050000 0.062500
0 0.834375 0.271484 0.050000 0.062500
0 0.135937 0.201172 0.050000 0.062500
0 0.146875 0.224609 0.050000 0.062500
0 0.159375 0.277344 0.050000 0.062500
0 0.301563 0.164062 0.050000 0.062500
0 0.445312 0.224609 0.050000 0.062500
0 0.500000 0.171875 0.050000 0.062500
0 0.553125 0.156250 0.050000 0.062500
0 0.504687 0.091797 0.050000 0.062500
0 0.525000 0.082031 0.050000 0.062500
0 0.523438 0.132812 0.050000 0.062500
0 0.695312 0.142578 0.050000 0.062500
0 0.690625 0.164062 0.050000 0.062500
0 0.685937 0.191406 0.050000 0.062500
0 0.667188 0.359375 0.050000 0.062500
0 0.714063 0.326172 0.050000 0.062500
0 0.975781 0.097656 0.048438 0.062500
0 0.910937 0.162109 0.050000 0.062500
0 0.981250 0.253906 0.037500 0.062500
0 0.946875 0.289062 0.050000 0.062500
0 0.918750 0.328125 0.050000 0.062500
0 0.840625 0.400391 0.050000 0.062500
0 0.854688 0.345703 0.050000 0.062500
0 0.983594 0.222656 0.032813 0.062500
0 0.976562 0.191406 0.046875 0.062500
0 0.592187 0.281250 0.050000 0.062500
0 0.217188 0.468750 0.050000 0.062500
0 0.279687 0.589844 0.050000 0.062500
0 0.290625 0.578125 0.050000 0.062500
0 0.432812 0.462891 0.050000 0.062500
0 0.381250 0.437500 0.050000 0.062500
0 0.773438 0.238281 0.050000 0.062500
