0 0.218750 0.037109 0.050000 0.062500
0 0.175000 0.162109 0.050000 0.062500
0 0.076563 0.130859 0.050000 0.062500
0 0.053125 0.177734 0.050000 0.062500
0 0.068750 0.349609 0.050000 0.062500
0 0.109375 0.355469 0.050000 0.062500
0 0.128125 0.621094 0.050000 0.062500
0 0.092188 0.677734 0.050000 0.062500
0 0.064062 0.691406 0.050000 0.062500
0 0.022656 0.861328 0.045312 0.062500
0 0.076563 0.880859 0.050000 0.062500
0 0.148438 0.974609 0.050000 0.050781
0 0.250000 0.929688 0.050000 0.062500
0 0.432812 0.648438 0.050000 0.062500
0 0.521875 0.820312 0.050000 0.062500
0 0.568750 0.964844 0.050000 0.062500
0 0.693750 0.718750 0.050000 0.062500
0 0.701562 0.929688 0.050000 0.062500
0 0.959375 0.839844 0.050000 0.062500
0 0.943750 0.568359 0.050000 0.062500
0 0.907813 0.427734 0.050000 0.062500
0 0.928125 0.207031 0.050000 0.062500
0 0.925000 0.152344 0.050000 0.062500
0 0.782813 0.285156 0.050000 0.062500
0 0.618750 0.255859 0.050000 0.062500
0 0.407813 0.275391 0.050000 0.062500
0 0.301563 0.324219 0.050000 0.062500
0 0.292187 0.255859 0.050000 0.062500
