0 0.206250 0.041016 0.050000 0.062500
0 0.159375 0.162109 0.050000 0.062500
0 0.064062 0.121094 0.050000 0.062500
0 0.037500 0.171875 0.050000 0.062500
0 0.057813 0.343750 0.050000 0.062500
0 0.100000 0.361328 0.050000 0.062500
0 0.117188 0.619141 0.050000 0.062500
0 0.081250 0.673828 0.050000 0.062500
0 0.054688 0.687500 0.050000 0.062500
0 0.017188 0.857422 0.034375 0.062500
0 0.071875 0.884766 0.050000 0.062500
0 0.140625 0.976562 0.050000 0.046875
0 0.240625 0.900391 0.050000 0.062500
0 0.292187 0.296875 0.050000 0.062500
0 0.395313 0.267578 0.050000 0.062500
0 0.601562 0.236328 0.050000 0.062500
0 0.784375 0.259766 0.050000 0.062500
0 0.915625 0.134766 0.050000 0.062500
0 0.917188 0.169922 0.050000 0.062500
0 0.900000 0.410156 0.050000 0.062500
0 0.965625 0.542969 0.050000 0.062500
0 0.948438 0.820312 0.050000 0.062500
0 0.682813 0.685547 0.050000 0.062500
0 0.515625 0.792969 0.050000 0.062500
0 0.426563 0.626953 0.050000 0.062500
0 0.559375 0.935547 0.050000 0.062500
0 0.696875 0.896484 0.050000 0.062500
0 0.232813 0.022461 0.050000 0.044922
