0 0.209375 0.022461 0.050000 0.044922
0 0.231250 0.031250 0.050000 0.062500
0 0.206250 0.060547 0.050000 0.062500
0 0.035937 0.181641 0.050000 0.062500
0 0.064062 0.138672 0.050000 0.062500
0 0.164062 0.179688 0.050000 0.062500
0 0.060937 0.351562 0.050000 0.062500
0 0.098437 0.380859 0.050000 0.062500
0 0.268750 0.222656 0.050000 0.062500
0 0.260937 0.376953 0.050000 0.062500
0 0.295312 0.294922 0.050000 0.062500
0 0.393750 0.279297 0.050000 0.062500
0 0.600000 0.244141 0.050000 0.062500
0 0.792188 0.261719 0.050000 0.062500
0 0.925000 0.156250 0.050000 0.062500
0 0.901563 0.406250 0.050000 0.062500
0 0.948438 0.812500 0.050000 0.062500
0 0.681250 0.681641 0.050000 0.062500
0 0.426563 0.617188 0.050000 0.062500
0 0.056250 0.703125 0.050000 0.062500
0 0.082812 0.687500 0.050000 0.062500
0 0.123438 0.632812 0.050000 0.062500
0 0.017969 0.871094 0.035937 0.062500
0 0.075000 0.906250 0.050000 0.062500
0 0.242188 0.896484 0.050000 0.062500
0 0.517188 0.789062 0.050000 0.062500
0 0.564063 0.925781 0.050000 0.062500
0 0.709375 0.900391 0.050000 0.062500
