0 0.022656 0.056641 0.045312 0.062500
0 0.039062 0.056641 0.050000 0.062500
0 0.056250 0.066406 0.050000 0.062500
0 0.118750 0.025391 0.050000 0.050781
0 0.096875 0.134766 0.050000 0.062500
0 0.159375 0.142578 0.050000 0.062500
0 0.120313 0.201172 0.050000 0.062500
0 0.137500 0.216797 0.050000 0.062500
0 0.154688 0.250000 0.050000 0.062500
0 0.021094 0.285156 0.042188 0.062500
0 0.121875 0.355469 0.050000 0.062500
0 0.039062 0.427734 0.050000 0.062500
0 0.075000 0.576172 0.050000 0.062500
0 0.156250 0.738281 0.050000 0.062500
0 0.120313 0.851562 0.050000 0.062500
0 0.106250 0.871094 0.050000 0.062500
0 0.304688 0.791016 0.050000 0.062500
0 0.314063 0.298828 0.050000 0.062500
0 0.235937 0.273438 0.050000 0.062500
0 0.271875 0.173828 0.050000 0.062500
0 0.528125 0.154297 0.050000 0.062500
0 0.848437 0.181641 0.050000 0.062500
0 0.954688 0.142578 0.050000 0.062500
0 0.968750 0.222656 0.050000 0.062500
0 0.982031 0.250000 0.035937 0.062500
0 0.964063 0.582031 0.050000 0.062500
0 0.971875 0.675781 0.050000 0.062500
0 0.893750 0.810547 0.050000 0.062500
0 0.796875 0.785156 0.050000 0.062500
0 0.607812 0.792969 0.050000 0.062500
0 0.539062 0.626953 0.050000 0.062500
0 0.421875 0.468750 0.050000 0.062500
0 0.578125 0.414062 0.050000 0.062500
0 0.793750 0.975586 0.050000 0.048828
