0 0.123438 0.107422 0.050000 0.062500
0 0.209375 0.091797 0.050000 0.062500
0 0.225000 0.097656 0.050000 0.062500
0 0.393750 0.066406 0.050000 0.062500
0 0.412500 0.113281 0.050000 0.062500
0 0.385937 0.128906 0.050000 0.062500
0 0.364063 0.134766 0.050000 0.062500
0 0.367188 0.255859 0.050000 0.062500
0 0.150000 0.136719 0.050000 0.062500
0 0.126562 0.183594 0.050000 0.062500
0 0.192188 0.187500 0.050000 0.062500
0 0.140625 0.275391 0.050000 0.062500
0 0.192188 0.322266 0.050000 0.062500
0 0.204687 0.349609 0.050000 0.062500
0 0.153125 0.333984 0.050000 0.062500
0 0.181250 0.457031 0.050000 0.062500
0 0.195312 0.462891 0.050000 0.062500
0 0.487500 0.037109 0.050000 0.062500
0 0.248438 0.500000 0.050000 0.062500
0 0.267188 0.478516 0.050000 0.062500
0 0.217188 0.664062 0.050000 0.062500
0 0.198437 0.662109 0.050000 0.062500
0 0.179688 0.660156 0.050000 0.062500
0 0.165625 0.697266 0.050000 0.062500
0 0.170313 0.714844 0.050000 0.062500
0 0.150000 0.720703 0.050000 0.062500
0 0.098437 0.697266 0.050000 0.062500
0 0.282813 0.574219 0.050000 0.062500
0 0.278125 0.597656 0.050000 0.062500
0 0.301563 0.667969 0.050000 0.062500
0 0.320312 0.714844 0.050000 0.062500
0 0.326562 0.755859 0.050000 0.062500
0 0.346875 0.921875 0.050000 0.062500
0 0.367188 0.882812 0.050000 0.062500
0 0.387500 0.880859 0.050000 0.062500
0 0.382812 0.933594 0.050000 0.062500
0 0.417187 0.730469 0.050000 0.062500
0 0.396875 0.562500 0.050000 0.062500
0 0.548438 0.533203 0.050000 0.062500
0 0.467187 0.390625 0.050000 0.062500
0 0.521875 0.294922 0.050000 0.062500
0 0.564063 0.136719 0.050000 0.062500
0 0.587500 0.380859 0.050000 0.062500
0 0.831250 0.414062 0.050000 0.062500
0 0.840625 0.431641 0.050000 0.062500
0 0.843750 0.449219 0.050000 0.062500
0 0.857812 0.443359 0.050000 0.062500
0 0.731250 0.626953 0.050000 0.062500
0 0.606250 0.648438 0.050000 0.062500
0 0.718750 0.722656 0.050000 0.062500
0 0.745313 0.763672 0.050000 0.062500
0 0.767188 0.740234 0.050000 0.062500
0 0.845313 0.753906 0.050000 0.062500
0 0.845313 0.773438 0.050000 0.062500
0 0.823438 0.888672 0.050000 0.062500
0 0.931250 0.906250 0.050000 0.062500
0 0.980469 0.833984 0.039062 0.062500
0 0.276562 0.373047 0.050000 0.062500
0 0.167187 0.408203 0.050000 0.062500
0 0.165625 0.464844 0.050000 0.062500
0 0.289062 0.207031 0.050000 0.062500
0 0.276562 0.207031 0.050000 0.062500
0 0.368750 0.869141 0.050000 0.062500
0 0.376563 0.871094 0.050000 0.062500
