0 0.371875 0.142578 0.050000 0.062500
0 0.381250 0.136719 0.050000 0.062500
0 0.407813 0.109375 0.050000 0.062500
0 0.389062 0.095703 0.050000 0.062500
0 0.168750 0.028320 0.050000 0.056641
0 0.215625 0.117188 0.050000 0.062500
0 0.229687 0.119141 0.050000 0.062500
0 0.373437 0.271484 0.050000 0.062500
0 0.465625 0.400391 0.050000 0.062500
0 0.517188 0.306641 0.050000 0.062500
0 0.489063 0.041016 0.050000 0.062500
0 0.503125 0.016602 0.050000 0.033203
0 0.584375 0.386719 0.050000 0.062500
0 0.551562 0.533203 0.050000 0.062500
0 0.834375 0.408203 0.050000 0.062500
0 0.834375 0.433594 0.050000 0.062500
0 0.840625 0.449219 0.050000 0.062500
0 0.854688 0.437500 0.050000 0.062500
0 0.728125 0.621094 0.050000 0.062500
0 0.609375 0.642578 0.050000 0.062500
0 0.409375 0.570312 0.050000 0.062500
0 0.417187 0.726562 0.050000 0.062500
0 0.720313 0.722656 0.050000 0.062500
0 0.742188 0.757812 0.050000 0.062500
0 0.760938 0.736328 0.050000 0.062500
0 0.840625 0.750000 0.050000 0.062500
0 0.842187 0.765625 0.050000 0.062500
0 0.817187 0.896484 0.050000 0.062500
0 0.931250 0.898438 0.050000 0.062500
0 0.976562 0.832031 0.046875 0.062500
0 0.395313 0.933594 0.050000 0.062500
0 0.359375 0.935547 0.050000 0.062500
0 0.382812 0.875000 0.050000 0.062500
0 0.364063 0.878906 0.050000 0.062500
0 0.331250 0.767578 0.050000 0.062500
0 0.335938 0.728516 0.050000 0.062500
0 0.309375 0.673828 0.050000 0.062500
0 0.154688 0.712891 0.050000 0.062500
0 0.175000 0.707031 0.050000 0.062500
0 0.168750 0.691406 0.050000 0.062500
0 0.190625 0.673828 0.050000 0.062500
0 0.207813 0.675781 0.050000 0.062500
0 0.223438 0.671875 0.050000 0.062500
0 0.106250 0.695312 0.050000 0.062500
0 0.248438 0.519531 0.050000 0.062500
0 0.273438 0.500000 0.050000 0.062500
0 0.170313 0.476562 0.050000 0.062500
0 0.184375 0.470703 0.050000 0.062500
0 0.184375 0.433594 0.050000 0.062500
0 0.210938 0.365234 0.050000 0.062500
0 0.195312 0.339844 0.050000 0.062500
0 0.281250 0.611328 0.050000 0.062500
0 0.289062 0.583984 0.050000 0.062500
0 0.148438 0.291016 0.050000 0.062500
0 0.196875 0.218750 0.050000 0.062500
0 0.156250 0.160156 0.050000 0.062500
0 0.128125 0.132812 0.050000 0.062500
0 0.121875 0.185547 0.050000 0.062500
0 0.178125 0.347656 0.050000 0.062500
0 0.157812 0.349609 0.050000 0.062500
0 0.292187 0.544922 0.050000 0.062500
0 0.282813 0.398438 0.050000 0.062500
0 0.290625 0.207031 0.050000 0.062500
0 0.279687 0.207031 0.050000 0.062500
0 0.557813 0.144531 0.050000 0.062500
0 0.198437 0.470703 0.050000 0.062500
0 0.367188 0.865234 0.050000 0.062500
0 0.375000 0.865234 0.050000 0.062500
