0 0.279687 0.210938 0.050000 0.062500
0 0.289062 0.207031 0.050000 0.062500
0 0.382812 0.328125 0.050000 0.062500
0 0.403125 0.111328 0.050000 0.062500
0 0.467187 0.056641 0.050000 0.062500
0 0.487500 0.046875 0.050000 0.062500
0 0.534375 0.189453 0.050000 0.062500
0 0.842187 0.380859 0.050000 0.062500
0 0.821875 0.443359 0.050000 0.062500
0 0.834375 0.451172 0.050000 0.062500
0 0.853125 0.441406 0.050000 0.062500
0 0.725000 0.628906 0.050000 0.062500
0 0.820312 0.906250 0.050000 0.062500
0 0.926562 0.912109 0.050000 0.062500
0 0.975000 0.832031 0.050000 0.062500
0 0.837500 0.753906 0.050000 0.062500
0 0.837500 0.771484 0.050000 0.062500
0 0.742188 0.759766 0.050000 0.062500
0 0.765625 0.748047 0.050000 0.062500
0 0.629687 0.636719 0.050000 0.062500
0 0.545312 0.533203 0.050000 0.062500
0 0.592187 0.402344 0.050000 0.062500
0 0.490625 0.416016 0.050000 0.062500
0 0.514062 0.355469 0.050000 0.062500
0 0.429688 0.611328 0.050000 0.062500
0 0.409375 0.724609 0.050000 0.062500
0 0.431250 0.958984 0.050000 0.062500
0 0.398438 0.975586 0.050000 0.048828
0 0.334375 0.890625 0.050000 0.062500
0 0.364063 0.880859 0.050000 0.062500
0 0.357812 0.833984 0.050000 0.062500
0 0.376563 0.812500 0.050000 0.062500
0 0.340625 0.871094 0.050000 0.062500
0 0.334375 0.728516 0.050000 0.062500
0 0.300000 0.664062 0.050000 0.062500
0 0.306250 0.642578 0.050000 0.062500
0 0.234375 0.708984 0.050000 0.062500
0 0.225000 0.732422 0.050000 0.062500
0 0.203125 0.730469 0.050000 0.062500
0 0.164062 0.693359 0.050000 0.062500
0 0.162500 0.716797 0.050000 0.062500
0 0.175000 0.712891 0.050000 0.062500
0 0.109375 0.701172 0.050000 0.062500
0 0.182812 0.527344 0.050000 0.062500
0 0.195312 0.523438 0.050000 0.062500
0 0.210938 0.523438 0.050000 0.062500
0 0.226562 0.537109 0.050000 0.062500
0 0.262500 0.587891 0.050000 0.062500
0 0.287500 0.574219 0.050000 0.062500
0 0.309375 0.599609 0.050000 0.062500
0 0.168750 0.421875 0.050000 0.062500
0 0.201563 0.406250 0.050000 0.062500
0 0.214062 0.421875 0.050000 0.062500
0 0.184375 0.419922 0.050000 0.062500
0 0.220312 0.332031 0.050000 0.062500
0 0.156250 0.345703 0.050000 0.062500
0 0.235937 0.187500 0.050000 0.062500
0 0.221875 0.181641 0.050000 0.062500
0 0.182812 0.130859 0.050000 0.062500
0 0.137500 0.171875 0.050000 0.062500
0 0.146875 0.193359 0.050000 0.062500
0 0.162500 0.222656 0.050000 0.062500
0 0.401562 0.179688 0.050000 0.062500
0 0.395313 0.138672 0.050000 0.062500
0 0.350000 0.871094 0.050000 0.062500
0 0.689063 0.666016 0.050000 0.062500
