0 0.912500 0.029297 0.050000 0.058594
0 0.485938 0.052734 0.050000 0.062500
0 0.456250 0.074219 0.050000 0.062500
0 0.160938 0.037109 0.050000 0.062500
0 0.401562 0.117188 0.050000 0.062500
0 0.414062 0.191406 0.050000 0.062500
0 0.521875 0.195312 0.050000 0.062500
0 0.843750 0.388672 0.050000 0.062500
0 0.832812 0.453125 0.050000 0.062500
0 0.846875 0.441406 0.050000 0.062500
0 0.592187 0.404297 0.050000 0.062500
0 0.485938 0.419922 0.050000 0.062500
0 0.507812 0.367188 0.050000 0.062500
0 0.382812 0.343750 0.050000 0.062500
0 0.234375 0.203125 0.050000 0.062500
0 0.225000 0.203125 0.050000 0.062500
0 0.182812 0.158203 0.050000 0.062500
0 0.153125 0.191406 0.050000 0.062500
0 0.134375 0.189453 0.050000 0.062500
0 0.162500 0.238281 0.050000 0.062500
0 0.154688 0.365234 0.050000 0.062500
0 0.223438 0.363281 0.050000 0.062500
0 0.198437 0.427734 0.050000 0.062500
0 0.212500 0.435547 0.050000 0.062500
0 0.187500 0.439453 0.050000 0.062500
0 0.170313 0.443359 0.050000 0.062500
0 0.142187 0.423828 0.050000 0.062500
0 0.179688 0.544922 0.050000 0.062500
0 0.195312 0.542969 0.050000 0.062500
0 0.290625 0.597656 0.050000 0.062500
0 0.315625 0.625000 0.050000 0.062500
0 0.307812 0.662109 0.050000 0.062500
0 0.304688 0.681641 0.050000 0.062500
0 0.264062 0.609375 0.050000 0.062500
0 0.229687 0.574219 0.050000 0.062500
0 0.157812 0.695312 0.050000 0.062500
0 0.156250 0.720703 0.050000 0.062500
0 0.170313 0.716797 0.050000 0.062500
0 0.206250 0.750000 0.050000 0.062500
0 0.225000 0.750000 0.050000 0.062500
0 0.234375 0.724609 0.050000 0.062500
0 0.104688 0.699219 0.050000 0.062500
0 0.409375 0.724609 0.050000 0.062500
0 0.432812 0.623047 0.050000 0.062500
0 0.545312 0.533203 0.050000 0.062500
0 0.635938 0.634766 0.050000 0.062500
0 0.721875 0.628906 0.050000 0.062500
0 0.765625 0.738281 0.050000 0.062500
0 0.832812 0.755859 0.050000 0.062500
0 0.837500 0.769531 0.050000 0.062500
0 0.821875 0.898438 0.050000 0.062500
0 0.926562 0.917969 0.050000 0.062500
0 0.971875 0.832031 0.050000 0.062500
0 0.745313 0.769531 0.050000 0.062500
0 0.439063 0.970703 0.050000 0.058594
0 0.351562 0.888672 0.050000 0.062500
0 0.331250 0.875000 0.050000 0.062500
0 0.326562 0.908203 0.050000 0.062500
0 0.364063 0.851562 0.050000 0.062500
0 0.382812 0.826172 0.050000 0.062500
0 0.187500 0.019531 0.050000 0.039062
0 0.278125 0.216797 0.050000 0.062500
0 0.289062 0.212891 0.050000 0.062500
0 0.290625 0.503906 0.050000 0.062500
0 0.340625 0.875000 0.050000 0.062500
0 0.335938 0.742188 0.050000 0.062500
0 0.684375 0.666016 0.050000 0.062500
