0 0.028125 0.285156 0.050000 0.062500
0 0.017969 0.287109 0.035937 0.062500
0 0.015625 0.560547 0.031250 0.062500
0 0.016406 0.599609 0.032813 0.062500
0 0.065625 0.537109 0.050000 0.062500
0 0.100000 0.625000 0.050000 0.062500
0 0.140625 0.613281 0.050000 0.062500
0 0.198437 0.550781 0.050000 0.062500
0 0.190625 0.562500 0.050000 0.062500
0 0.256250 0.392578 0.050000 0.062500
0 0.265625 0.378906 0.050000 0.062500
0 0.250000 0.361328 0.050000 0.062500
0 0.239063 0.248047 0.050000 0.062500
0 0.184375 0.177734 0.050000 0.062500
0 0.256250 0.250000 0.050000 0.062500
0 0.329688 0.181641 0.050000 0.062500
0 0.657813 0.156250 0.050000 0.062500
0 0.695312 0.212891 0.050000 0.062500
0 0.712500 0.218750 0.050000 0.062500
0 0.873437 0.091797 0.050000 0.062500
0 0.820312 0.517578 0.050000 0.062500
0 0.839063 0.484375 0.050000 0.062500
0 0.890625 0.425781 0.050000 0.062500
0 0.904687 0.435547 0.050000 0.062500
0 0.982812 0.566406 0.034375 0.062500
0 0.226562 0.646484 0.050000 0.062500
0 0.215625 0.654297 0.050000 0.062500
0 0.212500 0.687500 0.050000 0.062500
0 0.192188 0.730469 0.050000 0.062500
0 0.164062 0.742188 0.050000 0.062500
0 0.245312 0.818359 0.050000 0.062500
0 0.321875 0.804688 0.050000 0.062500
0 0.364063 0.808594 0.050000 0.062500
0 0.329688 0.828125 0.050000 0.062500
0 0.321875 0.861328 0.050000 0.062500
0 0.385937 0.882812 0.050000 0.062500
0 0.378125 0.894531 0.050000 0.062500
0 0.368750 0.912109 0.050000 0.062500
0 0.328125 0.843750 0.050000 0.062500
0 0.293750 0.886719 0.050000 0.062500
0 0.456250 0.808594 0.050000 0.062500
0 0.514062 0.845703 0.050000 0.062500
0 0.548438 0.873047 0.050000 0.062500
0 0.501563 0.869141 0.050000 0.062500
0 0.487500 0.890625 0.050000 0.062500
0 0.545312 0.892578 0.050000 0.062500
0 0.490625 0.937500 0.050000 0.062500
0 0.501563 0.969727 0.050000 0.060547
0 0.537500 0.982422 0.050000 0.035156
0 0.615625 0.896484 0.050000 0.062500
0 0.710938 0.933594 0.050000 0.062500
0 0.745313 0.916016 0.050000 0.062500
0 0.817187 0.939453 0.050000 0.062500
0 0.840625 0.977539 0.050000 0.044922
0 0.923438 0.962891 0.050000 0.062500
0 0.917188 0.798828 0.050000 0.062500
0 0.556250 0.783203 0.050000 0.062500
0 0.595313 0.718750 0.050000 0.062500
0 0.560937 0.382812 0.050000 0.062500
0 0.567187 0.542969 0.050000 0.062500
0 0.517188 0.550781 0.050000 0.062500
0 0.445312 0.542969 0.050000 0.062500
0 0.393750 0.597656 0.050000 0.062500
0 0.293750 0.378906 0.050000 0.062500
0 0.326562 0.378906 0.050000 0.062500
0 0.384375 0.347656 0.050000 0.062500
0 0.687500 0.521484 0.050000 0.062500
0 0.742188 0.445312 0.050000 0.062500
0 0.984375 0.039062 0.031250 0.062500
0 0.673438 0.023438 0.050000 0.046875
0 0.737500 0.507812 0.050000 0.062500
