0 0.237500 0.658203 0.050000 0.062500
0 0.226562 0.666016 0.050000 0.062500
0 0.237500 0.703125 0.050000 0.062500
0 0.206250 0.740234 0.050000 0.062500
0 0.187500 0.759766 0.050000 0.062500
0 0.915625 0.792969 0.050000 0.062500
0 0.079687 0.544922 0.050000 0.062500
0 0.021875 0.570312 0.043750 0.062500
0 0.025000 0.277344 0.050000 0.062500
0 0.018750 0.283203 0.037500 0.062500
0 0.190625 0.181641 0.050000 0.062500
0 0.023438 0.611328 0.046875 0.062500
0 0.114062 0.638672 0.050000 0.062500
0 0.162500 0.603516 0.050000 0.062500
0 0.389062 0.828125 0.050000 0.062500
0 0.332813 0.818359 0.050000 0.062500
0 0.346875 0.833984 0.050000 0.062500
0 0.254688 0.826172 0.050000 0.062500
0 0.393750 0.902344 0.050000 0.062500
0 0.393750 0.902344 0.050000 0.062500
0 0.400000 0.888672 0.050000 0.062500
0 0.332813 0.863281 0.050000 0.062500
0 0.343750 0.849609 0.050000 0.062500
0 0.306250 0.892578 0.050000 0.062500
0 0.475000 0.820312 0.050000 0.062500
0 0.523438 0.849609 0.050000 0.062500
0 0.564063 0.876953 0.050000 0.062500
0 0.559375 0.894531 0.050000 0.062500
0 0.517188 0.873047 0.050000 0.062500
0 0.503125 0.896484 0.050000 0.062500
0 0.517188 0.951172 0.050000 0.062500
0 0.509375 0.970703 0.050000 0.058594
0 0.551562 0.979492 0.050000 0.041016
0 0.632812 0.898438 0.050000 0.062500
0 0.731250 0.933594 0.050000 0.062500
0 0.767188 0.912109 0.050000 0.062500
0 0.829688 0.935547 0.050000 0.062500
0 0.857812 0.972656 0.050000 0.054688
0 0.940625 0.960938 0.050000 0.062500
0 0.985938 0.574219 0.028125 0.062500
0 0.900000 0.433594 0.050000 0.062500
0 0.893750 0.425781 0.050000 0.062500
0 0.825000 0.521484 0.050000 0.062500
0 0.835938 0.482422 0.050000 0.062500
0 0.271875 0.394531 0.050000 0.062500
0 0.260937 0.359375 0.050000 0.062500
0 0.292187 0.371094 0.050000 0.062500
0 0.234375 0.230469 0.050000 0.062500
0 0.332813 0.363281 0.050000 0.062500
0 0.260937 0.261719 0.050000 0.062500
0 0.343750 0.183594 0.050000 0.062500
0 0.387500 0.351562 0.050000 0.062500
0 0.407813 0.609375 0.050000 0.062500
0 0.450000 0.544922 0.050000 0.062500
0 0.534375 0.562500 0.050000 0.062500
0 0.565625 0.541016 0.050000 0.062500
0 0.603125 0.722656 0.050000 0.062500
0 0.551562 0.781250 0.050000 0.062500
0 0.681250 0.533203 0.050000 0.062500
0 0.740625 0.443359 0.050000 0.062500
0 0.567187 0.367188 0.050000 0.062500
0 0.687500 0.207031 0.050000 0.062500
0 0.714063 0.214844 0.050000 0.062500
0 0.618750 0.152344 0.050000 0.062500
0 0.706250 0.056641 0.050000 0.062500
0 0.200000 0.550781 0.050000 0.062500
0 0.192188 0.562500 0.050000 0.062500
0 0.868750 0.087891 0.050000 0.062500
0 0.881250 0.103516 0.050000 0.062500
0 0.983594 0.035156 0.032813 0.062500
0 0.737500 0.503906 0.050000 0.062500
