0 0.118750 0.072266 0.050000 0.062500
0 0.014844 0.169922 0.029687 0.062500
0 0.101562 0.574219 0.050000 0.062500
0 0.192188 0.671875 0.050000 0.062500
0 0.017969 0.648438 0.035937 0.062500
0 0.048438 0.753906 0.050000 0.062500
0 0.021875 0.775391 0.043750 0.062500
0 0.701562 0.654297 0.050000 0.062500
0 0.759375 0.656250 0.050000 0.062500
0 0.842187 0.617188 0.050000 0.062500
0 0.851562 0.531250 0.050000 0.062500
0 0.748437 0.470703 0.050000 0.062500
0 0.643750 0.376953 0.050000 0.062500
0 0.876563 0.333984 0.050000 0.062500
0 0.521875 0.267578 0.050000 0.062500
0 0.600000 0.167969 0.050000 0.062500
0 0.512500 0.099609 0.050000 0.062500
0 0.435937 0.123047 0.050000 0.062500
0 0.362500 0.111328 0.050000 0.062500
0 0.332813 0.026367 0.050000 0.052734
