0 0.360938 0.035156 0.050000 0.062500
0 0.323437 0.150391 0.050000 0.062500
0 0.123438 0.281250 0.050000 0.062500
0 0.031250 0.742188 0.050000 0.062500
0 0.435937 0.396484 0.050000 0.062500
0 0.467187 0.380859 0.050000 0.062500
0 0.592187 0.292969 0.050000 0.062500
0 0.542188 0.531250 0.050000 0.062500
0 0.812500 0.775391 0.050000 0.062500
0 0.823438 0.732422 0.050000 0.062500
0 0.828125 0.697266 0.050000 0.062500
0 0.853125 0.656250 0.050000 0.062500
0 0.815625 0.625000 0.050000 0.062500
0 0.865625 0.591797 0.050000 0.062500
0 0.917188 0.541016 0.050000 0.062500
0 0.840625 0.511719 0.050000 0.062500
0 0.889062 0.488281 0.050000 0.062500
0 0.896875 0.427734 0.050000 0.062500
0 0.903125 0.390625 0.050000 0.062500
0 0.884375 0.054688 0.050000 0.062500
0 0.929688 0.085938 0.050000 0.062500
0 0.264062 0.027344 0.050000 0.054688
0 0.790625 0.025391 0.050000 0.050781
