0 0.114062 0.570312 0.050000 0.062500
0 0.019531 0.644531 0.039062 0.062500
0 0.017188 0.750000 0.034375 0.062500
0 0.020313 0.802734 0.040625 0.062500
0 0.110937 0.826172 0.050000 0.062500
0 0.189062 0.666016 0.050000 0.062500
0 0.014063 0.160156 0.028125 0.062500
0 0.125000 0.070312 0.050000 0.062500
0 0.435937 0.109375 0.050000 0.062500
0 0.506250 0.070312 0.050000 0.062500
0 0.517188 0.095703 0.050000 0.062500
0 0.651563 0.130859 0.050000 0.062500
0 0.526563 0.242188 0.050000 0.062500
0 0.735938 0.492188 0.050000 0.062500
0 0.700000 0.429688 0.050000 0.062500
0 0.698438 0.687500 0.050000 0.062500
0 0.725000 0.582031 0.050000 0.062500
0 0.840625 0.521484 0.050000 0.062500
0 0.815625 0.621094 0.050000 0.062500
0 0.871875 0.326172 0.050000 0.062500
0 0.323437 0.016602 0.050000 0.033203
0 0.351562 0.103516 0.050000 0.062500
