0 0.114062 0.578125 0.050000 0.062500
0 0.185938 0.673828 0.050000 0.062500
0 0.153125 0.867188 0.050000 0.062500
0 0.042188 0.861328 0.050000 0.062500
0 0.031250 0.787109 0.050000 0.062500
0 0.017969 0.644531 0.035937 0.062500
0 0.013281 0.162109 0.026562 0.062500
0 0.129688 0.058594 0.050000 0.062500
0 0.443750 0.119141 0.050000 0.062500
0 0.668750 0.132812 0.050000 0.062500
0 0.745313 0.455078 0.050000 0.062500
0 0.759375 0.501953 0.050000 0.062500
0 0.796875 0.480469 0.050000 0.062500
0 0.834375 0.503906 0.050000 0.062500
0 0.860938 0.521484 0.050000 0.062500
0 0.829688 0.644531 0.050000 0.062500
0 0.695312 0.708984 0.050000 0.062500
0 0.879687 0.324219 0.050000 0.062500
0 0.515625 0.048828 0.050000 0.062500
0 0.496875 0.039062 0.050000 0.062500
0 0.343750 0.115234 0.050000 0.062500
