0 0.490625 0.021484 0.050000 0.042969
0 0.512500 0.021484 0.050000 0.042969
0 0.668750 0.138672 0.050000 0.062500
0 0.439063 0.123047 0.050000 0.062500
0 0.529687 0.253906 0.050000 0.062500
0 0.328125 0.016602 0.050000 0.033203
0 0.128125 0.066406 0.050000 0.062500
0 0.013281 0.173828 0.026562 0.062500
0 0.110937 0.595703 0.050000 0.062500
0 0.184375 0.658203 0.050000 0.062500
0 0.095312 0.808594 0.050000 0.062500
0 0.071875 0.812500 0.050000 0.062500
0 0.014844 0.640625 0.029687 0.062500
0 0.139063 0.925781 0.050000 0.062500
0 0.721875 0.441406 0.050000 0.062500
0 0.839063 0.378906 0.050000 0.062500
0 0.860938 0.294922 0.050000 0.062500
0 0.837500 0.523438 0.050000 0.062500
0 0.881250 0.535156 0.050000 0.062500
0 0.771875 0.500000 0.050000 0.062500
0 0.698438 0.701172 0.050000 0.062500
0 0.853125 0.632812 0.050000 0.062500
0 0.139063 0.078125 0.050000 0.062500
0 0.351562 0.126953 0.050000 0.062500
