0 0.020313 0.597656 0.040625 0.062500
0 0.013281 0.537109 0.026562 0.062500
0 0.057813 0.519531 0.050000 0.062500
0 0.015625 0.179688 0.031250 0.062500
0 0.037500 0.105469 0.050000 0.062500
0 0.117188 0.080078 0.050000 0.062500
0 0.357812 0.128906 0.050000 0.062500
0 0.437500 0.121094 0.050000 0.062500
0 0.510938 0.275391 0.050000 0.062500
0 0.682813 0.173828 0.050000 0.062500
0 0.323437 0.018555 0.050000 0.037109
0 0.071875 0.873047 0.050000 0.062500
0 0.682813 0.457031 0.050000 0.062500
0 0.760938 0.503906 0.050000 0.062500
0 0.721875 0.658203 0.050000 0.062500
0 0.837500 0.617188 0.050000 0.062500
0 0.867188 0.541016 0.050000 0.062500
0 0.914062 0.490234 0.050000 0.062500
0 0.900000 0.402344 0.050000 0.062500
0 0.853125 0.341797 0.050000 0.062500
