0 0.064062 0.826172 0.050000 0.062500
0 0.012500 0.175781 0.025000 0.062500
0 0.075000 0.111328 0.050000 0.062500
0 0.126562 0.074219 0.050000 0.062500
0 0.360938 0.111328 0.050000 0.062500
0 0.442188 0.121094 0.050000 0.062500
0 0.487500 0.265625 0.050000 0.062500
0 0.704688 0.181641 0.050000 0.062500
0 0.693750 0.445312 0.050000 0.062500
0 0.864062 0.369141 0.050000 0.062500
0 0.909375 0.396484 0.050000 0.062500
0 0.901563 0.509766 0.050000 0.062500
0 0.876563 0.548828 0.050000 0.062500
0 0.796875 0.511719 0.050000 0.062500
0 0.743750 0.626953 0.050000 0.062500
0 0.862500 0.664062 0.050000 0.062500
