0 0.809375 0.843750 0.050000 0.062500
0 0.815625 0.769531 0.050000 0.062500
0 0.823438 0.730469 0.050000 0.062500
0 0.829688 0.699219 0.050000 0.062500
0 0.853125 0.654297 0.050000 0.062500
0 0.809375 0.630859 0.050000 0.062500
0 0.868750 0.599609 0.050000 0.062500
0 0.918750 0.541016 0.050000 0.062500
0 0.842187 0.519531 0.050000 0.062500
0 0.892188 0.484375 0.050000 0.062500
0 0.900000 0.441406 0.050000 0.062500
0 0.904687 0.388672 0.050000 0.062500
0 0.935937 0.080078 0.050000 0.062500
0 0.889062 0.058594 0.050000 0.062500
0 0.484375 0.421875 0.050000 0.062500
0 0.440625 0.408203 0.050000 0.062500
0 0.123438 0.275391 0.050000 0.062500
0 0.320312 0.156250 0.050000 0.062500
0 0.359375 0.024414 0.050000 0.048828
0 0.257812 0.027344 0.050000 0.054688
0 0.603125 0.308594 0.050000 0.062500
