0 0.070312 0.816406 0.050000 0.062500
0 0.759375 0.617188 0.050000 0.062500
0 0.865625 0.687500 0.050000 0.062500
0 0.796875 0.509766 0.050000 0.062500
0 0.885938 0.523438 0.050000 0.062500
0 0.678125 0.447266 0.050000 0.062500
0 0.862500 0.353516 0.050000 0.062500
0 0.903125 0.369141 0.050000 0.062500
0 0.487500 0.263672 0.050000 0.062500
0 0.695312 0.183594 0.050000 0.062500
0 0.435937 0.121094 0.050000 0.062500
0 0.360938 0.105469 0.050000 0.062500
0 0.112500 0.080078 0.050000 0.062500
0 0.078125 0.128906 0.050000 0.062500
0 0.014844 0.197266 0.029687 0.062500
