0 0.071875 0.785156 0.050000 0.062500
0 0.768750 0.617188 0.050000 0.062500
0 0.792188 0.531250 0.050000 0.062500
0 0.878125 0.542969 0.050000 0.062500
0 0.689063 0.464844 0.050000 0.062500
0 0.853125 0.357422 0.050000 0.062500
0 0.912500 0.351562 0.050000 0.062500
0 0.693750 0.201172 0.050000 0.062500
0 0.484375 0.267578 0.050000 0.062500
0 0.445312 0.140625 0.050000 0.062500
0 0.309375 0.019531 0.050000 0.039062
0 0.117188 0.080078 0.050000 0.062500
0 0.093750 0.126953 0.050000 0.062500
0 0.016406 0.199219 0.032813 0.062500
0 0.357812 0.119141 0.050000 0.062500
