0 0.087500 0.267578 0.050000 0.062500
0 0.284375 0.232422 0.050000 0.062500
0 0.385937 0.121094 0.050000 0.062500
0 0.640625 0.140625 0.050000 0.062500
0 0.865625 0.105469 0.050000 0.062500
0 0.878125 0.152344 0.050000 0.062500
0 0.860938 0.330078 0.050000 0.062500
0 0.704688 0.445312 0.050000 0.062500
0 0.704688 0.494141 0.050000 0.062500
0 0.931250 0.560547 0.050000 0.062500
0 0.776563 0.585938 0.050000 0.062500
0 0.754687 0.619141 0.050000 0.062500
0 0.789062 0.638672 0.050000 0.062500
0 0.640625 0.664062 0.050000 0.062500
0 0.639062 0.705078 0.050000 0.062500
0 0.598437 0.716797 0.050000 0.062500
0 0.543750 0.615234 0.050000 0.062500
0 0.528125 0.589844 0.050000 0.062500
0 0.490625 0.470703 0.050000 0.062500
0 0.221875 0.591797 0.050000 0.062500
0 0.090625 0.802734 0.050000 0.062500
0 0.095312 0.769531 0.050000 0.062500
0 0.271875 0.902344 0.050000 0.062500
0 0.357812 0.978516 0.050000 0.042969
0 0.676562 0.720703 0.050000 0.062500
