0 0.307812 0.240234 0.050000 0.062500
0 0.256250 0.281250 0.050000 0.062500
0 0.532813 0.132812 0.050000 0.062500
0 0.754687 0.128906 0.050000 0.062500
0 0.301563 0.208984 0.050000 0.062500
0 0.276562 0.578125 0.050000 0.062500
0 0.600000 0.468750 0.050000 0.062500
0 0.796875 0.507812 0.050000 0.062500
0 0.612500 0.580078 0.050000 0.062500
0 0.604688 0.603516 0.050000 0.062500
0 0.767188 0.617188 0.050000 0.062500
0 0.803125 0.617188 0.050000 0.062500
0 0.945312 0.599609 0.050000 0.062500
0 0.977344 0.363281 0.045312 0.062500
0 0.093750 0.742188 0.050000 0.062500
0 0.289062 0.873047 0.050000 0.062500
0 0.037500 0.912109 0.050000 0.062500
0 0.651563 0.679688 0.050000 0.062500
0 0.639062 0.714844 0.050000 0.062500
0 0.614062 0.720703 0.050000 0.062500
0 0.795312 0.669922 0.050000 0.062500
0 0.800000 0.716797 0.050000 0.062500
0 0.679688 0.734375 0.050000 0.062500
0 0.983594 0.140625 0.032813 0.062500
