0 0.550000 0.126953 0.050000 0.062500
0 0.767188 0.125000 0.050000 0.062500
0 0.821875 0.468750 0.050000 0.062500
0 0.807813 0.517578 0.050000 0.062500
0 0.775000 0.601562 0.050000 0.062500
0 0.800000 0.621094 0.050000 0.062500
0 0.796875 0.677734 0.050000 0.062500
0 0.796875 0.724609 0.050000 0.062500
0 0.937500 0.605469 0.050000 0.062500
0 0.982812 0.361328 0.034375 0.062500
0 0.614062 0.476562 0.050000 0.062500
0 0.625000 0.583984 0.050000 0.062500
0 0.656250 0.675781 0.050000 0.062500
0 0.618750 0.607422 0.050000 0.062500
0 0.614062 0.724609 0.050000 0.062500
0 0.642188 0.705078 0.050000 0.062500
0 0.681250 0.734375 0.050000 0.062500
0 0.287500 0.578125 0.050000 0.062500
0 0.281250 0.298828 0.050000 0.062500
0 0.307812 0.244141 0.050000 0.062500
0 0.285938 0.871094 0.050000 0.062500
0 0.310937 0.979492 0.050000 0.041016
0 0.098437 0.738281 0.050000 0.062500
0 0.048438 0.904297 0.050000 0.062500
0 0.165625 0.916016 0.050000 0.062500
0 0.303125 0.220703 0.050000 0.062500
