0 0.303125 0.224609 0.050000 0.062500
0 0.309375 0.255859 0.050000 0.062500
0 0.307812 0.304688 0.050000 0.062500
0 0.301563 0.580078 0.050000 0.062500
0 0.290625 0.873047 0.050000 0.062500
0 0.040625 0.921875 0.050000 0.062500
0 0.032813 0.941406 0.050000 0.062500
0 0.654687 0.677734 0.050000 0.062500
0 0.676562 0.673828 0.050000 0.062500
0 0.781250 0.597656 0.050000 0.062500
0 0.826562 0.519531 0.050000 0.062500
0 0.104688 0.746094 0.050000 0.062500
0 0.614062 0.722656 0.050000 0.062500
0 0.643750 0.714844 0.050000 0.062500
0 0.801562 0.677734 0.050000 0.062500
0 0.943750 0.609375 0.050000 0.062500
0 0.810937 0.625000 0.050000 0.062500
0 0.837500 0.468750 0.050000 0.062500
0 0.632812 0.484375 0.050000 0.062500
0 0.785937 0.126953 0.050000 0.062500
0 0.570312 0.142578 0.050000 0.062500
0 0.985156 0.363281 0.029687 0.062500
0 0.642188 0.585938 0.050000 0.062500
0 0.634375 0.609375 0.050000 0.062500
0 0.687500 0.738281 0.050000 0.062500
0 0.804688 0.726562 0.050000 0.062500
