0 0.484375 0.570312 0.050000 0.062500
0 0.712500 0.380859 0.050000 0.062500
0 0.684375 0.373047 0.050000 0.062500
0 0.875000 0.333984 0.050000 0.062500
0 0.912500 0.046875 0.050000 0.062500
0 0.940625 0.031250 0.050000 0.062500
0 0.931250 0.060547 0.050000 0.062500
0 0.946875 0.703125 0.050000 0.062500
0 0.743750 0.712891 0.050000 0.062500
0 0.303125 0.484375 0.050000 0.062500
0 0.301563 0.449219 0.050000 0.062500
0 0.354687 0.812500 0.050000 0.062500
0 0.101562 0.968750 0.050000 0.062500
0 0.590625 0.972656 0.050000 0.054688
0 0.623437 0.953125 0.050000 0.062500
0 0.631250 0.921875 0.050000 0.062500
0 0.660937 0.894531 0.050000 0.062500
0 0.714063 0.841797 0.050000 0.062500
0 0.721875 0.822266 0.050000 0.062500
0 0.859375 0.759766 0.050000 0.062500
0 0.926562 0.759766 0.050000 0.062500
0 0.956250 0.806641 0.050000 0.062500
0 0.878125 0.849609 0.050000 0.062500
0 0.854688 0.880859 0.050000 0.062500
0 0.814063 0.947266 0.050000 0.062500
0 0.689063 0.949219 0.050000 0.062500
