0 0.734375 0.373047 0.050000 0.062500
0 0.889062 0.320312 0.050000 0.062500
0 0.920312 0.064453 0.050000 0.062500
0 0.934375 0.035156 0.050000 0.062500
0 0.915625 0.031250 0.050000 0.062500
0 0.517188 0.583984 0.050000 0.062500
0 0.303125 0.472656 0.050000 0.062500
0 0.310937 0.443359 0.050000 0.062500
0 0.360938 0.816406 0.050000 0.062500
0 0.581250 0.962891 0.050000 0.062500
0 0.620313 0.951172 0.050000 0.062500
0 0.635938 0.935547 0.050000 0.062500
0 0.665625 0.894531 0.050000 0.062500
0 0.678125 0.914062 0.050000 0.062500
0 0.706250 0.867188 0.050000 0.062500
0 0.723437 0.845703 0.050000 0.062500
0 0.723437 0.826172 0.050000 0.062500
0 0.870313 0.884766 0.050000 0.062500
0 0.884375 0.839844 0.050000 0.062500
0 0.964063 0.806641 0.050000 0.062500
0 0.942187 0.759766 0.050000 0.062500
0 0.965625 0.691406 0.050000 0.062500
0 0.879687 0.751953 0.050000 0.062500
0 0.818750 0.960938 0.050000 0.062500
0 0.818750 0.937500 0.050000 0.062500
0 0.690625 0.951172 0.050000 0.062500
0 0.103125 0.960938 0.050000 0.062500
0 0.695312 0.972656 0.050000 0.054688
0 0.765625 0.703125 0.050000 0.062500
0 0.945312 0.771484 0.050000 0.062500
