0 0.907813 0.402344 0.050000 0.062500
0 0.898438 0.451172 0.050000 0.062500
0 0.889062 0.492188 0.050000 0.062500
0 0.845313 0.521484 0.050000 0.062500
0 0.912500 0.542969 0.050000 0.062500
0 0.859375 0.593750 0.050000 0.062500
0 0.848437 0.660156 0.050000 0.062500
0 0.812500 0.630859 0.050000 0.062500
0 0.826562 0.703125 0.050000 0.062500
0 0.831250 0.740234 0.050000 0.062500
0 0.812500 0.773438 0.050000 0.062500
0 0.807813 0.845703 0.050000 0.062500
0 0.501563 0.476562 0.050000 0.062500
0 0.440625 0.435547 0.050000 0.062500
0 0.128125 0.281250 0.050000 0.062500
0 0.328125 0.177734 0.050000 0.062500
0 0.365625 0.025391 0.050000 0.050781
0 0.253125 0.037109 0.050000 0.062500
0 0.103125 0.027344 0.050000 0.054688
0 0.618750 0.328125 0.050000 0.062500
0 0.840625 0.022461 0.050000 0.044922
0 0.934375 0.082031 0.050000 0.062500
0 0.893750 0.066406 0.050000 0.062500
