0 0.046875 0.322266 0.050000 0.062500
0 0.096875 0.328125 0.050000 0.062500
0 0.110937 0.298828 0.050000 0.062500
0 0.217188 0.347656 0.050000 0.062500
0 0.406250 0.406250 0.050000 0.062500
0 0.360938 0.675781 0.050000 0.062500
0 0.387500 0.773438 0.050000 0.062500
0 0.495312 0.783203 0.050000 0.062500
0 0.518750 0.771484 0.050000 0.062500
0 0.873437 0.833984 0.050000 0.062500
0 0.743750 0.724609 0.050000 0.062500
0 0.523438 0.023438 0.050000 0.046875
0 0.032813 0.458984 0.050000 0.062500
0 0.020313 0.478516 0.040625 0.062500
0 0.012500 0.505859 0.025000 0.062500
