0 0.031250 0.322266 0.050000 0.062500
0 0.012500 0.261719 0.025000 0.062500
0 0.350000 0.566406 0.050000 0.062500
0 0.351562 0.537109 0.050000 0.062500
0 0.237500 0.671875 0.050000 0.062500
0 0.225000 0.699219 0.050000 0.062500
0 0.206250 0.732422 0.050000 0.062500
0 0.145313 0.781250 0.050000 0.062500
0 0.178125 0.777344 0.050000 0.062500
0 0.682813 0.886719 0.050000 0.062500
0 0.848437 0.833984 0.050000 0.062500
0 0.856250 0.859375 0.050000 0.062500
0 0.732812 0.796875 0.050000 0.062500
0 0.745313 0.681641 0.050000 0.062500
0 0.614062 0.613281 0.050000 0.062500
0 0.407813 0.425781 0.050000 0.062500
0 0.142187 0.947266 0.050000 0.062500
0 0.137500 0.981445 0.050000 0.037109
