0 0.017969 0.248047 0.035937 0.062500
0 0.045312 0.302734 0.050000 0.062500
0 0.079687 0.369141 0.050000 0.062500
0 0.192188 0.824219 0.050000 0.062500
0 0.218750 0.804688 0.050000 0.062500
0 0.242188 0.748047 0.050000 0.062500
0 0.264062 0.718750 0.050000 0.062500
0 0.270313 0.691406 0.050000 0.062500
0 0.387500 0.597656 0.050000 0.062500
0 0.392188 0.570312 0.050000 0.062500
0 0.407813 0.429688 0.050000 0.062500
0 0.787500 0.806641 0.050000 0.062500
0 0.682813 0.630859 0.050000 0.062500
0 0.850000 0.695312 0.050000 0.062500
0 0.890625 0.843750 0.050000 0.062500
0 0.903125 0.869141 0.050000 0.062500
0 0.725000 0.908203 0.050000 0.062500
0 0.176563 0.953125 0.050000 0.062500
0 0.157812 0.971680 0.050000 0.056641
