0 0.404687 0.433594 0.050000 0.062500
0 0.093750 0.347656 0.050000 0.062500
0 0.037500 0.279297 0.050000 0.062500
0 0.126562 0.423828 0.050000 0.062500
0 0.434375 0.630859 0.050000 0.062500
0 0.435937 0.597656 0.050000 0.062500
0 0.751563 0.656250 0.050000 0.062500
0 0.975000 0.693359 0.050000 0.062500
0 0.935937 0.865234 0.050000 0.062500
0 0.953125 0.886719 0.050000 0.062500
0 0.840625 0.816406 0.050000 0.062500
0 0.765625 0.935547 0.050000 0.062500
0 0.295312 0.712891 0.050000 0.062500
0 0.231250 0.853516 0.050000 0.062500
0 0.268750 0.847656 0.050000 0.062500
0 0.279687 0.777344 0.050000 0.062500
0 0.293750 0.742188 0.050000 0.062500
0 0.193750 0.980469 0.050000 0.039062
