0 0.368750 0.503906 0.050000 0.062500
0 0.387500 0.500000 0.050000 0.062500
0 0.221875 0.619141 0.050000 0.062500
0 0.265625 0.685547 0.050000 0.062500
0 0.098437 0.601562 0.050000 0.062500
0 0.076563 0.898438 0.050000 0.062500
0 0.485938 0.802734 0.050000 0.062500
0 0.492188 0.841797 0.050000 0.062500
0 0.500000 0.865234 0.050000 0.062500
0 0.700000 0.914062 0.050000 0.062500
0 0.521875 0.981445 0.050000 0.037109
0 0.976562 0.669922 0.046875 0.062500
0 0.920312 0.382812 0.050000 0.062500
0 0.601562 0.625000 0.050000 0.062500
0 0.589063 0.599609 0.050000 0.062500
0 0.246875 0.091797 0.050000 0.062500
0 0.548438 0.971680 0.050000 0.056641
