0 0.350000 0.078125 0.050000 0.062500
0 0.376563 0.513672 0.050000 0.062500
0 0.371875 0.611328 0.050000 0.062500
0 0.693750 0.570312 0.050000 0.062500
0 0.706250 0.595703 0.050000 0.062500
0 0.387500 0.712891 0.050000 0.062500
0 0.187500 0.617188 0.050000 0.062500
0 0.137500 0.755859 0.050000 0.062500
0 0.026562 0.730469 0.050000 0.062500
0 0.017188 0.646484 0.034375 0.062500
0 0.028125 0.404297 0.050000 0.062500
0 0.396875 0.507812 0.050000 0.062500
0 0.320312 0.919922 0.050000 0.062500
0 0.578125 0.814453 0.050000 0.062500
0 0.571875 0.787109 0.050000 0.062500
0 0.596875 0.847656 0.050000 0.062500
0 0.646875 0.943359 0.050000 0.062500
