0 0.365625 0.066406 0.050000 0.062500
0 0.053125 0.394531 0.050000 0.062500
0 0.381250 0.519531 0.050000 0.062500
0 0.398438 0.511719 0.050000 0.062500
0 0.403125 0.615234 0.050000 0.062500
0 0.414062 0.718750 0.050000 0.062500
0 0.362500 0.927734 0.050000 0.062500
0 0.587500 0.783203 0.050000 0.062500
0 0.596875 0.820312 0.050000 0.062500
0 0.612500 0.861328 0.050000 0.062500
0 0.734375 0.589844 0.050000 0.062500
0 0.717187 0.564453 0.050000 0.062500
0 0.167187 0.759766 0.050000 0.062500
0 0.048438 0.736328 0.050000 0.062500
0 0.019531 0.671875 0.039062 0.062500
0 0.017969 0.603516 0.035937 0.062500
0 0.635938 0.955078 0.050000 0.062500
