0 0.159375 0.187500 0.050000 0.062500
0 0.067187 0.234375 0.050000 0.062500
0 0.053125 0.287109 0.050000 0.062500
0 0.104688 0.361328 0.050000 0.062500
0 0.181250 0.339844 0.050000 0.062500
0 0.204687 0.261719 0.050000 0.062500
0 0.160938 0.498047 0.050000 0.062500
0 0.125000 0.527344 0.050000 0.062500
0 0.123438 0.562500 0.050000 0.062500
0 0.120313 0.601562 0.050000 0.062500
0 0.029687 0.576172 0.050000 0.062500
0 0.126562 0.662109 0.050000 0.062500
0 0.096875 0.716797 0.050000 0.062500
0 0.306250 0.677734 0.050000 0.062500
0 0.229687 0.691406 0.050000 0.062500
0 0.237500 0.779297 0.050000 0.062500
0 0.284375 0.718750 0.050000 0.062500
0 0.385937 0.738281 0.050000 0.062500
0 0.365625 0.671875 0.050000 0.062500
0 0.365625 0.609375 0.050000 0.062500
0 0.453125 0.613281 0.050000 0.062500
0 0.479687 0.650391 0.050000 0.062500
0 0.509375 0.675781 0.050000 0.062500
0 0.525000 0.634766 0.050000 0.062500
0 0.665625 0.728516 0.050000 0.062500
0 0.689063 0.585938 0.050000 0.062500
0 0.818750 0.652344 0.050000 0.062500
0 0.785937 0.617188 0.050000 0.062500
0 0.834375 0.576172 0.050000 0.062500
0 0.909375 0.431641 0.050000 0.062500
0 0.914062 0.658203 0.050000 0.062500
0 0.832812 0.691406 0.050000 0.062500
0 0.756250 0.769531 0.050000 0.062500
0 0.834375 0.816406 0.050000 0.062500
0 0.853125 0.873047 0.050000 0.062500
0 0.660937 0.263672 0.050000 0.062500
0 0.570312 0.957031 0.050000 0.062500
0 0.253125 0.064453 0.050000 0.062500
