0 0.257812 0.066406 0.050000 0.062500
0 0.162500 0.189453 0.050000 0.062500
0 0.073438 0.234375 0.050000 0.062500
0 0.053125 0.292969 0.050000 0.062500
0 0.101562 0.363281 0.050000 0.062500
0 0.182812 0.341797 0.050000 0.062500
0 0.209375 0.265625 0.050000 0.062500
0 0.209375 0.515625 0.050000 0.062500
0 0.142187 0.537109 0.050000 0.062500
0 0.137500 0.572266 0.050000 0.062500
0 0.140625 0.613281 0.050000 0.062500
0 0.053125 0.591797 0.050000 0.062500
0 0.151562 0.664062 0.050000 0.062500
0 0.157812 0.712891 0.050000 0.062500
0 0.110937 0.716797 0.050000 0.062500
0 0.248438 0.699219 0.050000 0.062500
0 0.328125 0.677734 0.050000 0.062500
0 0.387500 0.666016 0.050000 0.062500
0 0.384375 0.611328 0.050000 0.062500
0 0.298438 0.726562 0.050000 0.062500
0 0.259375 0.787109 0.050000 0.062500
0 0.403125 0.746094 0.050000 0.062500
0 0.478125 0.609375 0.050000 0.062500
0 0.506250 0.658203 0.050000 0.062500
0 0.521875 0.677734 0.050000 0.062500
0 0.553125 0.636719 0.050000 0.062500
0 0.703125 0.585938 0.050000 0.062500
0 0.853125 0.566406 0.050000 0.062500
0 0.835938 0.640625 0.050000 0.062500
0 0.810937 0.611328 0.050000 0.062500
0 0.909375 0.429688 0.050000 0.062500
0 0.662500 0.259766 0.050000 0.062500
0 0.684375 0.726562 0.050000 0.062500
0 0.851562 0.808594 0.050000 0.062500
0 0.789062 0.765625 0.050000 0.062500
0 0.871875 0.873047 0.050000 0.062500
0 0.856250 0.685547 0.050000 0.062500
0 0.931250 0.654297 0.050000 0.062500
0 0.590625 0.958984 0.050000 0.062500
