0 0.073438 0.095703 0.050000 0.062500
0 0.092188 0.109375 0.050000 0.062500
0 0.121875 0.140625 0.050000 0.062500
0 0.098437 0.156250 0.050000 0.062500
0 0.112500 0.033203 0.050000 0.062500
0 0.145313 0.089844 0.050000 0.062500
0 0.187500 0.140625 0.050000 0.062500
0 0.209375 0.154297 0.050000 0.062500
0 0.435937 0.177734 0.050000 0.062500
0 0.442188 0.142578 0.050000 0.062500
0 0.565625 0.074219 0.050000 0.062500
0 0.631250 0.066406 0.050000 0.062500
0 0.610938 0.123047 0.050000 0.062500
0 0.479687 0.265625 0.050000 0.062500
0 0.093750 0.478516 0.050000 0.062500
0 0.175000 0.496094 0.050000 0.062500
0 0.109375 0.496094 0.050000 0.062500
0 0.109375 0.478516 0.050000 0.062500
0 0.128125 0.484375 0.050000 0.062500
0 0.107813 0.439453 0.050000 0.062500
0 0.065625 0.550781 0.050000 0.062500
0 0.078125 0.607422 0.050000 0.062500
0 0.209375 0.605469 0.050000 0.062500
0 0.178125 0.572266 0.050000 0.062500
0 0.064062 0.683594 0.050000 0.062500
0 0.056250 0.789062 0.050000 0.062500
0 0.160938 0.835938 0.050000 0.062500
0 0.153125 0.865234 0.050000 0.062500
0 0.210938 0.712891 0.050000 0.062500
0 0.164062 0.691406 0.050000 0.062500
0 0.231250 0.666016 0.050000 0.062500
0 0.257812 0.691406 0.050000 0.062500
0 0.268750 0.673828 0.050000 0.062500
0 0.398438 0.746094 0.050000 0.062500
0 0.445312 0.748047 0.050000 0.062500
0 0.421875 0.820312 0.050000 0.062500
0 0.442188 0.896484 0.050000 0.062500
0 0.457813 0.894531 0.050000 0.062500
0 0.457813 0.914062 0.050000 0.062500
0 0.378125 0.917969 0.050000 0.062500
0 0.751563 0.699219 0.050000 0.062500
0 0.834375 0.759766 0.050000 0.062500
0 0.517188 0.853516 0.050000 0.062500
0 0.432812 0.490234 0.050000 0.062500
0 0.453125 0.476562 0.050000 0.062500
0 0.485938 0.488281 0.050000 0.062500
0 0.560937 0.333984 0.050000 0.062500
0 0.551562 0.353516 0.050000 0.062500
0 0.365625 0.089844 0.050000 0.062500
0 0.420312 0.064453 0.050000 0.062500
0 0.403125 0.222656 0.050000 0.062500
0 0.390625 0.240234 0.050000 0.062500
0 0.615625 0.335938 0.050000 0.062500
0 0.612500 0.312500 0.050000 0.062500
0 0.631250 0.300781 0.050000 0.062500
0 0.753125 0.339844 0.050000 0.062500
0 0.770312 0.369141 0.050000 0.062500
0 0.832812 0.333984 0.050000 0.062500
0 0.718750 0.531250 0.050000 0.062500
0 0.750000 0.517578 0.050000 0.062500
0 0.796875 0.509766 0.050000 0.062500
0 0.893750 0.671875 0.050000 0.062500
0 0.981250 0.664062 0.037500 0.062500
0 0.879687 0.849609 0.050000 0.062500
0 0.868750 0.894531 0.050000 0.062500
0 0.881250 0.933594 0.050000 0.062500
0 0.020313 0.273438 0.040625 0.062500
