0 0.096875 0.052734 0.050000 0.062500
0 0.087500 0.123047 0.050000 0.062500
0 0.059375 0.119141 0.050000 0.062500
0 0.092188 0.169922 0.050000 0.062500
0 0.118750 0.156250 0.050000 0.062500
0 0.181250 0.140625 0.050000 0.062500
0 0.200000 0.164062 0.050000 0.062500
0 0.139063 0.083984 0.050000 0.062500
0 0.371875 0.103516 0.050000 0.062500
0 0.421875 0.076172 0.050000 0.062500
0 0.557813 0.074219 0.050000 0.062500
0 0.642188 0.072266 0.050000 0.062500
0 0.610938 0.132812 0.050000 0.062500
0 0.456250 0.154297 0.050000 0.062500
0 0.446875 0.193359 0.050000 0.062500
0 0.409375 0.236328 0.050000 0.062500
0 0.393750 0.253906 0.050000 0.062500
0 0.490625 0.275391 0.050000 0.062500
0 0.576562 0.341797 0.050000 0.062500
0 0.628125 0.318359 0.050000 0.062500
0 0.564063 0.361328 0.050000 0.062500
0 0.625000 0.337891 0.050000 0.062500
0 0.651563 0.306641 0.050000 0.062500
0 0.764062 0.347656 0.050000 0.062500
0 0.776563 0.376953 0.050000 0.062500
0 0.842187 0.332031 0.050000 0.062500
0 0.829688 0.765625 0.050000 0.062500
0 0.801562 0.501953 0.050000 0.062500
0 0.760938 0.525391 0.050000 0.062500
0 0.587500 0.447266 0.050000 0.062500
0 0.450000 0.480469 0.050000 0.062500
0 0.434375 0.496094 0.050000 0.062500
0 0.743750 0.705078 0.050000 0.062500
0 0.896875 0.671875 0.050000 0.062500
0 0.985938 0.677734 0.028125 0.062500
0 0.882812 0.853516 0.050000 0.062500
0 0.893750 0.873047 0.050000 0.062500
0 0.860938 0.900391 0.050000 0.062500
0 0.873437 0.937500 0.050000 0.062500
0 0.526563 0.843750 0.050000 0.062500
0 0.465625 0.898438 0.050000 0.062500
0 0.389062 0.910156 0.050000 0.062500
0 0.420312 0.812500 0.050000 0.062500
0 0.446875 0.744141 0.050000 0.062500
0 0.403125 0.746094 0.050000 0.062500
0 0.156250 0.835938 0.050000 0.062500
0 0.150000 0.869141 0.050000 0.062500
0 0.056250 0.765625 0.050000 0.062500
0 0.064062 0.681641 0.050000 0.062500
0 0.075000 0.605469 0.050000 0.062500
0 0.253125 0.685547 0.050000 0.062500
0 0.267188 0.667969 0.050000 0.062500
0 0.232813 0.664062 0.050000 0.062500
0 0.210938 0.607422 0.050000 0.062500
0 0.204687 0.718750 0.050000 0.062500
0 0.059375 0.548828 0.050000 0.062500
0 0.081250 0.482422 0.050000 0.062500
0 0.112500 0.449219 0.050000 0.062500
0 0.101562 0.496094 0.050000 0.062500
0 0.128125 0.496094 0.050000 0.062500
0 0.173437 0.494141 0.050000 0.062500
0 0.150000 0.699219 0.050000 0.062500
0 0.171875 0.583984 0.050000 0.062500
0 0.021094 0.277344 0.042188 0.062500
