0 0.796875 0.126953 0.050000 0.062500
0 0.865625 0.375000 0.050000 0.062500
0 0.868750 0.322266 0.050000 0.062500
0 0.868750 0.287109 0.050000 0.062500
0 0.868750 0.175781 0.050000 0.062500
0 0.864062 0.115234 0.050000 0.062500
0 0.926562 0.091797 0.050000 0.062500
0 0.943750 0.033203 0.050000 0.062500
0 0.964063 0.523438 0.050000 0.062500
0 0.912500 0.847656 0.050000 0.062500
0 0.895312 0.894531 0.050000 0.062500
0 0.878125 0.929688 0.050000 0.062500
0 0.807813 0.935547 0.050000 0.062500
0 0.582812 0.906250 0.050000 0.062500
0 0.510938 0.908203 0.050000 0.062500
0 0.457813 0.710938 0.050000 0.062500
0 0.382812 0.570312 0.050000 0.062500
0 0.371875 0.511719 0.050000 0.062500
0 0.442188 0.416016 0.050000 0.062500
0 0.176563 0.503906 0.050000 0.062500
0 0.350000 0.265625 0.050000 0.062500
0 0.295312 0.083984 0.050000 0.062500
