0 0.070312 0.462891 0.050000 0.062500
0 0.109375 0.455078 0.050000 0.062500
0 0.082812 0.443359 0.050000 0.062500
0 0.778125 0.685547 0.050000 0.062500
0 0.637500 0.650391 0.050000 0.062500
0 0.673438 0.644531 0.050000 0.062500
0 0.618750 0.681641 0.050000 0.062500
0 0.720313 0.675781 0.050000 0.062500
0 0.910937 0.736328 0.050000 0.062500
0 0.907813 0.578125 0.050000 0.062500
0 0.689063 0.546875 0.050000 0.062500
0 0.576562 0.517578 0.050000 0.062500
0 0.418750 0.498047 0.050000 0.062500
0 0.339062 0.433594 0.050000 0.062500
0 0.387500 0.400391 0.050000 0.062500
0 0.381250 0.423828 0.050000 0.062500
0 0.412500 0.376953 0.050000 0.062500
0 0.414062 0.355469 0.050000 0.062500
0 0.425000 0.332031 0.050000 0.062500
0 0.576562 0.392578 0.050000 0.062500
0 0.568750 0.351562 0.050000 0.062500
0 0.642188 0.328125 0.050000 0.062500
0 0.845313 0.285156 0.050000 0.062500
0 0.868750 0.314453 0.050000 0.062500
0 0.884375 0.330078 0.050000 0.062500
0 0.954688 0.113281 0.050000 0.062500
0 0.021094 0.726562 0.042188 0.062500
0 0.085938 0.707031 0.050000 0.062500
0 0.073438 0.806641 0.050000 0.062500
0 0.115625 0.644531 0.050000 0.062500
0 0.092188 0.837891 0.050000 0.062500
0 0.376563 0.675781 0.050000 0.062500
0 0.553125 0.773438 0.050000 0.062500
0 0.489063 0.787109 0.050000 0.062500
0 0.517188 0.832031 0.050000 0.062500
0 0.496875 0.857422 0.050000 0.062500
0 0.490625 0.878906 0.050000 0.062500
0 0.631250 0.902344 0.050000 0.062500
0 0.629687 0.925781 0.050000 0.062500
0 0.615625 0.947266 0.050000 0.062500
0 0.692187 0.882812 0.050000 0.062500
0 0.289062 0.050781 0.050000 0.062500
0 0.215625 0.029297 0.050000 0.058594
0 0.228125 0.105469 0.050000 0.062500
0 0.153125 0.146484 0.050000 0.062500
0 0.206250 0.197266 0.050000 0.062500
0 0.187500 0.216797 0.050000 0.062500
0 0.229687 0.269531 0.050000 0.062500
0 0.279687 0.355469 0.050000 0.062500
0 0.132812 0.291016 0.050000 0.062500
0 0.121875 0.308594 0.050000 0.062500
0 0.870313 0.220703 0.050000 0.062500
0 0.415625 0.751953 0.050000 0.062500
0 0.907813 0.828125 0.050000 0.062500
0 0.825000 0.699219 0.050000 0.062500
0 0.846875 0.708984 0.050000 0.062500
0 0.982031 0.979492 0.035937 0.041016
