0 0.865625 0.205078 0.050000 0.062500
0 0.203125 0.024414 0.050000 0.048828
0 0.215625 0.093750 0.050000 0.062500
0 0.279687 0.044922 0.050000 0.062500
0 0.146875 0.144531 0.050000 0.062500
0 0.198437 0.193359 0.050000 0.062500
0 0.179688 0.212891 0.050000 0.062500
0 0.232813 0.275391 0.050000 0.062500
0 0.117188 0.296875 0.050000 0.062500
0 0.128125 0.281250 0.050000 0.062500
0 0.279687 0.357422 0.050000 0.062500
0 0.339062 0.427734 0.050000 0.062500
0 0.387500 0.396484 0.050000 0.062500
0 0.382812 0.417969 0.050000 0.062500
0 0.414062 0.369141 0.050000 0.062500
0 0.414062 0.347656 0.050000 0.062500
0 0.425000 0.328125 0.050000 0.062500
0 0.573438 0.382812 0.050000 0.062500
0 0.568750 0.347656 0.050000 0.062500
0 0.848437 0.267578 0.050000 0.062500
0 0.867188 0.296875 0.050000 0.062500
0 0.879687 0.316406 0.050000 0.062500
0 0.946875 0.097656 0.050000 0.062500
0 0.640625 0.322266 0.050000 0.062500
0 0.059375 0.453125 0.050000 0.062500
0 0.095312 0.447266 0.050000 0.062500
0 0.073438 0.443359 0.050000 0.062500
0 0.048438 0.425781 0.050000 0.062500
0 0.076563 0.421875 0.050000 0.062500
0 0.364063 0.667969 0.050000 0.062500
0 0.628125 0.642578 0.050000 0.062500
0 0.653125 0.648438 0.050000 0.062500
0 0.709375 0.666016 0.050000 0.062500
0 0.840625 0.710938 0.050000 0.062500
0 0.900000 0.728516 0.050000 0.062500
0 0.679688 0.539062 0.050000 0.062500
0 0.576562 0.509766 0.050000 0.062500
0 0.984375 0.591797 0.031250 0.062500
0 0.684375 0.871094 0.050000 0.062500
0 0.539062 0.751953 0.050000 0.062500
0 0.465625 0.785156 0.050000 0.062500
0 0.490625 0.845703 0.050000 0.062500
0 0.507812 0.822266 0.050000 0.062500
0 0.479687 0.865234 0.050000 0.062500
0 0.489063 0.886719 0.050000 0.062500
0 0.620313 0.894531 0.050000 0.062500
0 0.607812 0.914062 0.050000 0.062500
0 0.598437 0.935547 0.050000 0.062500
0 0.403125 0.748047 0.050000 0.062500
0 0.975000 0.888672 0.050000 0.062500
0 0.893750 0.816406 0.050000 0.062500
0 0.981250 0.966797 0.037500 0.062500
0 0.079687 0.826172 0.050000 0.062500
0 0.067187 0.697266 0.050000 0.062500
0 0.079687 0.605469 0.050000 0.062500
0 0.017969 0.705078 0.035937 0.062500
0 0.064062 0.796875 0.050000 0.062500
0 0.896875 0.568359 0.050000 0.062500
0 0.607812 0.669922 0.050000 0.062500
0 0.403125 0.496094 0.050000 0.062500
0 0.321875 0.496094 0.050000 0.062500
0 0.303125 0.500000 0.050000 0.062500
