0 0.245312 0.026367 0.050000 0.052734
0 0.237500 0.099609 0.050000 0.062500
0 0.306250 0.076172 0.050000 0.062500
0 0.209375 0.183594 0.050000 0.062500
0 0.251563 0.253906 0.050000 0.062500
0 0.293750 0.250000 0.050000 0.062500
0 0.185938 0.320312 0.050000 0.062500
0 0.312500 0.312500 0.050000 0.062500
0 0.359375 0.402344 0.050000 0.062500
0 0.409375 0.447266 0.050000 0.062500
0 0.476562 0.429688 0.050000 0.062500
0 0.490625 0.371094 0.050000 0.062500
0 0.648438 0.369141 0.050000 0.062500
0 0.656250 0.400391 0.050000 0.062500
0 0.720313 0.333984 0.050000 0.062500
0 0.495312 0.392578 0.050000 0.062500
0 0.178125 0.339844 0.050000 0.062500
0 0.925000 0.281250 0.050000 0.062500
0 0.937500 0.314453 0.050000 0.062500
0 0.953125 0.326172 0.050000 0.062500
0 0.932813 0.210938 0.050000 0.062500
0 0.975000 0.125000 0.050000 0.062500
0 0.500000 0.353516 0.050000 0.062500
0 0.698438 0.558594 0.050000 0.062500
0 0.670312 0.523438 0.050000 0.062500
0 0.418750 0.511719 0.050000 0.062500
0 0.915625 0.591797 0.050000 0.062500
0 0.651563 0.691406 0.050000 0.062500
0 0.679688 0.660156 0.050000 0.062500
0 0.650000 0.658203 0.050000 0.062500
0 0.778125 0.691406 0.050000 0.062500
0 0.387500 0.681641 0.050000 0.062500
0 0.085938 0.457031 0.050000 0.062500
0 0.101562 0.445312 0.050000 0.062500
0 0.128125 0.458984 0.050000 0.062500
0 0.039062 0.593750 0.050000 0.062500
0 0.037500 0.675781 0.050000 0.062500
0 0.032813 0.720703 0.050000 0.062500
0 0.075000 0.761719 0.050000 0.062500
0 0.093750 0.746094 0.050000 0.062500
0 0.392188 0.796875 0.050000 0.062500
0 0.510938 0.857422 0.050000 0.062500
0 0.464062 0.929688 0.050000 0.062500
0 0.634375 0.941406 0.050000 0.062500
0 0.614062 0.953125 0.050000 0.062500
0 0.704688 0.894531 0.050000 0.062500
0 0.909375 0.839844 0.050000 0.062500
0 0.840625 0.738281 0.050000 0.062500
0 0.859375 0.718750 0.050000 0.062500
0 0.835938 0.714844 0.050000 0.062500
0 0.732812 0.691406 0.050000 0.062500
0 0.525000 0.734375 0.050000 0.062500
0 0.614062 0.892578 0.050000 0.062500
0 0.917188 0.759766 0.050000 0.062500
0 0.342187 0.515625 0.050000 0.062500
0 0.482812 0.449219 0.050000 0.062500
0 0.567187 0.892578 0.050000 0.062500
