0 0.306250 0.080078 0.050000 0.062500
0 0.253125 0.027344 0.050000 0.054688
0 0.237500 0.093750 0.050000 0.062500
0 0.209375 0.193359 0.050000 0.062500
0 0.254688 0.259766 0.050000 0.062500
0 0.304688 0.261719 0.050000 0.062500
0 0.190625 0.328125 0.050000 0.062500
0 0.182812 0.343750 0.050000 0.062500
0 0.323437 0.322266 0.050000 0.062500
0 0.373437 0.406250 0.050000 0.062500
0 0.415625 0.451172 0.050000 0.062500
0 0.490625 0.435547 0.050000 0.062500
0 0.490625 0.462891 0.050000 0.062500
0 0.500000 0.390625 0.050000 0.062500
0 0.500000 0.369141 0.050000 0.062500
0 0.515625 0.353516 0.050000 0.062500
0 0.665625 0.404297 0.050000 0.062500
0 0.660937 0.369141 0.050000 0.062500
0 0.731250 0.337891 0.050000 0.062500
0 0.937500 0.273438 0.050000 0.062500
0 0.942187 0.308594 0.050000 0.062500
0 0.975000 0.126953 0.050000 0.062500
0 0.945312 0.207031 0.050000 0.062500
0 0.957812 0.324219 0.050000 0.062500
0 0.904687 0.599609 0.050000 0.062500
0 0.698438 0.568359 0.050000 0.062500
0 0.409375 0.513672 0.050000 0.062500
0 0.120313 0.458984 0.050000 0.062500
0 0.084375 0.460938 0.050000 0.062500
0 0.103125 0.443359 0.050000 0.062500
0 0.387500 0.685547 0.050000 0.062500
0 0.392188 0.798828 0.050000 0.062500
0 0.520312 0.740234 0.050000 0.062500
0 0.459375 0.933594 0.050000 0.062500
0 0.640625 0.947266 0.050000 0.062500
0 0.617188 0.953125 0.050000 0.062500
0 0.909375 0.845703 0.050000 0.062500
0 0.920312 0.763672 0.050000 0.062500
0 0.859375 0.722656 0.050000 0.062500
0 0.839063 0.712891 0.050000 0.062500
0 0.732812 0.691406 0.050000 0.062500
0 0.678125 0.666016 0.050000 0.062500
0 0.653125 0.664062 0.050000 0.062500
0 0.840625 0.738281 0.050000 0.062500
0 0.059375 0.730469 0.050000 0.062500
0 0.076563 0.714844 0.050000 0.062500
0 0.021094 0.710938 0.042188 0.062500
0 0.042188 0.677734 0.050000 0.062500
0 0.043750 0.595703 0.050000 0.062500
0 0.342187 0.513672 0.050000 0.062500
0 0.775000 0.693359 0.050000 0.062500
0 0.617188 0.892578 0.050000 0.062500
0 0.700000 0.894531 0.050000 0.062500
0 0.507812 0.865234 0.050000 0.062500
0 0.437500 0.826172 0.050000 0.062500
0 0.031250 0.718750 0.050000 0.062500
0 0.651563 0.695312 0.050000 0.062500
0 0.639062 0.644531 0.050000 0.062500
0 0.664062 0.644531 0.050000 0.062500
