0 0.470313 0.371094 0.050000 0.062500
0 0.468750 0.402344 0.050000 0.062500
0 0.537500 0.330078 0.050000 0.062500
0 0.759375 0.300781 0.050000 0.062500
0 0.735938 0.281250 0.050000 0.062500
0 0.737500 0.240234 0.050000 0.062500
0 0.915625 0.099609 0.050000 0.062500
0 0.710938 0.136719 0.050000 0.062500
0 0.731250 0.171875 0.050000 0.062500
0 0.310937 0.376953 0.050000 0.062500
0 0.303125 0.410156 0.050000 0.062500
0 0.312500 0.449219 0.050000 0.062500
0 0.309375 0.476562 0.050000 0.062500
0 0.209375 0.476562 0.050000 0.062500
0 0.178125 0.449219 0.050000 0.062500
0 0.135937 0.371094 0.050000 0.062500
0 0.123438 0.320312 0.050000 0.062500
0 0.035937 0.302734 0.050000 0.062500
0 0.035937 0.105469 0.050000 0.062500
0 0.014844 0.044922 0.029687 0.062500
0 0.145313 0.517578 0.050000 0.062500
0 0.110937 0.693359 0.050000 0.062500
0 0.192188 0.820312 0.050000 0.062500
0 0.026562 0.525391 0.050000 0.062500
0 0.373437 0.703125 0.050000 0.062500
0 0.376563 0.671875 0.050000 0.062500
0 0.398438 0.679688 0.050000 0.062500
0 0.495312 0.703125 0.050000 0.062500
0 0.454688 0.701172 0.050000 0.062500
0 0.539062 0.718750 0.050000 0.062500
0 0.576562 0.720703 0.050000 0.062500
0 0.650000 0.761719 0.050000 0.062500
0 0.707812 0.919922 0.050000 0.062500
0 0.631250 0.882812 0.050000 0.062500
0 0.798438 0.814453 0.050000 0.062500
0 0.648438 0.607422 0.050000 0.062500
0 0.385937 0.654297 0.050000 0.062500
0 0.368750 0.652344 0.050000 0.062500
0 0.346875 0.644531 0.050000 0.062500
0 0.426563 0.570312 0.050000 0.062500
0 0.498437 0.529297 0.050000 0.062500
0 0.498437 0.673828 0.050000 0.062500
0 0.565625 0.740234 0.050000 0.062500
0 0.214062 0.822266 0.050000 0.062500
0 0.164062 0.968750 0.050000 0.062500
0 0.171875 0.980469 0.050000 0.039062
0 0.340625 0.962891 0.050000 0.062500
0 0.384375 0.880859 0.050000 0.062500
0 0.425000 0.976562 0.050000 0.046875
0 0.737500 0.644531 0.050000 0.062500
0 0.801562 0.654297 0.050000 0.062500
0 0.873437 0.568359 0.050000 0.062500
0 0.198437 0.806641 0.050000 0.062500
0 0.387500 0.910156 0.050000 0.062500
0 0.392188 0.941406 0.050000 0.062500
0 0.181250 0.583984 0.050000 0.062500
0 0.117188 0.857422 0.050000 0.062500
