0 0.028125 0.103516 0.050000 0.062500
0 0.037500 0.300781 0.050000 0.062500
0 0.139063 0.322266 0.050000 0.062500
0 0.145313 0.367188 0.050000 0.062500
0 0.181250 0.449219 0.050000 0.062500
0 0.212500 0.470703 0.050000 0.062500
0 0.314063 0.369141 0.050000 0.062500
0 0.326562 0.355469 0.050000 0.062500
0 0.307812 0.396484 0.050000 0.062500
0 0.325000 0.443359 0.050000 0.062500
0 0.321875 0.470703 0.050000 0.062500
0 0.473438 0.359375 0.050000 0.062500
0 0.479687 0.394531 0.050000 0.062500
0 0.540625 0.316406 0.050000 0.062500
0 0.759375 0.289062 0.050000 0.062500
0 0.731250 0.263672 0.050000 0.062500
0 0.745313 0.222656 0.050000 0.062500
0 0.921875 0.085938 0.050000 0.062500
0 0.737500 0.156250 0.050000 0.062500
0 0.710938 0.132812 0.050000 0.062500
0 0.423438 0.566406 0.050000 0.062500
0 0.501563 0.519531 0.050000 0.062500
0 0.650000 0.605469 0.050000 0.062500
0 0.740625 0.644531 0.050000 0.062500
0 0.796875 0.644531 0.050000 0.062500
0 0.764062 0.757812 0.050000 0.062500
0 0.796875 0.808594 0.050000 0.062500
0 0.696875 0.910156 0.050000 0.062500
0 0.626563 0.884766 0.050000 0.062500
0 0.631250 0.867188 0.050000 0.062500
0 0.495312 0.699219 0.050000 0.062500
0 0.446875 0.695312 0.050000 0.062500
0 0.515625 0.703125 0.050000 0.062500
0 0.535937 0.712891 0.050000 0.062500
0 0.398438 0.669922 0.050000 0.062500
0 0.370312 0.666016 0.050000 0.062500
0 0.360938 0.644531 0.050000 0.062500
0 0.379688 0.648438 0.050000 0.062500
0 0.404687 0.654297 0.050000 0.062500
0 0.098437 0.693359 0.050000 0.062500
0 0.062500 0.707031 0.050000 0.062500
0 0.189062 0.812500 0.050000 0.062500
0 0.103125 0.851562 0.050000 0.062500
0 0.154688 0.966797 0.050000 0.062500
0 0.342187 0.957031 0.050000 0.062500
0 0.371875 0.908203 0.050000 0.062500
0 0.387500 0.876953 0.050000 0.062500
0 0.425000 0.974609 0.050000 0.050781
0 0.206250 0.812500 0.050000 0.062500
0 0.025000 0.515625 0.050000 0.062500
0 0.137500 0.507812 0.050000 0.062500
0 0.162500 0.556641 0.050000 0.062500
0 0.014844 0.240234 0.029687 0.062500
0 0.870313 0.564453 0.050000 0.062500
