0 0.075000 0.900391 0.050000 0.062500
0 0.192188 0.933594 0.050000 0.062500
0 0.359375 0.861328 0.050000 0.062500
0 0.409375 0.908203 0.050000 0.062500
0 0.398438 0.933594 0.050000 0.062500
0 0.545312 0.818359 0.050000 0.062500
0 0.312500 0.728516 0.050000 0.062500
0 0.218750 0.652344 0.050000 0.062500
0 0.139063 0.636719 0.050000 0.062500
0 0.165625 0.621094 0.050000 0.062500
0 0.200000 0.523438 0.050000 0.062500
0 0.414062 0.462891 0.050000 0.062500
0 0.489063 0.660156 0.050000 0.062500
0 0.557813 0.656250 0.050000 0.062500
0 0.571875 0.699219 0.050000 0.062500
0 0.120313 0.798828 0.050000 0.062500
0 0.392188 0.755859 0.050000 0.062500
0 0.414062 0.746094 0.050000 0.062500
0 0.142187 0.619141 0.050000 0.062500
0 0.090625 0.410156 0.050000 0.062500
0 0.098437 0.388672 0.050000 0.062500
0 0.062500 0.322266 0.050000 0.062500
0 0.079687 0.275391 0.050000 0.062500
0 0.214062 0.353516 0.050000 0.062500
0 0.220312 0.333984 0.050000 0.062500
0 0.232813 0.314453 0.050000 0.062500
0 0.246875 0.396484 0.050000 0.062500
0 0.242188 0.421875 0.050000 0.062500
0 0.384375 0.347656 0.050000 0.062500
0 0.387500 0.322266 0.050000 0.062500
0 0.662500 0.238281 0.050000 0.062500
0 0.629687 0.216797 0.050000 0.062500
0 0.526563 0.126953 0.050000 0.062500
0 0.640625 0.095703 0.050000 0.062500
0 0.662500 0.179688 0.050000 0.062500
0 0.834375 0.028320 0.050000 0.056641
0 0.443750 0.265625 0.050000 0.062500
0 0.153125 0.595703 0.050000 0.062500
0 0.134375 0.591797 0.050000 0.062500
0 0.257812 0.666016 0.050000 0.062500
0 0.279687 0.671875 0.050000 0.062500
0 0.317188 0.691406 0.050000 0.062500
0 0.342187 0.699219 0.050000 0.062500
0 0.292187 0.685547 0.050000 0.062500
