0 0.342187 0.291016 0.050000 0.062500
0 0.339062 0.324219 0.050000 0.062500
0 0.367188 0.443359 0.050000 0.062500
0 0.585938 0.189453 0.050000 0.062500
0 0.607812 0.212891 0.050000 0.062500
0 0.612500 0.156250 0.050000 0.062500
0 0.467187 0.109375 0.050000 0.062500
0 0.592187 0.068359 0.050000 0.062500
0 0.187500 0.296875 0.050000 0.062500
0 0.173437 0.322266 0.050000 0.062500
0 0.181250 0.339844 0.050000 0.062500
0 0.204687 0.388672 0.050000 0.062500
0 0.204687 0.412109 0.050000 0.062500
0 0.053125 0.378906 0.050000 0.062500
0 0.045312 0.400391 0.050000 0.062500
0 0.022656 0.312500 0.045312 0.062500
0 0.042188 0.265625 0.050000 0.062500
0 0.139063 0.500000 0.050000 0.062500
0 0.431250 0.650391 0.050000 0.062500
0 0.503125 0.638672 0.050000 0.062500
0 0.295312 0.839844 0.050000 0.062500
0 0.342187 0.902344 0.050000 0.062500
0 0.339062 0.927734 0.050000 0.062500
0 0.132812 0.912109 0.050000 0.062500
0 0.051562 0.779297 0.050000 0.062500
0 0.151562 0.634766 0.050000 0.062500
0 0.198437 0.648438 0.050000 0.062500
0 0.253125 0.707031 0.050000 0.062500
0 0.231250 0.666016 0.050000 0.062500
0 0.262500 0.683594 0.050000 0.062500
0 0.282813 0.685547 0.050000 0.062500
0 0.073438 0.615234 0.050000 0.062500
0 0.093750 0.613281 0.050000 0.062500
0 0.106250 0.599609 0.050000 0.062500
0 0.076563 0.572266 0.050000 0.062500
0 0.095312 0.574219 0.050000 0.062500
0 0.109375 0.582031 0.050000 0.062500
0 0.017969 0.880859 0.035937 0.062500
0 0.200000 0.615234 0.050000 0.062500
0 0.343750 0.591797 0.050000 0.062500
0 0.353125 0.730469 0.050000 0.062500
0 0.334375 0.732422 0.050000 0.062500
0 0.214062 0.648438 0.050000 0.062500
0 0.293750 0.664062 0.050000 0.062500
0 0.484375 0.800781 0.050000 0.062500
0 0.414062 0.981445 0.050000 0.037109
0 0.401562 0.240234 0.050000 0.062500
