0 0.487500 0.638672 0.050000 0.062500
0 0.418750 0.638672 0.050000 0.062500
0 0.473438 0.800781 0.050000 0.062500
0 0.325000 0.914062 0.050000 0.062500
0 0.398438 0.981445 0.050000 0.037109
0 0.278125 0.837891 0.050000 0.062500
0 0.098437 0.912109 0.050000 0.062500
0 0.014844 0.863281 0.029687 0.062500
0 0.035937 0.765625 0.050000 0.062500
0 0.137500 0.632812 0.050000 0.062500
0 0.237500 0.705078 0.050000 0.062500
0 0.246875 0.685547 0.050000 0.062500
0 0.246875 0.667969 0.050000 0.062500
0 0.268750 0.679688 0.050000 0.062500
0 0.328125 0.578125 0.050000 0.062500
0 0.364063 0.435547 0.050000 0.062500
0 0.212500 0.666016 0.050000 0.062500
0 0.054688 0.611328 0.050000 0.062500
0 0.075000 0.623047 0.050000 0.062500
0 0.090625 0.601562 0.050000 0.062500
0 0.056250 0.574219 0.050000 0.062500
0 0.078125 0.570312 0.050000 0.062500
0 0.095312 0.578125 0.050000 0.062500
0 0.040625 0.394531 0.050000 0.062500
0 0.046875 0.371094 0.050000 0.062500
0 0.123438 0.492188 0.050000 0.062500
0 0.196875 0.375000 0.050000 0.062500
0 0.334375 0.324219 0.050000 0.062500
0 0.198437 0.400391 0.050000 0.062500
0 0.339062 0.291016 0.050000 0.062500
0 0.396875 0.234375 0.050000 0.062500
0 0.603125 0.199219 0.050000 0.062500
0 0.578125 0.179688 0.050000 0.062500
0 0.607812 0.140625 0.050000 0.062500
0 0.581250 0.058594 0.050000 0.062500
0 0.451562 0.105469 0.050000 0.062500
0 0.179688 0.300781 0.050000 0.062500
0 0.175000 0.333984 0.050000 0.062500
0 0.020313 0.310547 0.040625 0.062500
0 0.039062 0.271484 0.050000 0.062500
0 0.318750 0.732422 0.050000 0.062500
0 0.335938 0.726562 0.050000 0.062500
0 0.442188 0.738281 0.050000 0.062500
0 0.107813 0.898438 0.050000 0.062500
0 0.021875 0.527344 0.043750 0.062500
0 0.014844 0.550781 0.029687 0.062500
0 0.170313 0.312500 0.050000 0.062500
0 0.184375 0.646484 0.050000 0.062500
0 0.192188 0.625000 0.050000 0.062500
0 0.025000 0.779297 0.050000 0.062500
