0 0.760938 0.375000 0.050000 0.062500
0 0.748437 0.400391 0.050000 0.062500
0 0.782813 0.347656 0.050000 0.062500
0 0.796875 0.361328 0.050000 0.062500
0 0.779687 0.375000 0.050000 0.062500
0 0.789062 0.394531 0.050000 0.062500
0 0.793750 0.423828 0.050000 0.062500
0 0.776563 0.416016 0.050000 0.062500
0 0.775000 0.396484 0.050000 0.062500
0 0.767188 0.382812 0.050000 0.062500
0 0.760938 0.398438 0.050000 0.062500
0 0.762500 0.416016 0.050000 0.062500
0 0.745313 0.433594 0.050000 0.062500
0 0.773438 0.437500 0.050000 0.062500
0 0.740625 0.462891 0.050000 0.062500
0 0.757812 0.470703 0.050000 0.062500
0 0.757812 0.500000 0.050000 0.062500
0 0.739062 0.496094 0.050000 0.062500
0 0.689063 0.462891 0.050000 0.062500
0 0.696875 0.486328 0.050000 0.062500
0 0.728125 0.390625 0.050000 0.062500
0 0.673438 0.359375 0.050000 0.062500
0 0.668750 0.294922 0.050000 0.062500
0 0.976562 0.681641 0.046875 0.062500
0 0.812500 0.699219 0.050000 0.062500
0 0.781250 0.669922 0.050000 0.062500
0 0.754687 0.693359 0.050000 0.062500
0 0.746875 0.650391 0.050000 0.062500
0 0.867188 0.380859 0.050000 0.062500
0 0.856250 0.457031 0.050000 0.062500
0 0.390625 0.625000 0.050000 0.062500
0 0.326562 0.648438 0.050000 0.062500
0 0.318750 0.593750 0.050000 0.062500
0 0.476562 0.429688 0.050000 0.062500
0 0.500000 0.437500 0.050000 0.062500
0 0.517188 0.357422 0.050000 0.062500
0 0.451562 0.269531 0.050000 0.062500
0 0.593750 0.027344 0.050000 0.054688
0 0.554688 0.018555 0.050000 0.037109
0 0.376563 0.126953 0.050000 0.062500
0 0.365625 0.152344 0.050000 0.062500
0 0.389062 0.156250 0.050000 0.062500
0 0.392188 0.171875 0.050000 0.062500
0 0.282813 0.642578 0.050000 0.062500
0 0.134375 0.621094 0.050000 0.062500
0 0.264062 0.753906 0.050000 0.062500
0 0.275000 0.767578 0.050000 0.062500
0 0.171875 0.769531 0.050000 0.062500
0 0.171875 0.769531 0.050000 0.062500
0 0.173437 0.746094 0.050000 0.062500
0 0.070312 0.832031 0.050000 0.062500
0 0.109375 0.898438 0.050000 0.062500
0 0.019531 0.943359 0.039062 0.062500
0 0.182812 0.785156 0.050000 0.062500
0 0.753125 0.667969 0.050000 0.062500
0 0.965625 0.625000 0.050000 0.062500
0 0.856250 0.402344 0.050000 0.062500
