0 0.381250 0.126953 0.050000 0.062500
0 0.368750 0.148438 0.050000 0.062500
0 0.392188 0.152344 0.050000 0.062500
0 0.392188 0.171875 0.050000 0.062500
0 0.476562 0.246094 0.050000 0.062500
0 0.532813 0.353516 0.050000 0.062500
0 0.482812 0.408203 0.050000 0.062500
0 0.510938 0.416016 0.050000 0.062500
0 0.750000 0.431641 0.050000 0.062500
0 0.764062 0.431641 0.050000 0.062500
0 0.776563 0.435547 0.050000 0.062500
0 0.753125 0.470703 0.050000 0.062500
0 0.759375 0.500000 0.050000 0.062500
0 0.737500 0.494141 0.050000 0.062500
0 0.743750 0.460938 0.050000 0.062500
0 0.734375 0.523438 0.050000 0.062500
0 0.696875 0.505859 0.050000 0.062500
0 0.695312 0.476562 0.050000 0.062500
0 0.750000 0.400391 0.050000 0.062500
0 0.762500 0.416016 0.050000 0.062500
0 0.792188 0.414062 0.050000 0.062500
0 0.778125 0.416016 0.050000 0.062500
0 0.757812 0.376953 0.050000 0.062500
0 0.782813 0.343750 0.050000 0.062500
0 0.800000 0.359375 0.050000 0.062500
0 0.778125 0.375000 0.050000 0.062500
0 0.770312 0.388672 0.050000 0.062500
0 0.790625 0.394531 0.050000 0.062500
0 0.778125 0.402344 0.050000 0.062500
0 0.862500 0.378906 0.050000 0.062500
0 0.862500 0.421875 0.050000 0.062500
0 0.859375 0.400391 0.050000 0.062500
0 0.856250 0.457031 0.050000 0.062500
0 0.779687 0.669922 0.050000 0.062500
0 0.753125 0.691406 0.050000 0.062500
0 0.812500 0.718750 0.050000 0.062500
0 0.764062 0.710938 0.050000 0.062500
0 0.775000 0.621094 0.050000 0.062500
0 0.750000 0.636719 0.050000 0.062500
0 0.968750 0.666016 0.050000 0.062500
0 0.964063 0.609375 0.050000 0.062500
0 0.750000 0.662109 0.050000 0.062500
0 0.407813 0.615234 0.050000 0.062500
0 0.340625 0.632812 0.050000 0.062500
0 0.429688 0.691406 0.050000 0.062500
0 0.320312 0.609375 0.050000 0.062500
0 0.287500 0.730469 0.050000 0.062500
0 0.300000 0.750000 0.050000 0.062500
0 0.267188 0.820312 0.050000 0.062500
0 0.196875 0.765625 0.050000 0.062500
0 0.196875 0.746094 0.050000 0.062500
0 0.198437 0.728516 0.050000 0.062500
0 0.135937 0.617188 0.050000 0.062500
0 0.090625 0.820312 0.050000 0.062500
0 0.132812 0.884766 0.050000 0.062500
0 0.031250 0.941406 0.050000 0.062500
0 0.831250 0.560547 0.050000 0.062500
