0 0.381250 0.128906 0.050000 0.062500
0 0.371875 0.152344 0.050000 0.062500
0 0.389062 0.154297 0.050000 0.062500
0 0.393750 0.171875 0.050000 0.062500
0 0.485938 0.228516 0.050000 0.062500
0 0.535937 0.337891 0.050000 0.062500
0 0.492188 0.402344 0.050000 0.062500
0 0.523438 0.412109 0.050000 0.062500
0 0.421875 0.615234 0.050000 0.062500
0 0.350000 0.625000 0.050000 0.062500
0 0.312500 0.736328 0.050000 0.062500
0 0.435937 0.693359 0.050000 0.062500
0 0.204687 0.759766 0.050000 0.062500
0 0.198437 0.722656 0.050000 0.062500
0 0.137500 0.625000 0.050000 0.062500
0 0.101562 0.818359 0.050000 0.062500
0 0.143750 0.873047 0.050000 0.062500
0 0.267188 0.818359 0.050000 0.062500
0 0.042188 0.939453 0.050000 0.062500
0 0.014844 0.798828 0.029687 0.062500
0 0.704688 0.509766 0.050000 0.062500
0 0.696875 0.482422 0.050000 0.062500
0 0.743750 0.525391 0.050000 0.062500
0 0.710938 0.533203 0.050000 0.062500
0 0.740625 0.496094 0.050000 0.062500
0 0.759375 0.494141 0.050000 0.062500
0 0.743750 0.458984 0.050000 0.062500
0 0.759375 0.468750 0.050000 0.062500
0 0.751563 0.433594 0.050000 0.062500
0 0.776563 0.433594 0.050000 0.062500
0 0.764062 0.433594 0.050000 0.062500
0 0.753125 0.400391 0.050000 0.062500
0 0.757812 0.375000 0.050000 0.062500
0 0.775000 0.373047 0.050000 0.062500
0 0.775000 0.390625 0.050000 0.062500
0 0.781250 0.416016 0.050000 0.062500
0 0.762500 0.416016 0.050000 0.062500
0 0.770312 0.408203 0.050000 0.062500
0 0.762500 0.390625 0.050000 0.062500
0 0.795312 0.353516 0.050000 0.062500
0 0.779687 0.671875 0.050000 0.062500
0 0.754687 0.693359 0.050000 0.062500
0 0.767188 0.708984 0.050000 0.062500
0 0.775000 0.621094 0.050000 0.062500
0 0.748437 0.646484 0.050000 0.062500
0 0.967187 0.662109 0.050000 0.062500
0 0.959375 0.601562 0.050000 0.062500
0 0.867188 0.384766 0.050000 0.062500
0 0.860938 0.419922 0.050000 0.062500
0 0.860938 0.402344 0.050000 0.062500
0 0.342187 0.599609 0.050000 0.062500
0 0.345313 0.564453 0.050000 0.062500
0 0.667188 0.292969 0.050000 0.062500
0 0.684375 0.312500 0.050000 0.062500
0 0.729688 0.388672 0.050000 0.062500
0 0.857812 0.457031 0.050000 0.062500
0 0.832812 0.572266 0.050000 0.062500
0 0.753125 0.664062 0.050000 0.062500
0 0.815625 0.732422 0.050000 0.062500
