0 0.523438 0.179688 0.050000 0.062500
0 0.550000 0.322266 0.050000 0.062500
0 0.512500 0.378906 0.050000 0.062500
0 0.542188 0.398438 0.050000 0.062500
0 0.454688 0.607422 0.050000 0.062500
0 0.381250 0.597656 0.050000 0.062500
0 0.387500 0.542969 0.050000 0.062500
0 0.367188 0.525391 0.050000 0.062500
0 0.396875 0.167969 0.050000 0.062500
0 0.365625 0.146484 0.050000 0.062500
0 0.396875 0.146484 0.050000 0.062500
0 0.382812 0.130859 0.050000 0.062500
0 0.796875 0.355469 0.050000 0.062500
0 0.781250 0.345703 0.050000 0.062500
0 0.760938 0.369141 0.050000 0.062500
0 0.784375 0.380859 0.050000 0.062500
0 0.770312 0.384766 0.050000 0.062500
0 0.792188 0.396484 0.050000 0.062500
0 0.796875 0.423828 0.050000 0.062500
0 0.782813 0.417969 0.050000 0.062500
0 0.779687 0.402344 0.050000 0.062500
0 0.754687 0.396484 0.050000 0.062500
0 0.770312 0.419922 0.050000 0.062500
0 0.751563 0.435547 0.050000 0.062500
0 0.767188 0.435547 0.050000 0.062500
0 0.776563 0.437500 0.050000 0.062500
0 0.743750 0.462891 0.050000 0.062500
0 0.762500 0.474609 0.050000 0.062500
0 0.757812 0.501953 0.050000 0.062500
0 0.739062 0.494141 0.050000 0.062500
0 0.729688 0.517578 0.050000 0.062500
0 0.756250 0.533203 0.050000 0.062500
0 0.781250 0.667969 0.050000 0.062500
0 0.757812 0.693359 0.050000 0.062500
0 0.834375 0.568359 0.050000 0.062500
0 0.953125 0.638672 0.050000 0.062500
0 0.942187 0.591797 0.050000 0.062500
0 0.859375 0.455078 0.050000 0.062500
0 0.862500 0.429688 0.050000 0.062500
0 0.860938 0.402344 0.050000 0.062500
0 0.870313 0.376953 0.050000 0.062500
0 0.343750 0.710938 0.050000 0.062500
0 0.328125 0.691406 0.050000 0.062500
0 0.229687 0.699219 0.050000 0.062500
0 0.231250 0.718750 0.050000 0.062500
0 0.231250 0.738281 0.050000 0.062500
0 0.140625 0.804688 0.050000 0.062500
0 0.059375 0.787109 0.050000 0.062500
0 0.070312 0.933594 0.050000 0.062500
0 0.171875 0.857422 0.050000 0.062500
0 0.134375 0.636719 0.050000 0.062500
0 0.667188 0.296875 0.050000 0.062500
0 0.684375 0.322266 0.050000 0.062500
0 0.717187 0.390625 0.050000 0.062500
0 0.700000 0.509766 0.050000 0.062500
0 0.748437 0.640625 0.050000 0.062500
0 0.753125 0.667969 0.050000 0.062500
0 0.775000 0.630859 0.050000 0.062500
