0 0.532813 0.156250 0.050000 0.062500
0 0.553125 0.308594 0.050000 0.062500
0 0.553125 0.375000 0.050000 0.062500
0 0.523438 0.380859 0.050000 0.062500
0 0.395313 0.177734 0.050000 0.062500
0 0.398438 0.152344 0.050000 0.062500
0 0.368750 0.152344 0.050000 0.062500
0 0.385937 0.125000 0.050000 0.062500
0 0.465625 0.601562 0.050000 0.062500
0 0.478125 0.644531 0.050000 0.062500
0 0.379688 0.578125 0.050000 0.062500
0 0.406250 0.521484 0.050000 0.062500
0 0.373437 0.519531 0.050000 0.062500
0 0.351562 0.699219 0.050000 0.062500
0 0.245312 0.738281 0.050000 0.062500
0 0.240625 0.714844 0.050000 0.062500
0 0.235937 0.693359 0.050000 0.062500
0 0.139063 0.636719 0.050000 0.062500
0 0.182812 0.863281 0.050000 0.062500
0 0.143750 0.792969 0.050000 0.062500
0 0.075000 0.773438 0.050000 0.062500
0 0.079687 0.923828 0.050000 0.062500
0 0.757812 0.699219 0.050000 0.062500
0 0.751563 0.660156 0.050000 0.062500
0 0.785937 0.681641 0.050000 0.062500
0 0.775000 0.623047 0.050000 0.062500
0 0.942187 0.630859 0.050000 0.062500
0 0.937500 0.583984 0.050000 0.062500
0 0.835938 0.570312 0.050000 0.062500
0 0.862500 0.457031 0.050000 0.062500
0 0.821875 0.505859 0.050000 0.062500
0 0.860938 0.435547 0.050000 0.062500
0 0.864062 0.416016 0.050000 0.062500
0 0.832812 0.400391 0.050000 0.062500
0 0.860938 0.396484 0.050000 0.062500
0 0.867188 0.378906 0.050000 0.062500
0 0.789062 0.349609 0.050000 0.062500
0 0.756250 0.376953 0.050000 0.062500
0 0.784375 0.376953 0.050000 0.062500
0 0.771875 0.382812 0.050000 0.062500
0 0.764062 0.400391 0.050000 0.062500
0 0.753125 0.402344 0.050000 0.062500
0 0.775000 0.416016 0.050000 0.062500
0 0.765625 0.419922 0.050000 0.062500
0 0.785937 0.421875 0.050000 0.062500
0 0.793750 0.396484 0.050000 0.062500
0 0.748437 0.437500 0.050000 0.062500
0 0.764062 0.435547 0.050000 0.062500
0 0.778125 0.437500 0.050000 0.062500
0 0.742188 0.458984 0.050000 0.062500
0 0.759375 0.470703 0.050000 0.062500
0 0.740625 0.498047 0.050000 0.062500
0 0.759375 0.498047 0.050000 0.062500
0 0.737500 0.519531 0.050000 0.062500
0 0.762500 0.533203 0.050000 0.062500
0 0.798438 0.548828 0.050000 0.062500
0 0.715625 0.390625 0.050000 0.062500
0 0.679688 0.359375 0.050000 0.062500
0 0.682813 0.314453 0.050000 0.062500
0 0.667188 0.294922 0.050000 0.062500
0 0.681250 0.257812 0.050000 0.062500
