0 0.543750 0.140625 0.050000 0.062500
0 0.371875 0.152344 0.050000 0.062500
0 0.398438 0.173828 0.050000 0.062500
0 0.403125 0.146484 0.050000 0.062500
0 0.387500 0.130859 0.050000 0.062500
0 0.560937 0.302734 0.050000 0.062500
0 0.525000 0.369141 0.050000 0.062500
0 0.553125 0.376953 0.050000 0.062500
0 0.792188 0.353516 0.050000 0.062500
0 0.804688 0.373047 0.050000 0.062500
0 0.760938 0.384766 0.050000 0.062500
0 0.782813 0.382812 0.050000 0.062500
0 0.775000 0.396484 0.050000 0.062500
0 0.792188 0.406250 0.050000 0.062500
0 0.798438 0.425781 0.050000 0.062500
0 0.779687 0.410156 0.050000 0.062500
0 0.778125 0.423828 0.050000 0.062500
0 0.753125 0.412109 0.050000 0.062500
0 0.764062 0.402344 0.050000 0.062500
0 0.764062 0.427734 0.050000 0.062500
0 0.767188 0.443359 0.050000 0.062500
0 0.781250 0.443359 0.050000 0.062500
0 0.750000 0.441406 0.050000 0.062500
0 0.748437 0.470703 0.050000 0.062500
0 0.762500 0.482422 0.050000 0.062500
0 0.753125 0.507812 0.050000 0.062500
0 0.748437 0.527344 0.050000 0.062500
0 0.765625 0.542969 0.050000 0.062500
0 0.717187 0.388672 0.050000 0.062500
0 0.679688 0.363281 0.050000 0.062500
0 0.668750 0.298828 0.050000 0.062500
0 0.681250 0.263672 0.050000 0.062500
0 0.685937 0.316406 0.050000 0.062500
0 0.854688 0.470703 0.050000 0.062500
0 0.937500 0.583984 0.050000 0.062500
0 0.950000 0.636719 0.050000 0.062500
0 0.779687 0.687500 0.050000 0.062500
0 0.865625 0.445312 0.050000 0.062500
0 0.853125 0.414062 0.050000 0.062500
0 0.871875 0.419922 0.050000 0.062500
0 0.862500 0.396484 0.050000 0.062500
0 0.468750 0.603516 0.050000 0.062500
0 0.481250 0.634766 0.050000 0.062500
0 0.382812 0.568359 0.050000 0.062500
0 0.373437 0.513672 0.050000 0.062500
0 0.414062 0.503906 0.050000 0.062500
0 0.346875 0.669922 0.050000 0.062500
0 0.365625 0.689453 0.050000 0.062500
0 0.248438 0.726562 0.050000 0.062500
0 0.248438 0.705078 0.050000 0.062500
0 0.243750 0.681641 0.050000 0.062500
0 0.134375 0.625000 0.050000 0.062500
0 0.145313 0.791016 0.050000 0.062500
0 0.184375 0.839844 0.050000 0.062500
0 0.087500 0.753906 0.050000 0.062500
0 0.070312 0.921875 0.050000 0.062500
0 0.748437 0.652344 0.050000 0.062500
0 0.751563 0.705078 0.050000 0.062500
0 0.765625 0.726562 0.050000 0.062500
0 0.768750 0.638672 0.050000 0.062500
0 0.785937 0.564453 0.050000 0.062500
