0 0.662500 0.140625 0.050000 0.062500
0 0.626563 0.306641 0.050000 0.062500
0 0.607812 0.378906 0.050000 0.062500
0 0.571875 0.361328 0.050000 0.062500
0 0.500000 0.126953 0.050000 0.062500
0 0.506250 0.105469 0.050000 0.062500
0 0.473438 0.099609 0.050000 0.062500
0 0.495312 0.082031 0.050000 0.062500
0 0.439063 0.433594 0.050000 0.062500
0 0.401562 0.439453 0.050000 0.062500
0 0.392188 0.503906 0.050000 0.062500
0 0.467187 0.562500 0.050000 0.062500
0 0.473438 0.597656 0.050000 0.062500
0 0.329688 0.578125 0.050000 0.062500
0 0.345313 0.603516 0.050000 0.062500
0 0.209375 0.685547 0.050000 0.062500
0 0.225000 0.587891 0.050000 0.062500
0 0.118750 0.617188 0.050000 0.062500
0 0.134375 0.685547 0.050000 0.062500
0 0.070312 0.542969 0.050000 0.062500
0 0.145313 0.443359 0.050000 0.062500
0 0.018750 0.705078 0.037500 0.062500
0 0.796875 0.722656 0.050000 0.062500
0 0.901563 0.792969 0.050000 0.062500
0 0.904687 0.744141 0.050000 0.062500
0 0.865625 0.597656 0.050000 0.062500
0 0.876563 0.578125 0.050000 0.062500
0 0.871875 0.552734 0.050000 0.062500
0 0.889062 0.535156 0.050000 0.062500
0 0.745313 0.611328 0.050000 0.062500
0 0.809375 0.539062 0.050000 0.062500
0 0.787500 0.546875 0.050000 0.062500
0 0.764062 0.527344 0.050000 0.062500
0 0.756250 0.554688 0.050000 0.062500
0 0.754687 0.593750 0.050000 0.062500
0 0.820312 0.509766 0.050000 0.062500
0 0.829688 0.474609 0.050000 0.062500
0 0.803125 0.492188 0.050000 0.062500
0 0.792188 0.482422 0.050000 0.062500
0 0.787500 0.500000 0.050000 0.062500
0 0.779687 0.503906 0.050000 0.062500
0 0.784375 0.521484 0.050000 0.062500
0 0.800000 0.519531 0.050000 0.062500
0 0.721875 0.367188 0.050000 0.062500
0 0.714063 0.427734 0.050000 0.062500
0 0.745313 0.470703 0.050000 0.062500
0 0.732812 0.390625 0.050000 0.062500
0 0.746875 0.328125 0.050000 0.062500
0 0.226562 0.574219 0.050000 0.062500
0 0.234375 0.556641 0.050000 0.062500
