0 0.676562 0.150391 0.050000 0.062500
0 0.646875 0.150391 0.050000 0.062500
0 0.673438 0.177734 0.050000 0.062500
0 0.651563 0.187500 0.050000 0.062500
0 0.806250 0.287109 0.050000 0.062500
0 0.935937 0.201172 0.050000 0.062500
0 0.981250 0.234375 0.037500 0.062500
0 0.704688 0.423828 0.050000 0.062500
0 0.662500 0.470703 0.050000 0.062500
0 0.642188 0.437500 0.050000 0.062500
0 0.510938 0.425781 0.050000 0.062500
0 0.462500 0.392578 0.050000 0.062500
0 0.428125 0.449219 0.050000 0.062500
0 0.467187 0.544922 0.050000 0.062500
0 0.462500 0.578125 0.050000 0.062500
0 0.346875 0.470703 0.050000 0.062500
0 0.343750 0.500000 0.050000 0.062500
0 0.135937 0.455078 0.050000 0.062500
0 0.178125 0.494141 0.050000 0.062500
0 0.256250 0.402344 0.050000 0.062500
0 0.140625 0.375000 0.050000 0.062500
0 0.134375 0.298828 0.050000 0.062500
0 0.220312 0.236328 0.050000 0.062500
0 0.020313 0.386719 0.040625 0.062500
0 0.728125 0.705078 0.050000 0.062500
0 0.735938 0.716797 0.050000 0.062500
0 0.743750 0.736328 0.050000 0.062500
0 0.751563 0.710938 0.050000 0.062500
0 0.753125 0.691406 0.050000 0.062500
0 0.764062 0.693359 0.050000 0.062500
0 0.775000 0.681641 0.050000 0.062500
0 0.765625 0.712891 0.050000 0.062500
0 0.757812 0.728516 0.050000 0.062500
0 0.767188 0.738281 0.050000 0.062500
0 0.776563 0.722656 0.050000 0.062500
0 0.781250 0.699219 0.050000 0.062500
0 0.809375 0.681641 0.050000 0.062500
0 0.804688 0.712891 0.050000 0.062500
0 0.759375 0.564453 0.050000 0.062500
0 0.792188 0.515625 0.050000 0.062500
0 0.782813 0.830078 0.050000 0.062500
0 0.796875 0.818359 0.050000 0.062500
0 0.815625 0.798828 0.050000 0.062500
0 0.834375 0.787109 0.050000 0.062500
0 0.728125 0.638672 0.050000 0.062500
0 0.725000 0.583984 0.050000 0.062500
