0 0.495312 0.474609 0.050000 0.062500
0 0.481250 0.496094 0.050000 0.062500
0 0.567187 0.482422 0.050000 0.062500
0 0.615625 0.437500 0.050000 0.062500
0 0.729688 0.591797 0.050000 0.062500
0 0.753125 0.611328 0.050000 0.062500
0 0.807813 0.597656 0.050000 0.062500
0 0.710938 0.494141 0.050000 0.062500
0 0.559375 0.603516 0.050000 0.062500
0 0.512500 0.591797 0.050000 0.062500
0 0.787500 0.337891 0.050000 0.062500
0 0.804688 0.335938 0.050000 0.062500
0 0.818750 0.318359 0.050000 0.062500
0 0.796875 0.304688 0.050000 0.062500
0 0.681250 0.832031 0.050000 0.062500
0 0.701562 0.833984 0.050000 0.062500
0 0.687500 0.841797 0.050000 0.062500
0 0.668750 0.851562 0.050000 0.062500
0 0.675000 0.873047 0.050000 0.062500
0 0.673438 0.890625 0.050000 0.062500
0 0.695312 0.884766 0.050000 0.062500
0 0.689063 0.861328 0.050000 0.062500
0 0.701562 0.857422 0.050000 0.062500
0 0.707812 0.871094 0.050000 0.062500
0 0.729688 0.865234 0.050000 0.062500
0 0.725000 0.880859 0.050000 0.062500
0 0.671875 0.763672 0.050000 0.062500
0 0.695312 0.732422 0.050000 0.062500
0 0.743750 0.699219 0.050000 0.062500
0 0.754687 0.712891 0.050000 0.062500
0 0.732812 0.726562 0.050000 0.062500
0 0.782813 0.707031 0.050000 0.062500
0 0.607812 0.833984 0.050000 0.062500
0 0.634375 0.832031 0.050000 0.062500
0 0.654687 0.826172 0.050000 0.062500
0 0.657813 0.837891 0.050000 0.062500
0 0.659375 0.851562 0.050000 0.062500
0 0.659375 0.869141 0.050000 0.062500
0 0.623437 0.859375 0.050000 0.062500
0 0.603125 0.855469 0.050000 0.062500
0 0.585938 0.871094 0.050000 0.062500
0 0.603125 0.884766 0.050000 0.062500
0 0.490625 0.878906 0.050000 0.062500
0 0.451562 0.896484 0.050000 0.062500
0 0.435937 0.914062 0.050000 0.062500
0 0.479687 0.914062 0.050000 0.062500
0 0.509375 0.908203 0.050000 0.062500
0 0.565625 0.908203 0.050000 0.062500
0 0.181250 0.197266 0.050000 0.062500
0 0.254688 0.322266 0.050000 0.062500
0 0.285938 0.347656 0.050000 0.062500
0 0.328125 0.267578 0.050000 0.062500
0 0.365625 0.242188 0.050000 0.062500
0 0.375000 0.123047 0.050000 0.062500
0 0.150000 0.020508 0.050000 0.041016
0 0.404687 0.355469 0.050000 0.062500
0 0.428125 0.347656 0.050000 0.062500
0 0.618750 0.953125 0.050000 0.062500
