0 0.909375 0.070312 0.050000 0.062500
0 0.932813 0.093750 0.050000 0.062500
0 0.934375 0.123047 0.050000 0.062500
0 0.980469 0.185547 0.039062 0.062500
0 0.982812 0.232422 0.034375 0.062500
0 0.964063 0.269531 0.050000 0.062500
0 0.968750 0.318359 0.050000 0.062500
0 0.950000 0.361328 0.050000 0.062500
0 0.889062 0.267578 0.050000 0.062500
0 0.890625 0.402344 0.050000 0.062500
0 0.879687 0.457031 0.050000 0.062500
0 0.878125 0.583984 0.050000 0.062500
0 0.875000 0.611328 0.050000 0.062500
0 0.875000 0.658203 0.050000 0.062500
0 0.706250 0.339844 0.050000 0.062500
0 0.643750 0.173828 0.050000 0.062500
0 0.492188 0.679688 0.050000 0.062500
0 0.439063 0.726562 0.050000 0.062500
0 0.506250 0.927734 0.050000 0.062500
0 0.453125 0.933594 0.050000 0.062500
0 0.462500 0.974609 0.050000 0.050781
0 0.182812 0.763672 0.050000 0.062500
0 0.387500 0.583984 0.050000 0.062500
0 0.339062 0.275391 0.050000 0.062500
0 0.968750 0.806641 0.050000 0.062500
0 0.835938 0.865234 0.050000 0.062500
