0 0.156250 0.050781 0.050000 0.062500
0 0.370312 0.123047 0.050000 0.062500
0 0.193750 0.226562 0.050000 0.062500
0 0.246875 0.326172 0.050000 0.062500
0 0.317188 0.382812 0.050000 0.062500
0 0.354687 0.312500 0.050000 0.062500
0 0.414062 0.287109 0.050000 0.062500
0 0.425000 0.384766 0.050000 0.062500
0 0.440625 0.376953 0.050000 0.062500
0 0.457813 0.367188 0.050000 0.062500
0 0.529687 0.494141 0.050000 0.062500
0 0.517188 0.515625 0.050000 0.062500
0 0.520312 0.531250 0.050000 0.062500
0 0.606250 0.501953 0.050000 0.062500
0 0.656250 0.451172 0.050000 0.062500
0 0.770312 0.507812 0.050000 0.062500
0 0.760938 0.611328 0.050000 0.062500
0 0.785937 0.611328 0.050000 0.062500
0 0.834375 0.597656 0.050000 0.062500
0 0.782813 0.339844 0.050000 0.062500
0 0.800000 0.335938 0.050000 0.062500
0 0.795312 0.302734 0.050000 0.062500
0 0.814063 0.314453 0.050000 0.062500
0 0.818750 0.328125 0.050000 0.062500
0 0.815625 0.140625 0.050000 0.062500
0 0.817187 0.160156 0.050000 0.062500
0 0.980469 0.091797 0.039062 0.062500
0 0.964063 0.058594 0.050000 0.062500
0 0.737500 0.699219 0.050000 0.062500
0 0.751563 0.707031 0.050000 0.062500
0 0.782813 0.705078 0.050000 0.062500
0 0.695312 0.726562 0.050000 0.062500
0 0.678125 0.763672 0.050000 0.062500
0 0.028125 0.496094 0.050000 0.062500
0 0.728125 0.728516 0.050000 0.062500
0 0.487500 0.914062 0.050000 0.062500
0 0.451562 0.900391 0.050000 0.062500
0 0.468750 0.886719 0.050000 0.062500
0 0.614062 0.935547 0.050000 0.062500
0 0.717187 0.962891 0.050000 0.062500
0 0.687500 0.968750 0.050000 0.062500
0 0.662500 0.973633 0.050000 0.052734
0 0.510938 0.921875 0.050000 0.062500
0 0.595313 0.896484 0.050000 0.062500
0 0.614062 0.900391 0.050000 0.062500
0 0.604688 0.847656 0.050000 0.062500
0 0.629687 0.843750 0.050000 0.062500
0 0.659375 0.847656 0.050000 0.062500
0 0.670312 0.847656 0.050000 0.062500
0 0.678125 0.861328 0.050000 0.062500
0 0.687500 0.839844 0.050000 0.062500
0 0.704688 0.832031 0.050000 0.062500
0 0.701562 0.857422 0.050000 0.062500
0 0.734375 0.867188 0.050000 0.062500
0 0.687500 0.867188 0.050000 0.062500
0 0.840625 0.882812 0.050000 0.062500
0 0.885938 0.886719 0.050000 0.062500
