0 0.157812 0.056641 0.050000 0.062500
0 0.196875 0.240234 0.050000 0.062500
0 0.248438 0.324219 0.050000 0.062500
0 0.321875 0.394531 0.050000 0.062500
0 0.360938 0.326172 0.050000 0.062500
0 0.425000 0.302734 0.050000 0.062500
0 0.432812 0.396484 0.050000 0.062500
0 0.451562 0.384766 0.050000 0.062500
0 0.462500 0.375000 0.050000 0.062500
0 0.532813 0.529297 0.050000 0.062500
0 0.545312 0.507812 0.050000 0.062500
0 0.612500 0.507812 0.050000 0.062500
0 0.667188 0.453125 0.050000 0.062500
0 0.790625 0.509766 0.050000 0.062500
0 0.790625 0.613281 0.050000 0.062500
0 0.768750 0.617188 0.050000 0.062500
0 0.840625 0.599609 0.050000 0.062500
0 0.784375 0.335938 0.050000 0.062500
0 0.798438 0.335938 0.050000 0.062500
0 0.818750 0.318359 0.050000 0.062500
0 0.792188 0.308594 0.050000 0.062500
0 0.814063 0.156250 0.050000 0.062500
0 0.817187 0.138672 0.050000 0.062500
0 0.980469 0.095703 0.039062 0.062500
0 0.962500 0.048828 0.050000 0.062500
0 0.985938 0.115234 0.028125 0.062500
0 0.371875 0.123047 0.050000 0.062500
0 0.529687 0.626953 0.050000 0.062500
0 0.609375 0.630859 0.050000 0.062500
0 0.695312 0.726562 0.050000 0.062500
0 0.678125 0.761719 0.050000 0.062500
0 0.778125 0.707031 0.050000 0.062500
0 0.742188 0.701172 0.050000 0.062500
0 0.715625 0.960938 0.050000 0.062500
0 0.693750 0.960938 0.050000 0.062500
0 0.607812 0.958984 0.050000 0.062500
0 0.484375 0.917969 0.050000 0.062500
0 0.510938 0.921875 0.050000 0.062500
0 0.489063 0.880859 0.050000 0.062500
0 0.453125 0.900391 0.050000 0.062500
0 0.565625 0.912109 0.050000 0.062500
0 0.598437 0.900391 0.050000 0.062500
0 0.618750 0.908203 0.050000 0.062500
0 0.600000 0.937500 0.050000 0.062500
0 0.731250 0.867188 0.050000 0.062500
0 0.603125 0.847656 0.050000 0.062500
0 0.625000 0.849609 0.050000 0.062500
0 0.656250 0.849609 0.050000 0.062500
0 0.673438 0.847656 0.050000 0.062500
0 0.671875 0.873047 0.050000 0.062500
0 0.678125 0.892578 0.050000 0.062500
0 0.687500 0.867188 0.050000 0.062500
0 0.700000 0.833984 0.050000 0.062500
0 0.707812 0.861328 0.050000 0.062500
0 0.693750 0.853516 0.050000 0.062500
0 0.684375 0.845703 0.050000 0.062500
0 0.732812 0.728516 0.050000 0.062500
