0 0.964063 0.062500 0.050000 0.062500
0 0.978906 0.101562 0.042188 0.062500
0 0.985156 0.125000 0.029687 0.062500
0 0.812500 0.142578 0.050000 0.062500
0 0.814063 0.166016 0.050000 0.062500
0 0.867188 0.140625 0.050000 0.062500
0 0.656250 0.085938 0.050000 0.062500
0 0.746875 0.164062 0.050000 0.062500
0 0.375000 0.128906 0.050000 0.062500
0 0.157812 0.080078 0.050000 0.062500
0 0.453125 0.335938 0.050000 0.062500
0 0.792188 0.312500 0.050000 0.062500
0 0.781250 0.339844 0.050000 0.062500
0 0.796875 0.339844 0.050000 0.062500
0 0.818750 0.326172 0.050000 0.062500
0 0.823438 0.519531 0.050000 0.062500
0 0.476562 0.396484 0.050000 0.062500
0 0.464062 0.402344 0.050000 0.062500
0 0.565625 0.533203 0.050000 0.062500
0 0.564063 0.550781 0.050000 0.062500
0 0.634375 0.525391 0.050000 0.062500
0 0.685937 0.470703 0.050000 0.062500
0 0.857812 0.605469 0.050000 0.062500
0 0.812500 0.626953 0.050000 0.062500
0 0.784375 0.640625 0.050000 0.062500
0 0.775000 0.712891 0.050000 0.062500
0 0.750000 0.712891 0.050000 0.062500
0 0.690625 0.736328 0.050000 0.062500
0 0.676562 0.773438 0.050000 0.062500
0 0.534375 0.648438 0.050000 0.062500
0 0.539062 0.773438 0.050000 0.062500
0 0.717187 0.972656 0.050000 0.054688
0 0.695312 0.971680 0.050000 0.056641
0 0.670312 0.972656 0.050000 0.054688
0 0.657813 0.972656 0.050000 0.054688
0 0.601562 0.975586 0.050000 0.048828
0 0.450000 0.900391 0.050000 0.062500
0 0.470313 0.894531 0.050000 0.062500
0 0.479687 0.921875 0.050000 0.062500
0 0.510938 0.929688 0.050000 0.062500
0 0.601562 0.914062 0.050000 0.062500
0 0.618750 0.929688 0.050000 0.062500
0 0.598437 0.951172 0.050000 0.062500
0 0.828125 0.969727 0.050000 0.060547
0 0.845313 0.973633 0.050000 0.052734
0 0.023438 0.498047 0.046875 0.062500
0 0.698438 0.933594 0.050000 0.062500
0 0.603125 0.847656 0.050000 0.062500
0 0.625000 0.847656 0.050000 0.062500
0 0.651563 0.857422 0.050000 0.062500
0 0.668750 0.857422 0.050000 0.062500
0 0.675000 0.890625 0.050000 0.062500
0 0.723437 0.876953 0.050000 0.062500
0 0.703125 0.863281 0.050000 0.062500
0 0.696875 0.833984 0.050000 0.062500
0 0.687500 0.847656 0.050000 0.062500
0 0.682813 0.867188 0.050000 0.062500
0 0.656250 0.876953 0.050000 0.062500
0 0.693750 0.884766 0.050000 0.062500
0 0.562500 0.908203 0.050000 0.062500
