0 0.170313 0.109375 0.050000 0.062500
0 0.371875 0.132812 0.050000 0.062500
0 0.223438 0.291016 0.050000 0.062500
0 0.398438 0.394531 0.050000 0.062500
0 0.365625 0.449219 0.050000 0.062500
0 0.479687 0.439453 0.050000 0.062500
0 0.489063 0.425781 0.050000 0.062500
0 0.506250 0.419922 0.050000 0.062500
0 0.792188 0.324219 0.050000 0.062500
0 0.782813 0.351562 0.050000 0.062500
0 0.800000 0.345703 0.050000 0.062500
0 0.812500 0.335938 0.050000 0.062500
0 0.809375 0.167969 0.050000 0.062500
0 0.978125 0.109375 0.043750 0.062500
0 0.965625 0.076172 0.050000 0.062500
0 0.984375 0.126953 0.031250 0.062500
0 0.867188 0.537109 0.050000 0.062500
0 0.878125 0.619141 0.050000 0.062500
0 0.829688 0.640625 0.050000 0.062500
0 0.800000 0.662109 0.050000 0.062500
0 0.665625 0.539062 0.050000 0.062500
0 0.709375 0.482422 0.050000 0.062500
0 0.596875 0.550781 0.050000 0.062500
0 0.595313 0.570312 0.050000 0.062500
0 0.484375 0.369141 0.050000 0.062500
0 0.021094 0.505859 0.042188 0.062500
0 0.185938 0.015625 0.050000 0.031250
0 0.662500 0.666016 0.050000 0.062500
0 0.695312 0.744141 0.050000 0.062500
0 0.675000 0.773438 0.050000 0.062500
0 0.535937 0.685547 0.050000 0.062500
0 0.539062 0.753906 0.050000 0.062500
0 0.726562 0.744141 0.050000 0.062500
0 0.748437 0.726562 0.050000 0.062500
0 0.776563 0.720703 0.050000 0.062500
0 0.715625 0.972656 0.050000 0.054688
0 0.690625 0.976562 0.050000 0.046875
0 0.656250 0.978516 0.050000 0.042969
0 0.673438 0.978516 0.050000 0.042969
0 0.617188 0.955078 0.050000 0.062500
0 0.606250 0.931641 0.050000 0.062500
0 0.446875 0.917969 0.050000 0.062500
0 0.470313 0.933594 0.050000 0.062500
0 0.506250 0.929688 0.050000 0.062500
0 0.467187 0.906250 0.050000 0.062500
0 0.601562 0.861328 0.050000 0.062500
0 0.623437 0.861328 0.050000 0.062500
0 0.646875 0.855469 0.050000 0.062500
0 0.676562 0.849609 0.050000 0.062500
0 0.696875 0.847656 0.050000 0.062500
0 0.673438 0.900391 0.050000 0.062500
0 0.690625 0.900391 0.050000 0.062500
0 0.693750 0.869141 0.050000 0.062500
0 0.704688 0.875000 0.050000 0.062500
0 0.651563 0.865234 0.050000 0.062500
0 0.673438 0.871094 0.050000 0.062500
0 0.665625 0.865234 0.050000 0.062500
0 0.670312 0.884766 0.050000 0.062500
0 0.682813 0.880859 0.050000 0.062500
0 0.656250 0.880859 0.050000 0.062500
0 0.682813 0.861328 0.050000 0.062500
0 0.726562 0.880859 0.050000 0.062500
