0 0.023438 0.500000 0.046875 0.062500
0 0.448437 0.914062 0.050000 0.062500
0 0.468750 0.935547 0.050000 0.062500
0 0.482812 0.933594 0.050000 0.062500
0 0.479687 0.896484 0.050000 0.062500
0 0.506250 0.925781 0.050000 0.062500
0 0.559375 0.927734 0.050000 0.062500
0 0.607812 0.941406 0.050000 0.062500
0 0.618750 0.960938 0.050000 0.062500
0 0.068750 0.016602 0.050000 0.033203
0 0.084375 0.018555 0.050000 0.037109
0 0.682813 0.765625 0.050000 0.062500
0 0.965625 0.074219 0.050000 0.062500
0 0.976562 0.107422 0.046875 0.062500
0 0.983594 0.126953 0.032813 0.062500
0 0.792188 0.322266 0.050000 0.062500
0 0.781250 0.355469 0.050000 0.062500
0 0.812500 0.330078 0.050000 0.062500
0 0.796875 0.345703 0.050000 0.062500
0 0.814063 0.152344 0.050000 0.062500
0 0.812500 0.166016 0.050000 0.062500
0 0.509375 0.382812 0.050000 0.062500
0 0.518750 0.425781 0.050000 0.062500
0 0.500000 0.429688 0.050000 0.062500
0 0.493750 0.449219 0.050000 0.062500
0 0.414062 0.412109 0.050000 0.062500
0 0.381250 0.457031 0.050000 0.062500
0 0.721875 0.490234 0.050000 0.062500
0 0.675000 0.539062 0.050000 0.062500
0 0.612500 0.556641 0.050000 0.062500
0 0.607812 0.578125 0.050000 0.062500
0 0.679688 0.666016 0.050000 0.062500
0 0.812500 0.664062 0.050000 0.062500
0 0.842187 0.640625 0.050000 0.062500
0 0.881250 0.617188 0.050000 0.062500
0 0.890625 0.539062 0.050000 0.062500
0 0.528125 0.697266 0.050000 0.062500
0 0.540625 0.753906 0.050000 0.062500
0 0.750000 0.716797 0.050000 0.062500
0 0.726562 0.742188 0.050000 0.062500
0 0.596875 0.849609 0.050000 0.062500
0 0.603125 0.873047 0.050000 0.062500
0 0.626563 0.841797 0.050000 0.062500
0 0.620313 0.869141 0.050000 0.062500
0 0.643750 0.871094 0.050000 0.062500
0 0.653125 0.857422 0.050000 0.062500
0 0.654687 0.884766 0.050000 0.062500
0 0.667188 0.867188 0.050000 0.062500
0 0.678125 0.843750 0.050000 0.062500
0 0.687500 0.861328 0.050000 0.062500
0 0.684375 0.875000 0.050000 0.062500
0 0.675000 0.880859 0.050000 0.062500
0 0.678125 0.900391 0.050000 0.062500
0 0.693750 0.896484 0.050000 0.062500
0 0.703125 0.876953 0.050000 0.062500
0 0.695312 0.876953 0.050000 0.062500
0 0.698438 0.851562 0.050000 0.062500
0 0.717187 0.894531 0.050000 0.062500
0 0.731250 0.873047 0.050000 0.062500
0 0.171875 0.125000 0.050000 0.062500
0 0.187500 0.015625 0.050000 0.031250
0 0.368750 0.138672 0.050000 0.062500
0 0.229687 0.300781 0.050000 0.062500
0 0.239063 0.341797 0.050000 0.062500
0 0.867188 0.146484 0.050000 0.062500
0 0.689063 0.742188 0.050000 0.062500
0 0.468750 0.908203 0.050000 0.062500
0 0.440625 0.890625 0.050000 0.062500
