0 0.065625 0.018555 0.050000 0.037109
0 0.171875 0.132812 0.050000 0.062500
0 0.193750 0.020508 0.050000 0.041016
0 0.370312 0.134766 0.050000 0.062500
0 0.242188 0.312500 0.050000 0.062500
0 0.246875 0.339844 0.050000 0.062500
0 0.428125 0.421875 0.050000 0.062500
0 0.384375 0.462891 0.050000 0.062500
0 0.501563 0.453125 0.050000 0.062500
0 0.510938 0.435547 0.050000 0.062500
0 0.528125 0.429688 0.050000 0.062500
0 0.628125 0.554688 0.050000 0.062500
0 0.632812 0.585938 0.050000 0.062500
0 0.700000 0.542969 0.050000 0.062500
0 0.734375 0.484375 0.050000 0.062500
0 0.781250 0.341797 0.050000 0.062500
0 0.798438 0.341797 0.050000 0.062500
0 0.814063 0.333984 0.050000 0.062500
0 0.785937 0.318359 0.050000 0.062500
0 0.977344 0.103516 0.045312 0.062500
0 0.915625 0.535156 0.050000 0.062500
0 0.879687 0.613281 0.050000 0.062500
0 0.859375 0.646484 0.050000 0.062500
0 0.825000 0.667969 0.050000 0.062500
0 0.700000 0.664062 0.050000 0.062500
0 0.689063 0.742188 0.050000 0.062500
0 0.679688 0.761719 0.050000 0.062500
0 0.554688 0.738281 0.050000 0.062500
0 0.528125 0.708984 0.050000 0.062500
0 0.601562 0.847656 0.050000 0.062500
0 0.603125 0.861328 0.050000 0.062500
0 0.629687 0.839844 0.050000 0.062500
0 0.625000 0.861328 0.050000 0.062500
0 0.634375 0.878906 0.050000 0.062500
0 0.651563 0.853516 0.050000 0.062500
0 0.656250 0.876953 0.050000 0.062500
0 0.667188 0.857422 0.050000 0.062500
0 0.679688 0.841797 0.050000 0.062500
0 0.684375 0.857422 0.050000 0.062500
0 0.673438 0.876953 0.050000 0.062500
0 0.681250 0.875000 0.050000 0.062500
0 0.696875 0.843750 0.050000 0.062500
0 0.696875 0.843750 0.050000 0.062500
0 0.704688 0.853516 0.050000 0.062500
0 0.693750 0.865234 0.050000 0.062500
0 0.701562 0.873047 0.050000 0.062500
0 0.687500 0.894531 0.050000 0.062500
0 0.668750 0.900391 0.050000 0.062500
0 0.721875 0.888672 0.050000 0.062500
0 0.729688 0.871094 0.050000 0.062500
0 0.726562 0.736328 0.050000 0.062500
0 0.750000 0.712891 0.050000 0.062500
0 0.775000 0.716797 0.050000 0.062500
0 0.476562 0.892578 0.050000 0.062500
0 0.456250 0.882812 0.050000 0.062500
0 0.450000 0.908203 0.050000 0.062500
0 0.435937 0.927734 0.050000 0.062500
0 0.468750 0.929688 0.050000 0.062500
0 0.479687 0.929688 0.050000 0.062500
0 0.504687 0.912109 0.050000 0.062500
0 0.557813 0.912109 0.050000 0.062500
0 0.571875 0.941406 0.050000 0.062500
0 0.620313 0.960938 0.050000 0.062500
0 0.695312 0.937500 0.050000 0.062500
0 0.612500 0.935547 0.050000 0.062500
0 0.432812 0.890625 0.050000 0.062500
0 0.503125 0.929688 0.050000 0.062500
0 0.864062 0.146484 0.050000 0.062500
0 0.932813 0.136719 0.050000 0.062500
0 0.087500 0.017578 0.050000 0.035156
