0 0.781250 0.867188 0.050000 0.062500
0 0.798438 0.857422 0.050000 0.062500
0 0.810937 0.851562 0.050000 0.062500
0 0.810937 0.669922 0.050000 0.062500
0 0.860938 0.662109 0.050000 0.062500
0 0.976562 0.605469 0.046875 0.062500
0 0.107813 0.193359 0.050000 0.062500
0 0.028125 0.419922 0.050000 0.062500
0 0.090625 0.539062 0.050000 0.062500
0 0.071875 0.546875 0.050000 0.062500
0 0.235937 0.859375 0.050000 0.062500
0 0.262500 0.869141 0.050000 0.062500
0 0.365625 0.658203 0.050000 0.062500
0 0.203125 0.560547 0.050000 0.062500
0 0.459375 0.975586 0.050000 0.048828
0 0.540625 0.976562 0.050000 0.046875
0 0.184375 0.654297 0.050000 0.062500
0 0.073438 0.355469 0.050000 0.062500
0 0.100000 0.285156 0.050000 0.062500
0 0.064062 0.105469 0.050000 0.062500
0 0.414062 0.984375 0.050000 0.031250
0 0.778125 0.975586 0.050000 0.048828
0 0.789062 0.812500 0.050000 0.062500
