0 0.446875 0.369141 0.050000 0.062500
0 0.531250 0.410156 0.050000 0.062500
0 0.209375 0.564453 0.050000 0.062500
0 0.282813 0.517578 0.050000 0.062500
0 0.170313 0.402344 0.050000 0.062500
0 0.209375 0.341797 0.050000 0.062500
0 0.182812 0.193359 0.050000 0.062500
0 0.289062 0.210938 0.050000 0.062500
0 0.328125 0.123047 0.050000 0.062500
0 0.365625 0.111328 0.050000 0.062500
0 0.382812 0.072266 0.050000 0.062500
0 0.473438 0.016602 0.050000 0.033203
0 0.487500 0.021484 0.050000 0.042969
0 0.729688 0.146484 0.050000 0.062500
0 0.775000 0.093750 0.050000 0.062500
0 0.759375 0.105469 0.050000 0.062500
0 0.770312 0.023438 0.050000 0.046875
0 0.925000 0.398438 0.050000 0.062500
0 0.743750 0.443359 0.050000 0.062500
0 0.100000 0.875000 0.050000 0.062500
0 0.056250 0.792969 0.050000 0.062500
0 0.079687 0.513672 0.050000 0.062500
0 0.112500 0.585938 0.050000 0.062500
0 0.126562 0.578125 0.050000 0.062500
0 0.232813 0.439453 0.050000 0.062500
0 0.232813 0.214844 0.050000 0.062500
0 0.264062 0.164062 0.050000 0.062500
0 0.435937 0.167969 0.050000 0.062500
0 0.521875 0.130859 0.050000 0.062500
0 0.817187 0.099609 0.050000 0.062500
0 0.896875 0.306641 0.050000 0.062500
0 0.950000 0.314453 0.050000 0.062500
0 0.859375 0.455078 0.050000 0.062500
0 0.610938 0.515625 0.050000 0.062500
0 0.618750 0.626953 0.050000 0.062500
0 0.651563 0.623047 0.050000 0.062500
0 0.715625 0.671875 0.050000 0.062500
0 0.695312 0.839844 0.050000 0.062500
