0 0.526563 0.294922 0.050000 0.062500
0 0.471875 0.347656 0.050000 0.062500
0 0.468750 0.396484 0.050000 0.062500
0 0.431250 0.529297 0.050000 0.062500
0 0.435937 0.562500 0.050000 0.062500
0 0.314063 0.544922 0.050000 0.062500
0 0.264062 0.542969 0.050000 0.062500
0 0.321875 0.769531 0.050000 0.062500
0 0.253125 0.787109 0.050000 0.062500
0 0.260937 0.812500 0.050000 0.062500
0 0.390625 0.945312 0.050000 0.062500
0 0.693750 0.753906 0.050000 0.062500
0 0.721875 0.810547 0.050000 0.062500
0 0.646875 0.687500 0.050000 0.062500
0 0.892188 0.267578 0.050000 0.062500
0 0.920312 0.107422 0.050000 0.062500
0 0.759375 0.117188 0.050000 0.062500
0 0.657813 0.101562 0.050000 0.062500
0 0.479687 0.113281 0.050000 0.062500
0 0.495312 0.070312 0.050000 0.062500
0 0.379688 0.018555 0.050000 0.037109
0 0.282813 0.021484 0.050000 0.042969
0 0.167187 0.026367 0.050000 0.052734
0 0.107813 0.138672 0.050000 0.062500
0 0.229687 0.138672 0.050000 0.062500
0 0.256250 0.220703 0.050000 0.062500
0 0.218750 0.281250 0.050000 0.062500
0 0.020313 0.625000 0.040625 0.062500
0 0.107813 0.611328 0.050000 0.062500
0 0.042188 0.181641 0.050000 0.062500
0 0.018750 0.164062 0.037500 0.062500
0 0.148438 0.083984 0.050000 0.062500
0 0.112500 0.181641 0.050000 0.062500
0 0.232813 0.226562 0.050000 0.062500
0 0.289062 0.232422 0.050000 0.062500
0 0.057813 0.396484 0.050000 0.062500
0 0.646875 0.744141 0.050000 0.062500
0 0.276562 0.763672 0.050000 0.062500
0 0.229687 0.736328 0.050000 0.062500
0 0.360938 0.787109 0.050000 0.062500
0 0.343750 0.775391 0.050000 0.062500
0 0.075000 0.025391 0.050000 0.050781
0 0.381250 0.035156 0.050000 0.062500
