0 0.675000 0.970703 0.050000 0.058594
0 0.629687 0.977539 0.050000 0.044922
0 0.695312 0.980469 0.050000 0.039062
0 0.584375 0.880859 0.050000 0.062500
0 0.870313 0.880859 0.050000 0.062500
0 0.853125 0.849609 0.050000 0.062500
0 0.796875 0.792969 0.050000 0.062500
0 0.789062 0.773438 0.050000 0.062500
0 0.773438 0.759766 0.050000 0.062500
0 0.665625 0.759766 0.050000 0.062500
0 0.629687 0.751953 0.050000 0.062500
0 0.648438 0.726562 0.050000 0.062500
0 0.464062 0.968750 0.050000 0.062500
0 0.439063 0.917969 0.050000 0.062500
0 0.384375 0.966797 0.050000 0.062500
0 0.254688 0.968750 0.050000 0.062500
0 0.268750 0.945312 0.050000 0.062500
0 0.275000 0.896484 0.050000 0.062500
0 0.279687 0.871094 0.050000 0.062500
0 0.178125 0.878906 0.050000 0.062500
0 0.173437 0.853516 0.050000 0.062500
0 0.021094 0.975586 0.042188 0.048828
0 0.025000 0.955078 0.050000 0.062500
0 0.013281 0.925781 0.026562 0.062500
0 0.040625 0.894531 0.050000 0.062500
0 0.076563 0.828125 0.050000 0.062500
0 0.062500 0.863281 0.050000 0.062500
0 0.101562 0.787109 0.050000 0.062500
0 0.089063 0.765625 0.050000 0.062500
0 0.021094 0.822266 0.042188 0.062500
0 0.017969 0.759766 0.035937 0.062500
0 0.035937 0.671875 0.050000 0.062500
0 0.013281 0.630859 0.026562 0.062500
0 0.090625 0.687500 0.050000 0.062500
0 0.145313 0.736328 0.050000 0.062500
0 0.123438 0.746094 0.050000 0.062500
0 0.264062 0.681641 0.050000 0.062500
0 0.301563 0.685547 0.050000 0.062500
0 0.296875 0.648438 0.050000 0.062500
0 0.296875 0.666016 0.050000 0.062500
0 0.167187 0.597656 0.050000 0.062500
0 0.167187 0.566406 0.050000 0.062500
0 0.132812 0.587891 0.050000 0.062500
0 0.103125 0.611328 0.050000 0.062500
0 0.101562 0.583984 0.050000 0.062500
0 0.100000 0.576172 0.050000 0.062500
0 0.085938 0.583984 0.050000 0.062500
0 0.134375 0.560547 0.050000 0.062500
0 0.145313 0.527344 0.050000 0.062500
0 0.160938 0.503906 0.050000 0.062500
0 0.273438 0.531250 0.050000 0.062500
0 0.265625 0.496094 0.050000 0.062500
0 0.253125 0.468750 0.050000 0.062500
0 0.398438 0.535156 0.050000 0.062500
0 0.406250 0.517578 0.050000 0.062500
0 0.495312 0.449219 0.050000 0.062500
0 0.356250 0.357422 0.050000 0.062500
0 0.343750 0.341797 0.050000 0.062500
0 0.307812 0.326172 0.050000 0.062500
0 0.262500 0.302734 0.050000 0.062500
0 0.312500 0.257812 0.050000 0.062500
0 0.178125 0.289062 0.050000 0.062500
0 0.117188 0.476562 0.050000 0.062500
0 0.075000 0.519531 0.050000 0.062500
0 0.059375 0.552734 0.050000 0.062500
0 0.056250 0.542969 0.050000 0.062500
0 0.031250 0.509766 0.050000 0.062500
0 0.020313 0.507812 0.040625 0.062500
0 0.053125 0.462891 0.050000 0.062500
0 0.064062 0.451172 0.050000 0.062500
0 0.148438 0.408203 0.050000 0.062500
0 0.081250 0.396484 0.050000 0.062500
0 0.067187 0.398438 0.050000 0.062500
0 0.026562 0.396484 0.050000 0.062500
0 0.020313 0.373047 0.040625 0.062500
0 0.034375 0.324219 0.050000 0.062500
0 0.070312 0.333984 0.050000 0.062500
0 0.114062 0.357422 0.050000 0.062500
0 0.114062 0.388672 0.050000 0.062500
0 0.114062 0.445312 0.050000 0.062500
0 0.107813 0.326172 0.050000 0.062500
0 0.109375 0.287109 0.050000 0.062500
0 0.073438 0.298828 0.050000 0.062500
0 0.081250 0.310547 0.050000 0.062500
0 0.085938 0.267578 0.050000 0.062500
0 0.107813 0.250000 0.050000 0.062500
0 0.084375 0.234375 0.050000 0.062500
0 0.104688 0.220703 0.050000 0.062500
0 0.117188 0.189453 0.050000 0.062500
0 0.070312 0.195312 0.050000 0.062500
0 0.081250 0.173828 0.050000 0.062500
0 0.042188 0.208984 0.050000 0.062500
0 0.043750 0.179688 0.050000 0.062500
0 0.050000 0.166016 0.050000 0.062500
0 0.025000 0.175781 0.050000 0.062500
0 0.025000 0.146484 0.050000 0.062500
0 0.019531 0.125000 0.039062 0.062500
0 0.026562 0.109375 0.050000 0.062500
0 0.048438 0.091797 0.050000 0.062500
0 0.068750 0.099609 0.050000 0.062500
0 0.134375 0.138672 0.050000 0.062500
0 0.120313 0.128906 0.050000 0.062500
0 0.182812 0.175781 0.050000 0.062500
0 0.182812 0.156250 0.050000 0.062500
0 0.226562 0.162109 0.050000 0.062500
0 0.225000 0.146484 0.050000 0.062500
0 0.285938 0.183594 0.050000 0.062500
0 0.303125 0.162109 0.050000 0.062500
0 0.306250 0.183594 0.050000 0.062500
0 0.337500 0.173828 0.050000 0.062500
0 0.348438 0.187500 0.050000 0.062500
0 0.371875 0.162109 0.050000 0.062500
0 0.396875 0.173828 0.050000 0.062500
0 0.446875 0.171875 0.050000 0.062500
0 0.440625 0.121094 0.050000 0.062500
0 0.490625 0.179688 0.050000 0.062500
0 0.535937 0.187500 0.050000 0.062500
0 0.579688 0.177734 0.050000 0.062500
0 0.735938 0.244141 0.050000 0.062500
0 0.750000 0.234375 0.050000 0.062500
0 0.764062 0.220703 0.050000 0.062500
0 0.451562 0.146484 0.050000 0.062500
0 0.742188 0.197266 0.050000 0.062500
0 0.662500 0.128906 0.050000 0.062500
0 0.609375 0.080078 0.050000 0.062500
0 0.396875 0.080078 0.050000 0.062500
0 0.193750 0.091797 0.050000 0.062500
0 0.350000 0.078125 0.050000 0.062500
0 0.054688 0.134766 0.050000 0.062500
0 0.809375 0.099609 0.050000 0.062500
0 0.856250 0.193359 0.050000 0.062500
0 0.875000 0.212891 0.050000 0.062500
