0 0.976562 0.941406 0.046875 0.062500
0 0.982812 0.958984 0.034375 0.062500
0 0.904687 0.878906 0.050000 0.062500
0 0.901563 0.851562 0.050000 0.062500
0 0.901563 0.804688 0.050000 0.062500
0 0.912500 0.769531 0.050000 0.062500
0 0.828125 0.746094 0.050000 0.062500
0 0.846875 0.697266 0.050000 0.062500
0 0.809375 0.687500 0.050000 0.062500
0 0.745313 0.759766 0.050000 0.062500
0 0.873437 0.910156 0.050000 0.062500
0 0.818750 0.904297 0.050000 0.062500
0 0.790625 0.968750 0.050000 0.062500
0 0.851562 0.980469 0.050000 0.039062
0 0.704688 0.939453 0.050000 0.062500
0 0.667188 0.939453 0.050000 0.062500
0 0.629687 0.923828 0.050000 0.062500
0 0.581250 0.968750 0.050000 0.062500
0 0.543750 0.923828 0.050000 0.062500
0 0.492188 0.929688 0.050000 0.062500
0 0.382812 0.960938 0.050000 0.062500
0 0.528125 0.867188 0.050000 0.062500
0 0.478125 0.855469 0.050000 0.062500
0 0.442188 0.873047 0.050000 0.062500
0 0.387500 0.828125 0.050000 0.062500
0 0.414062 0.802734 0.050000 0.062500
0 0.392188 0.783203 0.050000 0.062500
0 0.287500 0.873047 0.050000 0.062500
0 0.167187 0.697266 0.050000 0.062500
0 0.242188 0.582031 0.050000 0.062500
0 0.171875 0.496094 0.050000 0.062500
0 0.112500 0.574219 0.050000 0.062500
0 0.295312 0.480469 0.050000 0.062500
0 0.421875 0.582031 0.050000 0.062500
0 0.414062 0.613281 0.050000 0.062500
0 0.462500 0.644531 0.050000 0.062500
0 0.489063 0.685547 0.050000 0.062500
0 0.501563 0.751953 0.050000 0.062500
0 0.495312 0.779297 0.050000 0.062500
0 0.537500 0.781250 0.050000 0.062500
0 0.596875 0.822266 0.050000 0.062500
0 0.625000 0.835938 0.050000 0.062500
0 0.659375 0.871094 0.050000 0.062500
0 0.754687 0.841797 0.050000 0.062500
0 0.775000 0.847656 0.050000 0.062500
0 0.796875 0.835938 0.050000 0.062500
0 0.701562 0.726562 0.050000 0.062500
0 0.657813 0.759766 0.050000 0.062500
0 0.635938 0.777344 0.050000 0.062500
0 0.575000 0.748047 0.050000 0.062500
0 0.551562 0.722656 0.050000 0.062500
0 0.540625 0.667969 0.050000 0.062500
0 0.512500 0.642578 0.050000 0.062500
0 0.593750 0.705078 0.050000 0.062500
0 0.625000 0.708984 0.050000 0.062500
0 0.665625 0.718750 0.050000 0.062500
0 0.690625 0.673828 0.050000 0.062500
0 0.646875 0.658203 0.050000 0.062500
0 0.587500 0.658203 0.050000 0.062500
0 0.559375 0.603516 0.050000 0.062500
0 0.539062 0.597656 0.050000 0.062500
0 0.532813 0.566406 0.050000 0.062500
0 0.596875 0.576172 0.050000 0.062500
0 0.639062 0.560547 0.050000 0.062500
0 0.656250 0.591797 0.050000 0.062500
0 0.673438 0.634766 0.050000 0.062500
0 0.715625 0.625000 0.050000 0.062500
0 0.756250 0.599609 0.050000 0.062500
0 0.764062 0.642578 0.050000 0.062500
0 0.785937 0.642578 0.050000 0.062500
0 0.823438 0.617188 0.050000 0.062500
0 0.832812 0.583984 0.050000 0.062500
0 0.850000 0.595703 0.050000 0.062500
0 0.875000 0.603516 0.050000 0.062500
0 0.860938 0.638672 0.050000 0.062500
0 0.940625 0.660156 0.050000 0.062500
0 0.917188 0.636719 0.050000 0.062500
0 0.939063 0.603516 0.050000 0.062500
0 0.951562 0.570312 0.050000 0.062500
0 0.965625 0.648438 0.050000 0.062500
0 0.964063 0.666016 0.050000 0.062500
0 0.909375 0.554688 0.050000 0.062500
0 0.845313 0.537109 0.050000 0.062500
0 0.792188 0.519531 0.050000 0.062500
0 0.753125 0.523438 0.050000 0.062500
0 0.710938 0.556641 0.050000 0.062500
0 0.682813 0.558594 0.050000 0.062500
0 0.865625 0.507812 0.050000 0.062500
0 0.937500 0.482422 0.050000 0.062500
0 0.868750 0.470703 0.050000 0.062500
0 0.832812 0.500000 0.050000 0.062500
0 0.803125 0.476562 0.050000 0.062500
0 0.773438 0.484375 0.050000 0.062500
0 0.737500 0.488281 0.050000 0.062500
0 0.698438 0.488281 0.050000 0.062500
0 0.657813 0.498047 0.050000 0.062500
0 0.717187 0.458984 0.050000 0.062500
0 0.687500 0.457031 0.050000 0.062500
0 0.662500 0.457031 0.050000 0.062500
0 0.565625 0.498047 0.050000 0.062500
0 0.546875 0.482422 0.050000 0.062500
0 0.506250 0.488281 0.050000 0.062500
0 0.539062 0.513672 0.050000 0.062500
0 0.520312 0.453125 0.050000 0.062500
0 0.537500 0.443359 0.050000 0.062500
0 0.559375 0.429688 0.050000 0.062500
0 0.567187 0.445312 0.050000 0.062500
0 0.581250 0.435547 0.050000 0.062500
0 0.606250 0.421875 0.050000 0.062500
0 0.662500 0.416016 0.050000 0.062500
0 0.651563 0.435547 0.050000 0.062500
0 0.635938 0.402344 0.050000 0.062500
0 0.689063 0.404297 0.050000 0.062500
0 0.685937 0.429688 0.050000 0.062500
0 0.709375 0.429688 0.050000 0.062500
0 0.737500 0.417969 0.050000 0.062500
0 0.770312 0.421875 0.050000 0.062500
0 0.798438 0.394531 0.050000 0.062500
0 0.821875 0.410156 0.050000 0.062500
0 0.859375 0.443359 0.050000 0.062500
0 0.903125 0.435547 0.050000 0.062500
0 0.903125 0.402344 0.050000 0.062500
0 0.860938 0.404297 0.050000 0.062500
0 0.862500 0.369141 0.050000 0.062500
0 0.898438 0.359375 0.050000 0.062500
0 0.876563 0.333984 0.050000 0.062500
0 0.862500 0.345703 0.050000 0.062500
0 0.914062 0.332031 0.050000 0.062500
0 0.889062 0.318359 0.050000 0.062500
0 0.893750 0.294922 0.050000 0.062500
0 0.864062 0.310547 0.050000 0.062500
0 0.878125 0.281250 0.050000 0.062500
0 0.906250 0.265625 0.050000 0.062500
0 0.964063 0.224609 0.050000 0.062500
0 0.904687 0.193359 0.050000 0.062500
0 0.867188 0.240234 0.050000 0.062500
0 0.857812 0.265625 0.050000 0.062500
0 0.832812 0.166016 0.050000 0.062500
0 0.326562 0.361328 0.050000 0.062500
0 0.748437 0.378906 0.050000 0.062500
0 0.717187 0.382812 0.050000 0.062500
0 0.693750 0.380859 0.050000 0.062500
0 0.618750 0.376953 0.050000 0.062500
0 0.592187 0.373047 0.050000 0.062500
0 0.593750 0.378906 0.050000 0.062500
0 0.559375 0.386719 0.050000 0.062500
0 0.556250 0.408203 0.050000 0.062500
0 0.510938 0.396484 0.050000 0.062500
0 0.490625 0.398438 0.050000 0.062500
0 0.490625 0.416016 0.050000 0.062500
0 0.489063 0.433594 0.050000 0.062500
0 0.500000 0.443359 0.050000 0.062500
0 0.520312 0.349609 0.050000 0.062500
0 0.521875 0.330078 0.050000 0.062500
0 0.479687 0.345703 0.050000 0.062500
0 0.431250 0.402344 0.050000 0.062500
0 0.346875 0.304688 0.050000 0.062500
0 0.340625 0.287109 0.050000 0.062500
0 0.268750 0.275391 0.050000 0.062500
0 0.209375 0.222656 0.050000 0.062500
0 0.262500 0.201172 0.050000 0.062500
0 0.290625 0.205078 0.050000 0.062500
0 0.351562 0.207031 0.050000 0.062500
0 0.398438 0.179688 0.050000 0.062500
0 0.393750 0.212891 0.050000 0.062500
0 0.409375 0.193359 0.050000 0.062500
0 0.435937 0.197266 0.050000 0.062500
0 0.464062 0.207031 0.050000 0.062500
0 0.510938 0.212891 0.050000 0.062500
0 0.532813 0.203125 0.050000 0.062500
0 0.220312 0.136719 0.050000 0.062500
0 0.539062 0.236328 0.050000 0.062500
0 0.554688 0.212891 0.050000 0.062500
0 0.532813 0.267578 0.050000 0.062500
0 0.525000 0.285156 0.050000 0.062500
0 0.543750 0.308594 0.050000 0.062500
0 0.554688 0.308594 0.050000 0.062500
0 0.565625 0.345703 0.050000 0.062500
0 0.575000 0.328125 0.050000 0.062500
0 0.575000 0.289062 0.050000 0.062500
0 0.585938 0.275391 0.050000 0.062500
0 0.609375 0.253906 0.050000 0.062500
0 0.614062 0.281250 0.050000 0.062500
0 0.609375 0.308594 0.050000 0.062500
0 0.600000 0.330078 0.050000 0.062500
0 0.620313 0.335938 0.050000 0.062500
0 0.640625 0.310547 0.050000 0.062500
0 0.670312 0.332031 0.050000 0.062500
0 0.662500 0.312500 0.050000 0.062500
0 0.689063 0.341797 0.050000 0.062500
0 0.701562 0.341797 0.050000 0.062500
0 0.735938 0.335938 0.050000 0.062500
0 0.764062 0.355469 0.050000 0.062500
0 0.778125 0.322266 0.050000 0.062500
0 0.750000 0.285156 0.050000 0.062500
0 0.692187 0.306641 0.050000 0.062500
0 0.740625 0.259766 0.050000 0.062500
0 0.715625 0.273438 0.050000 0.062500
0 0.698438 0.271484 0.050000 0.062500
0 0.678125 0.269531 0.050000 0.062500
0 0.656250 0.279297 0.050000 0.062500
0 0.832812 0.306641 0.050000 0.062500
0 0.825000 0.275391 0.050000 0.062500
0 0.829688 0.253906 0.050000 0.062500
0 0.814063 0.242188 0.050000 0.062500
0 0.818750 0.214844 0.050000 0.062500
0 0.835938 0.224609 0.050000 0.062500
0 0.837500 0.207031 0.050000 0.062500
0 0.814063 0.167969 0.050000 0.062500
0 0.796875 0.191406 0.050000 0.062500
0 0.787500 0.166016 0.050000 0.062500
0 0.767188 0.224609 0.050000 0.062500
0 0.732812 0.140625 0.050000 0.062500
0 0.710938 0.091797 0.050000 0.062500
0 0.651563 0.087891 0.050000 0.062500
0 0.640625 0.144531 0.050000 0.062500
0 0.576562 0.259766 0.050000 0.062500
0 0.585938 0.242188 0.050000 0.062500
0 0.595313 0.230469 0.050000 0.062500
0 0.606250 0.218750 0.050000 0.062500
0 0.592187 0.212891 0.050000 0.062500
0 0.601562 0.179688 0.050000 0.062500
0 0.614062 0.177734 0.050000 0.062500
0 0.585938 0.181641 0.050000 0.062500
0 0.570312 0.148438 0.050000 0.062500
0 0.584375 0.119141 0.050000 0.062500
0 0.942187 0.089844 0.050000 0.062500
0 0.901563 0.044922 0.050000 0.062500
