0 0.295312 0.146484 0.050000 0.062500
0 0.370312 0.156250 0.050000 0.062500
0 0.518750 0.169922 0.050000 0.062500
0 0.542188 0.183594 0.050000 0.062500
0 0.554688 0.201172 0.050000 0.062500
0 0.535937 0.228516 0.050000 0.062500
0 0.434375 0.228516 0.050000 0.062500
0 0.485938 0.226562 0.050000 0.062500
0 0.607812 0.224609 0.050000 0.062500
0 0.621875 0.234375 0.050000 0.062500
0 0.489063 0.343750 0.050000 0.062500
0 0.446875 0.365234 0.050000 0.062500
0 0.253125 0.599609 0.050000 0.062500
0 0.035937 0.753906 0.050000 0.062500
0 0.134375 0.927734 0.050000 0.062500
0 0.187500 0.917969 0.050000 0.062500
0 0.360938 0.699219 0.050000 0.062500
0 0.484375 0.525391 0.050000 0.062500
0 0.442188 0.498047 0.050000 0.062500
0 0.506250 0.443359 0.050000 0.062500
0 0.417187 0.939453 0.050000 0.062500
0 0.443750 0.894531 0.050000 0.062500
0 0.479687 0.890625 0.050000 0.062500
0 0.517188 0.837891 0.050000 0.062500
0 0.528125 0.837891 0.050000 0.062500
0 0.634375 0.945312 0.050000 0.062500
0 0.582812 0.953125 0.050000 0.062500
0 0.592187 0.876953 0.050000 0.062500
0 0.681250 0.960938 0.050000 0.062500
0 0.832812 0.971680 0.050000 0.056641
0 0.787500 0.935547 0.050000 0.062500
0 0.803125 0.917969 0.050000 0.062500
0 0.798438 0.863281 0.050000 0.062500
0 0.831250 0.859375 0.050000 0.062500
0 0.912500 0.867188 0.050000 0.062500
0 0.925000 0.951172 0.050000 0.062500
0 0.953125 0.960938 0.050000 0.062500
0 0.975000 0.947266 0.050000 0.062500
0 0.983594 0.812500 0.032813 0.062500
0 0.975000 0.738281 0.050000 0.062500
0 0.940625 0.750000 0.050000 0.062500
0 0.873437 0.822266 0.050000 0.062500
0 0.900000 0.785156 0.050000 0.062500
0 0.859375 0.773438 0.050000 0.062500
0 0.829688 0.806641 0.050000 0.062500
0 0.793750 0.796875 0.050000 0.062500
0 0.764062 0.792969 0.050000 0.062500
0 0.735938 0.841797 0.050000 0.062500
0 0.707812 0.853516 0.050000 0.062500
0 0.712500 0.798828 0.050000 0.062500
0 0.673438 0.843750 0.050000 0.062500
0 0.659375 0.826172 0.050000 0.062500
0 0.646875 0.837891 0.050000 0.062500
0 0.642188 0.865234 0.050000 0.062500
0 0.659375 0.861328 0.050000 0.062500
0 0.646875 0.757812 0.050000 0.062500
0 0.628125 0.708984 0.050000 0.062500
0 0.587500 0.642578 0.050000 0.062500
0 0.592187 0.490234 0.050000 0.062500
0 0.646875 0.251953 0.050000 0.062500
0 0.659375 0.240234 0.050000 0.062500
0 0.715625 0.166016 0.050000 0.062500
0 0.729688 0.150391 0.050000 0.062500
0 0.764062 0.199219 0.050000 0.062500
0 0.800000 0.222656 0.050000 0.062500
0 0.779687 0.234375 0.050000 0.062500
0 0.817187 0.238281 0.050000 0.062500
0 0.835938 0.220703 0.050000 0.062500
0 0.829688 0.294922 0.050000 0.062500
0 0.796875 0.275391 0.050000 0.062500
0 0.781250 0.271484 0.050000 0.062500
0 0.743750 0.253906 0.050000 0.062500
0 0.725000 0.246094 0.050000 0.062500
0 0.695312 0.253906 0.050000 0.062500
0 0.728125 0.285156 0.050000 0.062500
0 0.726562 0.294922 0.050000 0.062500
0 0.662500 0.322266 0.050000 0.062500
0 0.653125 0.390625 0.050000 0.062500
0 0.667188 0.441406 0.050000 0.062500
0 0.668750 0.470703 0.050000 0.062500
0 0.684375 0.451172 0.050000 0.062500
0 0.698438 0.398438 0.050000 0.062500
0 0.737500 0.361328 0.050000 0.062500
0 0.746875 0.304688 0.050000 0.062500
0 0.765625 0.308594 0.050000 0.062500
0 0.781250 0.302734 0.050000 0.062500
0 0.796875 0.300781 0.050000 0.062500
0 0.781250 0.328125 0.050000 0.062500
0 0.764062 0.341797 0.050000 0.062500
0 0.754687 0.355469 0.050000 0.062500
0 0.764062 0.369141 0.050000 0.062500
0 0.751563 0.384766 0.050000 0.062500
0 0.751563 0.404297 0.050000 0.062500
0 0.729688 0.429688 0.050000 0.062500
0 0.742188 0.449219 0.050000 0.062500
0 0.737500 0.470703 0.050000 0.062500
0 0.737500 0.486328 0.050000 0.062500
0 0.718750 0.501953 0.050000 0.062500
0 0.701562 0.509766 0.050000 0.062500
0 0.678125 0.542969 0.050000 0.062500
0 0.714063 0.570312 0.050000 0.062500
0 0.710938 0.593750 0.050000 0.062500
0 0.706250 0.634766 0.050000 0.062500
0 0.701562 0.666016 0.050000 0.062500
0 0.675000 0.707031 0.050000 0.062500
0 0.704688 0.746094 0.050000 0.062500
0 0.753125 0.738281 0.050000 0.062500
0 0.823438 0.753906 0.050000 0.062500
0 0.845313 0.718750 0.050000 0.062500
0 0.892188 0.714844 0.050000 0.062500
0 0.931250 0.687500 0.050000 0.062500
0 0.983594 0.607422 0.032813 0.062500
0 0.984375 0.560547 0.031250 0.062500
0 0.985156 0.492188 0.029687 0.062500
0 0.973437 0.298828 0.050000 0.062500
0 0.932813 0.328125 0.050000 0.062500
0 0.917188 0.326172 0.050000 0.062500
0 0.900000 0.332031 0.050000 0.062500
0 0.873437 0.335938 0.050000 0.062500
0 0.873437 0.335938 0.050000 0.062500
0 0.851562 0.333984 0.050000 0.062500
0 0.803125 0.341797 0.050000 0.062500
0 0.801562 0.357422 0.050000 0.062500
0 0.823438 0.376953 0.050000 0.062500
0 0.793750 0.396484 0.050000 0.062500
0 0.782813 0.433594 0.050000 0.062500
0 0.746875 0.500000 0.050000 0.062500
0 0.765625 0.519531 0.050000 0.062500
0 0.720313 0.539062 0.050000 0.062500
0 0.743750 0.570312 0.050000 0.062500
0 0.934375 0.611328 0.050000 0.062500
0 0.893750 0.625000 0.050000 0.062500
0 0.853125 0.632812 0.050000 0.062500
0 0.837500 0.677734 0.050000 0.062500
0 0.775000 0.646484 0.050000 0.062500
0 0.734375 0.677734 0.050000 0.062500
0 0.956250 0.566406 0.050000 0.062500
0 0.923438 0.572266 0.050000 0.062500
0 0.876563 0.572266 0.050000 0.062500
0 0.837500 0.570312 0.050000 0.062500
0 0.801562 0.531250 0.050000 0.062500
0 0.787500 0.496094 0.050000 0.062500
0 0.821875 0.423828 0.050000 0.062500
0 0.820312 0.388672 0.050000 0.062500
0 0.854688 0.408203 0.050000 0.062500
0 0.882812 0.410156 0.050000 0.062500
0 0.940625 0.421875 0.050000 0.062500
0 0.923438 0.410156 0.050000 0.062500
0 0.953125 0.363281 0.050000 0.062500
0 0.945312 0.380859 0.050000 0.062500
0 0.900000 0.369141 0.050000 0.062500
0 0.892188 0.376953 0.050000 0.062500
0 0.871875 0.365234 0.050000 0.062500
0 0.854688 0.378906 0.050000 0.062500
0 0.815625 0.462891 0.050000 0.062500
0 0.956250 0.509766 0.050000 0.062500
0 0.964063 0.435547 0.050000 0.062500
0 0.948438 0.443359 0.050000 0.062500
0 0.934375 0.460938 0.050000 0.062500
0 0.903125 0.416016 0.050000 0.062500
0 0.925000 0.494141 0.050000 0.062500
0 0.906250 0.537109 0.050000 0.062500
0 0.895312 0.496094 0.050000 0.062500
0 0.914062 0.457031 0.050000 0.062500
0 0.885938 0.447266 0.050000 0.062500
0 0.879687 0.501953 0.050000 0.062500
0 0.862500 0.482422 0.050000 0.062500
0 0.835938 0.490234 0.050000 0.062500
0 0.848437 0.505859 0.050000 0.062500
0 0.848437 0.531250 0.050000 0.062500
0 0.879687 0.531250 0.050000 0.062500
0 0.951562 0.187500 0.050000 0.062500
0 0.951562 0.146484 0.050000 0.062500
0 0.939063 0.207031 0.050000 0.062500
