0 0.603125 0.054688 0.050000 0.062500
0 0.637500 0.105469 0.050000 0.062500
0 0.667188 0.152344 0.050000 0.062500
0 0.562500 0.074219 0.050000 0.062500
0 0.539062 0.117188 0.050000 0.062500
0 0.475000 0.101562 0.050000 0.062500
0 0.439063 0.130859 0.050000 0.062500
0 0.482812 0.169922 0.050000 0.062500
0 0.439063 0.226562 0.050000 0.062500
0 0.557813 0.296875 0.050000 0.062500
0 0.473438 0.031250 0.050000 0.062500
0 0.464062 0.066406 0.050000 0.062500
0 0.445312 0.085938 0.050000 0.062500
0 0.389062 0.154297 0.050000 0.062500
0 0.403125 0.113281 0.050000 0.062500
0 0.417187 0.085938 0.050000 0.062500
0 0.428125 0.054688 0.050000 0.062500
0 0.440625 0.030273 0.050000 0.060547
0 0.420312 0.026367 0.050000 0.052734
0 0.351562 0.132812 0.050000 0.062500
0 0.365625 0.101562 0.050000 0.062500
0 0.396875 0.044922 0.050000 0.062500
0 0.393750 0.080078 0.050000 0.062500
0 0.365625 0.072266 0.050000 0.062500
0 0.371875 0.042969 0.050000 0.062500
0 0.390625 0.023438 0.050000 0.046875
0 0.335938 0.103516 0.050000 0.062500
0 0.298438 0.134766 0.050000 0.062500
0 0.312500 0.085938 0.050000 0.062500
0 0.340625 0.046875 0.050000 0.062500
0 0.356250 0.031250 0.050000 0.062500
0 0.367188 0.023438 0.050000 0.046875
0 0.320312 0.062500 0.050000 0.062500
0 0.279687 0.095703 0.050000 0.062500
0 0.243750 0.105469 0.050000 0.062500
0 0.221875 0.142578 0.050000 0.062500
0 0.285938 0.173828 0.050000 0.062500
0 0.257812 0.193359 0.050000 0.062500
0 0.337500 0.248047 0.050000 0.062500
0 0.376563 0.275391 0.050000 0.062500
0 0.304688 0.277344 0.050000 0.062500
0 0.300000 0.046875 0.050000 0.062500
0 0.321875 0.026367 0.050000 0.052734
0 0.300000 0.018555 0.050000 0.037109
0 0.279687 0.027344 0.050000 0.054688
0 0.267188 0.042969 0.050000 0.062500
0 0.253125 0.074219 0.050000 0.062500
0 0.212500 0.093750 0.050000 0.062500
0 0.235937 0.039062 0.050000 0.062500
0 0.237500 0.018555 0.050000 0.037109
0 0.212500 0.022461 0.050000 0.044922
0 0.214062 0.046875 0.050000 0.062500
0 0.189062 0.083984 0.050000 0.062500
0 0.165625 0.099609 0.050000 0.062500
0 0.179688 0.031250 0.050000 0.062500
0 0.162500 0.042969 0.050000 0.062500
0 0.139063 0.078125 0.050000 0.062500
0 0.123438 0.062500 0.050000 0.062500
0 0.125000 0.123047 0.050000 0.062500
0 0.146875 0.136719 0.050000 0.062500
0 0.101562 0.082031 0.050000 0.062500
0 0.134375 0.029297 0.050000 0.058594
0 0.153125 0.024414 0.050000 0.048828
0 0.092188 0.048828 0.050000 0.062500
0 0.075000 0.031250 0.050000 0.062500
0 0.026562 0.026367 0.050000 0.052734
0 0.021875 0.066406 0.043750 0.062500
0 0.050000 0.113281 0.050000 0.062500
0 0.020313 0.121094 0.040625 0.062500
0 0.098437 0.158203 0.050000 0.062500
0 0.154688 0.189453 0.050000 0.062500
0 0.184375 0.177734 0.050000 0.062500
0 0.209375 0.250000 0.050000 0.062500
0 0.154688 0.277344 0.050000 0.062500
0 0.189062 0.300781 0.050000 0.062500
0 0.232813 0.322266 0.050000 0.062500
0 0.067187 0.277344 0.050000 0.062500
0 0.039062 0.250000 0.050000 0.062500
0 0.340625 0.357422 0.050000 0.062500
0 0.365625 0.445312 0.050000 0.062500
0 0.398438 0.482422 0.050000 0.062500
0 0.425000 0.531250 0.050000 0.062500
0 0.460938 0.552734 0.050000 0.062500
0 0.537500 0.414062 0.050000 0.062500
0 0.525000 0.529297 0.050000 0.062500
0 0.543750 0.552734 0.050000 0.062500
0 0.560937 0.539062 0.050000 0.062500
0 0.593750 0.537109 0.050000 0.062500
0 0.582812 0.503906 0.050000 0.062500
0 0.635938 0.494141 0.050000 0.062500
0 0.685937 0.503906 0.050000 0.062500
0 0.657813 0.488281 0.050000 0.062500
0 0.595313 0.574219 0.050000 0.062500
0 0.639062 0.626953 0.050000 0.062500
0 0.685937 0.611328 0.050000 0.062500
0 0.767188 0.609375 0.050000 0.062500
0 0.895312 0.623047 0.050000 0.062500
0 0.704688 0.658203 0.050000 0.062500
