0 0.056250 0.941406 0.050000 0.062500
0 0.040625 0.865234 0.050000 0.062500
0 0.081250 0.835938 0.050000 0.062500
0 0.095312 0.796875 0.050000 0.062500
0 0.109375 0.728516 0.050000 0.062500
0 0.100000 0.701172 0.050000 0.062500
0 0.118750 0.701172 0.050000 0.062500
0 0.134375 0.667969 0.050000 0.062500
0 0.235937 0.683594 0.050000 0.062500
0 0.218750 0.644531 0.050000 0.062500
0 0.200000 0.642578 0.050000 0.062500
0 0.014844 0.677734 0.029687 0.062500
0 0.031250 0.509766 0.050000 0.062500
0 0.029687 0.482422 0.050000 0.062500
0 0.123438 0.458984 0.050000 0.062500
0 0.160938 0.509766 0.050000 0.062500
0 0.068750 0.412109 0.050000 0.062500
0 0.139063 0.240234 0.050000 0.062500
0 0.090625 0.146484 0.050000 0.062500
0 0.020313 0.091797 0.040625 0.062500
0 0.037500 0.095703 0.050000 0.062500
0 0.350000 0.593750 0.050000 0.062500
0 0.360938 0.539062 0.050000 0.062500
0 0.343750 0.537109 0.050000 0.062500
0 0.412500 0.718750 0.050000 0.062500
0 0.431250 0.769531 0.050000 0.062500
0 0.445312 0.708984 0.050000 0.062500
0 0.473438 0.712891 0.050000 0.062500
0 0.459375 0.679688 0.050000 0.062500
0 0.445312 0.664062 0.050000 0.062500
0 0.426563 0.662109 0.050000 0.062500
0 0.451562 0.583984 0.050000 0.062500
0 0.453125 0.611328 0.050000 0.062500
0 0.509375 0.517578 0.050000 0.062500
0 0.465625 0.417969 0.050000 0.062500
0 0.295312 0.240234 0.050000 0.062500
0 0.364063 0.169922 0.050000 0.062500
0 0.343750 0.173828 0.050000 0.062500
0 0.335938 0.140625 0.050000 0.062500
0 0.696875 0.908203 0.050000 0.062500
0 0.560937 0.914062 0.050000 0.062500
0 0.728125 0.580078 0.050000 0.062500
0 0.754687 0.330078 0.050000 0.062500
0 0.756250 0.273438 0.050000 0.062500
0 0.668750 0.320312 0.050000 0.062500
0 0.656250 0.240234 0.050000 0.062500
0 0.793750 0.341797 0.050000 0.062500
0 0.851562 0.314453 0.050000 0.062500
0 0.873437 0.363281 0.050000 0.062500
0 0.906250 0.408203 0.050000 0.062500
0 0.956250 0.355469 0.050000 0.062500
0 0.912500 0.269531 0.050000 0.062500
