0 0.317188 0.982422 0.050000 0.035156
0 0.198437 0.970703 0.050000 0.058594
0 0.504687 0.820312 0.050000 0.062500
0 0.532813 0.810547 0.050000 0.062500
0 0.140625 0.607422 0.050000 0.062500
0 0.660937 0.806641 0.050000 0.062500
0 0.657813 0.763672 0.050000 0.062500
0 0.646875 0.740234 0.050000 0.062500
0 0.660937 0.718750 0.050000 0.062500
0 0.678125 0.712891 0.050000 0.062500
0 0.698438 0.726562 0.050000 0.062500
0 0.406250 0.447266 0.050000 0.062500
0 0.451562 0.369141 0.050000 0.062500
0 0.420312 0.345703 0.050000 0.062500
0 0.340625 0.343750 0.050000 0.062500
0 0.331250 0.283203 0.050000 0.062500
0 0.287500 0.398438 0.050000 0.062500
0 0.239063 0.386719 0.050000 0.062500
0 0.226562 0.369141 0.050000 0.062500
0 0.173437 0.353516 0.050000 0.062500
0 0.182812 0.308594 0.050000 0.062500
0 0.178125 0.271484 0.050000 0.062500
0 0.145313 0.318359 0.050000 0.062500
0 0.462500 0.199219 0.050000 0.062500
0 0.592187 0.111328 0.050000 0.062500
0 0.593750 0.132812 0.050000 0.062500
0 0.618750 0.179688 0.050000 0.062500
0 0.814063 0.548828 0.050000 0.062500
0 0.817187 0.519531 0.050000 0.062500
0 0.962500 0.304688 0.050000 0.062500
0 0.748437 0.287109 0.050000 0.062500
0 0.770312 0.267578 0.050000 0.062500
0 0.720313 0.193359 0.050000 0.062500
0 0.753125 0.160156 0.050000 0.062500
0 0.773438 0.126953 0.050000 0.062500
0 0.582812 0.697266 0.050000 0.062500
0 0.587500 0.667969 0.050000 0.062500
0 0.531250 0.625000 0.050000 0.062500
0 0.803125 0.134766 0.050000 0.062500
0 0.842187 0.160156 0.050000 0.062500
0 0.867188 0.187500 0.050000 0.062500
0 0.878125 0.152344 0.050000 0.062500
0 0.925000 0.095703 0.050000 0.062500
0 0.900000 0.083984 0.050000 0.062500
0 0.845313 0.020508 0.050000 0.041016
