0 0.506250 0.736328 0.050000 0.062500
0 0.523438 0.712891 0.050000 0.062500
0 0.510938 0.689453 0.050000 0.062500
0 0.487500 0.664062 0.050000 0.062500
0 0.128125 0.916016 0.050000 0.062500
0 0.096875 0.859375 0.050000 0.062500
0 0.053125 0.861328 0.050000 0.062500
0 0.060937 0.841797 0.050000 0.062500
0 0.068750 0.892578 0.050000 0.062500
0 0.118750 0.585938 0.050000 0.062500
0 0.204687 0.345703 0.050000 0.062500
0 0.218750 0.337891 0.050000 0.062500
0 0.215625 0.310547 0.050000 0.062500
0 0.167187 0.287109 0.050000 0.062500
0 0.156250 0.244141 0.050000 0.062500
0 0.139063 0.220703 0.050000 0.062500
0 0.134375 0.259766 0.050000 0.062500
0 0.182812 0.228516 0.050000 0.062500
0 0.065625 0.062500 0.050000 0.062500
0 0.067187 0.031250 0.050000 0.062500
0 0.248438 0.144531 0.050000 0.062500
0 0.409375 0.091797 0.050000 0.062500
0 0.356250 0.041016 0.050000 0.062500
0 0.334375 0.337891 0.050000 0.062500
0 0.445312 0.337891 0.050000 0.062500
0 0.565625 0.265625 0.050000 0.062500
0 0.571875 0.250000 0.050000 0.062500
0 0.576562 0.236328 0.050000 0.062500
0 0.592187 0.261719 0.050000 0.062500
0 0.801562 0.654297 0.050000 0.062500
0 0.860938 0.718750 0.050000 0.062500
0 0.712500 0.800781 0.050000 0.062500
0 0.618750 0.968750 0.050000 0.062500
0 0.612500 0.935547 0.050000 0.062500
0 0.576562 0.955078 0.050000 0.062500
0 0.607812 0.978516 0.050000 0.042969
0 0.775000 0.867188 0.050000 0.062500
0 0.748437 0.873047 0.050000 0.062500
0 0.759375 0.933594 0.050000 0.062500
0 0.832812 0.979492 0.050000 0.041016
0 0.857812 0.923828 0.050000 0.062500
0 0.865625 0.886719 0.050000 0.062500
0 0.870313 0.863281 0.050000 0.062500
0 0.867188 0.826172 0.050000 0.062500
0 0.604688 0.574219 0.050000 0.062500
0 0.607812 0.531250 0.050000 0.062500
0 0.585938 0.441406 0.050000 0.062500
0 0.581250 0.410156 0.050000 0.062500
0 0.554688 0.386719 0.050000 0.062500
0 0.492188 0.466797 0.050000 0.062500
0 0.473438 0.322266 0.050000 0.062500
0 0.485938 0.216797 0.050000 0.062500
0 0.468750 0.236328 0.050000 0.062500
0 0.450000 0.205078 0.050000 0.062500
0 0.515625 0.248047 0.050000 0.062500
0 0.534375 0.226562 0.050000 0.062500
0 0.546875 0.240234 0.050000 0.062500
0 0.700000 0.365234 0.050000 0.062500
0 0.732812 0.388672 0.050000 0.062500
0 0.717187 0.410156 0.050000 0.062500
0 0.759375 0.412109 0.050000 0.062500
0 0.759375 0.449219 0.050000 0.062500
0 0.807813 0.716797 0.050000 0.062500
0 0.807813 0.687500 0.050000 0.062500
0 0.807813 0.630859 0.050000 0.062500
0 0.760938 0.542969 0.050000 0.062500
0 0.740625 0.558594 0.050000 0.062500
0 0.721875 0.556641 0.050000 0.062500
0 0.706250 0.533203 0.050000 0.062500
0 0.678125 0.521484 0.050000 0.062500
0 0.979688 0.648438 0.040625 0.062500
0 0.948438 0.648438 0.050000 0.062500
0 0.970313 0.630859 0.050000 0.062500
0 0.975781 0.605469 0.048438 0.062500
0 0.964063 0.587891 0.050000 0.062500
0 0.923438 0.476562 0.050000 0.062500
0 0.942187 0.488281 0.050000 0.062500
0 0.920312 0.457031 0.050000 0.062500
0 0.934375 0.386719 0.050000 0.062500
0 0.950000 0.373047 0.050000 0.062500
0 0.807813 0.347656 0.050000 0.062500
0 0.796875 0.328125 0.050000 0.062500
0 0.756250 0.255859 0.050000 0.062500
0 0.781250 0.240234 0.050000 0.062500
0 0.790625 0.224609 0.050000 0.062500
0 0.884375 0.128906 0.050000 0.062500
0 0.896875 0.105469 0.050000 0.062500
0 0.881250 0.099609 0.050000 0.062500
0 0.867188 0.126953 0.050000 0.062500
0 0.856250 0.109375 0.050000 0.062500
0 0.843750 0.126953 0.050000 0.062500
0 0.817187 0.125000 0.050000 0.062500
0 0.800000 0.146484 0.050000 0.062500
0 0.798438 0.169922 0.050000 0.062500
0 0.764062 0.109375 0.050000 0.062500
0 0.748437 0.138672 0.050000 0.062500
0 0.710938 0.171875 0.050000 0.062500
0 0.734375 0.148438 0.050000 0.062500
0 0.737500 0.193359 0.050000 0.062500
0 0.732812 0.220703 0.050000 0.062500
0 0.726562 0.240234 0.050000 0.062500
0 0.614062 0.234375 0.050000 0.062500
0 0.623437 0.210938 0.050000 0.062500
0 0.667188 0.173828 0.050000 0.062500
0 0.640625 0.166016 0.050000 0.062500
0 0.629687 0.154297 0.050000 0.062500
0 0.631250 0.128906 0.050000 0.062500
0 0.607812 0.140625 0.050000 0.062500
0 0.592187 0.144531 0.050000 0.062500
0 0.565625 0.103516 0.050000 0.062500
0 0.576562 0.095703 0.050000 0.062500
0 0.529687 0.119141 0.050000 0.062500
0 0.807813 0.041016 0.050000 0.062500
0 0.820312 0.024414 0.050000 0.048828
0 0.753125 0.023438 0.050000 0.046875
0 0.685937 0.018555 0.050000 0.037109
