0 0.542188 0.552734 0.050000 0.062500
0 0.550000 0.527344 0.050000 0.062500
0 0.642188 0.507812 0.050000 0.062500
0 0.682813 0.470703 0.050000 0.062500
0 0.565625 0.353516 0.050000 0.062500
0 0.603125 0.341797 0.050000 0.062500
0 0.557813 0.296875 0.050000 0.062500
0 0.568750 0.265625 0.050000 0.062500
0 0.575000 0.246094 0.050000 0.062500
0 0.506250 0.222656 0.050000 0.062500
0 0.698438 0.533203 0.050000 0.062500
0 0.693750 0.500000 0.050000 0.062500
0 0.717187 0.554688 0.050000 0.062500
0 0.721875 0.572266 0.050000 0.062500
0 0.692187 0.638672 0.050000 0.062500
0 0.639062 0.689453 0.050000 0.062500
0 0.621875 0.691406 0.050000 0.062500
0 0.621875 0.714844 0.050000 0.062500
0 0.651563 0.824219 0.050000 0.062500
0 0.659375 0.843750 0.050000 0.062500
0 0.745313 0.828125 0.050000 0.062500
0 0.781250 0.773438 0.050000 0.062500
0 0.784375 0.746094 0.050000 0.062500
0 0.796875 0.730469 0.050000 0.062500
0 0.812500 0.714844 0.050000 0.062500
0 0.810937 0.779297 0.050000 0.062500
0 0.815625 0.763672 0.050000 0.062500
0 0.825000 0.751953 0.050000 0.062500
0 0.840625 0.699219 0.050000 0.062500
0 0.837500 0.671875 0.050000 0.062500
0 0.843750 0.652344 0.050000 0.062500
0 0.842187 0.630859 0.050000 0.062500
0 0.790625 0.625000 0.050000 0.062500
0 0.764062 0.593750 0.050000 0.062500
0 0.731250 0.525391 0.050000 0.062500
0 0.762500 0.539062 0.050000 0.062500
0 0.731250 0.482422 0.050000 0.062500
0 0.743750 0.470703 0.050000 0.062500
0 0.751563 0.451172 0.050000 0.062500
0 0.726562 0.437500 0.050000 0.062500
0 0.704688 0.437500 0.050000 0.062500
0 0.710938 0.417969 0.050000 0.062500
0 0.684375 0.402344 0.050000 0.062500
0 0.681250 0.376953 0.050000 0.062500
0 0.851562 0.806641 0.050000 0.062500
0 0.832812 0.882812 0.050000 0.062500
0 0.832812 0.906250 0.050000 0.062500
0 0.825000 0.935547 0.050000 0.062500
0 0.807813 0.906250 0.050000 0.062500
0 0.806250 0.873047 0.050000 0.062500
0 0.756250 0.962891 0.050000 0.062500
0 0.753125 0.941406 0.050000 0.062500
0 0.737500 0.980469 0.050000 0.039062
0 0.532813 0.981445 0.050000 0.037109
0 0.585938 0.971680 0.050000 0.056641
0 0.567187 0.974609 0.050000 0.050781
0 0.556250 0.931641 0.050000 0.062500
0 0.489063 0.949219 0.050000 0.062500
0 0.470313 0.975586 0.050000 0.048828
0 0.467187 0.943359 0.050000 0.062500
0 0.435937 0.957031 0.050000 0.062500
0 0.353125 0.943359 0.050000 0.062500
0 0.420312 0.894531 0.050000 0.062500
0 0.435937 0.886719 0.050000 0.062500
0 0.484375 0.880859 0.050000 0.062500
0 0.517188 0.890625 0.050000 0.062500
0 0.529687 0.904297 0.050000 0.062500
0 0.446875 0.847656 0.050000 0.062500
0 0.415625 0.859375 0.050000 0.062500
0 0.393750 0.863281 0.050000 0.062500
0 0.373437 0.828125 0.050000 0.062500
0 0.373437 0.804688 0.050000 0.062500
0 0.435937 0.789062 0.050000 0.062500
0 0.401562 0.812500 0.050000 0.062500
0 0.340625 0.798828 0.050000 0.062500
0 0.320312 0.779297 0.050000 0.062500
0 0.310937 0.755859 0.050000 0.062500
0 0.340625 0.755859 0.050000 0.062500
0 0.376563 0.750000 0.050000 0.062500
0 0.365625 0.685547 0.050000 0.062500
0 0.440625 0.667969 0.050000 0.062500
0 0.440625 0.648438 0.050000 0.062500
0 0.301563 0.716797 0.050000 0.062500
0 0.278125 0.681641 0.050000 0.062500
0 0.317188 0.644531 0.050000 0.062500
0 0.317188 0.617188 0.050000 0.062500
0 0.259375 0.613281 0.050000 0.062500
0 0.253125 0.593750 0.050000 0.062500
0 0.275000 0.574219 0.050000 0.062500
0 0.235937 0.564453 0.050000 0.062500
0 0.231250 0.542969 0.050000 0.062500
0 0.217188 0.529297 0.050000 0.062500
0 0.215625 0.509766 0.050000 0.062500
0 0.218750 0.480469 0.050000 0.062500
0 0.215625 0.458984 0.050000 0.062500
0 0.150000 0.449219 0.050000 0.062500
0 0.150000 0.472656 0.050000 0.062500
0 0.107813 0.392578 0.050000 0.062500
0 0.095312 0.371094 0.050000 0.062500
0 0.164062 0.361328 0.050000 0.062500
0 0.151562 0.335938 0.050000 0.062500
0 0.253125 0.335938 0.050000 0.062500
0 0.265625 0.312500 0.050000 0.062500
0 0.187500 0.253906 0.050000 0.062500
0 0.200000 0.238281 0.050000 0.062500
0 0.259375 0.179688 0.050000 0.062500
0 0.257812 0.158203 0.050000 0.062500
0 0.365625 0.128906 0.050000 0.062500
0 0.334375 0.109375 0.050000 0.062500
0 0.360938 0.044922 0.050000 0.062500
0 0.335938 0.031250 0.050000 0.062500
0 0.160938 0.054688 0.050000 0.062500
0 0.150000 0.033203 0.050000 0.062500
0 0.107813 0.070312 0.050000 0.062500
0 0.023438 0.478516 0.046875 0.062500
0 0.023438 0.460938 0.046875 0.062500
0 0.076563 0.568359 0.050000 0.062500
0 0.053125 0.562500 0.050000 0.062500
0 0.187500 0.652344 0.050000 0.062500
0 0.171875 0.638672 0.050000 0.062500
0 0.148438 0.615234 0.050000 0.062500
0 0.134375 0.658203 0.050000 0.062500
0 0.192188 0.910156 0.050000 0.062500
0 0.218750 0.953125 0.050000 0.062500
0 0.214062 0.927734 0.050000 0.062500
0 0.168750 0.912109 0.050000 0.062500
0 0.181250 0.886719 0.050000 0.062500
0 0.026562 0.818359 0.050000 0.062500
0 0.128125 0.812500 0.050000 0.062500
0 0.059375 0.818359 0.050000 0.062500
0 0.051562 0.806641 0.050000 0.062500
0 0.060937 0.951172 0.050000 0.062500
0 0.431250 0.919922 0.050000 0.062500
0 0.343750 0.863281 0.050000 0.062500
0 0.346875 0.923828 0.050000 0.062500
0 0.360938 0.904297 0.050000 0.062500
0 0.342187 0.878906 0.050000 0.062500
0 0.178125 0.798828 0.050000 0.062500
0 0.201563 0.806641 0.050000 0.062500
0 0.176563 0.763672 0.050000 0.062500
0 0.098437 0.712891 0.050000 0.062500
0 0.220312 0.152344 0.050000 0.062500
0 0.239063 0.037109 0.050000 0.062500
