0 0.550000 0.861328 0.050000 0.062500
0 0.431250 0.812500 0.050000 0.062500
0 0.206250 0.677734 0.050000 0.062500
0 0.637500 0.453125 0.050000 0.062500
0 0.134375 0.603516 0.050000 0.062500
0 0.931250 0.179688 0.050000 0.062500
0 0.734375 0.300781 0.050000 0.062500
0 0.721875 0.275391 0.050000 0.062500
0 0.650000 0.281250 0.050000 0.062500
0 0.484375 0.308594 0.050000 0.062500
0 0.429688 0.365234 0.050000 0.062500
0 0.431250 0.316406 0.050000 0.062500
0 0.365625 0.361328 0.050000 0.062500
0 0.342187 0.423828 0.050000 0.062500
0 0.343750 0.318359 0.050000 0.062500
0 0.317188 0.369141 0.050000 0.062500
0 0.123438 0.345703 0.050000 0.062500
0 0.165625 0.396484 0.050000 0.062500
0 0.142187 0.380859 0.050000 0.062500
0 0.160938 0.369141 0.050000 0.062500
0 0.371875 0.195312 0.050000 0.062500
0 0.360938 0.173828 0.050000 0.062500
0 0.403125 0.126953 0.050000 0.062500
0 0.295312 0.119141 0.050000 0.062500
0 0.268750 0.160156 0.050000 0.062500
0 0.237500 0.167969 0.050000 0.062500
0 0.245312 0.140625 0.050000 0.062500
0 0.196875 0.080078 0.050000 0.062500
0 0.759375 0.134766 0.050000 0.062500
0 0.751563 0.103516 0.050000 0.062500
0 0.457813 0.023438 0.050000 0.046875
0 0.484375 0.028320 0.050000 0.056641
0 0.553125 0.048828 0.050000 0.062500
0 0.570312 0.042969 0.050000 0.062500
0 0.617188 0.037109 0.050000 0.062500
0 0.246875 0.019531 0.050000 0.039062
