0 0.020313 0.025391 0.040625 0.050781
0 0.071875 0.025391 0.050000 0.050781
0 0.121875 0.024414 0.050000 0.048828
0 0.150000 0.037109 0.050000 0.062500
0 0.170313 0.029297 0.050000 0.058594
0 0.203125 0.048828 0.050000 0.062500
0 0.231250 0.039062 0.050000 0.062500
0 0.256250 0.044922 0.050000 0.062500
0 0.268750 0.023438 0.050000 0.046875
0 0.292187 0.021484 0.050000 0.042969
0 0.317188 0.024414 0.050000 0.048828
0 0.295312 0.042969 0.050000 0.062500
0 0.326562 0.037109 0.050000 0.062500
0 0.345313 0.026367 0.050000 0.052734
0 0.371875 0.035156 0.050000 0.062500
0 0.395313 0.039062 0.050000 0.062500
0 0.420312 0.046875 0.050000 0.062500
0 0.435937 0.027344 0.050000 0.054688
0 0.453125 0.052734 0.050000 0.062500
0 0.468750 0.029297 0.050000 0.058594
0 0.473438 0.105469 0.050000 0.062500
0 0.439063 0.082031 0.050000 0.062500
0 0.414062 0.082031 0.050000 0.062500
0 0.384375 0.072266 0.050000 0.062500
0 0.359375 0.062500 0.050000 0.062500
0 0.301563 0.078125 0.050000 0.062500
0 0.240625 0.066406 0.050000 0.062500
0 0.271875 0.095703 0.050000 0.062500
0 0.325000 0.099609 0.050000 0.062500
0 0.368750 0.103516 0.050000 0.062500
0 0.395313 0.115234 0.050000 0.062500
0 0.428125 0.136719 0.050000 0.062500
0 0.382812 0.158203 0.050000 0.062500
0 0.350000 0.132812 0.050000 0.062500
0 0.284375 0.126953 0.050000 0.062500
0 0.239063 0.099609 0.050000 0.062500
0 0.206250 0.093750 0.050000 0.062500
0 0.175000 0.072266 0.050000 0.062500
0 0.114062 0.060547 0.050000 0.062500
0 0.150000 0.091797 0.050000 0.062500
0 0.084375 0.070312 0.050000 0.062500
0 0.035937 0.105469 0.050000 0.062500
0 0.554688 0.080078 0.050000 0.062500
0 0.275000 0.166016 0.050000 0.062500
0 0.209375 0.142578 0.050000 0.062500
0 0.121875 0.119141 0.050000 0.062500
0 0.179688 0.175781 0.050000 0.062500
0 0.242188 0.183594 0.050000 0.062500
0 0.146875 0.179688 0.050000 0.062500
0 0.092188 0.158203 0.050000 0.062500
0 0.031250 0.244141 0.050000 0.062500
0 0.064062 0.275391 0.050000 0.062500
0 0.145313 0.279297 0.050000 0.062500
0 0.187500 0.300781 0.050000 0.062500
0 0.203125 0.248047 0.050000 0.062500
0 0.228125 0.316406 0.050000 0.062500
0 0.301563 0.267578 0.050000 0.062500
0 0.359375 0.271484 0.050000 0.062500
0 0.326562 0.246094 0.050000 0.062500
0 0.429688 0.220703 0.050000 0.062500
0 0.528125 0.113281 0.050000 0.062500
0 0.631250 0.091797 0.050000 0.062500
0 0.659375 0.146484 0.050000 0.062500
0 0.548438 0.298828 0.050000 0.062500
0 0.528125 0.416016 0.050000 0.062500
0 0.368750 0.371094 0.050000 0.062500
0 0.360938 0.443359 0.050000 0.062500
0 0.398438 0.476562 0.050000 0.062500
0 0.412500 0.529297 0.050000 0.062500
0 0.454688 0.539062 0.050000 0.062500
0 0.514062 0.521484 0.050000 0.062500
0 0.539062 0.558594 0.050000 0.062500
0 0.581250 0.570312 0.050000 0.062500
0 0.589063 0.533203 0.050000 0.062500
0 0.573438 0.503906 0.050000 0.062500
0 0.621875 0.492188 0.050000 0.062500
0 0.646875 0.482422 0.050000 0.062500
0 0.682813 0.496094 0.050000 0.062500
0 0.617188 0.621094 0.050000 0.062500
0 0.710938 0.617188 0.050000 0.062500
0 0.682813 0.623047 0.050000 0.062500
0 0.759375 0.603516 0.050000 0.062500
0 0.684375 0.552734 0.050000 0.062500
0 0.900000 0.623047 0.050000 0.062500
0 0.470313 0.177734 0.050000 0.062500
0 0.496875 0.126953 0.050000 0.062500
