0 0.626563 0.628906 0.050000 0.062500
0 0.726562 0.808594 0.050000 0.062500
0 0.743750 0.583984 0.050000 0.062500
0 0.878125 0.576172 0.050000 0.062500
0 0.596875 0.443359 0.050000 0.062500
0 0.542188 0.414062 0.050000 0.062500
0 0.528125 0.414062 0.050000 0.062500
0 0.343750 0.335938 0.050000 0.062500
0 0.204687 0.212891 0.050000 0.062500
0 0.206250 0.175781 0.050000 0.062500
0 0.598437 0.031250 0.050000 0.062500
0 0.309375 0.031250 0.050000 0.062500
0 0.962500 0.927734 0.050000 0.062500
0 0.140625 0.019531 0.050000 0.039062
0 0.110937 0.018555 0.050000 0.037109
0 0.348438 0.017578 0.050000 0.035156
