0 0.409375 0.906250 0.050000 0.062500
0 0.409375 0.880859 0.050000 0.062500
0 0.085938 0.677734 0.050000 0.062500
0 0.125000 0.572266 0.050000 0.062500
0 0.167187 0.597656 0.050000 0.062500
0 0.270313 0.587891 0.050000 0.062500
0 0.243750 0.513672 0.050000 0.062500
0 0.310937 0.550781 0.050000 0.062500
0 0.646875 0.357422 0.050000 0.062500
0 0.675000 0.320312 0.050000 0.062500
0 0.673438 0.294922 0.050000 0.062500
0 0.718750 0.269531 0.050000 0.062500
0 0.740625 0.253906 0.050000 0.062500
0 0.798438 0.232422 0.050000 0.062500
0 0.785937 0.199219 0.050000 0.062500
0 0.714063 0.123047 0.050000 0.062500
0 0.503125 0.220703 0.050000 0.062500
0 0.495312 0.179688 0.050000 0.062500
0 0.468750 0.033203 0.050000 0.062500
0 0.117188 0.119141 0.050000 0.062500
0 0.570312 0.544922 0.050000 0.062500
