0 0.889062 0.105469 0.050000 0.062500
0 0.575000 0.031250 0.050000 0.062500
0 0.478125 0.018555 0.050000 0.037109
0 0.446875 0.031250 0.050000 0.062500
0 0.420312 0.031250 0.050000 0.062500
0 0.275000 0.058594 0.050000 0.062500
0 0.476562 0.298828 0.050000 0.062500
0 0.378125 0.546875 0.050000 0.062500
0 0.490625 0.615234 0.050000 0.062500
0 0.753125 0.826172 0.050000 0.062500
0 0.718750 0.865234 0.050000 0.062500
0 0.365625 0.269531 0.050000 0.062500
0 0.323437 0.279297 0.050000 0.062500
0 0.278125 0.310547 0.050000 0.062500
0 0.271875 0.326172 0.050000 0.062500
0 0.231250 0.373047 0.050000 0.062500
0 0.206250 0.373047 0.050000 0.062500
0 0.151562 0.234375 0.050000 0.062500
0 0.178125 0.212891 0.050000 0.062500
