0 0.075000 0.050781 0.050000 0.062500
0 0.037500 0.140625 0.050000 0.062500
0 0.256250 0.060547 0.050000 0.062500
0 0.021875 0.236328 0.043750 0.062500
0 0.221875 0.220703 0.050000 0.062500
0 0.156250 0.355469 0.050000 0.062500
0 0.014844 0.476562 0.029687 0.062500
0 0.215625 0.552734 0.050000 0.062500
0 0.190625 0.714844 0.050000 0.062500
0 0.171875 0.876953 0.050000 0.062500
0 0.246875 0.916016 0.050000 0.062500
0 0.345313 0.800781 0.050000 0.062500
0 0.323437 0.648438 0.050000 0.062500
0 0.364063 0.671875 0.050000 0.062500
0 0.371875 0.544922 0.050000 0.062500
0 0.393750 0.028320 0.050000 0.056641
0 0.400000 0.070312 0.050000 0.062500
0 0.500000 0.058594 0.050000 0.062500
0 0.607812 0.060547 0.050000 0.062500
0 0.792188 0.275391 0.050000 0.062500
0 0.710938 0.869141 0.050000 0.062500
0 0.628125 0.833984 0.050000 0.062500
0 0.734375 0.701172 0.050000 0.062500
0 0.801562 0.642578 0.050000 0.062500
0 0.860938 0.503906 0.050000 0.062500
0 0.868750 0.488281 0.050000 0.062500
0 0.837500 0.716797 0.050000 0.062500
0 0.860938 0.726562 0.050000 0.062500
0 0.873437 0.685547 0.050000 0.062500
0 0.893750 0.765625 0.050000 0.062500
0 0.948438 0.541016 0.050000 0.062500
0 0.976562 0.494141 0.046875 0.062500
0 0.915625 0.761719 0.050000 0.062500
0 0.823438 0.033203 0.050000 0.062500
0 0.770312 0.024414 0.050000 0.048828
0 0.977344 0.357422 0.045312 0.062500
0 0.878125 0.630859 0.050000 0.062500
0 0.929688 0.638672 0.050000 0.062500
