0 0.915625 0.513672 0.050000 0.062500
0 0.753125 0.523438 0.050000 0.062500
0 0.692187 0.523438 0.050000 0.062500
0 0.707812 0.558594 0.050000 0.062500
0 0.675000 0.568359 0.050000 0.062500
0 0.675000 0.605469 0.050000 0.062500
0 0.623437 0.583984 0.050000 0.062500
0 0.654687 0.435547 0.050000 0.062500
0 0.614062 0.429688 0.050000 0.062500
0 0.595313 0.462891 0.050000 0.062500
0 0.584375 0.501953 0.050000 0.062500
0 0.578125 0.552734 0.050000 0.062500
0 0.557813 0.476562 0.050000 0.062500
0 0.542188 0.515625 0.050000 0.062500
0 0.525000 0.537109 0.050000 0.062500
0 0.392188 0.556641 0.050000 0.062500
0 0.442188 0.550781 0.050000 0.062500
0 0.496875 0.509766 0.050000 0.062500
0 0.500000 0.396484 0.050000 0.062500
0 0.382812 0.416016 0.050000 0.062500
0 0.334375 0.466797 0.050000 0.062500
0 0.373437 0.503906 0.050000 0.062500
0 0.154688 0.476562 0.050000 0.062500
0 0.023438 0.406250 0.046875 0.062500
0 0.137500 0.388672 0.050000 0.062500
0 0.187500 0.388672 0.050000 0.062500
0 0.235937 0.330078 0.050000 0.062500
0 0.301563 0.314453 0.050000 0.062500
0 0.267188 0.292969 0.050000 0.062500
0 0.337500 0.292969 0.050000 0.062500
0 0.364063 0.234375 0.050000 0.062500
0 0.490625 0.287109 0.050000 0.062500
0 0.395313 0.222656 0.050000 0.062500
0 0.404687 0.166016 0.050000 0.062500
0 0.440625 0.115234 0.050000 0.062500
0 0.453125 0.060547 0.050000 0.062500
0 0.575000 0.105469 0.050000 0.062500
0 0.534375 0.054688 0.050000 0.062500
0 0.489063 0.025391 0.050000 0.050781
0 0.382812 0.119141 0.050000 0.062500
0 0.348438 0.160156 0.050000 0.062500
0 0.295312 0.189453 0.050000 0.062500
0 0.145313 0.333984 0.050000 0.062500
0 0.087500 0.357422 0.050000 0.062500
0 0.178125 0.259766 0.050000 0.062500
0 0.204687 0.240234 0.050000 0.062500
0 0.135937 0.226562 0.050000 0.062500
0 0.109375 0.261719 0.050000 0.062500
0 0.082812 0.291016 0.050000 0.062500
0 0.017969 0.269531 0.035937 0.062500
0 0.031250 0.228516 0.050000 0.062500
0 0.209375 0.195312 0.050000 0.062500
0 0.260937 0.175781 0.050000 0.062500
0 0.306250 0.148438 0.050000 0.062500
0 0.346875 0.109375 0.050000 0.062500
0 0.359375 0.080078 0.050000 0.062500
0 0.365625 0.041016 0.050000 0.062500
0 0.276562 0.142578 0.050000 0.062500
0 0.242188 0.152344 0.050000 0.062500
0 0.209375 0.130859 0.050000 0.062500
0 0.185938 0.160156 0.050000 0.062500
0 0.150000 0.183594 0.050000 0.062500
0 0.125000 0.171875 0.050000 0.062500
0 0.156250 0.146484 0.050000 0.062500
0 0.087500 0.167969 0.050000 0.062500
0 0.064062 0.183594 0.050000 0.062500
0 0.028125 0.177734 0.050000 0.062500
0 0.053125 0.144531 0.050000 0.062500
0 0.104688 0.134766 0.050000 0.062500
0 0.078125 0.130859 0.050000 0.062500
0 0.128125 0.119141 0.050000 0.062500
0 0.162500 0.117188 0.050000 0.062500
0 0.398438 0.021484 0.050000 0.042969
0 0.329688 0.044922 0.050000 0.062500
0 0.326562 0.026367 0.050000 0.052734
0 0.317188 0.050781 0.050000 0.062500
0 0.292187 0.080078 0.050000 0.062500
0 0.264062 0.109375 0.050000 0.062500
0 0.246875 0.078125 0.050000 0.062500
0 0.231250 0.095703 0.050000 0.062500
0 0.214062 0.111328 0.050000 0.062500
0 0.193750 0.105469 0.050000 0.062500
0 0.246875 0.052734 0.050000 0.062500
0 0.268750 0.039062 0.050000 0.062500
0 0.165625 0.091797 0.050000 0.062500
0 0.178125 0.064453 0.050000 0.062500
0 0.209375 0.070312 0.050000 0.062500
0 0.142187 0.058594 0.050000 0.062500
0 0.118750 0.082031 0.050000 0.062500
0 0.100000 0.097656 0.050000 0.062500
0 0.060937 0.101562 0.050000 0.062500
0 0.042188 0.111328 0.050000 0.062500
0 0.024219 0.128906 0.048438 0.062500
0 0.040625 0.080078 0.050000 0.062500
0 0.090625 0.033203 0.050000 0.062500
0 0.020313 0.030273 0.040625 0.060547
0 0.048438 0.027344 0.050000 0.054688
0 0.078125 0.062500 0.050000 0.062500
