0 0.453125 0.742188 0.050000 0.062500
0 0.473438 0.787109 0.050000 0.062500
0 0.279687 0.792969 0.050000 0.062500
0 0.304688 0.746094 0.050000 0.062500
0 0.315625 0.716797 0.050000 0.062500
0 0.365625 0.476562 0.050000 0.062500
0 0.775000 0.841797 0.050000 0.062500
0 0.768750 0.781250 0.050000 0.062500
0 0.829688 0.812500 0.050000 0.062500
0 0.579688 0.517578 0.050000 0.062500
0 0.484375 0.453125 0.050000 0.062500
0 0.457813 0.443359 0.050000 0.062500
0 0.418750 0.416016 0.050000 0.062500
0 0.400000 0.402344 0.050000 0.062500
