0 0.368750 0.666016 0.050000 0.062500
0 0.401562 0.816406 0.050000 0.062500
0 0.468750 0.500000 0.050000 0.062500
0 0.526563 0.466797 0.050000 0.062500
0 0.685937 0.632812 0.050000 0.062500
0 0.768750 0.533203 0.050000 0.062500
0 0.817187 0.607422 0.050000 0.062500
0 0.934375 0.402344 0.050000 0.062500
0 0.770312 0.212891 0.050000 0.062500
0 0.523438 0.160156 0.050000 0.062500
0 0.479687 0.132812 0.050000 0.062500
0 0.403125 0.160156 0.050000 0.062500
0 0.364063 0.222656 0.050000 0.062500
0 0.357812 0.072266 0.050000 0.062500
0 0.295312 0.105469 0.050000 0.062500
0 0.254688 0.226562 0.050000 0.062500
0 0.235937 0.298828 0.050000 0.062500
0 0.178125 0.353516 0.050000 0.062500
0 0.198437 0.330078 0.050000 0.062500
0 0.109375 0.214844 0.050000 0.062500
0 0.117188 0.058594 0.050000 0.062500
0 0.057813 0.023438 0.050000 0.046875
0 0.031250 0.126953 0.050000 0.062500
0 0.064062 0.248047 0.050000 0.062500
0 0.045312 0.267578 0.050000 0.062500
0 0.024219 0.296875 0.048438 0.062500
0 0.975000 0.132812 0.050000 0.062500
