0 0.909375 0.773438 0.050000 0.062500
0 0.823438 0.740234 0.050000 0.062500
0 0.600000 0.658203 0.050000 0.062500
0 0.646875 0.541016 0.050000 0.062500
0 0.614062 0.572266 0.050000 0.062500
0 0.732812 0.578125 0.050000 0.062500
0 0.759375 0.572266 0.050000 0.062500
0 0.737500 0.490234 0.050000 0.062500
0 0.753125 0.257812 0.050000 0.062500
0 0.845313 0.371094 0.050000 0.062500
0 0.545312 0.542969 0.050000 0.062500
0 0.560937 0.476562 0.050000 0.062500
0 0.479687 0.554688 0.050000 0.062500
0 0.403125 0.515625 0.050000 0.062500
0 0.387500 0.550781 0.050000 0.062500
0 0.500000 0.357422 0.050000 0.062500
0 0.467187 0.318359 0.050000 0.062500
0 0.448437 0.314453 0.050000 0.062500
0 0.378125 0.396484 0.050000 0.062500
0 0.356250 0.402344 0.050000 0.062500
0 0.250000 0.480469 0.050000 0.062500
0 0.253125 0.550781 0.050000 0.062500
0 0.198437 0.455078 0.050000 0.062500
0 0.160938 0.365234 0.050000 0.062500
0 0.060937 0.796875 0.050000 0.062500
0 0.095312 0.683594 0.050000 0.062500
0 0.071875 0.671875 0.050000 0.062500
0 0.904687 0.201172 0.050000 0.062500
0 0.087500 0.640625 0.050000 0.062500
0 0.107813 0.630859 0.050000 0.062500
0 0.096875 0.470703 0.050000 0.062500
0 0.114062 0.486328 0.050000 0.062500
0 0.022656 0.408203 0.045312 0.062500
0 0.057813 0.238281 0.050000 0.062500
0 0.067187 0.187500 0.050000 0.062500
0 0.095312 0.164062 0.050000 0.062500
0 0.178125 0.171875 0.050000 0.062500
0 0.193750 0.164062 0.050000 0.062500
0 0.576562 0.167969 0.050000 0.062500
0 0.840625 0.085938 0.050000 0.062500
0 0.873437 0.078125 0.050000 0.062500
0 0.896875 0.058594 0.050000 0.062500
0 0.882812 0.035156 0.050000 0.062500
0 0.440625 0.146484 0.050000 0.062500
0 0.185938 0.046875 0.050000 0.062500
0 0.315625 0.173828 0.050000 0.062500
0 0.048438 0.085938 0.050000 0.062500
0 0.295312 0.030273 0.050000 0.060547
0 0.314063 0.044922 0.050000 0.062500
0 0.164062 0.020508 0.050000 0.041016
0 0.132812 0.044922 0.050000 0.062500
0 0.134375 0.020508 0.050000 0.041016
0 0.412500 0.261719 0.050000 0.062500
0 0.392188 0.261719 0.050000 0.062500
0 0.346875 0.257812 0.050000 0.062500
0 0.018750 0.030273 0.037500 0.060547
0 0.040625 0.016602 0.050000 0.033203
0 0.059375 0.018555 0.050000 0.037109
0 0.101562 0.015625 0.050000 0.031250
0 0.021875 0.226562 0.043750 0.062500
0 0.862500 0.468750 0.050000 0.062500
0 0.634375 0.041016 0.050000 0.062500
0 0.646875 0.024414 0.050000 0.048828
0 0.575000 0.016602 0.050000 0.033203
0 0.465625 0.072266 0.050000 0.062500
