0 0.021875 0.869141 0.043750 0.062500
0 0.132812 0.789062 0.050000 0.062500
0 0.335938 0.820312 0.050000 0.062500
0 0.414062 0.755859 0.050000 0.062500
0 0.365625 0.738281 0.050000 0.062500
0 0.351562 0.716797 0.050000 0.062500
0 0.387500 0.710938 0.050000 0.062500
0 0.376563 0.681641 0.050000 0.062500
0 0.689063 0.826172 0.050000 0.062500
0 0.748437 0.880859 0.050000 0.062500
0 0.710938 0.732422 0.050000 0.062500
0 0.720313 0.697266 0.050000 0.062500
0 0.717187 0.650391 0.050000 0.062500
0 0.735938 0.625000 0.050000 0.062500
0 0.595313 0.621094 0.050000 0.062500
0 0.485938 0.560547 0.050000 0.062500
0 0.468750 0.537109 0.050000 0.062500
0 0.896875 0.773438 0.050000 0.062500
0 0.906250 0.677734 0.050000 0.062500
0 0.893750 0.638672 0.050000 0.062500
0 0.889062 0.611328 0.050000 0.062500
0 0.551562 0.083984 0.050000 0.062500
0 0.601562 0.070312 0.050000 0.062500
0 0.614062 0.091797 0.050000 0.062500
0 0.664062 0.080078 0.050000 0.062500
0 0.651563 0.107422 0.050000 0.062500
0 0.703125 0.119141 0.050000 0.062500
0 0.792188 0.039062 0.050000 0.062500
0 0.182812 0.570312 0.050000 0.062500
0 0.154688 0.580078 0.050000 0.062500
0 0.329688 0.087891 0.050000 0.062500
0 0.348438 0.041016 0.050000 0.062500
0 0.460938 0.052734 0.050000 0.062500
0 0.451562 0.138672 0.050000 0.062500
0 0.468750 0.140625 0.050000 0.062500
0 0.500000 0.125000 0.050000 0.062500
0 0.512500 0.146484 0.050000 0.062500
0 0.562500 0.146484 0.050000 0.062500
0 0.729688 0.138672 0.050000 0.062500
0 0.835938 0.203125 0.050000 0.062500
0 0.857812 0.207031 0.050000 0.062500
0 0.876563 0.212891 0.050000 0.062500
0 0.896875 0.222656 0.050000 0.062500
0 0.235937 0.066406 0.050000 0.062500
0 0.228125 0.099609 0.050000 0.062500
0 0.132812 0.080078 0.050000 0.062500
0 0.193750 0.097656 0.050000 0.062500
0 0.279687 0.177734 0.050000 0.062500
0 0.234375 0.207031 0.050000 0.062500
0 0.164062 0.201172 0.050000 0.062500
0 0.040625 0.269531 0.050000 0.062500
0 0.550000 0.724609 0.050000 0.062500
0 0.975000 0.724609 0.050000 0.062500
0 0.209375 0.220703 0.050000 0.062500
0 0.201563 0.132812 0.050000 0.062500
0 0.125000 0.167969 0.050000 0.062500
0 0.203125 0.244141 0.050000 0.062500
0 0.175000 0.250000 0.050000 0.062500
0 0.168750 0.222656 0.050000 0.062500
0 0.160938 0.263672 0.050000 0.062500
0 0.139063 0.275391 0.050000 0.062500
0 0.125000 0.289062 0.050000 0.062500
0 0.167187 0.335938 0.050000 0.062500
0 0.035937 0.324219 0.050000 0.062500
0 0.031250 0.343750 0.050000 0.062500
0 0.059375 0.341797 0.050000 0.062500
0 0.071875 0.322266 0.050000 0.062500
0 0.107813 0.341797 0.050000 0.062500
0 0.101562 0.298828 0.050000 0.062500
0 0.065625 0.384766 0.050000 0.062500
0 0.034375 0.384766 0.050000 0.062500
0 0.017969 0.398438 0.035937 0.062500
0 0.703125 0.220703 0.050000 0.062500
0 0.759375 0.205078 0.050000 0.062500
0 0.775000 0.208984 0.050000 0.062500
0 0.801562 0.220703 0.050000 0.062500
0 0.803125 0.126953 0.050000 0.062500
0 0.831250 0.148438 0.050000 0.062500
0 0.865625 0.156250 0.050000 0.062500
0 0.879687 0.166016 0.050000 0.062500
0 0.478125 0.023438 0.050000 0.046875
0 0.350000 0.024414 0.050000 0.048828
0 0.360938 0.644531 0.050000 0.062500
0 0.479687 0.435547 0.050000 0.062500
0 0.534375 0.425781 0.050000 0.062500
0 0.107813 0.146484 0.050000 0.062500
0 0.198437 0.164062 0.050000 0.062500
0 0.204687 0.030273 0.050000 0.060547
0 0.212500 0.064453 0.050000 0.062500
0 0.781250 0.343750 0.050000 0.062500
0 0.867188 0.433594 0.050000 0.062500
0 0.900000 0.455078 0.050000 0.062500
0 0.675000 0.718750 0.050000 0.062500
0 0.812500 0.030273 0.050000 0.060547
0 0.356250 0.236328 0.050000 0.062500
0 0.371875 0.230469 0.050000 0.062500
0 0.365625 0.195312 0.050000 0.062500
0 0.564063 0.171875 0.050000 0.062500
0 0.734375 0.173828 0.050000 0.062500
0 0.662500 0.166016 0.050000 0.062500
0 0.814063 0.265625 0.050000 0.062500
0 0.820312 0.285156 0.050000 0.062500
0 0.170313 0.031250 0.050000 0.062500
0 0.876563 0.971680 0.050000 0.056641
0 0.901563 0.978516 0.050000 0.042969
0 0.323437 0.210938 0.050000 0.062500
0 0.306250 0.203125 0.050000 0.062500
0 0.231250 0.041016 0.050000 0.062500
