0 0.320312 0.740234 0.050000 0.062500
0 0.198437 0.724609 0.050000 0.062500
0 0.501563 0.943359 0.050000 0.062500
0 0.509375 0.969727 0.050000 0.060547
0 0.540625 0.931641 0.050000 0.062500
0 0.553125 0.953125 0.050000 0.062500
0 0.570312 0.957031 0.050000 0.062500
0 0.620313 0.969727 0.050000 0.060547
0 0.734375 0.916016 0.050000 0.062500
0 0.746875 0.908203 0.050000 0.062500
0 0.800000 0.902344 0.050000 0.062500
0 0.831250 0.894531 0.050000 0.062500
0 0.029687 0.863281 0.050000 0.062500
0 0.053125 0.839844 0.050000 0.062500
0 0.178125 0.583984 0.050000 0.062500
0 0.193750 0.578125 0.050000 0.062500
0 0.435937 0.320312 0.050000 0.062500
0 0.385937 0.345703 0.050000 0.062500
0 0.726562 0.337891 0.050000 0.062500
0 0.834375 0.410156 0.050000 0.062500
0 0.948438 0.812500 0.050000 0.062500
0 0.859375 0.712891 0.050000 0.062500
0 0.865625 0.814453 0.050000 0.062500
0 0.898438 0.701172 0.050000 0.062500
0 0.910937 0.773438 0.050000 0.062500
0 0.770312 0.558594 0.050000 0.062500
0 0.748437 0.498047 0.050000 0.062500
0 0.529687 0.531250 0.050000 0.062500
0 0.382812 0.416016 0.050000 0.062500
0 0.460938 0.388672 0.050000 0.062500
0 0.578125 0.414062 0.050000 0.062500
0 0.612500 0.412109 0.050000 0.062500
0 0.654687 0.431641 0.050000 0.062500
0 0.676562 0.429688 0.050000 0.062500
0 0.732812 0.449219 0.050000 0.062500
0 0.834375 0.441406 0.050000 0.062500
0 0.657813 0.384766 0.050000 0.062500
0 0.681250 0.365234 0.050000 0.062500
0 0.698438 0.332031 0.050000 0.062500
0 0.707812 0.302734 0.050000 0.062500
0 0.739062 0.291016 0.050000 0.062500
0 0.671875 0.248047 0.050000 0.062500
0 0.598437 0.287109 0.050000 0.062500
0 0.287500 0.423828 0.050000 0.062500
0 0.109375 0.490234 0.050000 0.062500
0 0.432812 0.666016 0.050000 0.062500
0 0.457813 0.685547 0.050000 0.062500
0 0.159375 0.132812 0.050000 0.062500
0 0.146875 0.099609 0.050000 0.062500
0 0.056250 0.099609 0.050000 0.062500
0 0.068750 0.066406 0.050000 0.062500
0 0.170313 0.028320 0.050000 0.056641
0 0.237500 0.107422 0.050000 0.062500
0 0.250000 0.082031 0.050000 0.062500
0 0.626563 0.150391 0.050000 0.062500
0 0.535937 0.267578 0.050000 0.062500
0 0.662500 0.091797 0.050000 0.062500
0 0.721875 0.234375 0.050000 0.062500
0 0.042188 0.328125 0.050000 0.062500
