0 0.198437 0.500000 0.050000 0.062500
0 0.139063 0.544922 0.050000 0.062500
0 0.118750 0.667969 0.050000 0.062500
0 0.079687 0.767578 0.050000 0.062500
0 0.050000 0.777344 0.050000 0.062500
0 0.237500 0.826172 0.050000 0.062500
0 0.375000 0.712891 0.050000 0.062500
0 0.409375 0.685547 0.050000 0.062500
0 0.392188 0.564453 0.050000 0.062500
0 0.237500 0.666016 0.050000 0.062500
0 0.279687 0.609375 0.050000 0.062500
0 0.681250 0.746094 0.050000 0.062500
0 0.601562 0.667969 0.050000 0.062500
0 0.584375 0.316406 0.050000 0.062500
0 0.603125 0.261719 0.050000 0.062500
0 0.714063 0.095703 0.050000 0.062500
0 0.748437 0.058594 0.050000 0.062500
0 0.767188 0.158203 0.050000 0.062500
0 0.845313 0.105469 0.050000 0.062500
0 0.857812 0.212891 0.050000 0.062500
0 0.942187 0.234375 0.050000 0.062500
0 0.923438 0.087891 0.050000 0.062500
0 0.918750 0.474609 0.050000 0.062500
0 0.904687 0.494141 0.050000 0.062500
0 0.881250 0.470703 0.050000 0.062500
0 0.864062 0.490234 0.050000 0.062500
0 0.128125 0.630859 0.050000 0.062500
0 0.262500 0.654297 0.050000 0.062500
0 0.231250 0.052734 0.050000 0.062500
0 0.789062 0.554688 0.050000 0.062500
0 0.815625 0.560547 0.050000 0.062500
0 0.840625 0.570312 0.050000 0.062500
0 0.767188 0.517578 0.050000 0.062500
0 0.753125 0.507812 0.050000 0.062500
0 0.626563 0.468750 0.050000 0.062500
0 0.587500 0.449219 0.050000 0.062500
0 0.431250 0.208984 0.050000 0.062500
0 0.432812 0.158203 0.050000 0.062500
0 0.926562 0.273438 0.050000 0.062500
0 0.439063 0.357422 0.050000 0.062500
0 0.782813 0.810547 0.050000 0.062500
0 0.810937 0.847656 0.050000 0.062500
