0 0.759375 0.537109 0.050000 0.062500
0 0.707812 0.580078 0.050000 0.062500
0 0.678125 0.615234 0.050000 0.062500
0 0.623437 0.593750 0.050000 0.062500
0 0.925000 0.523438 0.050000 0.062500
0 0.656250 0.439453 0.050000 0.062500
0 0.610938 0.435547 0.050000 0.062500
0 0.595313 0.462891 0.050000 0.062500
0 0.582812 0.500000 0.050000 0.062500
0 0.579688 0.546875 0.050000 0.062500
0 0.539062 0.509766 0.050000 0.062500
0 0.521875 0.544922 0.050000 0.062500
0 0.501563 0.519531 0.050000 0.062500
0 0.559375 0.474609 0.050000 0.062500
0 0.395313 0.556641 0.050000 0.062500
0 0.393750 0.416016 0.050000 0.062500
0 0.339062 0.484375 0.050000 0.062500
0 0.507812 0.404297 0.050000 0.062500
0 0.489063 0.294922 0.050000 0.062500
0 0.267188 0.294922 0.050000 0.062500
0 0.306250 0.320312 0.050000 0.062500
0 0.242188 0.326172 0.050000 0.062500
0 0.178125 0.382812 0.050000 0.062500
0 0.129688 0.396484 0.050000 0.062500
0 0.096875 0.382812 0.050000 0.062500
0 0.156250 0.488281 0.050000 0.062500
0 0.018750 0.402344 0.037500 0.062500
0 0.340625 0.292969 0.050000 0.062500
0 0.360938 0.240234 0.050000 0.062500
0 0.393750 0.232422 0.050000 0.062500
0 0.407813 0.173828 0.050000 0.062500
0 0.573438 0.113281 0.050000 0.062500
0 0.539062 0.068359 0.050000 0.062500
0 0.495312 0.035156 0.050000 0.062500
0 0.456250 0.072266 0.050000 0.062500
0 0.439063 0.119141 0.050000 0.062500
0 0.382812 0.125000 0.050000 0.062500
0 0.350000 0.162109 0.050000 0.062500
0 0.301563 0.201172 0.050000 0.062500
0 0.262500 0.183594 0.050000 0.062500
0 0.314063 0.158203 0.050000 0.062500
0 0.279687 0.140625 0.050000 0.062500
0 0.343750 0.113281 0.050000 0.062500
0 0.362500 0.085938 0.050000 0.062500
0 0.367188 0.050781 0.050000 0.062500
0 0.209375 0.242188 0.050000 0.062500
0 0.179688 0.267578 0.050000 0.062500
0 0.150000 0.335938 0.050000 0.062500
0 0.106250 0.269531 0.050000 0.062500
0 0.071875 0.289062 0.050000 0.062500
0 0.020313 0.279297 0.040625 0.062500
0 0.134375 0.232422 0.050000 0.062500
0 0.039062 0.240234 0.050000 0.062500
0 0.204687 0.193359 0.050000 0.062500
0 0.237500 0.160156 0.050000 0.062500
0 0.401562 0.021484 0.050000 0.042969
0 0.339062 0.044922 0.050000 0.062500
0 0.315625 0.054688 0.050000 0.062500
0 0.317188 0.082031 0.050000 0.062500
0 0.320312 0.113281 0.050000 0.062500
0 0.295312 0.082031 0.050000 0.062500
0 0.264062 0.113281 0.050000 0.062500
0 0.293750 0.115234 0.050000 0.062500
0 0.217188 0.142578 0.050000 0.062500
0 0.182812 0.171875 0.050000 0.062500
0 0.159375 0.158203 0.050000 0.062500
0 0.156250 0.189453 0.050000 0.062500
0 0.110937 0.132812 0.050000 0.062500
0 0.117188 0.177734 0.050000 0.062500
0 0.092188 0.171875 0.050000 0.062500
0 0.073438 0.197266 0.050000 0.062500
0 0.029687 0.181641 0.050000 0.062500
0 0.332813 0.027344 0.050000 0.054688
0 0.300000 0.030273 0.050000 0.060547
0 0.275000 0.042969 0.050000 0.062500
0 0.253125 0.058594 0.050000 0.062500
0 0.242188 0.080078 0.050000 0.062500
0 0.232813 0.101562 0.050000 0.062500
0 0.198437 0.117188 0.050000 0.062500
0 0.212500 0.072266 0.050000 0.062500
0 0.160938 0.093750 0.050000 0.062500
0 0.164062 0.125000 0.050000 0.062500
0 0.181250 0.068359 0.050000 0.062500
0 0.135937 0.128906 0.050000 0.062500
0 0.128125 0.095703 0.050000 0.062500
0 0.104688 0.103516 0.050000 0.062500
0 0.081250 0.140625 0.050000 0.062500
0 0.053125 0.150391 0.050000 0.062500
0 0.020313 0.126953 0.040625 0.062500
0 0.035937 0.119141 0.050000 0.062500
0 0.070312 0.109375 0.050000 0.062500
0 0.082812 0.080078 0.050000 0.062500
0 0.059375 0.066406 0.050000 0.062500
0 0.146875 0.066406 0.050000 0.062500
0 0.114062 0.052734 0.050000 0.062500
0 0.090625 0.029297 0.050000 0.058594
0 0.121875 0.024414 0.050000 0.048828
0 0.039062 0.072266 0.050000 0.062500
0 0.379688 0.509766 0.050000 0.062500
