0 0.346875 0.058594 0.050000 0.062500
0 0.107813 0.035156 0.050000 0.062500
0 0.301563 0.189453 0.050000 0.062500
0 0.132812 0.429688 0.050000 0.062500
0 0.162500 0.435547 0.050000 0.062500
0 0.139063 0.460938 0.050000 0.062500
0 0.048438 0.515625 0.050000 0.062500
0 0.114062 0.611328 0.050000 0.062500
0 0.017969 0.654297 0.035937 0.062500
0 0.090625 0.716797 0.050000 0.062500
0 0.223438 0.580078 0.050000 0.062500
0 0.242188 0.589844 0.050000 0.062500
0 0.337500 0.580078 0.050000 0.062500
0 0.339062 0.703125 0.050000 0.062500
0 0.435937 0.767578 0.050000 0.062500
0 0.398438 0.912109 0.050000 0.062500
0 0.565625 0.888672 0.050000 0.062500
0 0.651563 0.531250 0.050000 0.062500
0 0.503125 0.449219 0.050000 0.062500
0 0.503125 0.423828 0.050000 0.062500
0 0.476562 0.410156 0.050000 0.062500
0 0.675000 0.236328 0.050000 0.062500
0 0.732812 0.115234 0.050000 0.062500
0 0.807813 0.042969 0.050000 0.062500
0 0.537500 0.169922 0.050000 0.062500
0 0.520312 0.140625 0.050000 0.062500
0 0.643750 0.714844 0.050000 0.062500
0 0.670312 0.718750 0.050000 0.062500
0 0.739062 0.789062 0.050000 0.062500
0 0.759375 0.705078 0.050000 0.062500
0 0.871875 0.716797 0.050000 0.062500
0 0.900000 0.638672 0.050000 0.062500
0 0.837500 0.560547 0.050000 0.062500
0 0.815625 0.613281 0.050000 0.062500
0 0.918750 0.773438 0.050000 0.062500
0 0.917188 0.853516 0.050000 0.062500
0 0.939063 0.853516 0.050000 0.062500
0 0.970313 0.851562 0.050000 0.062500
0 0.945312 0.109375 0.050000 0.062500
0 0.965625 0.082031 0.050000 0.062500
0 0.982812 0.066406 0.034375 0.062500
0 0.217188 0.617188 0.050000 0.062500
