0 0.378125 0.902344 0.050000 0.062500
0 0.435937 0.933594 0.050000 0.062500
0 0.514062 0.947266 0.050000 0.062500
0 0.606250 0.951172 0.050000 0.062500
0 0.496875 0.806641 0.050000 0.062500
0 0.523438 0.796875 0.050000 0.062500
0 0.496875 0.769531 0.050000 0.062500
0 0.171875 0.912109 0.050000 0.062500
0 0.257812 0.775391 0.050000 0.062500
0 0.087500 0.824219 0.050000 0.062500
0 0.239063 0.654297 0.050000 0.062500
0 0.229687 0.574219 0.050000 0.062500
0 0.123438 0.763672 0.050000 0.062500
0 0.109375 0.785156 0.050000 0.062500
0 0.096875 0.792969 0.050000 0.062500
0 0.073438 0.792969 0.050000 0.062500
0 0.026562 0.755859 0.050000 0.062500
0 0.019531 0.722656 0.039062 0.062500
0 0.735938 0.589844 0.050000 0.062500
0 0.793750 0.583984 0.050000 0.062500
0 0.646875 0.347656 0.050000 0.062500
0 0.834375 0.275391 0.050000 0.062500
0 0.803125 0.228516 0.050000 0.062500
0 0.926562 0.267578 0.050000 0.062500
0 0.935937 0.263672 0.050000 0.062500
0 0.953125 0.271484 0.050000 0.062500
0 0.445312 0.533203 0.050000 0.062500
0 0.434375 0.501953 0.050000 0.062500
0 0.332813 0.501953 0.050000 0.062500
0 0.346875 0.462891 0.050000 0.062500
0 0.215625 0.468750 0.050000 0.062500
0 0.282813 0.416016 0.050000 0.062500
0 0.310937 0.396484 0.050000 0.062500
0 0.326562 0.367188 0.050000 0.062500
0 0.307812 0.367188 0.050000 0.062500
0 0.289062 0.382812 0.050000 0.062500
0 0.295312 0.332031 0.050000 0.062500
0 0.306250 0.300781 0.050000 0.062500
0 0.353125 0.273438 0.050000 0.062500
0 0.345313 0.216797 0.050000 0.062500
0 0.429688 0.234375 0.050000 0.062500
0 0.065625 0.341797 0.050000 0.062500
0 0.018750 0.367188 0.037500 0.062500
0 0.018750 0.656250 0.037500 0.062500
0 0.125000 0.099609 0.050000 0.062500
0 0.159375 0.064453 0.050000 0.062500
0 0.187500 0.085938 0.050000 0.062500
0 0.231250 0.085938 0.050000 0.062500
0 0.279687 0.109375 0.050000 0.062500
0 0.320312 0.123047 0.050000 0.062500
0 0.350000 0.136719 0.050000 0.062500
0 0.429688 0.167969 0.050000 0.062500
0 0.462500 0.179688 0.050000 0.062500
0 0.487500 0.175781 0.050000 0.062500
0 0.507812 0.201172 0.050000 0.062500
0 0.535937 0.199219 0.050000 0.062500
0 0.556250 0.201172 0.050000 0.062500
0 0.581250 0.212891 0.050000 0.062500
0 0.598437 0.226562 0.050000 0.062500
0 0.653125 0.238281 0.050000 0.062500
0 0.937500 0.341797 0.050000 0.062500
0 0.023438 0.195312 0.046875 0.062500
0 0.629687 0.234375 0.050000 0.062500
0 0.879687 0.195312 0.050000 0.062500
0 0.931250 0.177734 0.050000 0.062500
0 0.596875 0.929688 0.050000 0.062500
0 0.031250 0.367188 0.050000 0.062500
0 0.517188 0.117188 0.050000 0.062500
0 0.162500 0.580078 0.050000 0.062500
0 0.156250 0.607422 0.050000 0.062500
0 0.143750 0.597656 0.050000 0.062500
0 0.704688 0.281250 0.050000 0.062500
0 0.723437 0.287109 0.050000 0.062500
