0 0.667188 0.339844 0.050000 0.062500
0 0.734375 0.322266 0.050000 0.062500
0 0.673438 0.375000 0.050000 0.062500
0 0.678125 0.449219 0.050000 0.062500
0 0.656250 0.478516 0.050000 0.062500
0 0.700000 0.556641 0.050000 0.062500
0 0.692187 0.591797 0.050000 0.062500
0 0.801562 0.587891 0.050000 0.062500
0 0.818750 0.625000 0.050000 0.062500
0 0.826562 0.873047 0.050000 0.062500
0 0.815625 0.890625 0.050000 0.062500
0 0.818750 0.912109 0.050000 0.062500
0 0.843750 0.906250 0.050000 0.062500
0 0.609375 0.968750 0.050000 0.062500
0 0.603125 0.751953 0.050000 0.062500
0 0.543750 0.783203 0.050000 0.062500
0 0.381250 0.865234 0.050000 0.062500
0 0.328125 0.886719 0.050000 0.062500
0 0.329688 0.925781 0.050000 0.062500
0 0.598437 0.621094 0.050000 0.062500
0 0.529687 0.587891 0.050000 0.062500
0 0.573438 0.542969 0.050000 0.062500
0 0.576562 0.509766 0.050000 0.062500
0 0.573438 0.476562 0.050000 0.062500
0 0.589063 0.457031 0.050000 0.062500
0 0.162500 0.914062 0.050000 0.062500
0 0.143750 0.910156 0.050000 0.062500
0 0.145313 0.969727 0.050000 0.060547
0 0.042188 0.546875 0.050000 0.062500
0 0.106250 0.542969 0.050000 0.062500
0 0.314063 0.644531 0.050000 0.062500
0 0.284375 0.529297 0.050000 0.062500
0 0.339062 0.486328 0.050000 0.062500
0 0.167187 0.470703 0.050000 0.062500
0 0.160938 0.408203 0.050000 0.062500
0 0.209375 0.398438 0.050000 0.062500
0 0.279687 0.347656 0.050000 0.062500
0 0.081250 0.400391 0.050000 0.062500
0 0.025000 0.289062 0.050000 0.062500
0 0.037500 0.253906 0.050000 0.062500
0 0.020313 0.238281 0.040625 0.062500
0 0.376563 0.246094 0.050000 0.062500
0 0.406250 0.201172 0.050000 0.062500
0 0.681250 0.275391 0.050000 0.062500
0 0.717187 0.281250 0.050000 0.062500
0 0.742188 0.281250 0.050000 0.062500
0 0.770312 0.298828 0.050000 0.062500
0 0.789062 0.294922 0.050000 0.062500
0 0.815625 0.306641 0.050000 0.062500
0 0.840625 0.308594 0.050000 0.062500
0 0.860938 0.312500 0.050000 0.062500
0 0.528125 0.234375 0.050000 0.062500
0 0.573438 0.236328 0.050000 0.062500
0 0.600000 0.251953 0.050000 0.062500
0 0.432812 0.212891 0.050000 0.062500
0 0.112500 0.259766 0.050000 0.062500
0 0.089063 0.257812 0.050000 0.062500
0 0.206250 0.230469 0.050000 0.062500
0 0.221875 0.205078 0.050000 0.062500
0 0.454688 0.712891 0.050000 0.062500
0 0.454688 0.746094 0.050000 0.062500
0 0.390625 0.126953 0.050000 0.062500
0 0.300000 0.099609 0.050000 0.062500
0 0.254688 0.066406 0.050000 0.062500
0 0.118750 0.028320 0.050000 0.056641
0 0.081250 0.042969 0.050000 0.062500
0 0.065625 0.148438 0.050000 0.062500
0 0.090625 0.144531 0.050000 0.062500
0 0.631250 0.175781 0.050000 0.062500
0 0.848437 0.232422 0.050000 0.062500
0 0.967187 0.412109 0.050000 0.062500
0 0.980469 0.796875 0.039062 0.062500
0 0.270313 0.248047 0.050000 0.062500
0 0.268750 0.210938 0.050000 0.062500
0 0.198437 0.617188 0.050000 0.062500
0 0.435937 0.916016 0.050000 0.062500
0 0.425000 0.933594 0.050000 0.062500
0 0.392188 0.951172 0.050000 0.062500
0 0.160938 0.201172 0.050000 0.062500
