0 0.687500 0.566406 0.050000 0.062500
0 0.743750 0.462891 0.050000 0.062500
0 0.787500 0.421875 0.050000 0.062500
0 0.615625 0.431641 0.050000 0.062500
0 0.540625 0.494141 0.050000 0.062500
0 0.495312 0.449219 0.050000 0.062500
0 0.512500 0.537109 0.050000 0.062500
0 0.562500 0.646484 0.050000 0.062500
0 0.668750 0.861328 0.050000 0.062500
0 0.701562 0.853516 0.050000 0.062500
0 0.689063 0.886719 0.050000 0.062500
0 0.729688 0.898438 0.050000 0.062500
0 0.603125 0.878906 0.050000 0.062500
0 0.403125 0.640625 0.050000 0.062500
0 0.242188 0.759766 0.050000 0.062500
0 0.296875 0.941406 0.050000 0.062500
0 0.346875 0.968750 0.050000 0.062500
0 0.048438 0.979492 0.050000 0.041016
0 0.019531 0.904297 0.039062 0.062500
0 0.100000 0.664062 0.050000 0.062500
0 0.165625 0.615234 0.050000 0.062500
0 0.092188 0.416016 0.050000 0.062500
0 0.231250 0.285156 0.050000 0.062500
0 0.260937 0.406250 0.050000 0.062500
0 0.446875 0.324219 0.050000 0.062500
0 0.645312 0.351562 0.050000 0.062500
0 0.709375 0.298828 0.050000 0.062500
0 0.775000 0.179688 0.050000 0.062500
0 0.960938 0.337891 0.050000 0.062500
0 0.964063 0.308594 0.050000 0.062500
0 0.359375 0.181641 0.050000 0.062500
0 0.400000 0.179688 0.050000 0.062500
0 0.526563 0.236328 0.050000 0.062500
0 0.473438 0.279297 0.050000 0.062500
0 0.495312 0.269531 0.050000 0.062500
0 0.443750 0.240234 0.050000 0.062500
0 0.475000 0.201172 0.050000 0.062500
0 0.495312 0.166016 0.050000 0.062500
0 0.796875 0.123047 0.050000 0.062500
0 0.823438 0.132812 0.050000 0.062500
0 0.876563 0.132812 0.050000 0.062500
0 0.926562 0.132812 0.050000 0.062500
0 0.968750 0.140625 0.050000 0.062500
0 0.671875 0.193359 0.050000 0.062500
0 0.557813 0.175781 0.050000 0.062500
0 0.459375 0.179688 0.050000 0.062500
0 0.340625 0.099609 0.050000 0.062500
0 0.403125 0.042969 0.050000 0.062500
0 0.360938 0.058594 0.050000 0.062500
0 0.398438 0.107422 0.050000 0.062500
0 0.685937 0.056641 0.050000 0.062500
0 0.656250 0.085938 0.050000 0.062500
0 0.657813 0.037109 0.050000 0.062500
0 0.640625 0.070312 0.050000 0.062500
0 0.543750 0.611328 0.050000 0.062500
0 0.365625 0.445312 0.050000 0.062500
0 0.382812 0.427734 0.050000 0.062500
0 0.360938 0.390625 0.050000 0.062500
0 0.346875 0.478516 0.050000 0.062500
0 0.339062 0.425781 0.050000 0.062500
0 0.334375 0.398438 0.050000 0.062500
0 0.610938 0.076172 0.050000 0.062500
0 0.893750 0.083984 0.050000 0.062500
0 0.281250 0.556641 0.050000 0.062500
0 0.867188 0.843750 0.050000 0.062500
0 0.856250 0.832031 0.050000 0.062500
0 0.860938 0.796875 0.050000 0.062500
0 0.929688 0.845703 0.050000 0.062500
0 0.748437 0.484375 0.050000 0.062500
0 0.037500 0.232422 0.050000 0.062500
0 0.482812 0.019531 0.050000 0.039062
0 0.454688 0.030273 0.050000 0.060547
0 0.292187 0.601562 0.050000 0.062500
0 0.976562 0.800781 0.046875 0.062500
0 0.479687 0.140625 0.050000 0.062500
0 0.462500 0.128906 0.050000 0.062500
0 0.440625 0.130859 0.050000 0.062500
0 0.371875 0.138672 0.050000 0.062500
0 0.596875 0.125000 0.050000 0.062500
0 0.620313 0.160156 0.050000 0.062500
0 0.607812 0.199219 0.050000 0.062500
0 0.977344 0.132812 0.045312 0.062500
0 0.639062 0.300781 0.050000 0.062500
