0 0.437500 0.580078 0.050000 0.062500
0 0.503125 0.755859 0.050000 0.062500
0 0.565625 0.804688 0.050000 0.062500
0 0.526563 0.828125 0.050000 0.062500
0 0.362500 0.892578 0.050000 0.062500
0 0.509375 0.947266 0.050000 0.062500
0 0.920312 0.728516 0.050000 0.062500
0 0.892188 0.699219 0.050000 0.062500
0 0.904687 0.683594 0.050000 0.062500
0 0.882812 0.675781 0.050000 0.062500
0 0.864062 0.671875 0.050000 0.062500
0 0.871875 0.400391 0.050000 0.062500
0 0.845313 0.269531 0.050000 0.062500
0 0.781250 0.082031 0.050000 0.062500
0 0.629687 0.322266 0.050000 0.062500
0 0.732812 0.332031 0.050000 0.062500
0 0.704688 0.375000 0.050000 0.062500
0 0.606250 0.279297 0.050000 0.062500
0 0.571875 0.275391 0.050000 0.062500
0 0.559375 0.275391 0.050000 0.062500
0 0.525000 0.279297 0.050000 0.062500
0 0.467187 0.328125 0.050000 0.062500
0 0.417187 0.269531 0.050000 0.062500
0 0.442188 0.384766 0.050000 0.062500
0 0.531250 0.398438 0.050000 0.062500
0 0.603125 0.466797 0.050000 0.062500
0 0.268750 0.197266 0.050000 0.062500
0 0.101562 0.318359 0.050000 0.062500
0 0.053125 0.267578 0.050000 0.062500
0 0.056250 0.431641 0.050000 0.062500
0 0.164062 0.546875 0.050000 0.062500
0 0.240625 0.523438 0.050000 0.062500
0 0.234375 0.693359 0.050000 0.062500
0 0.220312 0.718750 0.050000 0.062500
0 0.201563 0.722656 0.050000 0.062500
0 0.310937 0.746094 0.050000 0.062500
0 0.262500 0.798828 0.050000 0.062500
0 0.246875 0.826172 0.050000 0.062500
0 0.020313 0.626953 0.040625 0.062500
0 0.414062 0.058594 0.050000 0.062500
0 0.543750 0.027344 0.050000 0.054688
0 0.587500 0.024414 0.050000 0.048828
0 0.656250 0.160156 0.050000 0.062500
0 0.678125 0.101562 0.050000 0.062500
0 0.792188 0.210938 0.050000 0.062500
0 0.904687 0.125000 0.050000 0.062500
0 0.473438 0.509766 0.050000 0.062500
0 0.793750 0.488281 0.050000 0.062500
0 0.837500 0.185547 0.050000 0.062500
0 0.714063 0.070312 0.050000 0.062500
0 0.628125 0.080078 0.050000 0.062500
0 0.526563 0.244141 0.050000 0.062500
0 0.650000 0.027344 0.050000 0.054688
0 0.676562 0.024414 0.050000 0.048828
0 0.735938 0.027344 0.050000 0.054688
0 0.810937 0.020508 0.050000 0.041016
0 0.857812 0.035156 0.050000 0.062500
0 0.790625 0.039062 0.050000 0.062500
0 0.975000 0.251953 0.050000 0.062500
0 0.942187 0.302734 0.050000 0.062500
0 0.860938 0.617188 0.050000 0.062500
0 0.812500 0.873047 0.050000 0.062500
0 0.851562 0.943359 0.050000 0.062500
0 0.846875 0.971680 0.050000 0.056641
0 0.868750 0.977539 0.050000 0.044922
0 0.875000 0.955078 0.050000 0.062500
0 0.232813 0.072266 0.050000 0.062500
