0 0.500000 0.908203 0.050000 0.062500
0 0.481250 0.945312 0.050000 0.062500
0 0.378125 0.957031 0.050000 0.062500
0 0.742188 0.908203 0.050000 0.062500
0 0.882812 0.904297 0.050000 0.062500
0 0.832812 0.898438 0.050000 0.062500
0 0.823438 0.876953 0.050000 0.062500
0 0.846875 0.880859 0.050000 0.062500
0 0.823438 0.800781 0.050000 0.062500
0 0.735938 0.769531 0.050000 0.062500
0 0.848437 0.625000 0.050000 0.062500
0 0.695312 0.656250 0.050000 0.062500
0 0.681250 0.673828 0.050000 0.062500
0 0.662500 0.677734 0.050000 0.062500
0 0.604688 0.697266 0.050000 0.062500
0 0.584375 0.718750 0.050000 0.062500
0 0.587500 0.431641 0.050000 0.062500
0 0.653125 0.443359 0.050000 0.062500
0 0.921875 0.382812 0.050000 0.062500
0 0.837500 0.087891 0.050000 0.062500
0 0.837500 0.029297 0.050000 0.058594
0 0.604688 0.134766 0.050000 0.062500
0 0.548438 0.201172 0.050000 0.062500
0 0.504687 0.226562 0.050000 0.062500
0 0.457813 0.316406 0.050000 0.062500
0 0.401562 0.449219 0.050000 0.062500
0 0.392188 0.533203 0.050000 0.062500
0 0.312500 0.460938 0.050000 0.062500
0 0.295312 0.443359 0.050000 0.062500
0 0.156250 0.488281 0.050000 0.062500
0 0.017969 0.382812 0.035937 0.062500
0 0.056250 0.343750 0.050000 0.062500
0 0.079687 0.289062 0.050000 0.062500
0 0.048438 0.238281 0.050000 0.062500
0 0.167187 0.300781 0.050000 0.062500
0 0.329688 0.273438 0.050000 0.062500
0 0.367188 0.253906 0.050000 0.062500
0 0.387500 0.224609 0.050000 0.062500
0 0.295312 0.220703 0.050000 0.062500
0 0.328125 0.250000 0.050000 0.062500
0 0.635938 0.123047 0.050000 0.062500
0 0.621875 0.146484 0.050000 0.062500
0 0.968750 0.394531 0.050000 0.062500
0 0.984375 0.355469 0.031250 0.062500
0 0.168750 0.957031 0.050000 0.062500
0 0.171875 0.978516 0.050000 0.042969
0 0.184375 0.977539 0.050000 0.044922
0 0.898438 0.355469 0.050000 0.062500
0 0.024219 0.107422 0.048438 0.062500
0 0.023438 0.064453 0.046875 0.062500
0 0.295312 0.927734 0.050000 0.062500
0 0.356250 0.886719 0.050000 0.062500
0 0.212500 0.955078 0.050000 0.062500
0 0.931250 0.632812 0.050000 0.062500
