0 0.029687 0.839844 0.050000 0.062500
0 0.048438 0.832031 0.050000 0.062500
0 0.090625 0.822266 0.050000 0.062500
0 0.159375 0.787109 0.050000 0.062500
0 0.162500 0.763672 0.050000 0.062500
0 0.257812 0.707031 0.050000 0.062500
0 0.267188 0.748047 0.050000 0.062500
0 0.551562 0.533203 0.050000 0.062500
0 0.695312 0.496094 0.050000 0.062500
0 0.789062 0.550781 0.050000 0.062500
0 0.835938 0.615234 0.050000 0.062500
0 0.732812 0.953125 0.050000 0.062500
0 0.964063 0.380859 0.050000 0.062500
0 0.957812 0.335938 0.050000 0.062500
0 0.943750 0.300781 0.050000 0.062500
0 0.803125 0.328125 0.050000 0.062500
0 0.743750 0.349609 0.050000 0.062500
0 0.839063 0.255859 0.050000 0.062500
0 0.350000 0.416016 0.050000 0.062500
0 0.304688 0.388672 0.050000 0.062500
0 0.428125 0.361328 0.050000 0.062500
0 0.381250 0.330078 0.050000 0.062500
0 0.392188 0.277344 0.050000 0.062500
0 0.273438 0.324219 0.050000 0.062500
0 0.346875 0.248047 0.050000 0.062500
0 0.206250 0.257812 0.050000 0.062500
0 0.250000 0.171875 0.050000 0.062500
0 0.451562 0.187500 0.050000 0.062500
0 0.454688 0.160156 0.050000 0.062500
0 0.451562 0.140625 0.050000 0.062500
0 0.528125 0.058594 0.050000 0.062500
0 0.554688 0.048828 0.050000 0.062500
0 0.542188 0.021484 0.050000 0.042969
0 0.321875 0.101562 0.050000 0.062500
0 0.300000 0.101562 0.050000 0.062500
0 0.321875 0.052734 0.050000 0.062500
0 0.332813 0.021484 0.050000 0.042969
0 0.259375 0.018555 0.050000 0.037109
0 0.271875 0.052734 0.050000 0.062500
0 0.198437 0.183594 0.050000 0.062500
0 0.242188 0.085938 0.050000 0.062500
0 0.042188 0.029297 0.050000 0.058594
0 0.376563 0.058594 0.050000 0.062500
0 0.359375 0.142578 0.050000 0.062500
0 0.343750 0.123047 0.050000 0.062500
0 0.409375 0.121094 0.050000 0.062500
0 0.426563 0.101562 0.050000 0.062500
0 0.490625 0.099609 0.050000 0.062500
0 0.504687 0.101562 0.050000 0.062500
0 0.654687 0.117188 0.050000 0.062500
0 0.606250 0.024414 0.050000 0.048828
0 0.418750 0.222656 0.050000 0.062500
0 0.326562 0.183594 0.050000 0.062500
0 0.378125 0.132812 0.050000 0.062500
0 0.450000 0.107422 0.050000 0.062500
0 0.467187 0.099609 0.050000 0.062500
0 0.265625 0.030273 0.050000 0.060547
0 0.184375 0.408203 0.050000 0.062500
0 0.145313 0.597656 0.050000 0.062500
0 0.084375 0.544922 0.050000 0.062500
0 0.035937 0.542969 0.050000 0.062500
0 0.078125 0.476562 0.050000 0.062500
0 0.024219 0.468750 0.048438 0.062500
0 0.018750 0.578125 0.037500 0.062500
0 0.710938 0.537109 0.050000 0.062500
0 0.507812 0.066406 0.050000 0.062500
0 0.462500 0.333984 0.050000 0.062500
0 0.542188 0.306641 0.050000 0.062500
0 0.589063 0.324219 0.050000 0.062500
0 0.529687 0.187500 0.050000 0.062500
0 0.496875 0.164062 0.050000 0.062500
0 0.521875 0.148438 0.050000 0.062500
0 0.481250 0.136719 0.050000 0.062500
0 0.687500 0.308594 0.050000 0.062500
0 0.704688 0.320312 0.050000 0.062500
0 0.775000 0.289062 0.050000 0.062500
0 0.632812 0.973633 0.050000 0.052734
