0 0.575000 0.855469 0.050000 0.062500
0 0.732812 0.791016 0.050000 0.062500
0 0.815625 0.900391 0.050000 0.062500
0 0.064062 0.975586 0.050000 0.048828
0 0.101562 0.900391 0.050000 0.062500
0 0.178125 0.847656 0.050000 0.062500
0 0.245312 0.783203 0.050000 0.062500
0 0.090625 0.857422 0.050000 0.062500
0 0.024219 0.857422 0.048438 0.062500
0 0.017969 0.847656 0.035937 0.062500
0 0.026562 0.835938 0.050000 0.062500
0 0.071875 0.789062 0.050000 0.062500
0 0.096875 0.726562 0.050000 0.062500
0 0.123438 0.792969 0.050000 0.062500
0 0.098437 0.835938 0.050000 0.062500
0 0.301563 0.595703 0.050000 0.062500
0 0.362500 0.609375 0.050000 0.062500
0 0.414062 0.603516 0.050000 0.062500
0 0.331250 0.476562 0.050000 0.062500
0 0.457813 0.544922 0.050000 0.062500
0 0.451562 0.505859 0.050000 0.062500
0 0.253125 0.443359 0.050000 0.062500
0 0.265625 0.431641 0.050000 0.062500
0 0.295312 0.357422 0.050000 0.062500
0 0.340625 0.347656 0.050000 0.062500
0 0.382812 0.390625 0.050000 0.062500
0 0.351562 0.435547 0.050000 0.062500
0 0.382812 0.457031 0.050000 0.062500
0 0.404687 0.486328 0.050000 0.062500
0 0.426563 0.439453 0.050000 0.062500
0 0.414062 0.421875 0.050000 0.062500
0 0.548438 0.496094 0.050000 0.062500
0 0.515625 0.496094 0.050000 0.062500
0 0.503125 0.490234 0.050000 0.062500
0 0.745313 0.173828 0.050000 0.062500
0 0.718750 0.208984 0.050000 0.062500
0 0.695312 0.222656 0.050000 0.062500
0 0.689063 0.259766 0.050000 0.062500
0 0.656250 0.289062 0.050000 0.062500
0 0.646875 0.310547 0.050000 0.062500
0 0.775000 0.224609 0.050000 0.062500
0 0.771875 0.189453 0.050000 0.062500
0 0.753125 0.212891 0.050000 0.062500
0 0.650000 0.208984 0.050000 0.062500
0 0.664062 0.171875 0.050000 0.062500
0 0.660937 0.148438 0.050000 0.062500
0 0.656250 0.119141 0.050000 0.062500
0 0.714063 0.109375 0.050000 0.062500
0 0.651563 0.028320 0.050000 0.056641
0 0.664062 0.328125 0.050000 0.062500
0 0.659375 0.365234 0.050000 0.062500
0 0.689063 0.369141 0.050000 0.062500
0 0.632812 0.408203 0.050000 0.062500
0 0.607812 0.460938 0.050000 0.062500
0 0.601562 0.429688 0.050000 0.062500
0 0.587500 0.419922 0.050000 0.062500
0 0.598437 0.371094 0.050000 0.062500
0 0.612500 0.382812 0.050000 0.062500
0 0.615625 0.333984 0.050000 0.062500
0 0.518750 0.648438 0.050000 0.062500
0 0.626563 0.626953 0.050000 0.062500
0 0.639062 0.597656 0.050000 0.062500
0 0.310937 0.207031 0.050000 0.062500
0 0.471875 0.132812 0.050000 0.062500
0 0.414062 0.020508 0.050000 0.041016
0 0.276562 0.099609 0.050000 0.062500
0 0.115625 0.187500 0.050000 0.062500
0 0.553125 0.240234 0.050000 0.062500
0 0.335938 0.146484 0.050000 0.062500
0 0.360938 0.162109 0.050000 0.062500
0 0.354687 0.199219 0.050000 0.062500
0 0.376563 0.197266 0.050000 0.062500
0 0.407813 0.193359 0.050000 0.062500
0 0.443750 0.236328 0.050000 0.062500
0 0.435937 0.265625 0.050000 0.062500
0 0.425000 0.308594 0.050000 0.062500
0 0.367188 0.285156 0.050000 0.062500
0 0.392188 0.281250 0.050000 0.062500
0 0.370312 0.257812 0.050000 0.062500
0 0.618750 0.128906 0.050000 0.062500
0 0.584375 0.119141 0.050000 0.062500
0 0.073438 0.091797 0.050000 0.062500
0 0.039062 0.023438 0.050000 0.046875
0 0.403125 0.363281 0.050000 0.062500
0 0.420312 0.363281 0.050000 0.062500
0 0.559375 0.433594 0.050000 0.062500
0 0.560937 0.416016 0.050000 0.062500
0 0.543750 0.388672 0.050000 0.062500
0 0.532813 0.371094 0.050000 0.062500
0 0.501563 0.431641 0.050000 0.062500
0 0.517188 0.429688 0.050000 0.062500
0 0.514062 0.402344 0.050000 0.062500
0 0.457813 0.390625 0.050000 0.062500
0 0.593750 0.228516 0.050000 0.062500
0 0.487500 0.328125 0.050000 0.062500
0 0.376563 0.328125 0.050000 0.062500
0 0.637500 0.330078 0.050000 0.062500
0 0.403125 0.267578 0.050000 0.062500
0 0.401562 0.228516 0.050000 0.062500
0 0.371875 0.220703 0.050000 0.062500
0 0.565625 0.369141 0.050000 0.062500
0 0.576562 0.394531 0.050000 0.062500
0 0.487500 0.447266 0.050000 0.062500
0 0.384375 0.179688 0.050000 0.062500
0 0.573438 0.195312 0.050000 0.062500
0 0.585938 0.181641 0.050000 0.062500
0 0.592187 0.201172 0.050000 0.062500
0 0.921875 0.945312 0.050000 0.062500
0 0.767188 0.652344 0.050000 0.062500
0 0.817187 0.634766 0.050000 0.062500
0 0.842187 0.638672 0.050000 0.062500
0 0.977344 0.656250 0.045312 0.062500
0 0.726562 0.617188 0.050000 0.062500
0 0.518750 0.552734 0.050000 0.062500
0 0.887500 0.593750 0.050000 0.062500
0 0.554688 0.048828 0.050000 0.062500
0 0.562500 0.060547 0.050000 0.062500
