0 0.473438 0.939453 0.050000 0.062500
0 0.537500 0.904297 0.050000 0.062500
0 0.623437 0.871094 0.050000 0.062500
0 0.643750 0.902344 0.050000 0.062500
0 0.689063 0.927734 0.050000 0.062500
0 0.890625 0.880859 0.050000 0.062500
0 0.901563 0.941406 0.050000 0.062500
0 0.759375 0.910156 0.050000 0.062500
0 0.978125 0.800781 0.043750 0.062500
0 0.221875 0.975586 0.050000 0.048828
0 0.267188 0.837891 0.050000 0.062500
0 0.273438 0.787109 0.050000 0.062500
0 0.325000 0.787109 0.050000 0.062500
0 0.354687 0.806641 0.050000 0.062500
0 0.385937 0.800781 0.050000 0.062500
0 0.432812 0.789062 0.050000 0.062500
0 0.382812 0.763672 0.050000 0.062500
0 0.484375 0.767578 0.050000 0.062500
0 0.259375 0.724609 0.050000 0.062500
0 0.257812 0.611328 0.050000 0.062500
0 0.165625 0.623047 0.050000 0.062500
0 0.290625 0.527344 0.050000 0.062500
0 0.328125 0.531250 0.050000 0.062500
0 0.328125 0.576172 0.050000 0.062500
0 0.337500 0.660156 0.050000 0.062500
0 0.381250 0.658203 0.050000 0.062500
0 0.357812 0.623047 0.050000 0.062500
0 0.378125 0.623047 0.050000 0.062500
0 0.592187 0.718750 0.050000 0.062500
0 0.578125 0.691406 0.050000 0.062500
0 0.559375 0.681641 0.050000 0.062500
0 0.529687 0.683594 0.050000 0.062500
0 0.510938 0.660156 0.050000 0.062500
0 0.501563 0.632812 0.050000 0.062500
0 0.529687 0.642578 0.050000 0.062500
0 0.545312 0.625000 0.050000 0.062500
0 0.554688 0.656250 0.050000 0.062500
0 0.571875 0.634766 0.050000 0.062500
0 0.587500 0.642578 0.050000 0.062500
0 0.596875 0.667969 0.050000 0.062500
0 0.635938 0.658203 0.050000 0.062500
0 0.621875 0.623047 0.050000 0.062500
0 0.593750 0.593750 0.050000 0.062500
0 0.612500 0.591797 0.050000 0.062500
0 0.640625 0.580078 0.050000 0.062500
0 0.700000 0.605469 0.050000 0.062500
0 0.710938 0.541016 0.050000 0.062500
0 0.690625 0.537109 0.050000 0.062500
0 0.635938 0.539062 0.050000 0.062500
0 0.673438 0.496094 0.050000 0.062500
0 0.679688 0.453125 0.050000 0.062500
0 0.709375 0.453125 0.050000 0.062500
0 0.731250 0.408203 0.050000 0.062500
0 0.775000 0.378906 0.050000 0.062500
0 0.795312 0.349609 0.050000 0.062500
0 0.431250 0.677734 0.050000 0.062500
0 0.450000 0.666016 0.050000 0.062500
0 0.470313 0.679688 0.050000 0.062500
0 0.470313 0.572266 0.050000 0.062500
0 0.446875 0.615234 0.050000 0.062500
0 0.431250 0.636719 0.050000 0.062500
0 0.425000 0.654297 0.050000 0.062500
0 0.412500 0.632812 0.050000 0.062500
0 0.398438 0.626953 0.050000 0.062500
0 0.412500 0.609375 0.050000 0.062500
0 0.393750 0.609375 0.050000 0.062500
0 0.407813 0.583984 0.050000 0.062500
0 0.382812 0.560547 0.050000 0.062500
0 0.407813 0.521484 0.050000 0.062500
0 0.389062 0.511719 0.050000 0.062500
0 0.523438 0.482422 0.050000 0.062500
0 0.225000 0.328125 0.050000 0.062500
0 0.445312 0.287109 0.050000 0.062500
0 0.339062 0.171875 0.050000 0.062500
0 0.256250 0.441406 0.050000 0.062500
0 0.289062 0.376953 0.050000 0.062500
0 0.314063 0.398438 0.050000 0.062500
0 0.312500 0.427734 0.050000 0.062500
0 0.329688 0.443359 0.050000 0.062500
0 0.339062 0.417969 0.050000 0.062500
0 0.350000 0.451172 0.050000 0.062500
0 0.367188 0.439453 0.050000 0.062500
0 0.632812 0.449219 0.050000 0.062500
0 0.634375 0.347656 0.050000 0.062500
0 0.700000 0.341797 0.050000 0.062500
0 0.642188 0.388672 0.050000 0.062500
0 0.646875 0.416016 0.050000 0.062500
0 0.600000 0.166016 0.050000 0.062500
0 0.528125 0.285156 0.050000 0.062500
0 0.507812 0.269531 0.050000 0.062500
0 0.629687 0.250000 0.050000 0.062500
0 0.714063 0.152344 0.050000 0.062500
0 0.700000 0.099609 0.050000 0.062500
0 0.676562 0.113281 0.050000 0.062500
0 0.406250 0.470703 0.050000 0.062500
0 0.365625 0.482422 0.050000 0.062500
0 0.354687 0.515625 0.050000 0.062500
0 0.243750 0.507812 0.050000 0.062500
0 0.104688 0.371094 0.050000 0.062500
0 0.056250 0.121094 0.050000 0.062500
0 0.559375 0.345703 0.050000 0.062500
0 0.585938 0.351562 0.050000 0.062500
0 0.567187 0.443359 0.050000 0.062500
0 0.545312 0.429688 0.050000 0.062500
0 0.565625 0.412109 0.050000 0.062500
0 0.517188 0.765625 0.050000 0.062500
