0 0.392188 0.433594 0.050000 0.062500
0 0.354687 0.417969 0.050000 0.062500
0 0.509375 0.410156 0.050000 0.062500
0 0.551562 0.402344 0.050000 0.062500
0 0.471875 0.392578 0.050000 0.062500
0 0.510938 0.339844 0.050000 0.062500
0 0.610938 0.335938 0.050000 0.062500
0 0.671875 0.320312 0.050000 0.062500
0 0.875000 0.386719 0.050000 0.062500
0 0.895312 0.453125 0.050000 0.062500
0 0.842187 0.445312 0.050000 0.062500
0 0.825000 0.550781 0.050000 0.062500
0 0.771875 0.542969 0.050000 0.062500
0 0.760938 0.505859 0.050000 0.062500
0 0.906250 0.521484 0.050000 0.062500
0 0.929688 0.435547 0.050000 0.062500
0 0.932813 0.396484 0.050000 0.062500
0 0.865625 0.248047 0.050000 0.062500
0 0.243750 0.028320 0.050000 0.056641
0 0.275000 0.028320 0.050000 0.056641
0 0.304688 0.041016 0.050000 0.062500
0 0.339062 0.046875 0.050000 0.062500
0 0.371875 0.066406 0.050000 0.062500
0 0.398438 0.054688 0.050000 0.062500
0 0.181250 0.031250 0.050000 0.062500
0 0.200000 0.056641 0.050000 0.062500
0 0.134375 0.052734 0.050000 0.062500
0 0.145313 0.027344 0.050000 0.054688
0 0.165625 0.066406 0.050000 0.062500
0 0.090625 0.031250 0.050000 0.062500
0 0.100000 0.062500 0.050000 0.062500
0 0.123438 0.082031 0.050000 0.062500
0 0.053125 0.024414 0.050000 0.048828
0 0.057813 0.050781 0.050000 0.062500
0 0.018750 0.062500 0.037500 0.062500
0 0.059375 0.074219 0.050000 0.062500
0 0.079687 0.082031 0.050000 0.062500
0 0.043750 0.109375 0.050000 0.062500
0 0.025000 0.126953 0.050000 0.062500
0 0.031250 0.156250 0.050000 0.062500
0 0.062500 0.166016 0.050000 0.062500
0 0.032813 0.201172 0.050000 0.062500
0 0.090625 0.160156 0.050000 0.062500
0 0.095312 0.255859 0.050000 0.062500
0 0.090625 0.123047 0.050000 0.062500
0 0.104688 0.105469 0.050000 0.062500
0 0.139063 0.130859 0.050000 0.062500
0 0.123438 0.160156 0.050000 0.062500
0 0.175000 0.167969 0.050000 0.062500
0 0.148438 0.195312 0.050000 0.062500
0 0.162500 0.234375 0.050000 0.062500
0 0.143750 0.277344 0.050000 0.062500
0 0.193750 0.205078 0.050000 0.062500
0 0.235937 0.238281 0.050000 0.062500
0 0.159375 0.125000 0.050000 0.062500
0 0.148438 0.089844 0.050000 0.062500
0 0.182812 0.097656 0.050000 0.062500
0 0.209375 0.101562 0.050000 0.062500
0 0.232813 0.082031 0.050000 0.062500
0 0.189062 0.132812 0.050000 0.062500
0 0.214062 0.164062 0.050000 0.062500
0 0.293750 0.212891 0.050000 0.062500
0 0.282813 0.173828 0.050000 0.062500
0 0.260937 0.146484 0.050000 0.062500
0 0.257812 0.107422 0.050000 0.062500
0 0.276562 0.113281 0.050000 0.062500
0 0.270313 0.066406 0.050000 0.062500
0 0.295312 0.066406 0.050000 0.062500
0 0.298438 0.105469 0.050000 0.062500
0 0.317188 0.175781 0.050000 0.062500
0 0.300000 0.150391 0.050000 0.062500
0 0.339062 0.148438 0.050000 0.062500
0 0.342187 0.189453 0.050000 0.062500
0 0.371875 0.224609 0.050000 0.062500
0 0.331250 0.281250 0.050000 0.062500
0 0.306250 0.310547 0.050000 0.062500
0 0.387500 0.302734 0.050000 0.062500
0 0.446875 0.308594 0.050000 0.062500
0 0.473438 0.292969 0.050000 0.062500
0 0.409375 0.267578 0.050000 0.062500
0 0.503125 0.242188 0.050000 0.062500
0 0.523438 0.275391 0.050000 0.062500
0 0.428125 0.218750 0.050000 0.062500
0 0.395313 0.197266 0.050000 0.062500
0 0.379688 0.160156 0.050000 0.062500
0 0.368750 0.130859 0.050000 0.062500
0 0.393750 0.115234 0.050000 0.062500
0 0.425000 0.087891 0.050000 0.062500
0 0.401562 0.148438 0.050000 0.062500
0 0.425000 0.132812 0.050000 0.062500
0 0.418750 0.179688 0.050000 0.062500
0 0.442188 0.160156 0.050000 0.062500
0 0.446875 0.201172 0.050000 0.062500
0 0.435937 0.060547 0.050000 0.062500
0 0.495312 0.080078 0.050000 0.062500
0 0.478125 0.111328 0.050000 0.062500
0 0.464062 0.126953 0.050000 0.062500
0 0.468750 0.154297 0.050000 0.062500
0 0.487500 0.144531 0.050000 0.062500
0 0.521875 0.144531 0.050000 0.062500
0 0.520312 0.105469 0.050000 0.062500
0 0.535937 0.082031 0.050000 0.062500
0 0.510938 0.173828 0.050000 0.062500
0 0.482812 0.199219 0.050000 0.062500
0 0.523438 0.201172 0.050000 0.062500
0 0.556250 0.203125 0.050000 0.062500
0 0.564063 0.248047 0.050000 0.062500
0 0.545312 0.173828 0.050000 0.062500
0 0.567187 0.154297 0.050000 0.062500
0 0.235937 0.179688 0.050000 0.062500
0 0.256250 0.212891 0.050000 0.062500
0 0.118750 0.220703 0.050000 0.062500
0 0.346875 0.115234 0.050000 0.062500
0 0.565625 0.091797 0.050000 0.062500
0 0.573438 0.126953 0.050000 0.062500
0 0.582812 0.103516 0.050000 0.062500
0 0.592187 0.082031 0.050000 0.062500
0 0.600000 0.056641 0.050000 0.062500
0 0.596875 0.164062 0.050000 0.062500
0 0.625000 0.181641 0.050000 0.062500
0 0.656250 0.201172 0.050000 0.062500
0 0.635938 0.298828 0.050000 0.062500
0 0.721875 0.234375 0.050000 0.062500
0 0.704688 0.287109 0.050000 0.062500
0 0.706250 0.158203 0.050000 0.062500
0 0.667188 0.150391 0.050000 0.062500
0 0.635938 0.148438 0.050000 0.062500
0 0.673438 0.113281 0.050000 0.062500
0 0.648438 0.117188 0.050000 0.062500
0 0.646875 0.085938 0.050000 0.062500
0 0.620313 0.091797 0.050000 0.062500
0 0.698438 0.107422 0.050000 0.062500
0 0.734375 0.105469 0.050000 0.062500
0 0.710938 0.070312 0.050000 0.062500
0 0.678125 0.078125 0.050000 0.062500
0 0.667188 0.052734 0.050000 0.062500
0 0.684375 0.039062 0.050000 0.062500
0 0.717187 0.039062 0.050000 0.062500
0 0.645312 0.058594 0.050000 0.062500
0 0.795312 0.107422 0.050000 0.062500
0 0.809375 0.058594 0.050000 0.062500
0 0.790625 0.263672 0.050000 0.062500
0 0.637500 0.470703 0.050000 0.062500
0 0.890625 0.033203 0.050000 0.062500
0 0.932813 0.076172 0.050000 0.062500
0 0.214062 0.020508 0.050000 0.041016
0 0.534375 0.498047 0.050000 0.062500
0 0.043750 0.523438 0.050000 0.062500
0 0.060937 0.482422 0.050000 0.062500
