0 0.053125 0.066406 0.050000 0.062500
0 0.024219 0.080078 0.048438 0.062500
0 0.064062 0.125000 0.050000 0.062500
0 0.145313 0.117188 0.050000 0.062500
0 0.160938 0.134766 0.050000 0.062500
0 0.193750 0.082031 0.050000 0.062500
0 0.264062 0.291016 0.050000 0.062500
0 0.301563 0.333984 0.050000 0.062500
0 0.285938 0.375000 0.050000 0.062500
0 0.226562 0.400391 0.050000 0.062500
0 0.012500 0.427734 0.025000 0.062500
0 0.200000 0.525391 0.050000 0.062500
0 0.393750 0.738281 0.050000 0.062500
0 0.425000 0.724609 0.050000 0.062500
0 0.420312 0.798828 0.050000 0.062500
0 0.478125 0.792969 0.050000 0.062500
0 0.495312 0.812500 0.050000 0.062500
0 0.506250 0.820312 0.050000 0.062500
0 0.220312 0.929688 0.050000 0.062500
0 0.640625 0.509766 0.050000 0.062500
0 0.814063 0.617188 0.050000 0.062500
0 0.878125 0.203125 0.050000 0.062500
0 0.893750 0.164062 0.050000 0.062500
0 0.862500 0.095703 0.050000 0.062500
0 0.818750 0.046875 0.050000 0.062500
0 0.726562 0.558594 0.050000 0.062500
0 0.748437 0.718750 0.050000 0.062500
0 0.778125 0.740234 0.050000 0.062500
0 0.829688 0.722656 0.050000 0.062500
0 0.717187 0.873047 0.050000 0.062500
0 0.551562 0.933594 0.050000 0.062500
0 0.517188 0.849609 0.050000 0.062500
0 0.534375 0.853516 0.050000 0.062500
0 0.553125 0.841797 0.050000 0.062500
0 0.523438 0.820312 0.050000 0.062500
0 0.637500 0.662109 0.050000 0.062500
0 0.635938 0.689453 0.050000 0.062500
0 0.657813 0.671875 0.050000 0.062500
0 0.904687 0.935547 0.050000 0.062500
0 0.931250 0.865234 0.050000 0.062500
0 0.595313 0.871094 0.050000 0.062500
0 0.554688 0.888672 0.050000 0.062500
0 0.584375 0.972656 0.050000 0.054688
0 0.259375 0.339844 0.050000 0.062500
0 0.429688 0.531250 0.050000 0.062500
0 0.295312 0.414062 0.050000 0.062500
0 0.781250 0.802734 0.050000 0.062500
0 0.764062 0.837891 0.050000 0.062500
0 0.185938 0.798828 0.050000 0.062500
0 0.371875 0.759766 0.050000 0.062500
0 0.439063 0.855469 0.050000 0.062500
0 0.937500 0.771484 0.050000 0.062500
0 0.914062 0.812500 0.050000 0.062500
0 0.904687 0.820312 0.050000 0.062500
0 0.889062 0.833984 0.050000 0.062500
0 0.881250 0.873047 0.050000 0.062500
0 0.870313 0.919922 0.050000 0.062500
0 0.882812 0.929688 0.050000 0.062500
0 0.840625 0.927734 0.050000 0.062500
0 0.856250 0.971680 0.050000 0.056641
0 0.921875 0.947266 0.050000 0.062500
0 0.942187 0.880859 0.050000 0.062500
0 0.842187 0.470703 0.050000 0.062500
0 0.893750 0.695312 0.050000 0.062500
0 0.757812 0.791016 0.050000 0.062500
0 0.842187 0.769531 0.050000 0.062500
0 0.835938 0.824219 0.050000 0.062500
0 0.517188 0.947266 0.050000 0.062500
0 0.593750 0.925781 0.050000 0.062500
0 0.606250 0.929688 0.050000 0.062500
0 0.137500 0.250000 0.050000 0.062500
0 0.970313 0.734375 0.050000 0.062500
