0 0.265625 0.167969 0.050000 0.062500
0 0.301563 0.361328 0.050000 0.062500
0 0.250000 0.386719 0.050000 0.062500
0 0.165625 0.300781 0.050000 0.062500
0 0.139063 0.314453 0.050000 0.062500
0 0.134375 0.341797 0.050000 0.062500
0 0.221875 0.509766 0.050000 0.062500
0 0.300000 0.716797 0.050000 0.062500
0 0.440625 0.806641 0.050000 0.062500
0 0.484375 0.978516 0.050000 0.042969
0 0.707812 0.808594 0.050000 0.062500
0 0.646875 0.212891 0.050000 0.062500
0 0.620313 0.140625 0.050000 0.062500
0 0.323437 0.638672 0.050000 0.062500
0 0.370312 0.634766 0.050000 0.062500
0 0.340625 0.591797 0.050000 0.062500
0 0.468750 0.880859 0.050000 0.062500
0 0.918750 0.437500 0.050000 0.062500
0 0.957812 0.621094 0.050000 0.062500
0 0.978906 0.634766 0.042188 0.062500
0 0.243750 0.820312 0.050000 0.062500
0 0.796875 0.271484 0.050000 0.062500
0 0.834375 0.312500 0.050000 0.062500
0 0.746875 0.199219 0.050000 0.062500
0 0.726562 0.169922 0.050000 0.062500
0 0.710938 0.140625 0.050000 0.062500
0 0.696875 0.123047 0.050000 0.062500
0 0.678125 0.126953 0.050000 0.062500
0 0.657813 0.078125 0.050000 0.062500
0 0.640625 0.058594 0.050000 0.062500
0 0.853125 0.142578 0.050000 0.062500
0 0.870313 0.154297 0.050000 0.062500
0 0.712500 0.044922 0.050000 0.062500
0 0.884375 0.197266 0.050000 0.062500
0 0.767188 0.970703 0.050000 0.058594
0 0.015625 0.556641 0.031250 0.062500
0 0.023438 0.589844 0.046875 0.062500
0 0.019531 0.607422 0.039062 0.062500
0 0.840625 0.191406 0.050000 0.062500
0 0.884375 0.220703 0.050000 0.062500
0 0.781250 0.030273 0.050000 0.060547
