0 0.528125 0.398438 0.050000 0.062500
0 0.823438 0.187500 0.050000 0.062500
0 0.639062 0.107422 0.050000 0.062500
0 0.618750 0.083984 0.050000 0.062500
0 0.450000 0.025391 0.050000 0.050781
0 0.350000 0.072266 0.050000 0.062500
0 0.335938 0.093750 0.050000 0.062500
0 0.404687 0.018555 0.050000 0.037109
0 0.154688 0.146484 0.050000 0.062500
0 0.268750 0.363281 0.050000 0.062500
0 0.037500 0.591797 0.050000 0.062500
0 0.025000 0.570312 0.050000 0.062500
0 0.392188 0.833984 0.050000 0.062500
0 0.406250 0.843750 0.050000 0.062500
0 0.431250 0.847656 0.050000 0.062500
0 0.454688 0.810547 0.050000 0.062500
0 0.682813 0.800781 0.050000 0.062500
0 0.742188 0.703125 0.050000 0.062500
0 0.745313 0.960938 0.050000 0.062500
0 0.889062 0.945312 0.050000 0.062500
