0 0.350000 0.775391 0.050000 0.062500
0 0.331250 0.816406 0.050000 0.062500
0 0.271875 0.857422 0.050000 0.062500
0 0.254688 0.890625 0.050000 0.062500
0 0.195312 0.787109 0.050000 0.062500
0 0.143750 0.855469 0.050000 0.062500
0 0.328125 0.972656 0.050000 0.054688
0 0.643750 0.628906 0.050000 0.062500
0 0.803125 0.718750 0.050000 0.062500
0 0.968750 0.281250 0.050000 0.062500
0 0.889062 0.214844 0.050000 0.062500
0 0.767188 0.146484 0.050000 0.062500
0 0.323437 0.123047 0.050000 0.062500
0 0.128125 0.109375 0.050000 0.062500
0 0.082812 0.093750 0.050000 0.062500
0 0.103125 0.070312 0.050000 0.062500
0 0.143750 0.019531 0.050000 0.039062
0 0.184375 0.016602 0.050000 0.033203
0 0.498437 0.017578 0.050000 0.035156
0 0.514062 0.017578 0.050000 0.035156
0 0.748437 0.130859 0.050000 0.062500
