0 0.315625 0.382812 0.050000 0.062500
0 0.264062 0.839844 0.050000 0.062500
0 0.329688 0.894531 0.050000 0.062500
0 0.293750 0.953125 0.050000 0.062500
0 0.564063 0.644531 0.050000 0.062500
0 0.546875 0.615234 0.050000 0.062500
0 0.576562 0.677734 0.050000 0.062500
0 0.596875 0.697266 0.050000 0.062500
0 0.732812 0.636719 0.050000 0.062500
0 0.812500 0.529297 0.050000 0.062500
0 0.723437 0.693359 0.050000 0.062500
0 0.748437 0.718750 0.050000 0.062500
0 0.050000 0.089844 0.050000 0.062500
0 0.064062 0.244141 0.050000 0.062500
0 0.154688 0.294922 0.050000 0.062500
0 0.178125 0.306641 0.050000 0.062500
0 0.171875 0.275391 0.050000 0.062500
0 0.196875 0.279297 0.050000 0.062500
0 0.209375 0.273438 0.050000 0.062500
0 0.150000 0.261719 0.050000 0.062500
0 0.160938 0.255859 0.050000 0.062500
0 0.279687 0.287109 0.050000 0.062500
0 0.357812 0.226562 0.050000 0.062500
0 0.220312 0.076172 0.050000 0.062500
0 0.689063 0.126953 0.050000 0.062500
0 0.703125 0.119141 0.050000 0.062500
0 0.807813 0.158203 0.050000 0.062500
0 0.915625 0.542969 0.050000 0.062500
0 0.953125 0.556641 0.050000 0.062500
0 0.778125 0.072266 0.050000 0.062500
0 0.823438 0.171875 0.050000 0.062500
0 0.734375 0.042969 0.050000 0.062500
0 0.795312 0.024414 0.050000 0.048828
0 0.471875 0.886719 0.050000 0.062500
0 0.467187 0.916016 0.050000 0.062500
0 0.476562 0.939453 0.050000 0.062500
0 0.495312 0.977539 0.050000 0.044922
0 0.484375 0.958984 0.050000 0.062500
0 0.118750 0.931641 0.050000 0.062500
0 0.814063 0.097656 0.050000 0.062500
0 0.982812 0.341797 0.034375 0.062500
