0 0.315625 0.660156 0.050000 0.062500
0 0.189062 0.597656 0.050000 0.062500
0 0.209375 0.570312 0.050000 0.062500
0 0.187500 0.564453 0.050000 0.062500
0 0.162500 0.572266 0.050000 0.062500
0 0.157812 0.542969 0.050000 0.062500
0 0.178125 0.539062 0.050000 0.062500
0 0.221875 0.552734 0.050000 0.062500
0 0.243750 0.445312 0.050000 0.062500
0 0.257812 0.447266 0.050000 0.062500
0 0.339062 0.488281 0.050000 0.062500
0 0.354687 0.503906 0.050000 0.062500
0 0.048438 0.261719 0.050000 0.062500
0 0.165625 0.080078 0.050000 0.062500
0 0.900000 0.779297 0.050000 0.062500
0 0.732812 0.412109 0.050000 0.062500
0 0.840625 0.500000 0.050000 0.062500
0 0.860938 0.474609 0.050000 0.062500
0 0.835938 0.457031 0.050000 0.062500
0 0.845313 0.451172 0.050000 0.062500
0 0.818750 0.373047 0.050000 0.062500
0 0.362500 0.039062 0.050000 0.062500
0 0.100000 0.111328 0.050000 0.062500
0 0.093750 0.052734 0.050000 0.062500
0 0.140625 0.028320 0.050000 0.056641
0 0.048438 0.427734 0.050000 0.062500
0 0.490625 0.074219 0.050000 0.062500
0 0.503125 0.099609 0.050000 0.062500
0 0.131250 0.128906 0.050000 0.062500
0 0.973437 0.787109 0.050000 0.062500
