0 0.435937 0.425781 0.050000 0.062500
0 0.471875 0.408203 0.050000 0.062500
0 0.370312 0.189453 0.050000 0.062500
0 0.215625 0.523438 0.050000 0.062500
0 0.253125 0.583984 0.050000 0.062500
0 0.201563 0.621094 0.050000 0.062500
0 0.160938 0.589844 0.050000 0.062500
0 0.185938 0.539062 0.050000 0.062500
0 0.093750 0.539062 0.050000 0.062500
0 0.446875 0.597656 0.050000 0.062500
0 0.568750 0.671875 0.050000 0.062500
0 0.587500 0.699219 0.050000 0.062500
0 0.573438 0.779297 0.050000 0.062500
0 0.643750 0.599609 0.050000 0.062500
0 0.834375 0.498047 0.050000 0.062500
0 0.500000 0.138672 0.050000 0.062500
0 0.512500 0.148438 0.050000 0.062500
0 0.548438 0.144531 0.050000 0.062500
0 0.570312 0.146484 0.050000 0.062500
0 0.093750 0.171875 0.050000 0.062500
0 0.107813 0.128906 0.050000 0.062500
0 0.073438 0.091797 0.050000 0.062500
0 0.415625 0.927734 0.050000 0.062500
0 0.428125 0.939453 0.050000 0.062500
0 0.253125 0.074219 0.050000 0.062500
0 0.453125 0.156250 0.050000 0.062500
