0 0.517188 0.164062 0.050000 0.062500
0 0.521875 0.187500 0.050000 0.062500
0 0.446875 0.066406 0.050000 0.062500
0 0.590625 0.140625 0.050000 0.062500
0 0.921875 0.496094 0.050000 0.062500
0 0.590625 0.261719 0.050000 0.062500
0 0.593750 0.294922 0.050000 0.062500
0 0.167187 0.082031 0.050000 0.062500
0 0.118750 0.046875 0.050000 0.062500
0 0.256250 0.691406 0.050000 0.062500
0 0.123438 0.833984 0.050000 0.062500
0 0.035937 0.783203 0.050000 0.062500
0 0.112500 0.666016 0.050000 0.062500
0 0.101562 0.617188 0.050000 0.062500
0 0.101562 0.617188 0.050000 0.062500
0 0.090625 0.628906 0.050000 0.062500
0 0.118750 0.625000 0.050000 0.062500
0 0.800000 0.632812 0.050000 0.062500
0 0.923438 0.736328 0.050000 0.062500
0 0.917188 0.718750 0.050000 0.062500
0 0.595313 0.173828 0.050000 0.062500
0 0.671875 0.066406 0.050000 0.062500
0 0.145313 0.630859 0.050000 0.062500
0 0.942187 0.744141 0.050000 0.062500
0 0.204687 0.044922 0.050000 0.062500
0 0.354687 0.626953 0.050000 0.062500
0 0.785937 0.636719 0.050000 0.062500
0 0.707812 0.697266 0.050000 0.062500
0 0.928125 0.648438 0.050000 0.062500
0 0.956250 0.666016 0.050000 0.062500
