0 0.592187 0.687500 0.050000 0.062500
0 0.212500 0.847656 0.050000 0.062500
0 0.018750 0.720703 0.037500 0.062500
0 0.129688 0.654297 0.050000 0.062500
0 0.093750 0.644531 0.050000 0.062500
0 0.078125 0.638672 0.050000 0.062500
0 0.131250 0.583984 0.050000 0.062500
0 0.220312 0.626953 0.050000 0.062500
0 0.239063 0.500000 0.050000 0.062500
0 0.260937 0.482422 0.050000 0.062500
0 0.118750 0.402344 0.050000 0.062500
0 0.106250 0.417969 0.050000 0.062500
0 0.093750 0.396484 0.050000 0.062500
0 0.334375 0.328125 0.050000 0.062500
0 0.454688 0.259766 0.050000 0.062500
0 0.500000 0.238281 0.050000 0.062500
0 0.142187 0.384766 0.050000 0.062500
0 0.817187 0.179688 0.050000 0.062500
0 0.984375 0.396484 0.031250 0.062500
0 0.973437 0.474609 0.050000 0.062500
0 0.982812 0.474609 0.034375 0.062500
0 0.976562 0.509766 0.046875 0.062500
0 0.293750 0.253906 0.050000 0.062500
0 0.345313 0.226562 0.050000 0.062500
0 0.187500 0.156250 0.050000 0.062500
0 0.228125 0.166016 0.050000 0.062500
0 0.239063 0.134766 0.050000 0.062500
0 0.145313 0.109375 0.050000 0.062500
0 0.176563 0.119141 0.050000 0.062500
0 0.193750 0.066406 0.050000 0.062500
0 0.253125 0.080078 0.050000 0.062500
0 0.528125 0.224609 0.050000 0.062500
0 0.570312 0.191406 0.050000 0.062500
0 0.551562 0.152344 0.050000 0.062500
0 0.590625 0.132812 0.050000 0.062500
0 0.554688 0.097656 0.050000 0.062500
0 0.565625 0.072266 0.050000 0.062500
0 0.564063 0.050781 0.050000 0.062500
0 0.593750 0.056641 0.050000 0.062500
0 0.290625 0.197266 0.050000 0.062500
0 0.287500 0.162109 0.050000 0.062500
0 0.310937 0.156250 0.050000 0.062500
0 0.325000 0.046875 0.050000 0.062500
0 0.340625 0.026367 0.050000 0.052734
0 0.345313 0.064453 0.050000 0.062500
0 0.368750 0.052734 0.050000 0.062500
0 0.360938 0.026367 0.050000 0.052734
0 0.375000 0.027344 0.050000 0.054688
0 0.381250 0.044922 0.050000 0.062500
0 0.396875 0.044922 0.050000 0.062500
0 0.409375 0.031250 0.050000 0.062500
0 0.385937 0.025391 0.050000 0.050781
0 0.431250 0.048828 0.050000 0.062500
0 0.454688 0.046875 0.050000 0.062500
0 0.489063 0.035156 0.050000 0.062500
0 0.506250 0.058594 0.050000 0.062500
0 0.495312 0.080078 0.050000 0.062500
0 0.518750 0.087891 0.050000 0.062500
0 0.521875 0.109375 0.050000 0.062500
0 0.525000 0.132812 0.050000 0.062500
0 0.526563 0.154297 0.050000 0.062500
0 0.515625 0.160156 0.050000 0.062500
0 0.484375 0.177734 0.050000 0.062500
0 0.481250 0.156250 0.050000 0.062500
0 0.468750 0.142578 0.050000 0.062500
0 0.454688 0.152344 0.050000 0.062500
0 0.460938 0.183594 0.050000 0.062500
0 0.446875 0.197266 0.050000 0.062500
0 0.437500 0.173828 0.050000 0.062500
0 0.425000 0.175781 0.050000 0.062500
0 0.431250 0.199219 0.050000 0.062500
0 0.409375 0.173828 0.050000 0.062500
0 0.265625 0.138672 0.050000 0.062500
0 0.220312 0.142578 0.050000 0.062500
0 0.937500 0.265625 0.050000 0.062500
0 0.943750 0.244141 0.050000 0.062500
0 0.962500 0.242188 0.050000 0.062500
0 0.968750 0.220703 0.050000 0.062500
0 0.689063 0.080078 0.050000 0.062500
0 0.682813 0.060547 0.050000 0.062500
0 0.693750 0.033203 0.050000 0.062500
0 0.670312 0.025391 0.050000 0.050781
0 0.704688 0.021484 0.050000 0.042969
0 0.681250 0.016602 0.050000 0.033203
0 0.962500 0.070312 0.050000 0.062500
0 0.948438 0.060547 0.050000 0.062500
0 0.964063 0.037109 0.050000 0.062500
0 0.985938 0.044922 0.028125 0.062500
0 0.409375 0.125000 0.050000 0.062500
0 0.425000 0.087891 0.050000 0.062500
0 0.370312 0.125000 0.050000 0.062500
0 0.379688 0.091797 0.050000 0.062500
0 0.364063 0.099609 0.050000 0.062500
0 0.345313 0.119141 0.050000 0.062500
0 0.329688 0.140625 0.050000 0.062500
0 0.379688 0.167969 0.050000 0.062500
0 0.396875 0.154297 0.050000 0.062500
0 0.289062 0.087891 0.050000 0.062500
0 0.271875 0.121094 0.050000 0.062500
0 0.340625 0.095703 0.050000 0.062500
0 0.323437 0.083984 0.050000 0.062500
0 0.307812 0.070312 0.050000 0.062500
0 0.404687 0.083984 0.050000 0.062500
0 0.453125 0.070312 0.050000 0.062500
0 0.470313 0.070312 0.050000 0.062500
0 0.468750 0.113281 0.050000 0.062500
0 0.484375 0.105469 0.050000 0.062500
0 0.521875 0.181641 0.050000 0.062500
0 0.537500 0.185547 0.050000 0.062500
0 0.304688 0.210938 0.050000 0.062500
0 0.337500 0.195312 0.050000 0.062500
0 0.393750 0.199219 0.050000 0.062500
0 0.373437 0.195312 0.050000 0.062500
0 0.520312 0.052734 0.050000 0.062500
0 0.296875 0.125000 0.050000 0.062500
