0 0.195312 0.857422 0.050000 0.062500
0 0.070312 0.859375 0.050000 0.062500
0 0.215625 0.693359 0.050000 0.062500
0 0.231250 0.685547 0.050000 0.062500
0 0.254688 0.671875 0.050000 0.062500
0 0.085938 0.583984 0.050000 0.062500
0 0.057813 0.574219 0.050000 0.062500
0 0.312500 0.476562 0.050000 0.062500
0 0.434375 0.425781 0.050000 0.062500
0 0.473438 0.429688 0.050000 0.062500
0 0.496875 0.375000 0.050000 0.062500
0 0.851562 0.332031 0.050000 0.062500
0 0.900000 0.300781 0.050000 0.062500
0 0.984375 0.466797 0.031250 0.062500
0 0.781250 0.087891 0.050000 0.062500
0 0.665625 0.240234 0.050000 0.062500
0 0.700000 0.126953 0.050000 0.062500
0 0.682813 0.103516 0.050000 0.062500
0 0.629687 0.052734 0.050000 0.062500
0 0.982812 0.166016 0.034375 0.062500
0 0.532813 0.044922 0.050000 0.062500
0 0.570312 0.030273 0.050000 0.060547
0 0.528125 0.078125 0.050000 0.062500
0 0.456250 0.054688 0.050000 0.062500
0 0.640625 0.140625 0.050000 0.062500
0 0.623437 0.132812 0.050000 0.062500
0 0.628125 0.193359 0.050000 0.062500
0 0.592187 0.160156 0.050000 0.062500
0 0.576562 0.144531 0.050000 0.062500
0 0.567187 0.175781 0.050000 0.062500
0 0.565625 0.195312 0.050000 0.062500
0 0.557813 0.230469 0.050000 0.062500
0 0.543750 0.269531 0.050000 0.062500
0 0.540625 0.314453 0.050000 0.062500
0 0.539062 0.150391 0.050000 0.062500
0 0.521875 0.160156 0.050000 0.062500
0 0.270313 0.388672 0.050000 0.062500
0 0.290625 0.351562 0.050000 0.062500
0 0.326562 0.341797 0.050000 0.062500
0 0.392188 0.343750 0.050000 0.062500
0 0.409375 0.326172 0.050000 0.062500
0 0.431250 0.328125 0.050000 0.062500
0 0.451562 0.322266 0.050000 0.062500
0 0.479687 0.308594 0.050000 0.062500
0 0.495312 0.296875 0.050000 0.062500
0 0.506250 0.287109 0.050000 0.062500
0 0.512500 0.275391 0.050000 0.062500
0 0.517188 0.251953 0.050000 0.062500
0 0.517188 0.220703 0.050000 0.062500
0 0.517188 0.187500 0.050000 0.062500
0 0.500000 0.171875 0.050000 0.062500
0 0.498437 0.199219 0.050000 0.062500
0 0.501563 0.226562 0.050000 0.062500
0 0.500000 0.261719 0.050000 0.062500
0 0.471875 0.283203 0.050000 0.062500
0 0.451562 0.302734 0.050000 0.062500
0 0.428125 0.304688 0.050000 0.062500
0 0.403125 0.304688 0.050000 0.062500
0 0.451562 0.279297 0.050000 0.062500
0 0.360938 0.322266 0.050000 0.062500
0 0.373437 0.322266 0.050000 0.062500
0 0.385937 0.322266 0.050000 0.062500
0 0.385937 0.277344 0.050000 0.062500
0 0.396875 0.240234 0.050000 0.062500
0 0.359375 0.291016 0.050000 0.062500
0 0.350000 0.261719 0.050000 0.062500
0 0.282813 0.328125 0.050000 0.062500
0 0.315625 0.318359 0.050000 0.062500
0 0.157812 0.275391 0.050000 0.062500
0 0.204687 0.273438 0.050000 0.062500
0 0.214062 0.255859 0.050000 0.062500
0 0.239063 0.253906 0.050000 0.062500
0 0.246875 0.234375 0.050000 0.062500
0 0.262500 0.234375 0.050000 0.062500
0 0.175000 0.214844 0.050000 0.062500
0 0.170313 0.175781 0.050000 0.062500
0 0.267188 0.207031 0.050000 0.062500
0 0.293750 0.179688 0.050000 0.062500
0 0.310937 0.146484 0.050000 0.062500
0 0.326562 0.125000 0.050000 0.062500
0 0.346875 0.119141 0.050000 0.062500
0 0.362500 0.115234 0.050000 0.062500
0 0.428125 0.156250 0.050000 0.062500
0 0.443750 0.167969 0.050000 0.062500
0 0.462500 0.183594 0.050000 0.062500
0 0.451562 0.146484 0.050000 0.062500
0 0.417187 0.195312 0.050000 0.062500
0 0.340625 0.197266 0.050000 0.062500
0 0.392188 0.164062 0.050000 0.062500
0 0.384375 0.136719 0.050000 0.062500
0 0.460938 0.228516 0.050000 0.062500
0 0.304688 0.203125 0.050000 0.062500
0 0.245312 0.281250 0.050000 0.062500
0 0.275000 0.283203 0.050000 0.062500
0 0.284375 0.257812 0.050000 0.062500
0 0.740625 0.026367 0.050000 0.052734
0 0.695312 0.035156 0.050000 0.062500
0 0.287500 0.203125 0.050000 0.062500
0 0.335938 0.177734 0.050000 0.062500
0 0.350000 0.162109 0.050000 0.062500
0 0.368750 0.146484 0.050000 0.062500
0 0.304688 0.259766 0.050000 0.062500
0 0.360938 0.234375 0.050000 0.062500
0 0.048438 0.132812 0.050000 0.062500
0 0.053125 0.105469 0.050000 0.062500
0 0.029687 0.140625 0.050000 0.062500
0 0.026562 0.212891 0.050000 0.062500
0 0.334375 0.242188 0.050000 0.062500
0 0.373437 0.207031 0.050000 0.062500
0 0.348438 0.212891 0.050000 0.062500
0 0.264062 0.708984 0.050000 0.062500
0 0.115625 0.056641 0.050000 0.062500
0 0.103125 0.064453 0.050000 0.062500
