0 0.457813 0.488281 0.050000 0.062500
0 0.570312 0.431641 0.050000 0.062500
0 0.662500 0.533203 0.050000 0.062500
0 0.668750 0.544922 0.050000 0.062500
0 0.673438 0.570312 0.050000 0.062500
0 0.732812 0.806641 0.050000 0.062500
0 0.757812 0.806641 0.050000 0.062500
0 0.743750 0.845703 0.050000 0.062500
0 0.828125 0.966797 0.050000 0.062500
0 0.925000 0.652344 0.050000 0.062500
0 0.904687 0.636719 0.050000 0.062500
0 0.898438 0.597656 0.050000 0.062500
0 0.881250 0.599609 0.050000 0.062500
0 0.882812 0.576172 0.050000 0.062500
0 0.807813 0.537109 0.050000 0.062500
0 0.829688 0.527344 0.050000 0.062500
0 0.875000 0.513672 0.050000 0.062500
0 0.868750 0.490234 0.050000 0.062500
0 0.853125 0.470703 0.050000 0.062500
0 0.893750 0.462891 0.050000 0.062500
0 0.896875 0.443359 0.050000 0.062500
0 0.651563 0.263672 0.050000 0.062500
0 0.693750 0.207031 0.050000 0.062500
0 0.857812 0.212891 0.050000 0.062500
0 0.928125 0.365234 0.050000 0.062500
0 0.382812 0.298828 0.050000 0.062500
0 0.351562 0.396484 0.050000 0.062500
0 0.343750 0.283203 0.050000 0.062500
0 0.317188 0.275391 0.050000 0.062500
0 0.343750 0.189453 0.050000 0.062500
0 0.359375 0.187500 0.050000 0.062500
0 0.243750 0.285156 0.050000 0.062500
0 0.235937 0.369141 0.050000 0.062500
0 0.203125 0.369141 0.050000 0.062500
0 0.232813 0.339844 0.050000 0.062500
0 0.204687 0.427734 0.050000 0.062500
0 0.165625 0.417969 0.050000 0.062500
0 0.171875 0.337891 0.050000 0.062500
0 0.181250 0.462891 0.050000 0.062500
0 0.132812 0.371094 0.050000 0.062500
0 0.073438 0.353516 0.050000 0.062500
0 0.048438 0.375000 0.050000 0.062500
0 0.195312 0.527344 0.050000 0.062500
0 0.167187 0.531250 0.050000 0.062500
0 0.148438 0.529297 0.050000 0.062500
0 0.156250 0.503906 0.050000 0.062500
0 0.162500 0.488281 0.050000 0.062500
0 0.145313 0.476562 0.050000 0.062500
0 0.160938 0.443359 0.050000 0.062500
0 0.143750 0.441406 0.050000 0.062500
0 0.026562 0.363281 0.050000 0.062500
0 0.014844 0.380859 0.029687 0.062500
0 0.017969 0.406250 0.035937 0.062500
0 0.014844 0.435547 0.029687 0.062500
0 0.032813 0.529297 0.050000 0.062500
0 0.043750 0.542969 0.050000 0.062500
0 0.089063 0.556641 0.050000 0.062500
0 0.106250 0.541016 0.050000 0.062500
0 0.109375 0.580078 0.050000 0.062500
0 0.096875 0.664062 0.050000 0.062500
0 0.150000 0.677734 0.050000 0.062500
0 0.131250 0.533203 0.050000 0.062500
0 0.257812 0.236328 0.050000 0.062500
0 0.312500 0.179688 0.050000 0.062500
0 0.092188 0.390625 0.050000 0.062500
0 0.118750 0.398438 0.050000 0.062500
0 0.043750 0.408203 0.050000 0.062500
0 0.176563 0.253906 0.050000 0.062500
0 0.210938 0.253906 0.050000 0.062500
0 0.150000 0.218750 0.050000 0.062500
0 0.748437 0.019531 0.050000 0.039062
0 0.087500 0.517578 0.050000 0.062500
