0 0.037500 0.691406 0.050000 0.062500
0 0.259375 0.718750 0.050000 0.062500
0 0.295312 0.820312 0.050000 0.062500
0 0.323437 0.859375 0.050000 0.062500
0 0.856250 0.773438 0.050000 0.062500
0 0.882812 0.589844 0.050000 0.062500
0 0.839063 0.542969 0.050000 0.062500
0 0.662500 0.585938 0.050000 0.062500
0 0.582812 0.625000 0.050000 0.062500
0 0.603125 0.730469 0.050000 0.062500
0 0.621875 0.806641 0.050000 0.062500
0 0.601562 0.798828 0.050000 0.062500
0 0.576562 0.826172 0.050000 0.062500
0 0.648438 0.914062 0.050000 0.062500
0 0.676562 0.929688 0.050000 0.062500
0 0.675000 0.970703 0.050000 0.058594
0 0.689063 0.979492 0.050000 0.041016
0 0.760938 0.921875 0.050000 0.062500
0 0.689063 0.472656 0.050000 0.062500
0 0.834375 0.412109 0.050000 0.062500
0 0.839063 0.335938 0.050000 0.062500
0 0.681250 0.337891 0.050000 0.062500
0 0.521875 0.343750 0.050000 0.062500
0 0.660937 0.195312 0.050000 0.062500
0 0.432812 0.115234 0.050000 0.062500
0 0.356250 0.179688 0.050000 0.062500
0 0.121875 0.041016 0.050000 0.062500
0 0.087500 0.074219 0.050000 0.062500
0 0.134375 0.097656 0.050000 0.062500
0 0.343750 0.455078 0.050000 0.062500
0 0.343750 0.421875 0.050000 0.062500
0 0.306250 0.482422 0.050000 0.062500
0 0.843750 0.087891 0.050000 0.062500
0 0.814063 0.189453 0.050000 0.062500
0 0.834375 0.207031 0.050000 0.062500
0 0.862500 0.210938 0.050000 0.062500
0 0.923438 0.437500 0.050000 0.062500
0 0.975781 0.496094 0.048438 0.062500
0 0.951562 0.443359 0.050000 0.062500
0 0.039062 0.869141 0.050000 0.062500
0 0.956250 0.300781 0.050000 0.062500
0 0.977344 0.310547 0.045312 0.062500
0 0.968750 0.275391 0.050000 0.062500
0 0.943750 0.238281 0.050000 0.062500
0 0.964063 0.236328 0.050000 0.062500
0 0.982812 0.400391 0.034375 0.062500
0 0.977344 0.355469 0.045312 0.062500
0 0.979688 0.521484 0.040625 0.062500
0 0.589063 0.761719 0.050000 0.062500
0 0.603125 0.757812 0.050000 0.062500
