0 0.585938 0.103516 0.050000 0.062500
0 0.603125 0.099609 0.050000 0.062500
0 0.542188 0.175781 0.050000 0.062500
0 0.792188 0.355469 0.050000 0.062500
0 0.848437 0.320312 0.050000 0.062500
0 0.870313 0.328125 0.050000 0.062500
0 0.942187 0.220703 0.050000 0.062500
0 0.960938 0.103516 0.050000 0.062500
0 0.953125 0.660156 0.050000 0.062500
0 0.940625 0.658203 0.050000 0.062500
0 0.926562 0.625000 0.050000 0.062500
0 0.895312 0.626953 0.050000 0.062500
0 0.862500 0.607422 0.050000 0.062500
0 0.840625 0.609375 0.050000 0.062500
0 0.746875 0.591797 0.050000 0.062500
0 0.898438 0.712891 0.050000 0.062500
0 0.920312 0.750000 0.050000 0.062500
0 0.823438 0.792969 0.050000 0.062500
0 0.776563 0.759766 0.050000 0.062500
0 0.740625 0.785156 0.050000 0.062500
0 0.718750 0.843750 0.050000 0.062500
0 0.734375 0.886719 0.050000 0.062500
0 0.734375 0.886719 0.050000 0.062500
0 0.781250 0.933594 0.050000 0.062500
0 0.773438 0.945312 0.050000 0.062500
0 0.801562 0.972656 0.050000 0.054688
0 0.665625 0.966797 0.050000 0.062500
0 0.721875 0.726562 0.050000 0.062500
0 0.689063 0.732422 0.050000 0.062500
0 0.695312 0.802734 0.050000 0.062500
0 0.667188 0.753906 0.050000 0.062500
0 0.231250 0.562500 0.050000 0.062500
0 0.301563 0.591797 0.050000 0.062500
0 0.375000 0.603516 0.050000 0.062500
0 0.112500 0.677734 0.050000 0.062500
0 0.151562 0.712891 0.050000 0.062500
0 0.140625 0.847656 0.050000 0.062500
0 0.235937 0.792969 0.050000 0.062500
0 0.284375 0.789062 0.050000 0.062500
0 0.301563 0.789062 0.050000 0.062500
0 0.151562 0.556641 0.050000 0.062500
0 0.164062 0.539062 0.050000 0.062500
0 0.184375 0.523438 0.050000 0.062500
0 0.204687 0.537109 0.050000 0.062500
0 0.209375 0.509766 0.050000 0.062500
0 0.065625 0.572266 0.050000 0.062500
0 0.025000 0.552734 0.050000 0.062500
0 0.325000 0.869141 0.050000 0.062500
0 0.335938 0.814453 0.050000 0.062500
0 0.364063 0.824219 0.050000 0.062500
0 0.339062 0.777344 0.050000 0.062500
0 0.360938 0.759766 0.050000 0.062500
0 0.379688 0.792969 0.050000 0.062500
0 0.392188 0.769531 0.050000 0.062500
0 0.409375 0.929688 0.050000 0.062500
0 0.360938 0.947266 0.050000 0.062500
0 0.437500 0.873047 0.050000 0.062500
0 0.454688 0.853516 0.050000 0.062500
0 0.481250 0.626953 0.050000 0.062500
0 0.279687 0.654297 0.050000 0.062500
0 0.570312 0.660156 0.050000 0.062500
0 0.603125 0.720703 0.050000 0.062500
0 0.615625 0.748047 0.050000 0.062500
0 0.596875 0.740234 0.050000 0.062500
0 0.593750 0.769531 0.050000 0.062500
0 0.612500 0.804688 0.050000 0.062500
0 0.629687 0.810547 0.050000 0.062500
0 0.640625 0.779297 0.050000 0.062500
0 0.660937 0.861328 0.050000 0.062500
0 0.668750 0.886719 0.050000 0.062500
0 0.631250 0.880859 0.050000 0.062500
0 0.629687 0.916016 0.050000 0.062500
0 0.646875 0.904297 0.050000 0.062500
0 0.614062 0.939453 0.050000 0.062500
0 0.596875 0.939453 0.050000 0.062500
0 0.560937 0.939453 0.050000 0.062500
0 0.540625 0.953125 0.050000 0.062500
0 0.501563 0.912109 0.050000 0.062500
0 0.495312 0.869141 0.050000 0.062500
0 0.526563 0.904297 0.050000 0.062500
0 0.528125 0.810547 0.050000 0.062500
0 0.400000 0.806641 0.050000 0.062500
0 0.382812 0.716797 0.050000 0.062500
0 0.398438 0.699219 0.050000 0.062500
0 0.417187 0.705078 0.050000 0.062500
0 0.421875 0.660156 0.050000 0.062500
0 0.451562 0.652344 0.050000 0.062500
0 0.470313 0.699219 0.050000 0.062500
0 0.485938 0.705078 0.050000 0.062500
0 0.473438 0.679688 0.050000 0.062500
0 0.485938 0.658203 0.050000 0.062500
0 0.517188 0.679688 0.050000 0.062500
0 0.434375 0.720703 0.050000 0.062500
0 0.420312 0.730469 0.050000 0.062500
0 0.403125 0.740234 0.050000 0.062500
0 0.418750 0.759766 0.050000 0.062500
0 0.432812 0.746094 0.050000 0.062500
0 0.420312 0.787109 0.050000 0.062500
0 0.440625 0.798828 0.050000 0.062500
0 0.479687 0.810547 0.050000 0.062500
0 0.514062 0.763672 0.050000 0.062500
0 0.554688 0.738281 0.050000 0.062500
0 0.490625 0.945312 0.050000 0.062500
0 0.596875 0.894531 0.050000 0.062500
0 0.676562 0.812500 0.050000 0.062500
0 0.507812 0.703125 0.050000 0.062500
0 0.578125 0.693359 0.050000 0.062500
0 0.540625 0.693359 0.050000 0.062500
0 0.473438 0.753906 0.050000 0.062500
0 0.364063 0.908203 0.050000 0.062500
0 0.354687 0.880859 0.050000 0.062500
0 0.445312 0.921875 0.050000 0.062500
0 0.468750 0.919922 0.050000 0.062500
0 0.565625 0.894531 0.050000 0.062500
0 0.534375 0.921875 0.050000 0.062500
0 0.493750 0.759766 0.050000 0.062500
0 0.982812 0.843750 0.034375 0.062500
