0 0.475000 0.968750 0.050000 0.062500
0 0.384375 0.847656 0.050000 0.062500
0 0.532813 0.779297 0.050000 0.062500
0 0.354687 0.751953 0.050000 0.062500
0 0.295312 0.945312 0.050000 0.062500
0 0.157812 0.759766 0.050000 0.062500
0 0.110937 0.886719 0.050000 0.062500
0 0.085938 0.888672 0.050000 0.062500
0 0.271875 0.958984 0.050000 0.062500
0 0.668750 0.746094 0.050000 0.062500
0 0.726562 0.685547 0.050000 0.062500
0 0.700000 0.671875 0.050000 0.062500
0 0.715625 0.611328 0.050000 0.062500
0 0.764062 0.603516 0.050000 0.062500
0 0.737500 0.550781 0.050000 0.062500
0 0.776563 0.531250 0.050000 0.062500
0 0.900000 0.525391 0.050000 0.062500
0 0.884375 0.496094 0.050000 0.062500
0 0.937500 0.433594 0.050000 0.062500
0 0.910937 0.423828 0.050000 0.062500
0 0.889062 0.363281 0.050000 0.062500
0 0.865625 0.359375 0.050000 0.062500
0 0.742188 0.380859 0.050000 0.062500
0 0.959375 0.347656 0.050000 0.062500
0 0.792188 0.212891 0.050000 0.062500
0 0.859375 0.150391 0.050000 0.062500
0 0.840625 0.138672 0.050000 0.062500
0 0.554688 0.041016 0.050000 0.062500
0 0.717187 0.503906 0.050000 0.062500
0 0.685937 0.652344 0.050000 0.062500
0 0.664062 0.712891 0.050000 0.062500
0 0.025000 0.410156 0.050000 0.062500
0 0.084375 0.408203 0.050000 0.062500
0 0.106250 0.369141 0.050000 0.062500
0 0.093750 0.449219 0.050000 0.062500
0 0.110937 0.494141 0.050000 0.062500
0 0.184375 0.355469 0.050000 0.062500
0 0.196875 0.341797 0.050000 0.062500
0 0.212500 0.318359 0.050000 0.062500
0 0.240625 0.271484 0.050000 0.062500
0 0.250000 0.382812 0.050000 0.062500
0 0.265625 0.382812 0.050000 0.062500
0 0.328125 0.390625 0.050000 0.062500
0 0.306250 0.441406 0.050000 0.062500
0 0.368750 0.443359 0.050000 0.062500
0 0.381250 0.417969 0.050000 0.062500
0 0.400000 0.443359 0.050000 0.062500
0 0.389062 0.691406 0.050000 0.062500
0 0.425000 0.679688 0.050000 0.062500
0 0.390625 0.658203 0.050000 0.062500
0 0.376563 0.638672 0.050000 0.062500
0 0.354687 0.642578 0.050000 0.062500
0 0.268750 0.564453 0.050000 0.062500
0 0.314063 0.556641 0.050000 0.062500
0 0.329688 0.566406 0.050000 0.062500
0 0.357812 0.585938 0.050000 0.062500
0 0.382812 0.595703 0.050000 0.062500
0 0.409375 0.580078 0.050000 0.062500
0 0.426563 0.576172 0.050000 0.062500
0 0.360938 0.546875 0.050000 0.062500
0 0.375000 0.552734 0.050000 0.062500
0 0.370312 0.533203 0.050000 0.062500
0 0.381250 0.523438 0.050000 0.062500
0 0.398438 0.531250 0.050000 0.062500
0 0.410938 0.521484 0.050000 0.062500
0 0.534375 0.472656 0.050000 0.062500
0 0.551562 0.478516 0.050000 0.062500
0 0.568750 0.513672 0.050000 0.062500
0 0.581250 0.470703 0.050000 0.062500
0 0.557813 0.441406 0.050000 0.062500
0 0.606250 0.501953 0.050000 0.062500
0 0.684375 0.503906 0.050000 0.062500
0 0.690625 0.529297 0.050000 0.062500
0 0.689063 0.554688 0.050000 0.062500
0 0.689063 0.585938 0.050000 0.062500
0 0.664062 0.515625 0.050000 0.062500
0 0.671875 0.548828 0.050000 0.062500
0 0.650000 0.550781 0.050000 0.062500
0 0.631250 0.570312 0.050000 0.062500
0 0.639062 0.595703 0.050000 0.062500
0 0.667188 0.621094 0.050000 0.062500
0 0.665625 0.638672 0.050000 0.062500
0 0.639062 0.630859 0.050000 0.062500
0 0.625000 0.521484 0.050000 0.062500
0 0.603125 0.544922 0.050000 0.062500
0 0.526563 0.453125 0.050000 0.062500
0 0.512500 0.447266 0.050000 0.062500
0 0.492188 0.421875 0.050000 0.062500
0 0.465625 0.445312 0.050000 0.062500
0 0.490625 0.470703 0.050000 0.062500
0 0.504687 0.488281 0.050000 0.062500
0 0.476562 0.533203 0.050000 0.062500
0 0.500000 0.558594 0.050000 0.062500
0 0.512500 0.634766 0.050000 0.062500
0 0.514062 0.667969 0.050000 0.062500
0 0.548438 0.705078 0.050000 0.062500
0 0.570312 0.681641 0.050000 0.062500
0 0.600000 0.693359 0.050000 0.062500
0 0.618750 0.689453 0.050000 0.062500
0 0.637500 0.669922 0.050000 0.062500
0 0.650000 0.658203 0.050000 0.062500
0 0.451562 0.630859 0.050000 0.062500
0 0.473438 0.611328 0.050000 0.062500
0 0.532813 0.585938 0.050000 0.062500
0 0.568750 0.644531 0.050000 0.062500
0 0.504687 0.685547 0.050000 0.062500
0 0.465625 0.671875 0.050000 0.062500
0 0.484375 0.673828 0.050000 0.062500
0 0.425000 0.462891 0.050000 0.062500
0 0.484375 0.496094 0.050000 0.062500
0 0.450000 0.496094 0.050000 0.062500
0 0.439063 0.472656 0.050000 0.062500
0 0.592187 0.664062 0.050000 0.062500
0 0.959375 0.181641 0.050000 0.062500
0 0.601562 0.617188 0.050000 0.062500
0 0.607812 0.654297 0.050000 0.062500
