0 0.057813 0.023438 0.050000 0.046875
0 0.023438 0.024414 0.046875 0.048828
0 0.032813 0.050781 0.050000 0.062500
0 0.019531 0.103516 0.039062 0.062500
0 0.085938 0.099609 0.050000 0.062500
0 0.043750 0.115234 0.050000 0.062500
0 0.028125 0.134766 0.050000 0.062500
0 0.078125 0.144531 0.050000 0.062500
0 0.048438 0.167969 0.050000 0.062500
0 0.031250 0.185547 0.050000 0.062500
0 0.098437 0.158203 0.050000 0.062500
0 0.103125 0.125000 0.050000 0.062500
0 0.082812 0.048828 0.050000 0.062500
0 0.117188 0.146484 0.050000 0.062500
0 0.101562 0.187500 0.050000 0.062500
0 0.068750 0.207031 0.050000 0.062500
0 0.031250 0.242188 0.050000 0.062500
0 0.017969 0.257812 0.035937 0.062500
0 0.019531 0.291016 0.039062 0.062500
0 0.081250 0.236328 0.050000 0.062500
0 0.082812 0.291016 0.050000 0.062500
0 0.112500 0.300781 0.050000 0.062500
0 0.075000 0.335938 0.050000 0.062500
0 0.031250 0.382812 0.050000 0.062500
0 0.160938 0.123047 0.050000 0.062500
0 0.142187 0.132812 0.050000 0.062500
0 0.145313 0.175781 0.050000 0.062500
0 0.129688 0.216797 0.050000 0.062500
0 0.100000 0.212891 0.050000 0.062500
0 0.148438 0.207031 0.050000 0.062500
0 0.150000 0.236328 0.050000 0.062500
0 0.131250 0.255859 0.050000 0.062500
0 0.134375 0.296875 0.050000 0.062500
0 0.162500 0.291016 0.050000 0.062500
0 0.160938 0.355469 0.050000 0.062500
0 0.128125 0.396484 0.050000 0.062500
0 0.190625 0.412109 0.050000 0.062500
0 0.198437 0.361328 0.050000 0.062500
0 0.182812 0.328125 0.050000 0.062500
0 0.181250 0.267578 0.050000 0.062500
0 0.204687 0.261719 0.050000 0.062500
0 0.192188 0.232422 0.050000 0.062500
0 0.221875 0.166016 0.050000 0.062500
0 0.246875 0.191406 0.050000 0.062500
0 0.226562 0.240234 0.050000 0.062500
0 0.235937 0.269531 0.050000 0.062500
0 0.253125 0.300781 0.050000 0.062500
0 0.223438 0.312500 0.050000 0.062500
0 0.240625 0.341797 0.050000 0.062500
0 0.243750 0.371094 0.050000 0.062500
0 0.279687 0.375000 0.050000 0.062500
0 0.250000 0.240234 0.050000 0.062500
0 0.276562 0.267578 0.050000 0.062500
0 0.306250 0.287109 0.050000 0.062500
0 0.281250 0.318359 0.050000 0.062500
0 0.300000 0.355469 0.050000 0.062500
0 0.339062 0.437500 0.050000 0.062500
0 0.340625 0.384766 0.050000 0.062500
0 0.334375 0.347656 0.050000 0.062500
0 0.323437 0.304688 0.050000 0.062500
0 0.326562 0.257812 0.050000 0.062500
0 0.301563 0.248047 0.050000 0.062500
0 0.279687 0.216797 0.050000 0.062500
0 0.253125 0.126953 0.050000 0.062500
0 0.284375 0.154297 0.050000 0.062500
0 0.314063 0.158203 0.050000 0.062500
0 0.290625 0.130859 0.050000 0.062500
0 0.350000 0.167969 0.050000 0.062500
0 0.340625 0.205078 0.050000 0.062500
0 0.310937 0.207031 0.050000 0.062500
0 0.343750 0.236328 0.050000 0.062500
0 0.371875 0.246094 0.050000 0.062500
0 0.379688 0.279297 0.050000 0.062500
0 0.339062 0.283203 0.050000 0.062500
0 0.367188 0.316406 0.050000 0.062500
0 0.396875 0.326172 0.050000 0.062500
0 0.384375 0.380859 0.050000 0.062500
0 0.410938 0.357422 0.050000 0.062500
0 0.432812 0.435547 0.050000 0.062500
0 0.453125 0.396484 0.050000 0.062500
0 0.440625 0.341797 0.050000 0.062500
0 0.425000 0.289062 0.050000 0.062500
0 0.410938 0.267578 0.050000 0.062500
0 0.382812 0.171875 0.050000 0.062500
0 0.410938 0.193359 0.050000 0.062500
0 0.440625 0.187500 0.050000 0.062500
0 0.462500 0.222656 0.050000 0.062500
0 0.432812 0.248047 0.050000 0.062500
0 0.379688 0.208984 0.050000 0.062500
0 0.446875 0.283203 0.050000 0.062500
0 0.464062 0.261719 0.050000 0.062500
0 0.462500 0.308594 0.050000 0.062500
0 0.473438 0.347656 0.050000 0.062500
0 0.484375 0.291016 0.050000 0.062500
0 0.493750 0.322266 0.050000 0.062500
0 0.501563 0.259766 0.050000 0.062500
0 0.521875 0.240234 0.050000 0.062500
0 0.510938 0.179688 0.050000 0.062500
0 0.481250 0.189453 0.050000 0.062500
0 0.484375 0.232422 0.050000 0.062500
0 0.537500 0.212891 0.050000 0.062500
0 0.510938 0.291016 0.050000 0.062500
0 0.532813 0.275391 0.050000 0.062500
0 0.528125 0.330078 0.050000 0.062500
0 0.553125 0.296875 0.050000 0.062500
0 0.487500 0.439453 0.050000 0.062500
0 0.528125 0.417969 0.050000 0.062500
0 0.542188 0.373047 0.050000 0.062500
0 0.567187 0.337891 0.050000 0.062500
0 0.559375 0.476562 0.050000 0.062500
0 0.560937 0.535156 0.050000 0.062500
0 0.515625 0.525391 0.050000 0.062500
0 0.431250 0.566406 0.050000 0.062500
0 0.398438 0.544922 0.050000 0.062500
0 0.596875 0.541016 0.050000 0.062500
0 0.678125 0.603516 0.050000 0.062500
0 0.684375 0.539062 0.050000 0.062500
0 0.646875 0.462891 0.050000 0.062500
0 0.606250 0.378906 0.050000 0.062500
0 0.570312 0.408203 0.050000 0.062500
0 0.601562 0.339844 0.050000 0.062500
0 0.582812 0.308594 0.050000 0.062500
0 0.562500 0.267578 0.050000 0.062500
0 0.565625 0.240234 0.050000 0.062500
0 0.579688 0.214844 0.050000 0.062500
0 0.592187 0.251953 0.050000 0.062500
0 0.610938 0.285156 0.050000 0.062500
0 0.637500 0.292969 0.050000 0.062500
0 0.668750 0.318359 0.050000 0.062500
0 0.679688 0.429688 0.050000 0.062500
0 0.715625 0.447266 0.050000 0.062500
0 0.785937 0.523438 0.050000 0.062500
0 0.804688 0.636719 0.050000 0.062500
0 0.871875 0.685547 0.050000 0.062500
0 0.920312 0.591797 0.050000 0.062500
0 0.954688 0.638672 0.050000 0.062500
0 0.768750 0.373047 0.050000 0.062500
0 0.759375 0.324219 0.050000 0.062500
0 0.746875 0.292969 0.050000 0.062500
0 0.710938 0.281250 0.050000 0.062500
0 0.676562 0.281250 0.050000 0.062500
0 0.659375 0.253906 0.050000 0.062500
0 0.614062 0.261719 0.050000 0.062500
0 0.631250 0.240234 0.050000 0.062500
0 0.607812 0.228516 0.050000 0.062500
0 0.645312 0.218750 0.050000 0.062500
0 0.687500 0.248047 0.050000 0.062500
0 0.714063 0.246094 0.050000 0.062500
0 0.742188 0.242188 0.050000 0.062500
0 0.771875 0.242188 0.050000 0.062500
0 0.829688 0.244141 0.050000 0.062500
0 0.848437 0.183594 0.050000 0.062500
0 0.884375 0.142578 0.050000 0.062500
0 0.934375 0.175781 0.050000 0.062500
0 0.904687 0.388672 0.050000 0.062500
0 0.753125 0.207031 0.050000 0.062500
0 0.753125 0.173828 0.050000 0.062500
0 0.715625 0.216797 0.050000 0.062500
0 0.689063 0.212891 0.050000 0.062500
0 0.665625 0.220703 0.050000 0.062500
0 0.704688 0.193359 0.050000 0.062500
0 0.728125 0.181641 0.050000 0.062500
0 0.796875 0.126953 0.050000 0.062500
0 0.821875 0.105469 0.050000 0.062500
0 0.764062 0.117188 0.050000 0.062500
0 0.748437 0.140625 0.050000 0.062500
0 0.725000 0.160156 0.050000 0.062500
0 0.700000 0.173828 0.050000 0.062500
0 0.673438 0.183594 0.050000 0.062500
0 0.712500 0.132812 0.050000 0.062500
0 0.739062 0.107422 0.050000 0.062500
0 0.792188 0.070312 0.050000 0.062500
0 0.760938 0.085938 0.050000 0.062500
0 0.662500 0.128906 0.050000 0.062500
0 0.635938 0.171875 0.050000 0.062500
0 0.689063 0.119141 0.050000 0.062500
0 0.715625 0.099609 0.050000 0.062500
0 0.710938 0.028320 0.050000 0.056641
0 0.742188 0.031250 0.050000 0.062500
0 0.696875 0.058594 0.050000 0.062500
0 0.640625 0.101562 0.050000 0.062500
0 0.612500 0.134766 0.050000 0.062500
0 0.640625 0.140625 0.050000 0.062500
0 0.182812 0.140625 0.050000 0.062500
0 0.201563 0.142578 0.050000 0.062500
0 0.175000 0.166016 0.050000 0.062500
0 0.193750 0.173828 0.050000 0.062500
0 0.178125 0.193359 0.050000 0.062500
0 0.167187 0.216797 0.050000 0.062500
0 0.112500 0.039062 0.050000 0.062500
0 0.778125 0.028320 0.050000 0.056641
0 0.742188 0.074219 0.050000 0.062500
0 0.764062 0.050781 0.050000 0.062500
0 0.839063 0.035156 0.050000 0.062500
0 0.820312 0.070312 0.050000 0.062500
0 0.748437 0.416016 0.050000 0.062500
0 0.037500 0.712891 0.050000 0.062500
0 0.081250 0.675781 0.050000 0.062500
0 0.101562 0.619141 0.050000 0.062500
0 0.075000 0.564453 0.050000 0.062500
0 0.031250 0.638672 0.050000 0.062500
0 0.678125 0.050781 0.050000 0.062500
0 0.689063 0.024414 0.050000 0.048828
0 0.598437 0.201172 0.050000 0.062500
0 0.617188 0.201172 0.050000 0.062500
0 0.584375 0.179688 0.050000 0.062500
0 0.604688 0.169922 0.050000 0.062500
0 0.818750 0.675781 0.050000 0.062500
0 0.864062 0.429688 0.050000 0.062500
0 0.978906 0.648438 0.042188 0.062500
0 0.953125 0.564453 0.050000 0.062500
0 0.918750 0.626953 0.050000 0.062500
0 0.576562 0.625000 0.050000 0.062500
