0 0.595313 0.529297 0.050000 0.062500
0 0.537500 0.492188 0.050000 0.062500
0 0.442188 0.712891 0.050000 0.062500
0 0.417187 0.783203 0.050000 0.062500
0 0.393750 0.798828 0.050000 0.062500
0 0.181250 0.914062 0.050000 0.062500
0 0.237500 0.744141 0.050000 0.062500
0 0.257812 0.748047 0.050000 0.062500
0 0.268750 0.738281 0.050000 0.062500
0 0.321875 0.611328 0.050000 0.062500
0 0.339062 0.519531 0.050000 0.062500
0 0.407813 0.546875 0.050000 0.062500
0 0.301563 0.537109 0.050000 0.062500
0 0.160938 0.591797 0.050000 0.062500
0 0.135937 0.585938 0.050000 0.062500
0 0.196875 0.474609 0.050000 0.062500
0 0.048438 0.300781 0.050000 0.062500
0 0.126562 0.255859 0.050000 0.062500
0 0.090625 0.201172 0.050000 0.062500
0 0.101562 0.144531 0.050000 0.062500
0 0.123438 0.175781 0.050000 0.062500
0 0.139063 0.134766 0.050000 0.062500
0 0.226562 0.119141 0.050000 0.062500
0 0.226562 0.119141 0.050000 0.062500
0 0.242188 0.093750 0.050000 0.062500
0 0.254688 0.166016 0.050000 0.062500
0 0.285938 0.166016 0.050000 0.062500
0 0.306250 0.158203 0.050000 0.062500
0 0.334375 0.203125 0.050000 0.062500
0 0.357812 0.177734 0.050000 0.062500
0 0.337500 0.308594 0.050000 0.062500
0 0.357812 0.306641 0.050000 0.062500
0 0.382812 0.304688 0.050000 0.062500
0 0.373437 0.375000 0.050000 0.062500
0 0.403125 0.412109 0.050000 0.062500
0 0.446875 0.412109 0.050000 0.062500
0 0.714063 0.416016 0.050000 0.062500
0 0.759375 0.292969 0.050000 0.062500
0 0.882812 0.277344 0.050000 0.062500
0 0.867188 0.251953 0.050000 0.062500
0 0.915625 0.208984 0.050000 0.062500
0 0.871875 0.199219 0.050000 0.062500
0 0.732812 0.158203 0.050000 0.062500
0 0.787500 0.060547 0.050000 0.062500
0 0.889062 0.101562 0.050000 0.062500
0 0.901563 0.105469 0.050000 0.062500
0 0.942187 0.134766 0.050000 0.062500
0 0.503125 0.181641 0.050000 0.062500
0 0.482812 0.210938 0.050000 0.062500
0 0.454688 0.234375 0.050000 0.062500
0 0.434375 0.255859 0.050000 0.062500
0 0.418750 0.267578 0.050000 0.062500
0 0.406250 0.281250 0.050000 0.062500
0 0.390625 0.287109 0.050000 0.062500
0 0.404687 0.333984 0.050000 0.062500
0 0.423438 0.369141 0.050000 0.062500
0 0.398438 0.380859 0.050000 0.062500
0 0.460938 0.365234 0.050000 0.062500
0 0.484375 0.355469 0.050000 0.062500
0 0.518750 0.369141 0.050000 0.062500
0 0.528125 0.390625 0.050000 0.062500
0 0.479687 0.400391 0.050000 0.062500
0 0.598437 0.408203 0.050000 0.062500
0 0.623437 0.417969 0.050000 0.062500
0 0.640625 0.416016 0.050000 0.062500
0 0.667188 0.445312 0.050000 0.062500
0 0.678125 0.408203 0.050000 0.062500
0 0.689063 0.378906 0.050000 0.062500
0 0.704688 0.355469 0.050000 0.062500
0 0.728125 0.294922 0.050000 0.062500
0 0.685937 0.267578 0.050000 0.062500
0 0.553125 0.234375 0.050000 0.062500
0 0.564063 0.203125 0.050000 0.062500
0 0.515625 0.214844 0.050000 0.062500
0 0.493750 0.248047 0.050000 0.062500
0 0.515625 0.246094 0.050000 0.062500
0 0.482812 0.285156 0.050000 0.062500
0 0.500000 0.287109 0.050000 0.062500
0 0.543750 0.320312 0.050000 0.062500
0 0.573438 0.277344 0.050000 0.062500
0 0.592187 0.236328 0.050000 0.062500
0 0.607812 0.257812 0.050000 0.062500
0 0.601562 0.291016 0.050000 0.062500
0 0.621875 0.279297 0.050000 0.062500
0 0.617188 0.320312 0.050000 0.062500
0 0.640625 0.333984 0.050000 0.062500
0 0.568750 0.384766 0.050000 0.062500
0 0.575000 0.406250 0.050000 0.062500
0 0.556250 0.419922 0.050000 0.062500
0 0.637500 0.394531 0.050000 0.062500
0 0.656250 0.392578 0.050000 0.062500
0 0.667188 0.369141 0.050000 0.062500
0 0.682813 0.320312 0.050000 0.062500
0 0.671875 0.318359 0.050000 0.062500
0 0.667188 0.275391 0.050000 0.062500
0 0.298438 0.302734 0.050000 0.062500
0 0.498437 0.406250 0.050000 0.062500
0 0.456250 0.314453 0.050000 0.062500
0 0.465625 0.320312 0.050000 0.062500
0 0.437500 0.314453 0.050000 0.062500
0 0.468750 0.253906 0.050000 0.062500
0 0.456250 0.257812 0.050000 0.062500
0 0.676562 0.341797 0.050000 0.062500
0 0.535937 0.337891 0.050000 0.062500
0 0.423438 0.300781 0.050000 0.062500
0 0.553125 0.261719 0.050000 0.062500
0 0.512500 0.283203 0.050000 0.062500
0 0.575000 0.445312 0.050000 0.062500
0 0.982031 0.119141 0.035937 0.062500
