0 0.359375 0.406250 0.050000 0.062500
0 0.382812 0.406250 0.050000 0.062500
0 0.310937 0.451172 0.050000 0.062500
0 0.284375 0.294922 0.050000 0.062500
0 0.409375 0.095703 0.050000 0.062500
0 0.371875 0.150391 0.050000 0.062500
0 0.379688 0.179688 0.050000 0.062500
0 0.415625 0.185547 0.050000 0.062500
0 0.431250 0.158203 0.050000 0.062500
0 0.584375 0.443359 0.050000 0.062500
0 0.628125 0.589844 0.050000 0.062500
0 0.503125 0.830078 0.050000 0.062500
0 0.495312 0.808594 0.050000 0.062500
0 0.478125 0.794922 0.050000 0.062500
0 0.456250 0.806641 0.050000 0.062500
0 0.443750 0.779297 0.050000 0.062500
0 0.260937 0.812500 0.050000 0.062500
0 0.240625 0.818359 0.050000 0.062500
0 0.601562 0.859375 0.050000 0.062500
0 0.618750 0.751953 0.050000 0.062500
0 0.665625 0.816406 0.050000 0.062500
0 0.668750 0.847656 0.050000 0.062500
0 0.698438 0.839844 0.050000 0.062500
0 0.734375 0.833984 0.050000 0.062500
0 0.751563 0.833984 0.050000 0.062500
0 0.760938 0.851562 0.050000 0.062500
0 0.775000 0.826172 0.050000 0.062500
0 0.762500 0.800781 0.050000 0.062500
0 0.820312 0.812500 0.050000 0.062500
0 0.868750 0.826172 0.050000 0.062500
0 0.909375 0.828125 0.050000 0.062500
0 0.983594 0.433594 0.032813 0.062500
0 0.978125 0.416016 0.043750 0.062500
0 0.975781 0.396484 0.048438 0.062500
0 0.977344 0.363281 0.045312 0.062500
0 0.931250 0.357422 0.050000 0.062500
0 0.909375 0.373047 0.050000 0.062500
0 0.946875 0.423828 0.050000 0.062500
0 0.823438 0.417969 0.050000 0.062500
0 0.810937 0.427734 0.050000 0.062500
0 0.832812 0.441406 0.050000 0.062500
0 0.846875 0.425781 0.050000 0.062500
0 0.864062 0.361328 0.050000 0.062500
0 0.821875 0.337891 0.050000 0.062500
0 0.840625 0.363281 0.050000 0.062500
0 0.748437 0.326172 0.050000 0.062500
0 0.737500 0.279297 0.050000 0.062500
0 0.717187 0.306641 0.050000 0.062500
0 0.703125 0.314453 0.050000 0.062500
0 0.717187 0.332031 0.050000 0.062500
0 0.678125 0.224609 0.050000 0.062500
0 0.687500 0.152344 0.050000 0.062500
0 0.678125 0.173828 0.050000 0.062500
0 0.718750 0.107422 0.050000 0.062500
0 0.737500 0.105469 0.050000 0.062500
0 0.831250 0.044922 0.050000 0.062500
0 0.857812 0.044922 0.050000 0.062500
