0 0.264062 0.890625 0.050000 0.062500
0 0.462500 0.867188 0.050000 0.062500
0 0.451562 0.890625 0.050000 0.062500
0 0.457813 0.949219 0.050000 0.062500
0 0.476562 0.955078 0.050000 0.062500
0 0.490625 0.966797 0.050000 0.062500
0 0.607812 0.947266 0.050000 0.062500
0 0.628125 0.820312 0.050000 0.062500
0 0.595313 0.787109 0.050000 0.062500
0 0.676562 0.900391 0.050000 0.062500
0 0.675000 0.935547 0.050000 0.062500
0 0.700000 0.921875 0.050000 0.062500
0 0.732812 0.914062 0.050000 0.062500
0 0.765625 0.921875 0.050000 0.062500
0 0.784375 0.931641 0.050000 0.062500
0 0.820312 0.912109 0.050000 0.062500
0 0.889062 0.919922 0.050000 0.062500
0 0.915625 0.923828 0.050000 0.062500
0 0.968750 0.609375 0.050000 0.062500
0 0.977344 0.623047 0.045312 0.062500
0 0.985938 0.498047 0.028125 0.062500
0 0.950000 0.507812 0.050000 0.062500
0 0.942187 0.433594 0.050000 0.062500
0 0.962500 0.447266 0.050000 0.062500
0 0.923438 0.453125 0.050000 0.062500
0 0.839063 0.513672 0.050000 0.062500
0 0.856250 0.503906 0.050000 0.062500
0 0.851562 0.486328 0.050000 0.062500
0 0.834375 0.490234 0.050000 0.062500
0 0.815625 0.505859 0.050000 0.062500
0 0.853125 0.423828 0.050000 0.062500
0 0.828125 0.406250 0.050000 0.062500
0 0.759375 0.406250 0.050000 0.062500
0 0.743750 0.396484 0.050000 0.062500
0 0.746875 0.365234 0.050000 0.062500
0 0.726562 0.355469 0.050000 0.062500
0 0.720313 0.378906 0.050000 0.062500
0 0.700000 0.402344 0.050000 0.062500
0 0.721875 0.412109 0.050000 0.062500
0 0.681250 0.287109 0.050000 0.062500
0 0.679688 0.238281 0.050000 0.062500
0 0.689063 0.216797 0.050000 0.062500
0 0.721875 0.164062 0.050000 0.062500
0 0.581250 0.509766 0.050000 0.062500
0 0.382812 0.542969 0.050000 0.062500
0 0.403125 0.517578 0.050000 0.062500
0 0.378125 0.480469 0.050000 0.062500
0 0.365625 0.476562 0.050000 0.062500
0 0.306250 0.503906 0.050000 0.062500
0 0.387500 0.240234 0.050000 0.062500
0 0.414062 0.242188 0.050000 0.062500
0 0.428125 0.212891 0.050000 0.062500
0 0.404687 0.166016 0.050000 0.062500
0 0.354687 0.179688 0.050000 0.062500
0 0.350000 0.199219 0.050000 0.062500
0 0.560937 0.021484 0.050000 0.042969
0 0.657813 0.023438 0.050000 0.046875
