0 0.278125 0.574219 0.050000 0.062500
0 0.365625 0.542969 0.050000 0.062500
0 0.403125 0.550781 0.050000 0.062500
0 0.428125 0.585938 0.050000 0.062500
0 0.417187 0.644531 0.050000 0.062500
0 0.387500 0.619141 0.050000 0.062500
0 0.303125 0.933594 0.050000 0.062500
0 0.351562 0.910156 0.050000 0.062500
0 0.368750 0.916016 0.050000 0.062500
0 0.398438 0.943359 0.050000 0.062500
0 0.376563 0.970703 0.050000 0.058594
0 0.587500 0.933594 0.050000 0.062500
0 0.601562 0.933594 0.050000 0.062500
0 0.454688 0.406250 0.050000 0.062500
0 0.406250 0.322266 0.050000 0.062500
0 0.356250 0.236328 0.050000 0.062500
0 0.323437 0.248047 0.050000 0.062500
0 0.321875 0.214844 0.050000 0.062500
0 0.484375 0.201172 0.050000 0.062500
0 0.471875 0.226562 0.050000 0.062500
0 0.425000 0.205078 0.050000 0.062500
0 0.351562 0.199219 0.050000 0.062500
0 0.253125 0.226562 0.050000 0.062500
0 0.215625 0.226562 0.050000 0.062500
0 0.198437 0.212891 0.050000 0.062500
0 0.198437 0.250000 0.050000 0.062500
0 0.125000 0.212891 0.050000 0.062500
0 0.079687 0.222656 0.050000 0.062500
0 0.045312 0.224609 0.050000 0.062500
0 0.715625 0.197266 0.050000 0.062500
0 0.603125 0.130859 0.050000 0.062500
0 0.592187 0.355469 0.050000 0.062500
0 0.717187 0.312500 0.050000 0.062500
0 0.678125 0.595703 0.050000 0.062500
0 0.646875 0.632812 0.050000 0.062500
0 0.612500 0.625000 0.050000 0.062500
0 0.743750 0.535156 0.050000 0.062500
0 0.739062 0.556641 0.050000 0.062500
0 0.714063 0.591797 0.050000 0.062500
0 0.704688 0.617188 0.050000 0.062500
0 0.696875 0.671875 0.050000 0.062500
0 0.740625 0.773438 0.050000 0.062500
0 0.732812 0.798828 0.050000 0.062500
0 0.745313 0.818359 0.050000 0.062500
0 0.759375 0.787109 0.050000 0.062500
0 0.770312 0.800781 0.050000 0.062500
0 0.782813 0.810547 0.050000 0.062500
0 0.851562 0.830078 0.050000 0.062500
0 0.873437 0.843750 0.050000 0.062500
0 0.889062 0.851562 0.050000 0.062500
0 0.870313 0.914062 0.050000 0.062500
0 0.882812 0.931641 0.050000 0.062500
0 0.865625 0.945312 0.050000 0.062500
0 0.851562 0.927734 0.050000 0.062500
0 0.957812 0.861328 0.050000 0.062500
0 0.975000 0.861328 0.050000 0.062500
0 0.953125 0.947266 0.050000 0.062500
0 0.871875 0.464844 0.050000 0.062500
0 0.857812 0.496094 0.050000 0.062500
0 0.906250 0.470703 0.050000 0.062500
0 0.803125 0.486328 0.050000 0.062500
