0 0.159375 0.181641 0.050000 0.062500
0 0.179688 0.181641 0.050000 0.062500
0 0.153125 0.205078 0.050000 0.062500
0 0.171875 0.203125 0.050000 0.062500
0 0.162500 0.228516 0.050000 0.062500
0 0.676562 0.029297 0.050000 0.058594
0 0.737500 0.021484 0.050000 0.042969
0 0.753125 0.030273 0.050000 0.060547
0 0.717187 0.042969 0.050000 0.062500
0 0.737500 0.060547 0.050000 0.062500
0 0.667188 0.064453 0.050000 0.062500
0 0.714063 0.085938 0.050000 0.062500
0 0.739062 0.095703 0.050000 0.062500
0 0.764062 0.076172 0.050000 0.062500
0 0.792188 0.074219 0.050000 0.062500
0 0.820312 0.046875 0.050000 0.062500
0 0.664062 0.103516 0.050000 0.062500
0 0.693750 0.111328 0.050000 0.062500
0 0.717187 0.119141 0.050000 0.062500
0 0.745313 0.123047 0.050000 0.062500
0 0.768750 0.140625 0.050000 0.062500
0 0.801562 0.115234 0.050000 0.062500
0 0.865625 0.152344 0.050000 0.062500
0 0.915625 0.173828 0.050000 0.062500
0 0.950000 0.212891 0.050000 0.062500
0 0.832812 0.193359 0.050000 0.062500
0 0.726562 0.148438 0.050000 0.062500
0 0.612500 0.115234 0.050000 0.062500
0 0.637500 0.148438 0.050000 0.062500
0 0.664062 0.140625 0.050000 0.062500
0 0.690625 0.150391 0.050000 0.062500
0 0.700000 0.167969 0.050000 0.062500
0 0.734375 0.185547 0.050000 0.062500
0 0.710938 0.191406 0.050000 0.062500
0 0.675000 0.181641 0.050000 0.062500
0 0.689063 0.203125 0.050000 0.062500
0 0.592187 0.144531 0.050000 0.062500
0 0.650000 0.197266 0.050000 0.062500
0 0.610938 0.183594 0.050000 0.062500
0 0.657813 0.226562 0.050000 0.062500
0 0.695312 0.232422 0.050000 0.062500
0 0.695312 0.261719 0.050000 0.062500
0 0.735938 0.220703 0.050000 0.062500
0 0.721875 0.250000 0.050000 0.062500
0 0.754687 0.251953 0.050000 0.062500
0 0.793750 0.267578 0.050000 0.062500
0 0.759375 0.308594 0.050000 0.062500
0 0.726562 0.302734 0.050000 0.062500
0 0.689063 0.292969 0.050000 0.062500
0 0.662500 0.296875 0.050000 0.062500
0 0.640625 0.269531 0.050000 0.062500
0 0.620313 0.234375 0.050000 0.062500
0 0.625000 0.214844 0.050000 0.062500
0 0.642188 0.234375 0.050000 0.062500
0 0.648438 0.333984 0.050000 0.062500
0 0.620313 0.314453 0.050000 0.062500
0 0.595313 0.306641 0.050000 0.062500
0 0.593750 0.281250 0.050000 0.062500
0 0.614062 0.255859 0.050000 0.062500
0 0.589063 0.246094 0.050000 0.062500
0 0.576562 0.275391 0.050000 0.062500
0 0.562500 0.240234 0.050000 0.062500
0 0.548438 0.261719 0.050000 0.062500
0 0.543750 0.291016 0.050000 0.062500
0 0.567187 0.333984 0.050000 0.062500
0 0.587500 0.361328 0.050000 0.062500
0 0.592187 0.398438 0.050000 0.062500
0 0.753125 0.388672 0.050000 0.062500
0 0.728125 0.429688 0.050000 0.062500
0 0.703125 0.458984 0.050000 0.062500
0 0.665625 0.445312 0.050000 0.062500
0 0.640625 0.482422 0.050000 0.062500
0 0.721875 0.533203 0.050000 0.062500
0 0.889062 0.392578 0.050000 0.062500
0 0.907813 0.599609 0.050000 0.062500
0 0.940625 0.564453 0.050000 0.062500
0 0.871875 0.691406 0.050000 0.062500
0 0.945312 0.666016 0.050000 0.062500
0 0.812500 0.685547 0.050000 0.062500
0 0.790625 0.640625 0.050000 0.062500
0 0.977344 0.658203 0.045312 0.062500
0 0.965625 0.636719 0.050000 0.062500
0 0.615625 0.582031 0.050000 0.062500
0 0.585938 0.556641 0.050000 0.062500
0 0.548438 0.550781 0.050000 0.062500
0 0.500000 0.542969 0.050000 0.062500
0 0.428125 0.591797 0.050000 0.062500
0 0.382812 0.572266 0.050000 0.062500
0 0.409375 0.466797 0.050000 0.062500
0 0.075000 0.716797 0.050000 0.062500
0 0.029687 0.726562 0.050000 0.062500
0 0.235937 0.167969 0.050000 0.062500
0 0.204687 0.205078 0.050000 0.062500
0 0.192188 0.234375 0.050000 0.062500
0 0.223438 0.224609 0.050000 0.062500
0 0.267188 0.189453 0.050000 0.062500
0 0.301563 0.193359 0.050000 0.062500
0 0.331250 0.201172 0.050000 0.062500
0 0.364063 0.205078 0.050000 0.062500
0 0.262500 0.248047 0.050000 0.062500
0 0.293750 0.236328 0.050000 0.062500
0 0.323437 0.234375 0.050000 0.062500
0 0.335938 0.267578 0.050000 0.062500
0 0.303125 0.283203 0.050000 0.062500
0 0.282813 0.275391 0.050000 0.062500
0 0.234375 0.267578 0.050000 0.062500
0 0.210938 0.271484 0.050000 0.062500
0 0.218750 0.298828 0.050000 0.062500
0 0.256250 0.298828 0.050000 0.062500
0 0.289062 0.312500 0.050000 0.062500
0 0.329688 0.312500 0.050000 0.062500
0 0.312500 0.339844 0.050000 0.062500
0 0.262500 0.349609 0.050000 0.062500
0 0.235937 0.332031 0.050000 0.062500
0 0.187500 0.292969 0.050000 0.062500
0 0.173437 0.265625 0.050000 0.062500
0 0.131250 0.273438 0.050000 0.062500
0 0.162500 0.300781 0.050000 0.062500
0 0.143750 0.328125 0.050000 0.062500
0 0.176563 0.365234 0.050000 0.062500
0 0.209375 0.343750 0.050000 0.062500
0 0.221875 0.367188 0.050000 0.062500
0 0.232813 0.398438 0.050000 0.062500
0 0.189062 0.394531 0.050000 0.062500
0 0.168750 0.443359 0.050000 0.062500
0 0.128125 0.396484 0.050000 0.062500
0 0.106250 0.433594 0.050000 0.062500
0 0.019531 0.417969 0.039062 0.062500
0 0.064062 0.375000 0.050000 0.062500
0 0.082812 0.337891 0.050000 0.062500
0 0.120313 0.333984 0.050000 0.062500
0 0.112500 0.291016 0.050000 0.062500
0 0.062500 0.330078 0.050000 0.062500
0 0.068750 0.279297 0.050000 0.062500
0 0.081250 0.250000 0.050000 0.062500
0 0.104688 0.246094 0.050000 0.062500
0 0.129688 0.236328 0.050000 0.062500
0 0.120313 0.207031 0.050000 0.062500
0 0.142187 0.164062 0.050000 0.062500
0 0.117188 0.167969 0.050000 0.062500
0 0.096875 0.183594 0.050000 0.062500
0 0.076563 0.197266 0.050000 0.062500
0 0.079687 0.222656 0.050000 0.062500
0 0.048438 0.244141 0.050000 0.062500
0 0.053125 0.292969 0.050000 0.062500
0 0.024219 0.287109 0.048438 0.062500
0 0.015625 0.330078 0.031250 0.062500
0 0.032813 0.218750 0.050000 0.062500
0 0.082812 0.162109 0.050000 0.062500
0 0.048438 0.181641 0.050000 0.062500
0 0.062500 0.136719 0.050000 0.062500
0 0.059375 0.089844 0.050000 0.062500
0 0.025000 0.154297 0.050000 0.062500
0 0.016406 0.224609 0.032813 0.062500
0 0.028125 0.123047 0.050000 0.062500
0 0.031250 0.056641 0.050000 0.062500
0 0.022656 0.085938 0.045312 0.062500
0 0.015625 0.091797 0.031250 0.062500
0 0.056250 0.031250 0.050000 0.062500
0 0.101562 0.035156 0.050000 0.062500
0 0.081250 0.024414 0.050000 0.048828
0 0.024219 0.023438 0.048438 0.046875
0 0.070312 0.044922 0.050000 0.062500
0 0.093750 0.072266 0.050000 0.062500
0 0.553125 0.199219 0.050000 0.062500
0 0.587500 0.208984 0.050000 0.062500
0 0.390625 0.226562 0.050000 0.062500
0 0.425000 0.214844 0.050000 0.062500
0 0.439063 0.250000 0.050000 0.062500
0 0.357812 0.240234 0.050000 0.062500
0 0.354687 0.265625 0.050000 0.062500
0 0.375000 0.275391 0.050000 0.062500
0 0.317188 0.375000 0.050000 0.062500
0 0.259375 0.402344 0.050000 0.062500
0 0.331250 0.458984 0.050000 0.062500
0 0.437500 0.421875 0.050000 0.062500
0 0.479687 0.460938 0.050000 0.062500
0 0.548438 0.488281 0.050000 0.062500
0 0.559375 0.429688 0.050000 0.062500
0 0.514062 0.449219 0.050000 0.062500
0 0.531250 0.396484 0.050000 0.062500
0 0.553125 0.359375 0.050000 0.062500
0 0.510938 0.353516 0.050000 0.062500
0 0.540625 0.322266 0.050000 0.062500
0 0.518750 0.292969 0.050000 0.062500
0 0.495312 0.312500 0.050000 0.062500
0 0.475000 0.347656 0.050000 0.062500
0 0.457813 0.375000 0.050000 0.062500
0 0.421875 0.361328 0.050000 0.062500
0 0.396875 0.382812 0.050000 0.062500
0 0.365625 0.412109 0.050000 0.062500
0 0.325000 0.412109 0.050000 0.062500
0 0.292187 0.400391 0.050000 0.062500
0 0.375000 0.355469 0.050000 0.062500
0 0.346875 0.339844 0.050000 0.062500
0 0.362500 0.308594 0.050000 0.062500
0 0.418750 0.271484 0.050000 0.062500
0 0.407813 0.322266 0.050000 0.062500
0 0.428125 0.300781 0.050000 0.062500
0 0.446875 0.285156 0.050000 0.062500
0 0.468750 0.257812 0.050000 0.062500
0 0.481250 0.277344 0.050000 0.062500
0 0.464062 0.314453 0.050000 0.062500
0 0.445312 0.330078 0.050000 0.062500
0 0.504687 0.259766 0.050000 0.062500
0 0.518750 0.232422 0.050000 0.062500
0 0.490625 0.207031 0.050000 0.062500
0 0.487500 0.234375 0.050000 0.062500
0 0.457813 0.212891 0.050000 0.062500
0 0.670312 0.611328 0.050000 0.062500
0 0.851562 0.445312 0.050000 0.062500
0 0.915625 0.636719 0.050000 0.062500
0 0.567187 0.644531 0.050000 0.062500
0 0.087500 0.650391 0.050000 0.062500
0 0.062500 0.601562 0.050000 0.062500
