0 0.198437 0.251953 0.050000 0.062500
0 0.306250 0.281250 0.050000 0.062500
0 0.323437 0.277344 0.050000 0.062500
0 0.326562 0.308594 0.050000 0.062500
0 0.350000 0.308594 0.050000 0.062500
0 0.417187 0.271484 0.050000 0.062500
0 0.401562 0.271484 0.050000 0.062500
0 0.398438 0.242188 0.050000 0.062500
0 0.414062 0.226562 0.050000 0.062500
0 0.431250 0.234375 0.050000 0.062500
0 0.432812 0.248047 0.050000 0.062500
0 0.446875 0.320312 0.050000 0.062500
0 0.382812 0.361328 0.050000 0.062500
0 0.362500 0.357422 0.050000 0.062500
0 0.337500 0.349609 0.050000 0.062500
0 0.323437 0.337891 0.050000 0.062500
0 0.492188 0.263672 0.050000 0.062500
0 0.496875 0.187500 0.050000 0.062500
0 0.517188 0.187500 0.050000 0.062500
0 0.528125 0.195312 0.050000 0.062500
0 0.531250 0.220703 0.050000 0.062500
0 0.479687 0.232422 0.050000 0.062500
0 0.479687 0.207031 0.050000 0.062500
0 0.639062 0.250000 0.050000 0.062500
0 0.660937 0.265625 0.050000 0.062500
0 0.582812 0.218750 0.050000 0.062500
0 0.678125 0.183594 0.050000 0.062500
0 0.721875 0.306641 0.050000 0.062500
0 0.746875 0.306641 0.050000 0.062500
0 0.757812 0.339844 0.050000 0.062500
0 0.775000 0.347656 0.050000 0.062500
0 0.818750 0.363281 0.050000 0.062500
0 0.801562 0.392578 0.050000 0.062500
0 0.882812 0.380859 0.050000 0.062500
0 0.884375 0.408203 0.050000 0.062500
0 0.856250 0.523438 0.050000 0.062500
0 0.889062 0.535156 0.050000 0.062500
0 0.973437 0.583984 0.050000 0.062500
0 0.948438 0.462891 0.050000 0.062500
0 0.973437 0.460938 0.050000 0.062500
0 0.939063 0.435547 0.050000 0.062500
0 0.965625 0.429688 0.050000 0.062500
0 0.906250 0.345703 0.050000 0.062500
0 0.689063 0.701172 0.050000 0.062500
0 0.820312 0.775391 0.050000 0.062500
0 0.882812 0.839844 0.050000 0.062500
0 0.870313 0.824219 0.050000 0.062500
0 0.835938 0.849609 0.050000 0.062500
0 0.607812 0.822266 0.050000 0.062500
0 0.596875 0.806641 0.050000 0.062500
0 0.475000 0.707031 0.050000 0.062500
0 0.453125 0.716797 0.050000 0.062500
0 0.081250 0.705078 0.050000 0.062500
0 0.059375 0.728516 0.050000 0.062500
0 0.037500 0.732422 0.050000 0.062500
