0 0.192188 0.744141 0.050000 0.062500
0 0.975000 0.470703 0.050000 0.062500
0 0.931250 0.722656 0.050000 0.062500
0 0.920312 0.738281 0.050000 0.062500
0 0.871875 0.705078 0.050000 0.062500
0 0.859375 0.710938 0.050000 0.062500
0 0.882812 0.687500 0.050000 0.062500
0 0.976562 0.839844 0.046875 0.062500
0 0.896875 0.789062 0.050000 0.062500
0 0.790625 0.638672 0.050000 0.062500
0 0.812500 0.609375 0.050000 0.062500
0 0.767188 0.578125 0.050000 0.062500
0 0.751563 0.562500 0.050000 0.062500
0 0.740625 0.537109 0.050000 0.062500
0 0.710938 0.527344 0.050000 0.062500
0 0.626563 0.449219 0.050000 0.062500
0 0.464062 0.531250 0.050000 0.062500
0 0.437500 0.503906 0.050000 0.062500
0 0.301563 0.537109 0.050000 0.062500
0 0.312500 0.519531 0.050000 0.062500
0 0.296875 0.509766 0.050000 0.062500
0 0.275000 0.503906 0.050000 0.062500
0 0.281250 0.533203 0.050000 0.062500
0 0.385937 0.498047 0.050000 0.062500
0 0.403125 0.496094 0.050000 0.062500
0 0.404687 0.470703 0.050000 0.062500
0 0.398438 0.449219 0.050000 0.062500
0 0.387500 0.443359 0.050000 0.062500
0 0.370312 0.464844 0.050000 0.062500
0 0.370312 0.490234 0.050000 0.062500
0 0.443750 0.443359 0.050000 0.062500
0 0.446875 0.421875 0.050000 0.062500
0 0.460938 0.410156 0.050000 0.062500
0 0.473438 0.398438 0.050000 0.062500
0 0.493750 0.396484 0.050000 0.062500
0 0.506250 0.416016 0.050000 0.062500
0 0.510938 0.435547 0.050000 0.062500
0 0.484375 0.462891 0.050000 0.062500
0 0.468750 0.439453 0.050000 0.062500
0 0.492188 0.435547 0.050000 0.062500
0 0.665625 0.396484 0.050000 0.062500
0 0.676562 0.361328 0.050000 0.062500
0 0.565625 0.392578 0.050000 0.062500
0 0.756250 0.449219 0.050000 0.062500
0 0.818750 0.546875 0.050000 0.062500
0 0.779687 0.396484 0.050000 0.062500
0 0.745313 0.367188 0.050000 0.062500
0 0.764062 0.369141 0.050000 0.062500
0 0.643750 0.308594 0.050000 0.062500
0 0.535937 0.314453 0.050000 0.062500
0 0.285938 0.402344 0.050000 0.062500
0 0.425000 0.949219 0.050000 0.062500
0 0.404687 0.955078 0.050000 0.062500
0 0.751563 0.929688 0.050000 0.062500
0 0.890625 0.628906 0.050000 0.062500
0 0.882812 0.654297 0.050000 0.062500
0 0.907813 0.654297 0.050000 0.062500
0 0.779687 0.359375 0.050000 0.062500
