0 0.214062 0.238281 0.050000 0.062500
0 0.221875 0.218750 0.050000 0.062500
0 0.201563 0.210938 0.050000 0.062500
0 0.189062 0.207031 0.050000 0.062500
0 0.204687 0.228516 0.050000 0.062500
0 0.298438 0.123047 0.050000 0.062500
0 0.307812 0.138672 0.050000 0.062500
0 0.292187 0.146484 0.050000 0.062500
0 0.273438 0.152344 0.050000 0.062500
0 0.284375 0.181641 0.050000 0.062500
0 0.295312 0.189453 0.050000 0.062500
0 0.314063 0.189453 0.050000 0.062500
0 0.314063 0.160156 0.050000 0.062500
0 0.360938 0.132812 0.050000 0.062500
0 0.356250 0.115234 0.050000 0.062500
0 0.365625 0.101562 0.050000 0.062500
0 0.371875 0.076172 0.050000 0.062500
0 0.390625 0.076172 0.050000 0.062500
0 0.410938 0.105469 0.050000 0.062500
0 0.401562 0.126953 0.050000 0.062500
0 0.387500 0.128906 0.050000 0.062500
0 0.392188 0.156250 0.050000 0.062500
0 0.381250 0.162109 0.050000 0.062500
0 0.373437 0.138672 0.050000 0.062500
0 0.385937 0.101562 0.050000 0.062500
0 0.479687 0.066406 0.050000 0.062500
0 0.568750 0.058594 0.050000 0.062500
0 0.537500 0.142578 0.050000 0.062500
0 0.554688 0.152344 0.050000 0.062500
0 0.596875 0.138672 0.050000 0.062500
0 0.623437 0.189453 0.050000 0.062500
0 0.662500 0.199219 0.050000 0.062500
0 0.665625 0.220703 0.050000 0.062500
0 0.684375 0.230469 0.050000 0.062500
0 0.714063 0.193359 0.050000 0.062500
0 0.712500 0.283203 0.050000 0.062500
0 0.732812 0.230469 0.050000 0.062500
0 0.807813 0.281250 0.050000 0.062500
0 0.821875 0.300781 0.050000 0.062500
0 0.798438 0.314453 0.050000 0.062500
0 0.775000 0.308594 0.050000 0.062500
0 0.750000 0.310547 0.050000 0.062500
0 0.818750 0.441406 0.050000 0.062500
0 0.893750 0.410156 0.050000 0.062500
0 0.832812 0.207031 0.050000 0.062500
0 0.835938 0.597656 0.050000 0.062500
0 0.798438 0.652344 0.050000 0.062500
0 0.759375 0.720703 0.050000 0.062500
0 0.743750 0.517578 0.050000 0.062500
0 0.535937 0.769531 0.050000 0.062500
0 0.515625 0.759766 0.050000 0.062500
0 0.440625 0.978516 0.050000 0.042969
0 0.357812 0.759766 0.050000 0.062500
0 0.368750 0.736328 0.050000 0.062500
0 0.306250 0.583984 0.050000 0.062500
0 0.325000 0.583984 0.050000 0.062500
0 0.150000 0.439453 0.050000 0.062500
0 0.134375 0.423828 0.050000 0.062500
