0 0.014844 0.791016 0.029687 0.062500
0 0.020313 0.476562 0.040625 0.062500
0 0.076563 0.433594 0.050000 0.062500
0 0.037500 0.373047 0.050000 0.062500
0 0.012500 0.416016 0.025000 0.062500
0 0.042188 0.226562 0.050000 0.062500
0 0.171875 0.177734 0.050000 0.062500
0 0.398438 0.091797 0.050000 0.062500
0 0.464062 0.064453 0.050000 0.062500
0 0.146875 0.031250 0.050000 0.062500
0 0.492188 0.201172 0.050000 0.062500
0 0.539062 0.283203 0.050000 0.062500
0 0.528125 0.300781 0.050000 0.062500
0 0.487500 0.300781 0.050000 0.062500
0 0.420312 0.294922 0.050000 0.062500
0 0.409375 0.355469 0.050000 0.062500
0 0.395313 0.390625 0.050000 0.062500
0 0.357812 0.416016 0.050000 0.062500
0 0.354687 0.429688 0.050000 0.062500
0 0.348438 0.455078 0.050000 0.062500
0 0.350000 0.503906 0.050000 0.062500
0 0.409375 0.587891 0.050000 0.062500
0 0.370312 0.609375 0.050000 0.062500
0 0.407813 0.630859 0.050000 0.062500
0 0.418750 0.644531 0.050000 0.062500
0 0.382812 0.626953 0.050000 0.062500
0 0.379688 0.644531 0.050000 0.062500
0 0.354687 0.644531 0.050000 0.062500
0 0.318750 0.800781 0.050000 0.062500
0 0.339062 0.763672 0.050000 0.062500
0 0.193750 0.787109 0.050000 0.062500
0 0.215625 0.785156 0.050000 0.062500
0 0.467187 0.785156 0.050000 0.062500
0 0.490625 0.771484 0.050000 0.062500
0 0.501563 0.777344 0.050000 0.062500
0 0.509375 0.687500 0.050000 0.062500
0 0.528125 0.707031 0.050000 0.062500
0 0.554688 0.705078 0.050000 0.062500
0 0.565625 0.705078 0.050000 0.062500
0 0.581250 0.693359 0.050000 0.062500
0 0.598437 0.705078 0.050000 0.062500
0 0.618750 0.708984 0.050000 0.062500
0 0.634375 0.712891 0.050000 0.062500
0 0.646875 0.714844 0.050000 0.062500
0 0.607812 0.742188 0.050000 0.062500
0 0.584375 0.748047 0.050000 0.062500
0 0.603125 0.796875 0.050000 0.062500
0 0.618750 0.791016 0.050000 0.062500
0 0.664062 0.783203 0.050000 0.062500
0 0.671875 0.798828 0.050000 0.062500
0 0.710938 0.759766 0.050000 0.062500
0 0.795312 0.800781 0.050000 0.062500
0 0.803125 0.771484 0.050000 0.062500
0 0.848437 0.765625 0.050000 0.062500
0 0.784375 0.900391 0.050000 0.062500
0 0.851562 0.298828 0.050000 0.062500
0 0.882812 0.296875 0.050000 0.062500
0 0.804688 0.130859 0.050000 0.062500
0 0.785937 0.105469 0.050000 0.062500
0 0.925000 0.070312 0.050000 0.062500
0 0.904687 0.050781 0.050000 0.062500
0 0.889062 0.031250 0.050000 0.062500
0 0.867188 0.035156 0.050000 0.062500
0 0.937500 0.085938 0.050000 0.062500
0 0.971875 0.091797 0.050000 0.062500
0 0.984375 0.016602 0.031250 0.033203
0 0.975781 0.016602 0.048438 0.033203
0 0.867188 0.015625 0.050000 0.031250
0 0.907813 0.016602 0.050000 0.033203
0 0.196875 0.578125 0.050000 0.062500
0 0.850000 0.529297 0.050000 0.062500
0 0.862500 0.515625 0.050000 0.062500
