0 0.909375 0.683594 0.050000 0.062500
0 0.912500 0.708984 0.050000 0.062500
0 0.781250 0.705078 0.050000 0.062500
0 0.706250 0.689453 0.050000 0.062500
0 0.673438 0.652344 0.050000 0.062500
0 0.607812 0.933594 0.050000 0.062500
0 0.600000 0.914062 0.050000 0.062500
0 0.445312 0.917969 0.050000 0.062500
0 0.351562 0.975586 0.050000 0.048828
0 0.326562 0.962891 0.050000 0.062500
0 0.517188 0.552734 0.050000 0.062500
0 0.554688 0.542969 0.050000 0.062500
0 0.518750 0.511719 0.050000 0.062500
0 0.542188 0.492188 0.050000 0.062500
0 0.710938 0.314453 0.050000 0.062500
0 0.775000 0.308594 0.050000 0.062500
0 0.768750 0.246094 0.050000 0.062500
0 0.710938 0.222656 0.050000 0.062500
0 0.693750 0.281250 0.050000 0.062500
0 0.632812 0.181641 0.050000 0.062500
0 0.860938 0.185547 0.050000 0.062500
0 0.781250 0.028320 0.050000 0.056641
0 0.984375 0.521484 0.031250 0.062500
0 0.959375 0.568359 0.050000 0.062500
0 0.920312 0.908203 0.050000 0.062500
0 0.934375 0.927734 0.050000 0.062500
0 0.959375 0.908203 0.050000 0.062500
0 0.778125 0.896484 0.050000 0.062500
