0 0.150000 0.119141 0.050000 0.062500
0 0.139063 0.154297 0.050000 0.062500
0 0.017188 0.269531 0.034375 0.062500
0 0.025000 0.283203 0.050000 0.062500
0 0.231250 0.314453 0.050000 0.062500
0 0.242188 0.298828 0.050000 0.062500
0 0.253125 0.283203 0.050000 0.062500
0 0.278125 0.406250 0.050000 0.062500
0 0.267188 0.414062 0.050000 0.062500
0 0.264062 0.462891 0.050000 0.062500
0 0.257812 0.484375 0.050000 0.062500
0 0.220312 0.480469 0.050000 0.062500
0 0.328125 0.572266 0.050000 0.062500
0 0.331250 0.605469 0.050000 0.062500
0 0.312500 0.593750 0.050000 0.062500
0 0.353125 0.843750 0.050000 0.062500
0 0.342187 0.859375 0.050000 0.062500
0 0.351562 0.886719 0.050000 0.062500
0 0.110937 0.625000 0.050000 0.062500
0 0.134375 0.978516 0.050000 0.042969
0 0.548438 0.564453 0.050000 0.062500
0 0.662500 0.687500 0.050000 0.062500
0 0.679688 0.685547 0.050000 0.062500
0 0.684375 0.664062 0.050000 0.062500
0 0.843750 0.513672 0.050000 0.062500
0 0.962500 0.416016 0.050000 0.062500
0 0.882812 0.667969 0.050000 0.062500
0 0.892188 0.648438 0.050000 0.062500
0 0.921875 0.757812 0.050000 0.062500
0 0.878125 0.859375 0.050000 0.062500
0 0.964063 0.847656 0.050000 0.062500
0 0.978906 0.835938 0.042188 0.062500
0 0.634375 0.613281 0.050000 0.062500
