0 0.017969 0.429688 0.035937 0.062500
0 0.051562 0.382812 0.050000 0.062500
0 0.039062 0.302734 0.050000 0.062500
0 0.026562 0.226562 0.050000 0.062500
0 0.022656 0.164062 0.045312 0.062500
0 0.048438 0.189453 0.050000 0.062500
0 0.043750 0.255859 0.050000 0.062500
0 0.109375 0.445312 0.050000 0.062500
0 0.160938 0.457031 0.050000 0.062500
0 0.079687 0.341797 0.050000 0.062500
0 0.057813 0.339844 0.050000 0.062500
0 0.046875 0.042969 0.050000 0.062500
0 0.028125 0.066406 0.050000 0.062500
0 0.056250 0.101562 0.050000 0.062500
0 0.059375 0.142578 0.050000 0.062500
0 0.025000 0.130859 0.050000 0.062500
0 0.079687 0.171875 0.050000 0.062500
0 0.070312 0.205078 0.050000 0.062500
0 0.095312 0.193359 0.050000 0.062500
0 0.118750 0.166016 0.050000 0.062500
0 0.120313 0.220703 0.050000 0.062500
0 0.101562 0.255859 0.050000 0.062500
0 0.073438 0.255859 0.050000 0.062500
0 0.076563 0.234375 0.050000 0.062500
0 0.107813 0.306641 0.050000 0.062500
0 0.020313 0.281250 0.040625 0.062500
0 0.110937 0.339844 0.050000 0.062500
0 0.139063 0.332031 0.050000 0.062500
0 0.104688 0.400391 0.050000 0.062500
0 0.085938 0.052734 0.050000 0.062500
0 0.085938 0.085938 0.050000 0.062500
0 0.060937 0.020508 0.050000 0.041016
0 0.125000 0.279297 0.050000 0.062500
0 0.171875 0.373047 0.050000 0.062500
0 0.187500 0.402344 0.050000 0.062500
0 0.193750 0.347656 0.050000 0.062500
0 0.220312 0.382812 0.050000 0.062500
0 0.229687 0.410156 0.050000 0.062500
0 0.257812 0.410156 0.050000 0.062500
0 0.157812 0.304688 0.050000 0.062500
0 0.165625 0.275391 0.050000 0.062500
0 0.231250 0.345703 0.050000 0.062500
0 0.257812 0.357422 0.050000 0.062500
0 0.318750 0.386719 0.050000 0.062500
0 0.320312 0.425781 0.050000 0.062500
0 0.328125 0.470703 0.050000 0.062500
0 0.812500 0.041016 0.050000 0.062500
0 0.789062 0.085938 0.050000 0.062500
0 0.770312 0.138672 0.050000 0.062500
0 0.764062 0.085938 0.050000 0.062500
0 0.796875 0.119141 0.050000 0.062500
0 0.828125 0.201172 0.050000 0.062500
0 0.860938 0.166016 0.050000 0.062500
0 0.910937 0.185547 0.050000 0.062500
0 0.764062 0.279297 0.050000 0.062500
0 0.743750 0.021484 0.050000 0.042969
0 0.748437 0.044922 0.050000 0.062500
0 0.737500 0.072266 0.050000 0.062500
0 0.731250 0.105469 0.050000 0.062500
0 0.740625 0.140625 0.050000 0.062500
0 0.720313 0.164062 0.050000 0.062500
0 0.726562 0.195312 0.050000 0.062500
0 0.728125 0.228516 0.050000 0.062500
0 0.718750 0.263672 0.050000 0.062500
0 0.712500 0.050781 0.050000 0.062500
0 0.704688 0.203125 0.050000 0.062500
0 0.698438 0.179688 0.050000 0.062500
0 0.668750 0.033203 0.050000 0.062500
0 0.664062 0.074219 0.050000 0.062500
0 0.687500 0.121094 0.050000 0.062500
0 0.659375 0.113281 0.050000 0.062500
0 0.662500 0.148438 0.050000 0.062500
0 0.610938 0.126953 0.050000 0.062500
0 0.635938 0.150391 0.050000 0.062500
0 0.668750 0.183594 0.050000 0.062500
0 0.689063 0.154297 0.050000 0.062500
0 0.712500 0.132812 0.050000 0.062500
0 0.590625 0.160156 0.050000 0.062500
0 0.121875 0.242188 0.050000 0.062500
0 0.185938 0.302734 0.050000 0.062500
0 0.215625 0.308594 0.050000 0.062500
0 0.256250 0.308594 0.050000 0.062500
0 0.229687 0.275391 0.050000 0.062500
0 0.254688 0.253906 0.050000 0.062500
0 0.184375 0.242188 0.050000 0.062500
0 0.217188 0.224609 0.050000 0.062500
0 0.198437 0.203125 0.050000 0.062500
0 0.229687 0.169922 0.050000 0.062500
0 0.153125 0.187500 0.050000 0.062500
0 0.175000 0.183594 0.050000 0.062500
0 0.151562 0.212891 0.050000 0.062500
0 0.173437 0.208984 0.050000 0.062500
0 0.150000 0.230469 0.050000 0.062500
0 0.260937 0.193359 0.050000 0.062500
0 0.290625 0.193359 0.050000 0.062500
0 0.284375 0.236328 0.050000 0.062500
0 0.278125 0.279297 0.050000 0.062500
0 0.282813 0.320312 0.050000 0.062500
0 0.301563 0.341797 0.050000 0.062500
0 0.343750 0.353516 0.050000 0.062500
0 0.371875 0.365234 0.050000 0.062500
0 0.360938 0.417969 0.050000 0.062500
0 0.409375 0.470703 0.050000 0.062500
0 0.382812 0.580078 0.050000 0.062500
0 0.417187 0.597656 0.050000 0.062500
0 0.487500 0.554688 0.050000 0.062500
0 0.554688 0.595703 0.050000 0.062500
0 0.575000 0.560547 0.050000 0.062500
0 0.543750 0.556641 0.050000 0.062500
0 0.537500 0.500000 0.050000 0.062500
0 0.471875 0.468750 0.050000 0.062500
0 0.435937 0.433594 0.050000 0.062500
0 0.507812 0.457031 0.050000 0.062500
0 0.551562 0.437500 0.050000 0.062500
0 0.635938 0.486328 0.050000 0.062500
0 0.667188 0.564453 0.050000 0.062500
0 0.664062 0.623047 0.050000 0.062500
0 0.696875 0.466797 0.050000 0.062500
0 0.710938 0.435547 0.050000 0.062500
0 0.748437 0.392578 0.050000 0.062500
0 0.859375 0.460938 0.050000 0.062500
0 0.907813 0.609375 0.050000 0.062500
0 0.931250 0.667969 0.050000 0.062500
0 0.959375 0.644531 0.050000 0.062500
0 0.979688 0.662109 0.040625 0.062500
0 0.896875 0.634766 0.050000 0.062500
0 0.323437 0.212891 0.050000 0.062500
0 0.315625 0.244141 0.050000 0.062500
0 0.326562 0.275391 0.050000 0.062500
0 0.298438 0.294922 0.050000 0.062500
0 0.320312 0.320312 0.050000 0.062500
0 0.360938 0.322266 0.050000 0.062500
0 0.373437 0.283203 0.050000 0.062500
0 0.345313 0.269531 0.050000 0.062500
0 0.356250 0.246094 0.050000 0.062500
0 0.359375 0.214844 0.050000 0.062500
0 0.387500 0.232422 0.050000 0.062500
0 0.414062 0.281250 0.050000 0.062500
0 0.392188 0.308594 0.050000 0.062500
0 0.403125 0.328125 0.050000 0.062500
0 0.423438 0.314453 0.050000 0.062500
0 0.440625 0.298828 0.050000 0.062500
0 0.393750 0.386719 0.050000 0.062500
0 0.415625 0.369141 0.050000 0.062500
0 0.454688 0.384766 0.050000 0.062500
0 0.470313 0.357422 0.050000 0.062500
0 0.439063 0.341797 0.050000 0.062500
0 0.462500 0.324219 0.050000 0.062500
0 0.510938 0.361328 0.050000 0.062500
0 0.520312 0.404297 0.050000 0.062500
0 0.592187 0.408203 0.050000 0.062500
0 0.581250 0.367188 0.050000 0.062500
0 0.543750 0.369141 0.050000 0.062500
0 0.568750 0.339844 0.050000 0.062500
0 0.532813 0.324219 0.050000 0.062500
0 0.492188 0.320312 0.050000 0.062500
0 0.510938 0.306641 0.050000 0.062500
0 0.478125 0.281250 0.050000 0.062500
0 0.459375 0.269531 0.050000 0.062500
0 0.439063 0.253906 0.050000 0.062500
0 0.415625 0.220703 0.050000 0.062500
0 0.489063 0.212891 0.050000 0.062500
0 0.460938 0.226562 0.050000 0.062500
0 0.482812 0.246094 0.050000 0.062500
0 0.500000 0.267578 0.050000 0.062500
0 0.514062 0.240234 0.050000 0.062500
0 0.553125 0.220703 0.050000 0.062500
0 0.545312 0.267578 0.050000 0.062500
0 0.540625 0.291016 0.050000 0.062500
0 0.573438 0.279297 0.050000 0.062500
0 0.590625 0.314453 0.050000 0.062500
0 0.592187 0.291016 0.050000 0.062500
0 0.603125 0.267578 0.050000 0.062500
0 0.587500 0.250000 0.050000 0.062500
0 0.556250 0.246094 0.050000 0.062500
0 0.618750 0.322266 0.050000 0.062500
0 0.642188 0.341797 0.050000 0.062500
0 0.662500 0.453125 0.050000 0.062500
0 0.689063 0.296875 0.050000 0.062500
0 0.656250 0.306641 0.050000 0.062500
0 0.720313 0.314453 0.050000 0.062500
0 0.748437 0.253906 0.050000 0.062500
0 0.785937 0.289062 0.050000 0.062500
0 0.692187 0.267578 0.050000 0.062500
0 0.689063 0.234375 0.050000 0.062500
0 0.667188 0.267578 0.050000 0.062500
0 0.639062 0.271484 0.050000 0.062500
0 0.662500 0.232422 0.050000 0.062500
0 0.678125 0.212891 0.050000 0.062500
0 0.615625 0.248047 0.050000 0.062500
0 0.617188 0.224609 0.050000 0.062500
0 0.640625 0.210938 0.050000 0.062500
0 0.639062 0.234375 0.050000 0.062500
0 0.589063 0.212891 0.050000 0.062500
0 0.610938 0.195312 0.050000 0.062500
0 0.056250 0.740234 0.050000 0.062500
0 0.039062 0.720703 0.050000 0.062500
0 0.023438 0.689453 0.046875 0.062500
0 0.084375 0.664062 0.050000 0.062500
0 0.060937 0.613281 0.050000 0.062500
0 0.564063 0.656250 0.050000 0.062500
0 0.779687 0.640625 0.050000 0.062500
0 0.804688 0.693359 0.050000 0.062500
0 0.856250 0.695312 0.050000 0.062500
