0 0.360938 0.933594 0.050000 0.062500
0 0.139063 0.826172 0.050000 0.062500
0 0.245312 0.396484 0.050000 0.062500
0 0.243750 0.361328 0.050000 0.062500
0 0.260937 0.359375 0.050000 0.062500
0 0.293750 0.462891 0.050000 0.062500
0 0.085938 0.208984 0.050000 0.062500
0 0.068750 0.207031 0.050000 0.062500
0 0.079687 0.026367 0.050000 0.052734
0 0.414062 0.023438 0.050000 0.046875
0 0.431250 0.021484 0.050000 0.042969
0 0.609375 0.160156 0.050000 0.062500
0 0.721875 0.146484 0.050000 0.062500
0 0.721875 0.246094 0.050000 0.062500
0 0.615625 0.337891 0.050000 0.062500
0 0.664062 0.355469 0.050000 0.062500
0 0.498437 0.255859 0.050000 0.062500
0 0.495312 0.275391 0.050000 0.062500
0 0.468750 0.531250 0.050000 0.062500
0 0.595313 0.496094 0.050000 0.062500
0 0.684375 0.503906 0.050000 0.062500
0 0.728125 0.572266 0.050000 0.062500
0 0.820312 0.018555 0.050000 0.037109
0 0.840625 0.028320 0.050000 0.056641
0 0.831250 0.142578 0.050000 0.062500
0 0.825000 0.167969 0.050000 0.062500
0 0.823438 0.201172 0.050000 0.062500
0 0.820312 0.232422 0.050000 0.062500
0 0.810937 0.275391 0.050000 0.062500
0 0.798438 0.335938 0.050000 0.062500
0 0.803125 0.388672 0.050000 0.062500
0 0.815625 0.939453 0.050000 0.062500
