0 0.490625 0.576172 0.050000 0.062500
0 0.490625 0.541016 0.050000 0.062500
0 0.596875 0.625000 0.050000 0.062500
0 0.678125 0.644531 0.050000 0.062500
0 0.587500 0.835938 0.050000 0.062500
0 0.478125 0.917969 0.050000 0.062500
0 0.734375 0.886719 0.050000 0.062500
0 0.750000 0.875000 0.050000 0.062500
0 0.740625 0.531250 0.050000 0.062500
0 0.400000 0.197266 0.050000 0.062500
0 0.604688 0.416016 0.050000 0.062500
0 0.731250 0.380859 0.050000 0.062500
0 0.698438 0.220703 0.050000 0.062500
0 0.495312 0.171875 0.050000 0.062500
0 0.540625 0.115234 0.050000 0.062500
0 0.079687 0.156250 0.050000 0.062500
0 0.050000 0.275391 0.050000 0.062500
0 0.039062 0.449219 0.050000 0.062500
0 0.057813 0.550781 0.050000 0.062500
0 0.229687 0.652344 0.050000 0.062500
0 0.251563 0.656250 0.050000 0.062500
0 0.232813 0.693359 0.050000 0.062500
0 0.282813 0.767578 0.050000 0.062500
0 0.834375 0.554688 0.050000 0.062500
0 0.840625 0.521484 0.050000 0.062500
0 0.848437 0.486328 0.050000 0.062500
0 0.764062 0.195312 0.050000 0.062500
0 0.818750 0.173828 0.050000 0.062500
0 0.812500 0.148438 0.050000 0.062500
0 0.595313 0.018555 0.050000 0.037109
0 0.700000 0.041016 0.050000 0.062500
0 0.717187 0.023438 0.050000 0.046875
0 0.834375 0.205078 0.050000 0.062500
0 0.848437 0.236328 0.050000 0.062500
0 0.857812 0.212891 0.050000 0.062500
0 0.862500 0.185547 0.050000 0.062500
0 0.856250 0.156250 0.050000 0.062500
0 0.859375 0.091797 0.050000 0.062500
0 0.921875 0.058594 0.050000 0.062500
0 0.921875 0.220703 0.050000 0.062500
0 0.918750 0.242188 0.050000 0.062500
0 0.901563 0.197266 0.050000 0.062500
0 0.876563 0.105469 0.050000 0.062500
