0 0.489063 0.414062 0.050000 0.062500
0 0.537500 0.330078 0.050000 0.062500
0 0.371875 0.349609 0.050000 0.062500
0 0.356250 0.361328 0.050000 0.062500
0 0.085938 0.423828 0.050000 0.062500
0 0.303125 0.048828 0.050000 0.062500
0 0.348438 0.052734 0.050000 0.062500
0 0.362500 0.037109 0.050000 0.062500
0 0.595313 0.667969 0.050000 0.062500
0 0.476562 0.804688 0.050000 0.062500
0 0.476562 0.839844 0.050000 0.062500
0 0.193750 0.925781 0.050000 0.062500
0 0.214062 0.927734 0.050000 0.062500
0 0.193750 0.972656 0.050000 0.054688
0 0.595313 0.882812 0.050000 0.062500
0 0.676562 0.908203 0.050000 0.062500
0 0.759375 0.789062 0.050000 0.062500
0 0.717187 0.591797 0.050000 0.062500
0 0.684375 0.453125 0.050000 0.062500
0 0.754687 0.460938 0.050000 0.062500
0 0.596875 0.193359 0.050000 0.062500
0 0.581250 0.101562 0.050000 0.062500
0 0.751563 0.121094 0.050000 0.062500
0 0.723437 0.324219 0.050000 0.062500
0 0.753125 0.226562 0.050000 0.062500
0 0.739062 0.234375 0.050000 0.062500
0 0.825000 0.072266 0.050000 0.062500
0 0.854688 0.066406 0.050000 0.062500
0 0.832812 0.028320 0.050000 0.056641
0 0.832812 0.398438 0.050000 0.062500
0 0.829688 0.373047 0.050000 0.062500
0 0.823438 0.355469 0.050000 0.062500
0 0.898438 0.175781 0.050000 0.062500
0 0.875000 0.373047 0.050000 0.062500
0 0.882812 0.406250 0.050000 0.062500
0 0.878125 0.441406 0.050000 0.062500
0 0.851562 0.429688 0.050000 0.062500
0 0.865625 0.470703 0.050000 0.062500
0 0.489063 0.024414 0.050000 0.048828
0 0.875000 0.675781 0.050000 0.062500
0 0.870313 0.720703 0.050000 0.062500
0 0.864062 0.742188 0.050000 0.062500
0 0.854688 0.777344 0.050000 0.062500
0 0.848437 0.820312 0.050000 0.062500
0 0.900000 0.550781 0.050000 0.062500
0 0.910937 0.488281 0.050000 0.062500
0 0.959375 0.269531 0.050000 0.062500
0 0.960938 0.203125 0.050000 0.062500
0 0.960938 0.158203 0.050000 0.062500
0 0.884375 0.306641 0.050000 0.062500
0 0.845313 0.947266 0.050000 0.062500
0 0.839063 0.896484 0.050000 0.062500
