0 0.142187 0.886719 0.050000 0.062500
0 0.287500 0.742188 0.050000 0.062500
0 0.300000 0.730469 0.050000 0.062500
0 0.532813 0.869141 0.050000 0.062500
0 0.482812 0.974609 0.050000 0.050781
0 0.748437 0.888672 0.050000 0.062500
0 0.578125 0.703125 0.050000 0.062500
0 0.626563 0.556641 0.050000 0.062500
0 0.306250 0.544922 0.050000 0.062500
0 0.292187 0.541016 0.050000 0.062500
0 0.312500 0.531250 0.050000 0.062500
0 0.473438 0.509766 0.050000 0.062500
0 0.468750 0.478516 0.050000 0.062500
0 0.253125 0.449219 0.050000 0.062500
0 0.343750 0.240234 0.050000 0.062500
0 0.646875 0.316406 0.050000 0.062500
0 0.304688 0.111328 0.050000 0.062500
0 0.109375 0.099609 0.050000 0.062500
0 0.231250 0.058594 0.050000 0.062500
0 0.275000 0.044922 0.050000 0.062500
0 0.270313 0.025391 0.050000 0.050781
0 0.500000 0.193359 0.050000 0.062500
0 0.770312 0.630859 0.050000 0.062500
0 0.740625 0.765625 0.050000 0.062500
0 0.518750 0.408203 0.050000 0.062500
0 0.543750 0.058594 0.050000 0.062500
0 0.834375 0.927734 0.050000 0.062500
0 0.829688 0.906250 0.050000 0.062500
0 0.825000 0.886719 0.050000 0.062500
0 0.831250 0.570312 0.050000 0.062500
0 0.856250 0.556641 0.050000 0.062500
0 0.845313 0.521484 0.050000 0.062500
0 0.801562 0.351562 0.050000 0.062500
0 0.948438 0.380859 0.050000 0.062500
0 0.948438 0.058594 0.050000 0.062500
0 0.964063 0.072266 0.050000 0.062500
0 0.906250 0.689453 0.050000 0.062500
0 0.881250 0.908203 0.050000 0.062500
0 0.882812 0.941406 0.050000 0.062500
0 0.882812 0.972656 0.050000 0.054688
0 0.853125 0.964844 0.050000 0.062500
0 0.967187 0.785156 0.050000 0.062500
0 0.975000 0.705078 0.050000 0.062500
0 0.968750 0.654297 0.050000 0.062500
0 0.890625 0.830078 0.050000 0.062500
0 0.950000 0.320312 0.050000 0.062500
0 0.914062 0.347656 0.050000 0.062500
