0 0.150000 0.408203 0.050000 0.062500
0 0.284375 0.300781 0.050000 0.062500
0 0.295312 0.289062 0.050000 0.062500
0 0.320312 0.185547 0.050000 0.062500
0 0.339062 0.179688 0.050000 0.062500
0 0.360938 0.160156 0.050000 0.062500
0 0.275000 0.138672 0.050000 0.062500
0 0.487500 0.126953 0.050000 0.062500
0 0.543750 0.026367 0.050000 0.052734
0 0.581250 0.328125 0.050000 0.062500
0 0.607812 0.253906 0.050000 0.062500
0 0.523438 0.488281 0.050000 0.062500
0 0.523438 0.601562 0.050000 0.062500
0 0.629687 0.751953 0.050000 0.062500
0 0.673438 0.667969 0.050000 0.062500
0 0.667188 0.621094 0.050000 0.062500
0 0.725000 0.714844 0.050000 0.062500
0 0.456250 0.968750 0.050000 0.062500
0 0.476562 0.974609 0.050000 0.050781
0 0.751563 0.929688 0.050000 0.062500
0 0.850000 0.955078 0.050000 0.062500
0 0.856250 0.916016 0.050000 0.062500
0 0.865625 0.880859 0.050000 0.062500
0 0.868750 0.853516 0.050000 0.062500
0 0.873437 0.808594 0.050000 0.062500
0 0.871875 0.597656 0.050000 0.062500
0 0.878125 0.572266 0.050000 0.062500
0 0.850000 0.562500 0.050000 0.062500
0 0.871875 0.541016 0.050000 0.062500
0 0.721875 0.476562 0.050000 0.062500
0 0.737500 0.384766 0.050000 0.062500
0 0.770312 0.259766 0.050000 0.062500
0 0.823438 0.212891 0.050000 0.062500
0 0.848437 0.203125 0.050000 0.062500
0 0.840625 0.167969 0.050000 0.062500
0 0.895312 0.314453 0.050000 0.062500
0 0.832812 0.531250 0.050000 0.062500
0 0.829688 0.509766 0.050000 0.062500
0 0.823438 0.488281 0.050000 0.062500
0 0.876563 0.507812 0.050000 0.062500
0 0.882812 0.433594 0.050000 0.062500
0 0.896875 0.447266 0.050000 0.062500
0 0.964063 0.333984 0.050000 0.062500
0 0.914062 0.621094 0.050000 0.062500
0 0.903125 0.689453 0.050000 0.062500
0 0.948438 0.390625 0.050000 0.062500
0 0.929688 0.031250 0.050000 0.062500
