0 0.854688 0.029297 0.050000 0.058594
0 0.982031 0.076172 0.035937 0.062500
0 0.973437 0.140625 0.050000 0.062500
0 0.793750 0.162109 0.050000 0.062500
0 0.781250 0.253906 0.050000 0.062500
0 0.939063 0.257812 0.050000 0.062500
0 0.942187 0.333984 0.050000 0.062500
0 0.985156 0.369141 0.029687 0.062500
0 0.898438 0.425781 0.050000 0.062500
0 0.884375 0.632812 0.050000 0.062500
0 0.968750 0.658203 0.050000 0.062500
0 0.770312 0.617188 0.050000 0.062500
0 0.743750 0.611328 0.050000 0.062500
0 0.698438 0.609375 0.050000 0.062500
0 0.831250 0.837891 0.050000 0.062500
0 0.554688 0.826172 0.050000 0.062500
0 0.504687 0.740234 0.050000 0.062500
0 0.523438 0.701172 0.050000 0.062500
0 0.504687 0.699219 0.050000 0.062500
0 0.307812 0.949219 0.050000 0.062500
0 0.132812 0.941406 0.050000 0.062500
0 0.118750 0.910156 0.050000 0.062500
0 0.134375 0.900391 0.050000 0.062500
0 0.106250 0.578125 0.050000 0.062500
0 0.093750 0.566406 0.050000 0.062500
0 0.079687 0.566406 0.050000 0.062500
0 0.200000 0.435547 0.050000 0.062500
0 0.240625 0.339844 0.050000 0.062500
0 0.268750 0.197266 0.050000 0.062500
0 0.401562 0.030273 0.050000 0.060547
0 0.167187 0.058594 0.050000 0.062500
0 0.145313 0.031250 0.050000 0.062500
0 0.139063 0.193359 0.050000 0.062500
0 0.121875 0.273438 0.050000 0.062500
0 0.085938 0.300781 0.050000 0.062500
0 0.078125 0.253906 0.050000 0.062500
0 0.043750 0.279297 0.050000 0.062500
0 0.029687 0.281250 0.050000 0.062500
0 0.031250 0.216797 0.050000 0.062500
0 0.020313 0.230469 0.040625 0.062500
0 0.048438 0.183594 0.050000 0.062500
0 0.015625 0.408203 0.031250 0.062500
0 0.031250 0.332031 0.050000 0.062500
0 0.015625 0.341797 0.031250 0.062500
0 0.022656 0.314453 0.045312 0.062500
0 0.014844 0.304688 0.029687 0.062500
