0 0.153125 0.298828 0.050000 0.062500
0 0.893750 0.031250 0.050000 0.062500
0 0.914062 0.072266 0.050000 0.062500
0 0.934375 0.050781 0.050000 0.062500
0 0.926562 0.035156 0.050000 0.062500
0 0.976562 0.028320 0.046875 0.056641
0 0.959375 0.046875 0.050000 0.062500
0 0.942187 0.070312 0.050000 0.062500
0 0.978125 0.072266 0.043750 0.062500
0 0.964063 0.072266 0.050000 0.062500
0 0.923438 0.089844 0.050000 0.062500
0 0.906250 0.105469 0.050000 0.062500
0 0.977344 0.093750 0.045312 0.062500
0 0.912500 0.023438 0.050000 0.046875
0 0.959375 0.027344 0.050000 0.054688
0 0.940625 0.031250 0.050000 0.062500
0 0.980469 0.113281 0.039062 0.062500
0 0.932813 0.140625 0.050000 0.062500
0 0.871875 0.152344 0.050000 0.062500
0 0.850000 0.187500 0.050000 0.062500
0 0.928125 0.169922 0.050000 0.062500
0 0.904687 0.179688 0.050000 0.062500
0 0.965625 0.144531 0.050000 0.062500
0 0.959375 0.173828 0.050000 0.062500
0 0.979688 0.156250 0.040625 0.062500
0 0.970313 0.201172 0.050000 0.062500
0 0.975000 0.226562 0.050000 0.062500
0 0.910937 0.205078 0.050000 0.062500
0 0.934375 0.218750 0.050000 0.062500
0 0.951562 0.238281 0.050000 0.062500
0 0.965625 0.257812 0.050000 0.062500
0 0.968750 0.292969 0.050000 0.062500
0 0.982031 0.281250 0.035937 0.062500
0 0.937500 0.261719 0.050000 0.062500
0 0.867188 0.220703 0.050000 0.062500
0 0.889062 0.248047 0.050000 0.062500
0 0.909375 0.257812 0.050000 0.062500
0 0.932813 0.289062 0.050000 0.062500
0 0.967187 0.328125 0.050000 0.062500
0 0.926562 0.320312 0.050000 0.062500
0 0.903125 0.304688 0.050000 0.062500
0 0.889062 0.275391 0.050000 0.062500
0 0.856250 0.242188 0.050000 0.062500
0 0.812500 0.240234 0.050000 0.062500
0 0.828125 0.277344 0.050000 0.062500
0 0.856250 0.277344 0.050000 0.062500
0 0.876563 0.294922 0.050000 0.062500
0 0.917188 0.365234 0.050000 0.062500
0 0.882812 0.347656 0.050000 0.062500
0 0.860938 0.335938 0.050000 0.062500
0 0.868750 0.314453 0.050000 0.062500
0 0.832812 0.308594 0.050000 0.062500
0 0.810937 0.294922 0.050000 0.062500
0 0.782813 0.267578 0.050000 0.062500
0 0.862500 0.421875 0.050000 0.062500
0 0.856250 0.388672 0.050000 0.062500
0 0.834375 0.369141 0.050000 0.062500
0 0.807813 0.390625 0.050000 0.062500
0 0.796875 0.355469 0.050000 0.062500
0 0.781250 0.335938 0.050000 0.062500
0 0.812500 0.322266 0.050000 0.062500
0 0.751563 0.242188 0.050000 0.062500
0 0.750000 0.275391 0.050000 0.062500
0 0.726562 0.292969 0.050000 0.062500
0 0.751563 0.314453 0.050000 0.062500
0 0.768750 0.300781 0.050000 0.062500
0 0.756250 0.351562 0.050000 0.062500
0 0.729688 0.351562 0.050000 0.062500
0 0.775000 0.382812 0.050000 0.062500
0 0.735938 0.375000 0.050000 0.062500
0 0.759375 0.390625 0.050000 0.062500
0 0.715625 0.416016 0.050000 0.062500
0 0.792188 0.433594 0.050000 0.062500
0 0.823438 0.462891 0.050000 0.062500
0 0.773438 0.482422 0.050000 0.062500
0 0.807813 0.529297 0.050000 0.062500
0 0.812500 0.582031 0.050000 0.062500
0 0.845313 0.595703 0.050000 0.062500
0 0.898438 0.515625 0.050000 0.062500
0 0.967187 0.496094 0.050000 0.062500
0 0.931250 0.478516 0.050000 0.062500
0 0.982031 0.466797 0.035937 0.062500
0 0.926562 0.646484 0.050000 0.062500
0 0.756250 0.613281 0.050000 0.062500
0 0.760938 0.564453 0.050000 0.062500
0 0.739062 0.500000 0.050000 0.062500
0 0.703125 0.556641 0.050000 0.062500
0 0.673438 0.591797 0.050000 0.062500
0 0.685937 0.634766 0.050000 0.062500
0 0.592187 0.490234 0.050000 0.062500
0 0.671875 0.492188 0.050000 0.062500
0 0.701562 0.457031 0.050000 0.062500
0 0.687500 0.398438 0.050000 0.062500
0 0.654687 0.416016 0.050000 0.062500
0 0.628125 0.449219 0.050000 0.062500
0 0.590625 0.449219 0.050000 0.062500
0 0.554688 0.449219 0.050000 0.062500
0 0.456250 0.496094 0.050000 0.062500
0 0.339062 0.722656 0.050000 0.062500
0 0.354687 0.689453 0.050000 0.062500
0 0.339062 0.634766 0.050000 0.062500
0 0.292187 0.712891 0.050000 0.062500
0 0.267188 0.666016 0.050000 0.062500
0 0.237500 0.652344 0.050000 0.062500
0 0.235937 0.625000 0.050000 0.062500
0 0.384375 0.470703 0.050000 0.062500
0 0.307812 0.505859 0.050000 0.062500
0 0.287500 0.449219 0.050000 0.062500
0 0.231250 0.443359 0.050000 0.062500
0 0.359375 0.072266 0.050000 0.062500
0 0.329688 0.083984 0.050000 0.062500
0 0.359375 0.117188 0.050000 0.062500
0 0.306250 0.029297 0.050000 0.058594
0 0.326562 0.046875 0.050000 0.062500
0 0.346875 0.023438 0.050000 0.046875
0 0.278125 0.031250 0.050000 0.062500
0 0.301563 0.062500 0.050000 0.062500
0 0.314063 0.113281 0.050000 0.062500
0 0.339062 0.138672 0.050000 0.062500
0 0.253125 0.042969 0.050000 0.062500
0 0.235937 0.050781 0.050000 0.062500
0 0.209375 0.054688 0.050000 0.062500
0 0.276562 0.072266 0.050000 0.062500
0 0.275000 0.099609 0.050000 0.062500
0 0.237500 0.105469 0.050000 0.062500
0 0.257812 0.138672 0.050000 0.062500
0 0.289062 0.138672 0.050000 0.062500
0 0.243750 0.162109 0.050000 0.062500
0 0.234375 0.210938 0.050000 0.062500
0 0.178125 0.220703 0.050000 0.062500
0 0.240625 0.250000 0.050000 0.062500
0 0.231250 0.294922 0.050000 0.062500
0 0.246875 0.322266 0.050000 0.062500
0 0.270313 0.367188 0.050000 0.062500
0 0.270313 0.183594 0.050000 0.062500
0 0.284375 0.218750 0.050000 0.062500
0 0.281250 0.267578 0.050000 0.062500
0 0.289062 0.322266 0.050000 0.062500
0 0.323437 0.369141 0.050000 0.062500
0 0.335938 0.412109 0.050000 0.062500
0 0.360938 0.376953 0.050000 0.062500
0 0.410938 0.361328 0.050000 0.062500
0 0.389062 0.369141 0.050000 0.062500
0 0.376563 0.330078 0.050000 0.062500
0 0.320312 0.333984 0.050000 0.062500
0 0.332813 0.318359 0.050000 0.062500
0 0.320312 0.285156 0.050000 0.062500
0 0.306250 0.255859 0.050000 0.062500
0 0.321875 0.224609 0.050000 0.062500
0 0.295312 0.191406 0.050000 0.062500
0 0.301563 0.156250 0.050000 0.062500
0 0.353125 0.287109 0.050000 0.062500
0 0.348438 0.259766 0.050000 0.062500
0 0.342187 0.236328 0.050000 0.062500
0 0.351562 0.195312 0.050000 0.062500
0 0.339062 0.173828 0.050000 0.062500
0 0.371875 0.226562 0.050000 0.062500
0 0.387500 0.251953 0.050000 0.062500
0 0.371875 0.283203 0.050000 0.062500
0 0.401562 0.281250 0.050000 0.062500
0 0.403125 0.312500 0.050000 0.062500
0 0.423438 0.330078 0.050000 0.062500
0 0.451562 0.435547 0.050000 0.062500
0 0.437500 0.402344 0.050000 0.062500
0 0.526563 0.435547 0.050000 0.062500
0 0.495312 0.421875 0.050000 0.062500
0 0.478125 0.402344 0.050000 0.062500
0 0.465625 0.375000 0.050000 0.062500
0 0.585938 0.408203 0.050000 0.062500
0 0.631250 0.392578 0.050000 0.062500
0 0.665625 0.355469 0.050000 0.062500
0 0.692187 0.339844 0.050000 0.062500
0 0.709375 0.318359 0.050000 0.062500
0 0.531250 0.380859 0.050000 0.062500
0 0.498437 0.367188 0.050000 0.062500
0 0.482812 0.339844 0.050000 0.062500
0 0.453125 0.333984 0.050000 0.062500
0 0.473438 0.306641 0.050000 0.062500
0 0.440625 0.302734 0.050000 0.062500
0 0.417187 0.292969 0.050000 0.062500
0 0.426563 0.265625 0.050000 0.062500
0 0.417187 0.232422 0.050000 0.062500
0 0.435937 0.236328 0.050000 0.062500
0 0.439063 0.207031 0.050000 0.062500
0 0.439063 0.207031 0.050000 0.062500
0 0.420312 0.203125 0.050000 0.062500
0 0.403125 0.201172 0.050000 0.062500
0 0.464062 0.240234 0.050000 0.062500
0 0.454688 0.269531 0.050000 0.062500
0 0.482812 0.257812 0.050000 0.062500
0 0.500000 0.302734 0.050000 0.062500
0 0.520312 0.285156 0.050000 0.062500
0 0.520312 0.330078 0.050000 0.062500
0 0.554688 0.347656 0.050000 0.062500
0 0.571875 0.371094 0.050000 0.062500
0 0.592187 0.347656 0.050000 0.062500
0 0.610938 0.375000 0.050000 0.062500
0 0.623437 0.343750 0.050000 0.062500
0 0.651563 0.333984 0.050000 0.062500
0 0.676562 0.302734 0.050000 0.062500
0 0.635938 0.308594 0.050000 0.062500
0 0.614062 0.300781 0.050000 0.062500
0 0.573438 0.314453 0.050000 0.062500
0 0.546875 0.322266 0.050000 0.062500
0 0.589063 0.294922 0.050000 0.062500
0 0.579688 0.269531 0.050000 0.062500
0 0.559375 0.269531 0.050000 0.062500
0 0.625000 0.267578 0.050000 0.062500
0 0.653125 0.265625 0.050000 0.062500
0 0.656250 0.226562 0.050000 0.062500
0 0.618750 0.230469 0.050000 0.062500
0 0.589063 0.242188 0.050000 0.062500
0 0.554688 0.228516 0.050000 0.062500
0 0.528125 0.218750 0.050000 0.062500
0 0.495312 0.205078 0.050000 0.062500
0 0.684375 0.250000 0.050000 0.062500
0 0.695312 0.285156 0.050000 0.062500
0 0.715625 0.240234 0.050000 0.062500
0 0.785937 0.205078 0.050000 0.062500
0 0.826562 0.677734 0.050000 0.062500
