0 0.598437 0.759766 0.050000 0.062500
0 0.578125 0.759766 0.050000 0.062500
0 0.596875 0.792969 0.050000 0.062500
0 0.940625 0.656250 0.050000 0.062500
0 0.967187 0.658203 0.050000 0.062500
0 0.948438 0.699219 0.050000 0.062500
0 0.984375 0.779297 0.031250 0.062500
0 0.428125 0.529297 0.050000 0.062500
0 0.601562 0.478516 0.050000 0.062500
0 0.506250 0.591797 0.050000 0.062500
0 0.551562 0.457031 0.050000 0.062500
0 0.267188 0.923828 0.050000 0.062500
0 0.023438 0.716797 0.046875 0.062500
0 0.079687 0.556641 0.050000 0.062500
0 0.084375 0.539062 0.050000 0.062500
0 0.246875 0.556641 0.050000 0.062500
0 0.654687 0.269531 0.050000 0.062500
0 0.567187 0.119141 0.050000 0.062500
0 0.662500 0.039062 0.050000 0.062500
0 0.573438 0.028320 0.050000 0.056641
0 0.506250 0.261719 0.050000 0.062500
0 0.514062 0.167969 0.050000 0.062500
0 0.485938 0.158203 0.050000 0.062500
0 0.467187 0.070312 0.050000 0.062500
0 0.445312 0.080078 0.050000 0.062500
0 0.182812 0.525391 0.050000 0.062500
0 0.239063 0.435547 0.050000 0.062500
0 0.343750 0.402344 0.050000 0.062500
0 0.345313 0.382812 0.050000 0.062500
0 0.428125 0.373047 0.050000 0.062500
0 0.367188 0.355469 0.050000 0.062500
0 0.362500 0.318359 0.050000 0.062500
0 0.335938 0.328125 0.050000 0.062500
0 0.160938 0.388672 0.050000 0.062500
0 0.107813 0.369141 0.050000 0.062500
0 0.060937 0.294922 0.050000 0.062500
0 0.471875 0.250000 0.050000 0.062500
0 0.462500 0.148438 0.050000 0.062500
0 0.450000 0.185547 0.050000 0.062500
0 0.423438 0.195312 0.050000 0.062500
0 0.407813 0.222656 0.050000 0.062500
0 0.423438 0.267578 0.050000 0.062500
0 0.376563 0.080078 0.050000 0.062500
0 0.350000 0.070312 0.050000 0.062500
0 0.398438 0.279297 0.050000 0.062500
0 0.406250 0.255859 0.050000 0.062500
0 0.390625 0.207031 0.050000 0.062500
0 0.392188 0.181641 0.050000 0.062500
0 0.381250 0.132812 0.050000 0.062500
0 0.403125 0.119141 0.050000 0.062500
0 0.365625 0.105469 0.050000 0.062500
0 0.353125 0.244141 0.050000 0.062500
0 0.350000 0.294922 0.050000 0.062500
0 0.368750 0.279297 0.050000 0.062500
0 0.256250 0.115234 0.050000 0.062500
0 0.260937 0.169922 0.050000 0.062500
0 0.256250 0.152344 0.050000 0.062500
0 0.285938 0.361328 0.050000 0.062500
0 0.304688 0.341797 0.050000 0.062500
0 0.204687 0.113281 0.050000 0.062500
0 0.126562 0.240234 0.050000 0.062500
0 0.135937 0.273438 0.050000 0.062500
0 0.182812 0.263672 0.050000 0.062500
0 0.212500 0.287109 0.050000 0.062500
0 0.228125 0.271484 0.050000 0.062500
0 0.246875 0.277344 0.050000 0.062500
0 0.181250 0.058594 0.050000 0.062500
0 0.184375 0.326172 0.050000 0.062500
0 0.106250 0.277344 0.050000 0.062500
0 0.142187 0.197266 0.050000 0.062500
0 0.160938 0.203125 0.050000 0.062500
0 0.173437 0.193359 0.050000 0.062500
0 0.182812 0.177734 0.050000 0.062500
0 0.187500 0.158203 0.050000 0.062500
0 0.281250 0.218750 0.050000 0.062500
0 0.259375 0.263672 0.050000 0.062500
0 0.234375 0.212891 0.050000 0.062500
0 0.246875 0.226562 0.050000 0.062500
0 0.220312 0.138672 0.050000 0.062500
0 0.242188 0.123047 0.050000 0.062500
0 0.315625 0.125000 0.050000 0.062500
0 0.337500 0.132812 0.050000 0.062500
0 0.346875 0.173828 0.050000 0.062500
0 0.273438 0.318359 0.050000 0.062500
0 0.298438 0.314453 0.050000 0.062500
0 0.170313 0.318359 0.050000 0.062500
0 0.171875 0.119141 0.050000 0.062500
0 0.185938 0.099609 0.050000 0.062500
0 0.198437 0.134766 0.050000 0.062500
0 0.778125 0.968750 0.050000 0.062500
0 0.834375 0.955078 0.050000 0.062500
0 0.196875 0.220703 0.050000 0.062500
0 0.154688 0.173828 0.050000 0.062500
0 0.450000 0.294922 0.050000 0.062500
0 0.454688 0.267578 0.050000 0.062500
0 0.453125 0.242188 0.050000 0.062500
0 0.287500 0.261719 0.050000 0.062500
