0 0.568750 0.017578 0.050000 0.035156
0 0.664062 0.018555 0.050000 0.037109
0 0.565625 0.080078 0.050000 0.062500
0 0.610938 0.082031 0.050000 0.062500
0 0.656250 0.150391 0.050000 0.062500
0 0.696875 0.162109 0.050000 0.062500
0 0.756250 0.355469 0.050000 0.062500
0 0.815625 0.677734 0.050000 0.062500
0 0.812500 0.710938 0.050000 0.062500
0 0.781250 0.792969 0.050000 0.062500
0 0.446875 0.781250 0.050000 0.062500
0 0.615625 0.564453 0.050000 0.062500
0 0.757812 0.443359 0.050000 0.062500
0 0.748437 0.427734 0.050000 0.062500
0 0.646875 0.408203 0.050000 0.062500
0 0.618750 0.318359 0.050000 0.062500
0 0.623437 0.281250 0.050000 0.062500
0 0.592187 0.250000 0.050000 0.062500
0 0.570312 0.253906 0.050000 0.062500
0 0.554688 0.212891 0.050000 0.062500
0 0.576562 0.166016 0.050000 0.062500
0 0.457813 0.105469 0.050000 0.062500
0 0.431250 0.187500 0.050000 0.062500
0 0.415625 0.130859 0.050000 0.062500
0 0.190625 0.359375 0.050000 0.062500
0 0.587500 0.542969 0.050000 0.062500
0 0.554688 0.515625 0.050000 0.062500
0 0.592187 0.455078 0.050000 0.062500
0 0.567187 0.468750 0.050000 0.062500
0 0.564063 0.439453 0.050000 0.062500
0 0.575000 0.355469 0.050000 0.062500
0 0.548438 0.365234 0.050000 0.062500
0 0.545312 0.386719 0.050000 0.062500
0 0.539062 0.404297 0.050000 0.062500
0 0.714063 0.892578 0.050000 0.062500
0 0.550000 0.603516 0.050000 0.062500
0 0.504687 0.664062 0.050000 0.062500
0 0.545312 0.683594 0.050000 0.062500
0 0.381250 0.646484 0.050000 0.062500
0 0.325000 0.619141 0.050000 0.062500
0 0.271875 0.628906 0.050000 0.062500
0 0.417187 0.562500 0.050000 0.062500
0 0.439063 0.564453 0.050000 0.062500
0 0.514062 0.587891 0.050000 0.062500
0 0.507812 0.570312 0.050000 0.062500
0 0.515625 0.554688 0.050000 0.062500
0 0.456250 0.548828 0.050000 0.062500
0 0.418750 0.531250 0.050000 0.062500
0 0.453125 0.525391 0.050000 0.062500
0 0.490625 0.525391 0.050000 0.062500
0 0.514062 0.515625 0.050000 0.062500
0 0.506250 0.253906 0.050000 0.062500
0 0.506250 0.292969 0.050000 0.062500
0 0.490625 0.285156 0.050000 0.062500
0 0.470313 0.291016 0.050000 0.062500
0 0.490625 0.312500 0.050000 0.062500
0 0.362500 0.271484 0.050000 0.062500
0 0.343750 0.267578 0.050000 0.062500
0 0.371875 0.359375 0.050000 0.062500
0 0.387500 0.382812 0.050000 0.062500
0 0.409375 0.427734 0.050000 0.062500
0 0.278125 0.310547 0.050000 0.062500
0 0.339062 0.300781 0.050000 0.062500
0 0.359375 0.322266 0.050000 0.062500
0 0.310937 0.341797 0.050000 0.062500
0 0.331250 0.347656 0.050000 0.062500
0 0.314063 0.369141 0.050000 0.062500
0 0.332813 0.367188 0.050000 0.062500
0 0.298438 0.390625 0.050000 0.062500
0 0.292187 0.371094 0.050000 0.062500
0 0.271875 0.417969 0.050000 0.062500
0 0.356250 0.439453 0.050000 0.062500
0 0.371875 0.443359 0.050000 0.062500
0 0.359375 0.511719 0.050000 0.062500
0 0.396875 0.486328 0.050000 0.062500
0 0.375000 0.462891 0.050000 0.062500
0 0.256250 0.488281 0.050000 0.062500
0 0.215625 0.521484 0.050000 0.062500
0 0.271875 0.523438 0.050000 0.062500
0 0.085938 0.564453 0.050000 0.062500
0 0.260937 0.443359 0.050000 0.062500
0 0.279687 0.347656 0.050000 0.062500
0 0.351562 0.359375 0.050000 0.062500
0 0.354687 0.341797 0.050000 0.062500
0 0.418750 0.318359 0.050000 0.062500
0 0.451562 0.337891 0.050000 0.062500
0 0.446875 0.318359 0.050000 0.062500
0 0.339062 0.548828 0.050000 0.062500
0 0.340625 0.568359 0.050000 0.062500
0 0.320312 0.556641 0.050000 0.062500
0 0.314063 0.494141 0.050000 0.062500
0 0.492188 0.486328 0.050000 0.062500
0 0.504687 0.404297 0.050000 0.062500
0 0.523438 0.386719 0.050000 0.062500
0 0.512500 0.369141 0.050000 0.062500
0 0.492188 0.371094 0.050000 0.062500
0 0.470313 0.386719 0.050000 0.062500
0 0.465625 0.363281 0.050000 0.062500
0 0.431250 0.328125 0.050000 0.062500
0 0.421875 0.468750 0.050000 0.062500
0 0.300000 0.429688 0.050000 0.062500
0 0.303125 0.410156 0.050000 0.062500
0 0.318750 0.394531 0.050000 0.062500
0 0.368750 0.496094 0.050000 0.062500
0 0.339062 0.474609 0.050000 0.062500
0 0.326562 0.460938 0.050000 0.062500
0 0.331250 0.447266 0.050000 0.062500
0 0.479687 0.332031 0.050000 0.062500
0 0.468750 0.320312 0.050000 0.062500
0 0.484375 0.433594 0.050000 0.062500
0 0.512500 0.464844 0.050000 0.062500
0 0.539062 0.460938 0.050000 0.062500
0 0.467187 0.509766 0.050000 0.062500
0 0.345313 0.626953 0.050000 0.062500
0 0.532813 0.439453 0.050000 0.062500
0 0.035937 0.669922 0.050000 0.062500
