0 0.556250 0.937500 0.050000 0.062500
0 0.579688 0.804688 0.050000 0.062500
0 0.503125 0.730469 0.050000 0.062500
0 0.378125 0.691406 0.050000 0.062500
0 0.118750 0.716797 0.050000 0.062500
0 0.142187 0.746094 0.050000 0.062500
0 0.160938 0.751953 0.050000 0.062500
0 0.026562 0.744141 0.050000 0.062500
0 0.082812 0.941406 0.050000 0.062500
0 0.940625 0.841797 0.050000 0.062500
0 0.870313 0.921875 0.050000 0.062500
0 0.668750 0.660156 0.050000 0.062500
0 0.645312 0.644531 0.050000 0.062500
0 0.618750 0.609375 0.050000 0.062500
0 0.685937 0.554688 0.050000 0.062500
0 0.892188 0.537109 0.050000 0.062500
0 0.900000 0.570312 0.050000 0.062500
0 0.692187 0.494141 0.050000 0.062500
0 0.668750 0.455078 0.050000 0.062500
0 0.714063 0.400391 0.050000 0.062500
0 0.812500 0.326172 0.050000 0.062500
0 0.832812 0.326172 0.050000 0.062500
0 0.846875 0.332031 0.050000 0.062500
0 0.723437 0.109375 0.050000 0.062500
0 0.621875 0.087891 0.050000 0.062500
0 0.571875 0.050781 0.050000 0.062500
0 0.479687 0.146484 0.050000 0.062500
0 0.606250 0.164062 0.050000 0.062500
0 0.590625 0.189453 0.050000 0.062500
0 0.592187 0.226562 0.050000 0.062500
0 0.593750 0.273438 0.050000 0.062500
0 0.659375 0.248047 0.050000 0.062500
0 0.656250 0.218750 0.050000 0.062500
0 0.242188 0.482422 0.050000 0.062500
0 0.370312 0.597656 0.050000 0.062500
0 0.453125 0.673828 0.050000 0.062500
0 0.439063 0.691406 0.050000 0.062500
0 0.306250 0.611328 0.050000 0.062500
0 0.339062 0.562500 0.050000 0.062500
0 0.435937 0.619141 0.050000 0.062500
0 0.423438 0.603516 0.050000 0.062500
0 0.420312 0.617188 0.050000 0.062500
0 0.515625 0.601562 0.050000 0.062500
0 0.507812 0.576172 0.050000 0.062500
0 0.484375 0.470703 0.050000 0.062500
0 0.334375 0.376953 0.050000 0.062500
0 0.335938 0.349609 0.050000 0.062500
0 0.362500 0.341797 0.050000 0.062500
0 0.600000 0.527344 0.050000 0.062500
0 0.578125 0.544922 0.050000 0.062500
0 0.604688 0.589844 0.050000 0.062500
0 0.542188 0.554688 0.050000 0.062500
0 0.559375 0.531250 0.050000 0.062500
0 0.576562 0.511719 0.050000 0.062500
0 0.590625 0.480469 0.050000 0.062500
0 0.554688 0.576172 0.050000 0.062500
0 0.535937 0.599609 0.050000 0.062500
0 0.024219 0.712891 0.048438 0.062500
0 0.034375 0.728516 0.050000 0.062500
0 0.484375 0.525391 0.050000 0.062500
0 0.417187 0.378906 0.050000 0.062500
0 0.410938 0.410156 0.050000 0.062500
0 0.393750 0.404297 0.050000 0.062500
0 0.396875 0.427734 0.050000 0.062500
0 0.375000 0.410156 0.050000 0.062500
0 0.379688 0.431641 0.050000 0.062500
0 0.365625 0.455078 0.050000 0.062500
0 0.357812 0.443359 0.050000 0.062500
0 0.345313 0.421875 0.050000 0.062500
0 0.401562 0.355469 0.050000 0.062500
0 0.526563 0.394531 0.050000 0.062500
0 0.573438 0.392578 0.050000 0.062500
0 0.589063 0.404297 0.050000 0.062500
0 0.609375 0.378906 0.050000 0.062500
0 0.523438 0.318359 0.050000 0.062500
0 0.543750 0.300781 0.050000 0.062500
0 0.557813 0.314453 0.050000 0.062500
0 0.426563 0.318359 0.050000 0.062500
0 0.435937 0.402344 0.050000 0.062500
0 0.337500 0.519531 0.050000 0.062500
0 0.362500 0.509766 0.050000 0.062500
0 0.370312 0.490234 0.050000 0.062500
0 0.343750 0.482422 0.050000 0.062500
0 0.490625 0.369141 0.050000 0.062500
0 0.504687 0.357422 0.050000 0.062500
0 0.526563 0.357422 0.050000 0.062500
0 0.637500 0.359375 0.050000 0.062500
0 0.679688 0.144531 0.050000 0.062500
0 0.460938 0.220703 0.050000 0.062500
0 0.540625 0.365234 0.050000 0.062500
0 0.548438 0.339844 0.050000 0.062500
0 0.475000 0.357422 0.050000 0.062500
0 0.559375 0.455078 0.050000 0.062500
0 0.643750 0.505859 0.050000 0.062500
0 0.643750 0.527344 0.050000 0.062500
0 0.648438 0.484375 0.050000 0.062500
0 0.639062 0.449219 0.050000 0.062500
0 0.631250 0.431641 0.050000 0.062500
0 0.614062 0.398438 0.050000 0.062500
0 0.607812 0.416016 0.050000 0.062500
0 0.621875 0.449219 0.050000 0.062500
0 0.620313 0.466797 0.050000 0.062500
0 0.450000 0.568359 0.050000 0.062500
0 0.460938 0.552734 0.050000 0.062500
0 0.401562 0.552734 0.050000 0.062500
0 0.401562 0.525391 0.050000 0.062500
0 0.459375 0.521484 0.050000 0.062500
0 0.423438 0.500000 0.050000 0.062500
0 0.431250 0.560547 0.050000 0.062500
0 0.446875 0.496094 0.050000 0.062500
0 0.450000 0.478516 0.050000 0.062500
0 0.435937 0.486328 0.050000 0.062500
0 0.567187 0.412109 0.050000 0.062500
0 0.600000 0.441406 0.050000 0.062500
0 0.501563 0.501953 0.050000 0.062500
0 0.415625 0.525391 0.050000 0.062500
0 0.409375 0.509766 0.050000 0.062500
0 0.553125 0.384766 0.050000 0.062500
0 0.604688 0.568359 0.050000 0.062500
0 0.975000 0.605469 0.050000 0.062500
0 0.053125 0.808594 0.050000 0.062500
0 0.431250 0.666016 0.050000 0.062500
