0 0.370312 0.832031 0.050000 0.062500
0 0.404687 0.898438 0.050000 0.062500
0 0.539062 0.751953 0.050000 0.062500
0 0.525000 0.738281 0.050000 0.062500
0 0.514062 0.722656 0.050000 0.062500
0 0.517188 0.621094 0.050000 0.062500
0 0.548438 0.484375 0.050000 0.062500
0 0.529687 0.464844 0.050000 0.062500
0 0.629687 0.656250 0.050000 0.062500
0 0.381250 0.853516 0.050000 0.062500
0 0.714063 0.730469 0.050000 0.062500
0 0.856250 0.783203 0.050000 0.062500
0 0.928125 0.806641 0.050000 0.062500
0 0.682813 0.626953 0.050000 0.062500
0 0.653125 0.601562 0.050000 0.062500
0 0.810937 0.022461 0.050000 0.044922
0 0.825000 0.021484 0.050000 0.042969
0 0.662500 0.018555 0.050000 0.037109
0 0.726562 0.041016 0.050000 0.062500
0 0.790625 0.044922 0.050000 0.062500
0 0.906250 0.021484 0.050000 0.042969
0 0.834375 0.087891 0.050000 0.062500
0 0.871875 0.080078 0.050000 0.062500
0 0.925000 0.125000 0.050000 0.062500
0 0.848437 0.130859 0.050000 0.062500
0 0.845313 0.150391 0.050000 0.062500
0 0.775000 0.150391 0.050000 0.062500
0 0.825000 0.181641 0.050000 0.062500
0 0.739062 0.314453 0.050000 0.062500
0 0.810937 0.308594 0.050000 0.062500
0 0.829688 0.314453 0.050000 0.062500
0 0.912500 0.347656 0.050000 0.062500
0 0.954688 0.353516 0.050000 0.062500
0 0.962500 0.441406 0.050000 0.062500
0 0.983594 0.498047 0.032813 0.062500
0 0.975000 0.542969 0.050000 0.062500
0 0.982031 0.656250 0.035937 0.062500
0 0.751563 0.716797 0.050000 0.062500
0 0.759375 0.693359 0.050000 0.062500
0 0.775000 0.712891 0.050000 0.062500
0 0.784375 0.691406 0.050000 0.062500
0 0.614062 0.419922 0.050000 0.062500
0 0.671875 0.396484 0.050000 0.062500
0 0.743750 0.628906 0.050000 0.062500
0 0.760938 0.640625 0.050000 0.062500
0 0.934375 0.597656 0.050000 0.062500
0 0.925000 0.578125 0.050000 0.062500
0 0.920312 0.556641 0.050000 0.062500
0 0.948438 0.500000 0.050000 0.062500
0 0.646875 0.560547 0.050000 0.062500
0 0.664062 0.546875 0.050000 0.062500
0 0.646875 0.521484 0.050000 0.062500
0 0.635938 0.457031 0.050000 0.062500
0 0.651563 0.482422 0.050000 0.062500
0 0.778125 0.488281 0.050000 0.062500
0 0.665625 0.486328 0.050000 0.062500
0 0.675000 0.509766 0.050000 0.062500
0 0.700000 0.402344 0.050000 0.062500
0 0.793750 0.328125 0.050000 0.062500
0 0.826562 0.339844 0.050000 0.062500
0 0.757812 0.373047 0.050000 0.062500
0 0.775000 0.373047 0.050000 0.062500
0 0.821875 0.580078 0.050000 0.062500
0 0.829688 0.611328 0.050000 0.062500
0 0.859375 0.615234 0.050000 0.062500
0 0.853125 0.591797 0.050000 0.062500
0 0.870313 0.583984 0.050000 0.062500
0 0.853125 0.556641 0.050000 0.062500
0 0.885938 0.546875 0.050000 0.062500
0 0.881250 0.509766 0.050000 0.062500
0 0.932813 0.449219 0.050000 0.062500
0 0.915625 0.458984 0.050000 0.062500
0 0.914062 0.437500 0.050000 0.062500
0 0.889062 0.369141 0.050000 0.062500
0 0.725000 0.437500 0.050000 0.062500
0 0.690625 0.449219 0.050000 0.062500
0 0.807813 0.517578 0.050000 0.062500
0 0.792188 0.542969 0.050000 0.062500
0 0.715625 0.580078 0.050000 0.062500
0 0.746875 0.583984 0.050000 0.062500
0 0.896875 0.412109 0.050000 0.062500
0 0.895312 0.394531 0.050000 0.062500
0 0.893750 0.443359 0.050000 0.062500
0 0.717187 0.550781 0.050000 0.062500
0 0.723437 0.519531 0.050000 0.062500
0 0.760938 0.537109 0.050000 0.062500
0 0.748437 0.517578 0.050000 0.062500
0 0.687500 0.531250 0.050000 0.062500
0 0.818750 0.416016 0.050000 0.062500
0 0.821875 0.369141 0.050000 0.062500
0 0.840625 0.396484 0.050000 0.062500
0 0.867188 0.388672 0.050000 0.062500
0 0.851562 0.425781 0.050000 0.062500
0 0.770312 0.576172 0.050000 0.062500
0 0.664062 0.443359 0.050000 0.062500
0 0.703125 0.439453 0.050000 0.062500
0 0.868750 0.533203 0.050000 0.062500
0 0.790625 0.375000 0.050000 0.062500
0 0.801562 0.355469 0.050000 0.062500
0 0.893750 0.472656 0.050000 0.062500
0 0.876563 0.402344 0.050000 0.062500
