0 0.312500 0.218750 0.050000 0.062500
0 0.168750 0.024414 0.050000 0.048828
0 0.153125 0.026367 0.050000 0.052734
0 0.140625 0.021484 0.050000 0.042969
0 0.482812 0.027344 0.050000 0.054688
0 0.882812 0.078125 0.050000 0.062500
0 0.977344 0.091797 0.045312 0.062500
0 0.977344 0.031250 0.045312 0.062500
0 0.840625 0.017578 0.050000 0.035156
0 0.803125 0.611328 0.050000 0.062500
0 0.818750 0.644531 0.050000 0.062500
0 0.839063 0.718750 0.050000 0.062500
0 0.857812 0.792969 0.050000 0.062500
0 0.867188 0.810547 0.050000 0.062500
0 0.881250 0.818359 0.050000 0.062500
0 0.951562 0.757812 0.050000 0.062500
0 0.983594 0.714844 0.032813 0.062500
0 0.975000 0.697266 0.050000 0.062500
0 0.957812 0.550781 0.050000 0.062500
0 0.971875 0.576172 0.050000 0.062500
0 0.979688 0.589844 0.040625 0.062500
0 0.967187 0.617188 0.050000 0.062500
0 0.967187 0.656250 0.050000 0.062500
0 0.980469 0.640625 0.039062 0.062500
0 0.977344 0.537109 0.045312 0.062500
0 0.982812 0.490234 0.034375 0.062500
0 0.937500 0.511719 0.050000 0.062500
0 0.459375 0.496094 0.050000 0.062500
0 0.982031 0.560547 0.035937 0.062500
0 0.837500 0.028320 0.050000 0.056641
