0 0.571875 0.091797 0.050000 0.062500
0 0.621875 0.026367 0.050000 0.052734
0 0.254688 0.082031 0.050000 0.062500
0 0.695312 0.718750 0.050000 0.062500
0 0.734375 0.732422 0.050000 0.062500
0 0.753125 0.744141 0.050000 0.062500
0 0.643750 0.693359 0.050000 0.062500
0 0.910937 0.765625 0.050000 0.062500
0 0.840625 0.738281 0.050000 0.062500
0 0.803125 0.703125 0.050000 0.062500
0 0.821875 0.662109 0.050000 0.062500
0 0.971875 0.722656 0.050000 0.062500
0 0.950000 0.716797 0.050000 0.062500
0 0.800000 0.431641 0.050000 0.062500
0 0.950000 0.052734 0.050000 0.062500
0 0.975781 0.078125 0.048438 0.062500
0 0.909375 0.050781 0.050000 0.062500
0 0.842187 0.107422 0.050000 0.062500
0 0.948438 0.324219 0.050000 0.062500
0 0.923438 0.320312 0.050000 0.062500
0 0.889062 0.396484 0.050000 0.062500
0 0.975000 0.361328 0.050000 0.062500
0 0.964063 0.531250 0.050000 0.062500
0 0.982812 0.587891 0.034375 0.062500
0 0.839063 0.462891 0.050000 0.062500
0 0.748437 0.476562 0.050000 0.062500
0 0.779687 0.517578 0.050000 0.062500
0 0.798438 0.568359 0.050000 0.062500
0 0.823438 0.494141 0.050000 0.062500
0 0.929688 0.503906 0.050000 0.062500
0 0.878125 0.615234 0.050000 0.062500
0 0.920312 0.609375 0.050000 0.062500
0 0.915625 0.654297 0.050000 0.062500
0 0.853125 0.412109 0.050000 0.062500
0 0.953125 0.556641 0.050000 0.062500
