0 0.901563 0.031250 0.050000 0.062500
0 0.921875 0.026367 0.050000 0.052734
0 0.943750 0.031250 0.050000 0.062500
0 0.935937 0.072266 0.050000 0.062500
0 0.914062 0.103516 0.050000 0.062500
0 0.975000 0.066406 0.050000 0.062500
0 0.953125 0.101562 0.050000 0.062500
0 0.975781 0.025391 0.048438 0.050781
0 0.957812 0.024414 0.050000 0.048828
0 0.977344 0.109375 0.045312 0.062500
0 0.939063 0.115234 0.050000 0.062500
0 0.867188 0.152344 0.050000 0.062500
0 0.893750 0.177734 0.050000 0.062500
0 0.923438 0.166016 0.050000 0.062500
0 0.951562 0.183594 0.050000 0.062500
0 0.959375 0.146484 0.050000 0.062500
0 0.977344 0.152344 0.045312 0.062500
0 0.980469 0.187500 0.039062 0.062500
0 0.980469 0.214844 0.039062 0.062500
0 0.959375 0.208984 0.050000 0.062500
0 0.935937 0.216797 0.050000 0.062500
0 0.901563 0.201172 0.050000 0.062500
0 0.900000 0.224609 0.050000 0.062500
0 0.942187 0.244141 0.050000 0.062500
0 0.920312 0.248047 0.050000 0.062500
0 0.934375 0.263672 0.050000 0.062500
0 0.953125 0.257812 0.050000 0.062500
0 0.962500 0.291016 0.050000 0.062500
0 0.928125 0.287109 0.050000 0.062500
0 0.978125 0.287109 0.043750 0.062500
0 0.982031 0.253906 0.035937 0.062500
0 0.887500 0.251953 0.050000 0.062500
0 0.885938 0.269531 0.050000 0.062500
0 0.904687 0.281250 0.050000 0.062500
0 0.906250 0.259766 0.050000 0.062500
0 0.865625 0.224609 0.050000 0.062500
0 0.840625 0.226562 0.050000 0.062500
0 0.853125 0.279297 0.050000 0.062500
0 0.839063 0.263672 0.050000 0.062500
0 0.871875 0.289062 0.050000 0.062500
0 0.896875 0.308594 0.050000 0.062500
0 0.920312 0.328125 0.050000 0.062500
0 0.953125 0.326172 0.050000 0.062500
0 0.975000 0.382812 0.050000 0.062500
0 0.910937 0.369141 0.050000 0.062500
0 0.878125 0.343750 0.050000 0.062500
0 0.856250 0.339844 0.050000 0.062500
0 0.857812 0.310547 0.050000 0.062500
0 0.834375 0.306641 0.050000 0.062500
0 0.818750 0.275391 0.050000 0.062500
0 0.807813 0.238281 0.050000 0.062500
0 0.775000 0.275391 0.050000 0.062500
0 0.798438 0.294922 0.050000 0.062500
0 0.803125 0.322266 0.050000 0.062500
0 0.796875 0.355469 0.050000 0.062500
0 0.832812 0.363281 0.050000 0.062500
0 0.851562 0.388672 0.050000 0.062500
0 0.851562 0.429688 0.050000 0.062500
0 0.204687 0.052734 0.050000 0.062500
0 0.229687 0.041016 0.050000 0.062500
0 0.251563 0.039062 0.050000 0.062500
0 0.267188 0.028320 0.050000 0.056641
0 0.301563 0.026367 0.050000 0.052734
0 0.339062 0.019531 0.050000 0.039062
0 0.321875 0.044922 0.050000 0.062500
0 0.293750 0.066406 0.050000 0.062500
0 0.268750 0.066406 0.050000 0.062500
0 0.231250 0.095703 0.050000 0.062500
0 0.275000 0.091797 0.050000 0.062500
0 0.329688 0.085938 0.050000 0.062500
0 0.359375 0.083984 0.050000 0.062500
0 0.310937 0.119141 0.050000 0.062500
0 0.350000 0.113281 0.050000 0.062500
0 0.337500 0.138672 0.050000 0.062500
0 0.281250 0.140625 0.050000 0.062500
0 0.259375 0.142578 0.050000 0.062500
0 0.243750 0.160156 0.050000 0.062500
0 0.259375 0.189453 0.050000 0.062500
0 0.235937 0.210938 0.050000 0.062500
0 0.295312 0.201172 0.050000 0.062500
0 0.329688 0.177734 0.050000 0.062500
0 0.346875 0.203125 0.050000 0.062500
0 0.318750 0.220703 0.050000 0.062500
0 0.337500 0.234375 0.050000 0.062500
0 0.285938 0.220703 0.050000 0.062500
0 0.309375 0.253906 0.050000 0.062500
0 0.281250 0.263672 0.050000 0.062500
0 0.242188 0.253906 0.050000 0.062500
0 0.168750 0.226562 0.050000 0.062500
0 0.228125 0.294922 0.050000 0.062500
0 0.251563 0.332031 0.050000 0.062500
0 0.285938 0.326172 0.050000 0.062500
0 0.320312 0.289062 0.050000 0.062500
0 0.312500 0.337891 0.050000 0.062500
0 0.265625 0.369141 0.050000 0.062500
0 0.157812 0.347656 0.050000 0.062500
0 0.370312 0.224609 0.050000 0.062500
0 0.343750 0.261719 0.050000 0.062500
0 0.328125 0.316406 0.050000 0.062500
0 0.323437 0.375000 0.050000 0.062500
0 0.325000 0.414062 0.050000 0.062500
0 0.231250 0.443359 0.050000 0.062500
0 0.287500 0.462891 0.050000 0.062500
0 0.290625 0.513672 0.050000 0.062500
0 0.253125 0.683594 0.050000 0.062500
0 0.229687 0.638672 0.050000 0.062500
0 0.290625 0.705078 0.050000 0.062500
0 0.334375 0.718750 0.050000 0.062500
0 0.350000 0.691406 0.050000 0.062500
0 0.326562 0.628906 0.050000 0.062500
0 0.379688 0.474609 0.050000 0.062500
0 0.365625 0.398438 0.050000 0.062500
0 0.379688 0.361328 0.050000 0.062500
0 0.376563 0.328125 0.050000 0.062500
0 0.343750 0.291016 0.050000 0.062500
0 0.367188 0.281250 0.050000 0.062500
0 0.390625 0.271484 0.050000 0.062500
0 0.384375 0.246094 0.050000 0.062500
0 0.398438 0.208984 0.050000 0.062500
0 0.425000 0.218750 0.050000 0.062500
0 0.423438 0.269531 0.050000 0.062500
0 0.404687 0.304688 0.050000 0.062500
0 0.406250 0.367188 0.050000 0.062500
0 0.434375 0.396484 0.050000 0.062500
0 0.454688 0.437500 0.050000 0.062500
0 0.453125 0.484375 0.050000 0.062500
0 0.521875 0.443359 0.050000 0.062500
0 0.500000 0.414062 0.050000 0.062500
0 0.479687 0.400391 0.050000 0.062500
0 0.462500 0.369141 0.050000 0.062500
0 0.425000 0.332031 0.050000 0.062500
0 0.451562 0.328125 0.050000 0.062500
0 0.435937 0.300781 0.050000 0.062500
0 0.450000 0.269531 0.050000 0.062500
0 0.459375 0.240234 0.050000 0.062500
0 0.481250 0.263672 0.050000 0.062500
0 0.464062 0.310547 0.050000 0.062500
0 0.479687 0.335938 0.050000 0.062500
0 0.492188 0.308594 0.050000 0.062500
0 0.518750 0.285156 0.050000 0.062500
0 0.495312 0.375000 0.050000 0.062500
0 0.517188 0.333984 0.050000 0.062500
0 0.532813 0.378906 0.050000 0.062500
0 0.546875 0.353516 0.050000 0.062500
0 0.539062 0.314453 0.050000 0.062500
0 0.492188 0.208984 0.050000 0.062500
0 0.523438 0.220703 0.050000 0.062500
0 0.556250 0.232422 0.050000 0.062500
0 0.585938 0.232422 0.050000 0.062500
0 0.554688 0.275391 0.050000 0.062500
0 0.578125 0.271484 0.050000 0.062500
0 0.582812 0.304688 0.050000 0.062500
0 0.564063 0.322266 0.050000 0.062500
0 0.587500 0.349609 0.050000 0.062500
0 0.565625 0.375000 0.050000 0.062500
0 0.579688 0.408203 0.050000 0.062500
0 0.553125 0.443359 0.050000 0.062500
0 0.584375 0.449219 0.050000 0.062500
0 0.587500 0.492188 0.050000 0.062500
0 0.687500 0.632812 0.050000 0.062500
0 0.671875 0.603516 0.050000 0.062500
0 0.656250 0.556641 0.050000 0.062500
0 0.687500 0.496094 0.050000 0.062500
0 0.721875 0.589844 0.050000 0.062500
0 0.757812 0.556641 0.050000 0.062500
0 0.734375 0.494141 0.050000 0.062500
0 0.695312 0.455078 0.050000 0.062500
0 0.773438 0.482422 0.050000 0.062500
0 0.801562 0.531250 0.050000 0.062500
0 0.800000 0.587891 0.050000 0.062500
0 0.845313 0.593750 0.050000 0.062500
0 0.926562 0.644531 0.050000 0.062500
0 0.892188 0.517578 0.050000 0.062500
0 0.964063 0.496094 0.050000 0.062500
0 0.923438 0.474609 0.050000 0.062500
0 0.980469 0.468750 0.039062 0.062500
0 0.812500 0.464844 0.050000 0.062500
0 0.790625 0.429688 0.050000 0.062500
0 0.806250 0.392578 0.050000 0.062500
0 0.770312 0.388672 0.050000 0.062500
0 0.712500 0.408203 0.050000 0.062500
0 0.625000 0.443359 0.050000 0.062500
0 0.656250 0.412109 0.050000 0.062500
0 0.629687 0.392578 0.050000 0.062500
0 0.604688 0.376953 0.050000 0.062500
0 0.682813 0.400391 0.050000 0.062500
0 0.732812 0.380859 0.050000 0.062500
0 0.775000 0.332031 0.050000 0.062500
0 0.753125 0.345703 0.050000 0.062500
0 0.701562 0.369141 0.050000 0.062500
0 0.725000 0.349609 0.050000 0.062500
0 0.742188 0.310547 0.050000 0.062500
0 0.764062 0.302734 0.050000 0.062500
0 0.751563 0.271484 0.050000 0.062500
0 0.721875 0.287109 0.050000 0.062500
0 0.700000 0.322266 0.050000 0.062500
0 0.676562 0.341797 0.050000 0.062500
0 0.664062 0.359375 0.050000 0.062500
0 0.618750 0.345703 0.050000 0.062500
0 0.651563 0.333984 0.050000 0.062500
0 0.673438 0.308594 0.050000 0.062500
0 0.695312 0.287109 0.050000 0.062500
0 0.743750 0.240234 0.050000 0.062500
0 0.712500 0.246094 0.050000 0.062500
0 0.673438 0.248047 0.050000 0.062500
0 0.650000 0.267578 0.050000 0.062500
0 0.626563 0.302734 0.050000 0.062500
0 0.601562 0.302734 0.050000 0.062500
0 0.620313 0.246094 0.050000 0.062500
0 0.618750 0.275391 0.050000 0.062500
0 0.851562 0.181641 0.050000 0.062500
0 0.818750 0.677734 0.050000 0.062500
0 0.779687 0.212891 0.050000 0.062500
