0 0.118750 0.097656 0.050000 0.062500
0 0.082812 0.132812 0.050000 0.062500
0 0.098437 0.267578 0.050000 0.062500
0 0.129688 0.300781 0.050000 0.062500
0 0.057813 0.453125 0.050000 0.062500
0 0.048438 0.470703 0.050000 0.062500
0 0.026562 0.705078 0.050000 0.062500
0 0.042188 0.861328 0.050000 0.062500
0 0.142187 0.791016 0.050000 0.062500
0 0.134375 0.746094 0.050000 0.062500
0 0.107813 0.693359 0.050000 0.062500
0 0.123438 0.667969 0.050000 0.062500
0 0.118750 0.636719 0.050000 0.062500
0 0.145313 0.656250 0.050000 0.062500
0 0.343750 0.597656 0.050000 0.062500
0 0.393750 0.679688 0.050000 0.062500
0 0.581250 0.587891 0.050000 0.062500
0 0.851562 0.457031 0.050000 0.062500
0 0.517188 0.214844 0.050000 0.062500
0 0.834375 0.246094 0.050000 0.062500
0 0.865625 0.248047 0.050000 0.062500
0 0.931250 0.216797 0.050000 0.062500
0 0.759375 0.070312 0.050000 0.062500
0 0.803125 0.052734 0.050000 0.062500
0 0.804688 0.033203 0.050000 0.062500
0 0.801562 0.023438 0.050000 0.046875
0 0.120313 0.728516 0.050000 0.062500
0 0.259375 0.652344 0.050000 0.062500
0 0.245312 0.666016 0.050000 0.062500
0 0.231250 0.656250 0.050000 0.062500
0 0.239063 0.730469 0.050000 0.062500
0 0.228125 0.765625 0.050000 0.062500
0 0.221875 0.789062 0.050000 0.062500
0 0.242188 0.792969 0.050000 0.062500
0 0.764062 0.923828 0.050000 0.062500
0 0.959375 0.804688 0.050000 0.062500
0 0.748437 0.896484 0.050000 0.062500
0 0.731250 0.886719 0.050000 0.062500
0 0.646875 0.867188 0.050000 0.062500
0 0.618750 0.884766 0.050000 0.062500
0 0.576562 0.857422 0.050000 0.062500
0 0.565625 0.941406 0.050000 0.062500
0 0.542188 0.867188 0.050000 0.062500
0 0.550000 0.808594 0.050000 0.062500
0 0.487500 0.738281 0.050000 0.062500
0 0.506250 0.814453 0.050000 0.062500
0 0.521875 0.863281 0.050000 0.062500
0 0.537500 0.933594 0.050000 0.062500
0 0.545312 0.962891 0.050000 0.062500
0 0.546875 0.978516 0.050000 0.042969
0 0.415625 0.812500 0.050000 0.062500
0 0.417187 0.851562 0.050000 0.062500
0 0.287500 0.871094 0.050000 0.062500
0 0.339062 0.875000 0.050000 0.062500
0 0.356250 0.898438 0.050000 0.062500
0 0.323437 0.894531 0.050000 0.062500
0 0.328125 0.921875 0.050000 0.062500
0 0.512500 0.949219 0.050000 0.062500
0 0.521875 0.975586 0.050000 0.048828
0 0.506250 0.908203 0.050000 0.062500
0 0.451562 0.947266 0.050000 0.062500
0 0.448437 0.914062 0.050000 0.062500
0 0.495312 0.882812 0.050000 0.062500
0 0.484375 0.896484 0.050000 0.062500
0 0.468750 0.892578 0.050000 0.062500
0 0.484375 0.873047 0.050000 0.062500
0 0.446875 0.875000 0.050000 0.062500
0 0.437500 0.865234 0.050000 0.062500
0 0.429688 0.884766 0.050000 0.062500
0 0.407813 0.894531 0.050000 0.062500
0 0.414062 0.917969 0.050000 0.062500
0 0.400000 0.925781 0.050000 0.062500
0 0.406250 0.957031 0.050000 0.062500
0 0.387500 0.953125 0.050000 0.062500
0 0.356250 0.943359 0.050000 0.062500
0 0.359375 0.964844 0.050000 0.062500
0 0.373437 0.916016 0.050000 0.062500
0 0.492188 0.919922 0.050000 0.062500
0 0.429688 0.914062 0.050000 0.062500
0 0.359375 0.975586 0.050000 0.048828
