0 0.175000 0.935547 0.050000 0.062500
0 0.076563 0.923828 0.050000 0.062500
0 0.548438 0.896484 0.050000 0.062500
0 0.417187 0.830078 0.050000 0.062500
0 0.343750 0.791016 0.050000 0.062500
0 0.114062 0.746094 0.050000 0.062500
0 0.220312 0.779297 0.050000 0.062500
0 0.732812 0.869141 0.050000 0.062500
0 0.839063 0.927734 0.050000 0.062500
0 0.810937 0.955078 0.050000 0.062500
0 0.757812 0.947266 0.050000 0.062500
0 0.687500 0.978516 0.050000 0.042969
0 0.770312 0.804688 0.050000 0.062500
0 0.657813 0.740234 0.050000 0.062500
0 0.628125 0.775391 0.050000 0.062500
0 0.615625 0.755859 0.050000 0.062500
0 0.501563 0.757812 0.050000 0.062500
0 0.040625 0.513672 0.050000 0.062500
0 0.114062 0.494141 0.050000 0.062500
0 0.198437 0.558594 0.050000 0.062500
0 0.245312 0.509766 0.050000 0.062500
0 0.157812 0.472656 0.050000 0.062500
0 0.192188 0.449219 0.050000 0.062500
0 0.279687 0.550781 0.050000 0.062500
0 0.326562 0.628906 0.050000 0.062500
0 0.342187 0.623047 0.050000 0.062500
0 0.362500 0.611328 0.050000 0.062500
0 0.343750 0.564453 0.050000 0.062500
0 0.378125 0.556641 0.050000 0.062500
0 0.817187 0.642578 0.050000 0.062500
0 0.710938 0.626953 0.050000 0.062500
0 0.681250 0.615234 0.050000 0.062500
0 0.650000 0.603516 0.050000 0.062500
0 0.634375 0.597656 0.050000 0.062500
0 0.600000 0.591797 0.050000 0.062500
0 0.587500 0.589844 0.050000 0.062500
0 0.495312 0.544922 0.050000 0.062500
0 0.440625 0.533203 0.050000 0.062500
0 0.425000 0.570312 0.050000 0.062500
0 0.400000 0.574219 0.050000 0.062500
0 0.382812 0.519531 0.050000 0.062500
