0 0.403125 0.971680 0.050000 0.056641
0 0.318750 0.931641 0.050000 0.062500
0 0.150000 0.890625 0.050000 0.062500
0 0.096875 0.869141 0.050000 0.062500
0 0.107813 0.671875 0.050000 0.062500
0 0.203125 0.695312 0.050000 0.062500
0 0.301563 0.677734 0.050000 0.062500
0 0.401562 0.765625 0.050000 0.062500
0 0.323437 0.685547 0.050000 0.062500
0 0.487500 0.669922 0.050000 0.062500
0 0.514062 0.632812 0.050000 0.062500
0 0.543750 0.849609 0.050000 0.062500
0 0.668750 0.886719 0.050000 0.062500
0 0.693750 0.886719 0.050000 0.062500
0 0.765625 0.853516 0.050000 0.062500
0 0.800000 0.851562 0.050000 0.062500
0 0.726562 0.757812 0.050000 0.062500
0 0.751563 0.689453 0.050000 0.062500
0 0.826562 0.818359 0.050000 0.062500
0 0.657813 0.632812 0.050000 0.062500
0 0.978906 0.837891 0.042188 0.062500
0 0.975000 0.894531 0.050000 0.062500
0 0.939063 0.974609 0.050000 0.050781
0 0.800000 0.541016 0.050000 0.062500
0 0.785937 0.537109 0.050000 0.062500
0 0.693750 0.531250 0.050000 0.062500
0 0.659375 0.517578 0.050000 0.062500
0 0.629687 0.513672 0.050000 0.062500
0 0.614062 0.509766 0.050000 0.062500
0 0.579688 0.505859 0.050000 0.062500
0 0.567187 0.501953 0.050000 0.062500
0 0.473438 0.466797 0.050000 0.062500
0 0.417187 0.453125 0.050000 0.062500
0 0.404687 0.486328 0.050000 0.062500
0 0.382812 0.494141 0.050000 0.062500
0 0.357812 0.492188 0.050000 0.062500
0 0.328125 0.486328 0.050000 0.062500
0 0.375000 0.525391 0.050000 0.062500
0 0.339062 0.542969 0.050000 0.062500
0 0.321875 0.542969 0.050000 0.062500
0 0.312500 0.550781 0.050000 0.062500
0 0.182812 0.490234 0.050000 0.062500
0 0.256250 0.472656 0.050000 0.062500
0 0.226562 0.435547 0.050000 0.062500
0 0.228125 0.400391 0.050000 0.062500
0 0.167187 0.376953 0.050000 0.062500
0 0.100000 0.439453 0.050000 0.062500
0 0.093750 0.421875 0.050000 0.062500
0 0.018750 0.458984 0.037500 0.062500
