0 0.779687 0.650391 0.050000 0.062500
0 0.771875 0.787109 0.050000 0.062500
0 0.748437 0.931641 0.050000 0.062500
0 0.526563 0.732422 0.050000 0.062500
0 0.592187 0.843750 0.050000 0.062500
0 0.568750 0.884766 0.050000 0.062500
0 0.570312 0.910156 0.050000 0.062500
0 0.465625 0.917969 0.050000 0.062500
0 0.429688 0.919922 0.050000 0.062500
0 0.332813 0.857422 0.050000 0.062500
0 0.100000 0.966797 0.050000 0.062500
0 0.193750 0.837891 0.050000 0.062500
0 0.085938 0.728516 0.050000 0.062500
0 0.275000 0.662109 0.050000 0.062500
0 0.260937 0.677734 0.050000 0.062500
0 0.257812 0.703125 0.050000 0.062500
0 0.440625 0.666016 0.050000 0.062500
0 0.567187 0.570312 0.050000 0.062500
0 0.467187 0.564453 0.050000 0.062500
0 0.437500 0.550781 0.050000 0.062500
0 0.412500 0.542969 0.050000 0.062500
0 0.392188 0.546875 0.050000 0.062500
0 0.360938 0.535156 0.050000 0.062500
0 0.264062 0.503906 0.050000 0.062500
0 0.257812 0.492188 0.050000 0.062500
0 0.204687 0.482422 0.050000 0.062500
0 0.187500 0.513672 0.050000 0.062500
0 0.164062 0.531250 0.050000 0.062500
0 0.137500 0.525391 0.050000 0.062500
0 0.101562 0.521484 0.050000 0.062500
0 0.103125 0.572266 0.050000 0.062500
0 0.118750 0.564453 0.050000 0.062500
0 0.050000 0.511719 0.050000 0.062500
0 0.020313 0.472656 0.040625 0.062500
