0 0.840625 0.949219 0.050000 0.062500
0 0.204687 0.933594 0.050000 0.062500
0 0.023438 0.787109 0.046875 0.062500
0 0.470313 0.537109 0.050000 0.062500
0 0.448437 0.531250 0.050000 0.062500
0 0.429688 0.564453 0.050000 0.062500
0 0.253125 0.509766 0.050000 0.062500
0 0.195312 0.394531 0.050000 0.062500
0 0.407813 0.320312 0.050000 0.062500
0 0.635938 0.394531 0.050000 0.062500
0 0.614062 0.250000 0.050000 0.062500
0 0.598437 0.234375 0.050000 0.062500
0 0.543750 0.220703 0.050000 0.062500
0 0.537500 0.193359 0.050000 0.062500
0 0.517188 0.173828 0.050000 0.062500
0 0.170313 0.277344 0.050000 0.062500
0 0.154688 0.287109 0.050000 0.062500
0 0.139063 0.300781 0.050000 0.062500
0 0.121875 0.308594 0.050000 0.062500
0 0.977344 0.121094 0.045312 0.062500
0 0.953125 0.085938 0.050000 0.062500
0 0.931250 0.080078 0.050000 0.062500
0 0.920312 0.052734 0.050000 0.062500
0 0.937500 0.024414 0.050000 0.048828
0 0.964063 0.017578 0.050000 0.035156
