0 0.031250 0.765625 0.050000 0.062500
0 0.209375 0.769531 0.050000 0.062500
0 0.229687 0.746094 0.050000 0.062500
0 0.256250 0.742188 0.050000 0.062500
0 0.431250 0.578125 0.050000 0.062500
0 0.354687 0.511719 0.050000 0.062500
0 0.348438 0.498047 0.050000 0.062500
0 0.201563 0.541016 0.050000 0.062500
0 0.287500 0.457031 0.050000 0.062500
0 0.275000 0.429688 0.050000 0.062500
0 0.260937 0.412109 0.050000 0.062500
0 0.765625 0.332031 0.050000 0.062500
0 0.745313 0.281250 0.050000 0.062500
0 0.721875 0.275391 0.050000 0.062500
0 0.721875 0.248047 0.050000 0.062500
0 0.701562 0.230469 0.050000 0.062500
0 0.676562 0.261719 0.050000 0.062500
0 0.651563 0.234375 0.050000 0.062500
0 0.846875 0.269531 0.050000 0.062500
0 0.821875 0.271484 0.050000 0.062500
0 0.820312 0.289062 0.050000 0.062500
0 0.932813 0.066406 0.050000 0.062500
0 0.946875 0.105469 0.050000 0.062500
0 0.937500 0.140625 0.050000 0.062500
0 0.975781 0.173828 0.048438 0.062500
0 0.559375 0.024414 0.050000 0.048828
