0 0.024219 0.656250 0.048438 0.062500
0 0.023438 0.638672 0.046875 0.062500
0 0.017969 0.617188 0.035937 0.062500
0 0.089063 0.726562 0.050000 0.062500
0 0.075000 0.722656 0.050000 0.062500
0 0.042188 0.908203 0.050000 0.062500
0 0.023438 0.910156 0.046875 0.062500
0 0.245312 0.691406 0.050000 0.062500
0 0.264062 0.695312 0.050000 0.062500
0 0.403125 0.435547 0.050000 0.062500
0 0.425000 0.468750 0.050000 0.062500
0 0.448437 0.443359 0.050000 0.062500
0 0.528125 0.408203 0.050000 0.062500
0 0.517188 0.437500 0.050000 0.062500
0 0.546875 0.437500 0.050000 0.062500
0 0.571875 0.492188 0.050000 0.062500
0 0.657813 0.427734 0.050000 0.062500
0 0.625000 0.421875 0.050000 0.062500
0 0.743750 0.283203 0.050000 0.062500
0 0.771875 0.332031 0.050000 0.062500
0 0.787500 0.314453 0.050000 0.062500
0 0.821875 0.289062 0.050000 0.062500
0 0.904687 0.220703 0.050000 0.062500
0 0.889062 0.207031 0.050000 0.062500
0 0.887500 0.171875 0.050000 0.062500
0 0.867188 0.080078 0.050000 0.062500
0 0.832812 0.017578 0.050000 0.035156
0 0.365625 0.169922 0.050000 0.062500
