0 0.354687 0.074219 0.050000 0.062500
0 0.325000 0.080078 0.050000 0.062500
0 0.315625 0.044922 0.050000 0.062500
0 0.295312 0.029297 0.050000 0.058594
0 0.223438 0.039062 0.050000 0.062500
0 0.198437 0.052734 0.050000 0.062500
0 0.250000 0.039062 0.050000 0.062500
0 0.259375 0.066406 0.050000 0.062500
0 0.229687 0.099609 0.050000 0.062500
0 0.276562 0.099609 0.050000 0.062500
0 0.307812 0.113281 0.050000 0.062500
0 0.329688 0.140625 0.050000 0.062500
0 0.346875 0.107422 0.050000 0.062500
0 0.276562 0.033203 0.050000 0.062500
0 0.342187 0.021484 0.050000 0.042969
0 0.254688 0.136719 0.050000 0.062500
0 0.289062 0.136719 0.050000 0.062500
0 0.242188 0.160156 0.050000 0.062500
0 0.264062 0.189453 0.050000 0.062500
0 0.235937 0.205078 0.050000 0.062500
0 0.296875 0.167969 0.050000 0.062500
0 0.329688 0.177734 0.050000 0.062500
0 0.293750 0.195312 0.050000 0.062500
0 0.285938 0.226562 0.050000 0.062500
0 0.318750 0.220703 0.050000 0.062500
0 0.345313 0.201172 0.050000 0.062500
0 0.237500 0.250000 0.050000 0.062500
0 0.231250 0.300781 0.050000 0.062500
0 0.226562 0.441406 0.050000 0.062500
0 0.281250 0.449219 0.050000 0.062500
0 0.268750 0.517578 0.050000 0.062500
0 0.353125 0.691406 0.050000 0.062500
0 0.325000 0.736328 0.050000 0.062500
0 0.331250 0.638672 0.050000 0.062500
0 0.290625 0.703125 0.050000 0.062500
0 0.259375 0.667969 0.050000 0.062500
0 0.231250 0.652344 0.050000 0.062500
0 0.385937 0.466797 0.050000 0.062500
0 0.893750 0.028320 0.050000 0.056641
0 0.931250 0.037109 0.050000 0.062500
0 0.968750 0.026367 0.050000 0.052734
0 0.917188 0.083984 0.050000 0.062500
0 0.964063 0.072266 0.050000 0.062500
0 0.979688 0.066406 0.040625 0.062500
0 0.939063 0.072266 0.050000 0.062500
0 0.920312 0.024414 0.050000 0.048828
0 0.946875 0.025391 0.050000 0.050781
0 0.909375 0.126953 0.050000 0.062500
0 0.964063 0.123047 0.050000 0.062500
0 0.953125 0.146484 0.050000 0.062500
0 0.977344 0.154297 0.045312 0.062500
0 0.920312 0.166016 0.050000 0.062500
0 0.871875 0.142578 0.050000 0.062500
0 0.892188 0.177734 0.050000 0.062500
0 0.942187 0.181641 0.050000 0.062500
0 0.981250 0.218750 0.037500 0.062500
0 0.965625 0.232422 0.050000 0.062500
0 0.945312 0.234375 0.050000 0.062500
0 0.928125 0.207031 0.050000 0.062500
0 0.979688 0.181641 0.040625 0.062500
0 0.960938 0.203125 0.050000 0.062500
0 0.901563 0.224609 0.050000 0.062500
0 0.845313 0.185547 0.050000 0.062500
0 0.982812 0.255859 0.034375 0.062500
0 0.980469 0.285156 0.039062 0.062500
0 0.957812 0.261719 0.050000 0.062500
0 0.959375 0.291016 0.050000 0.062500
0 0.923438 0.291016 0.050000 0.062500
0 0.931250 0.265625 0.050000 0.062500
0 0.918750 0.242188 0.050000 0.062500
0 0.884375 0.248047 0.050000 0.062500
0 0.881250 0.269531 0.050000 0.062500
0 0.900000 0.261719 0.050000 0.062500
0 0.893750 0.304688 0.050000 0.062500
0 0.915625 0.328125 0.050000 0.062500
0 0.950000 0.324219 0.050000 0.062500
0 0.979688 0.347656 0.040625 0.062500
0 0.960938 0.388672 0.050000 0.062500
0 0.900000 0.361328 0.050000 0.062500
0 0.876563 0.345703 0.050000 0.062500
0 0.867188 0.291016 0.050000 0.062500
0 0.845313 0.273438 0.050000 0.062500
0 0.845313 0.244141 0.050000 0.062500
0 0.862500 0.222656 0.050000 0.062500
0 0.810937 0.240234 0.050000 0.062500
0 0.817187 0.279297 0.050000 0.062500
0 0.831250 0.300781 0.050000 0.062500
0 0.851562 0.312500 0.050000 0.062500
0 0.856250 0.337891 0.050000 0.062500
0 0.742188 0.246094 0.050000 0.062500
0 0.773438 0.263672 0.050000 0.062500
0 0.804688 0.294922 0.050000 0.062500
0 0.796875 0.320312 0.050000 0.062500
0 0.829688 0.367188 0.050000 0.062500
0 0.851562 0.388672 0.050000 0.062500
0 0.964063 0.494141 0.050000 0.062500
0 0.915625 0.474609 0.050000 0.062500
0 0.889062 0.517578 0.050000 0.062500
0 0.921875 0.646484 0.050000 0.062500
0 0.842187 0.589844 0.050000 0.062500
0 0.795312 0.578125 0.050000 0.062500
0 0.751563 0.556641 0.050000 0.062500
0 0.789062 0.527344 0.050000 0.062500
0 0.684375 0.626953 0.050000 0.062500
0 0.696875 0.568359 0.050000 0.062500
0 0.729688 0.496094 0.050000 0.062500
0 0.760938 0.476562 0.050000 0.062500
0 0.629687 0.550781 0.050000 0.062500
0 0.673438 0.496094 0.050000 0.062500
0 0.812500 0.464844 0.050000 0.062500
0 0.851562 0.427734 0.050000 0.062500
0 0.784375 0.429688 0.050000 0.062500
0 0.807813 0.390625 0.050000 0.062500
0 0.792188 0.355469 0.050000 0.062500
0 0.765625 0.384766 0.050000 0.062500
0 0.710938 0.412109 0.050000 0.062500
0 0.729688 0.382812 0.050000 0.062500
0 0.693750 0.453125 0.050000 0.062500
0 0.587500 0.490234 0.050000 0.062500
0 0.687500 0.396484 0.050000 0.062500
0 0.700000 0.365234 0.050000 0.062500
0 0.723437 0.343750 0.050000 0.062500
0 0.768750 0.328125 0.050000 0.062500
0 0.753125 0.351562 0.050000 0.062500
0 0.764062 0.294922 0.050000 0.062500
0 0.737500 0.312500 0.050000 0.062500
0 0.717187 0.292969 0.050000 0.062500
0 0.704688 0.326172 0.050000 0.062500
0 0.684375 0.335938 0.050000 0.062500
0 0.662500 0.357422 0.050000 0.062500
0 0.653125 0.416016 0.050000 0.062500
0 0.625000 0.445312 0.050000 0.062500
0 0.585938 0.453125 0.050000 0.062500
0 0.629687 0.388672 0.050000 0.062500
0 0.648438 0.335938 0.050000 0.062500
0 0.670312 0.308594 0.050000 0.062500
0 0.685937 0.277344 0.050000 0.062500
0 0.715625 0.251953 0.050000 0.062500
0 0.678125 0.248047 0.050000 0.062500
0 0.646875 0.261719 0.050000 0.062500
0 0.637500 0.300781 0.050000 0.062500
0 0.618750 0.337891 0.050000 0.062500
0 0.600000 0.373047 0.050000 0.062500
0 0.576562 0.408203 0.050000 0.062500
0 0.565625 0.371094 0.050000 0.062500
0 0.587500 0.351562 0.050000 0.062500
0 0.603125 0.304688 0.050000 0.062500
0 0.618750 0.277344 0.050000 0.062500
0 0.617188 0.240234 0.050000 0.062500
0 0.581250 0.232422 0.050000 0.062500
0 0.551562 0.226562 0.050000 0.062500
0 0.528125 0.226562 0.050000 0.062500
0 0.489063 0.207031 0.050000 0.062500
0 0.418750 0.226562 0.050000 0.062500
0 0.396875 0.207031 0.050000 0.062500
0 0.376563 0.230469 0.050000 0.062500
0 0.417187 0.248047 0.050000 0.062500
0 0.432812 0.248047 0.050000 0.062500
0 0.382812 0.253906 0.050000 0.062500
0 0.459375 0.244141 0.050000 0.062500
0 0.484375 0.257812 0.050000 0.062500
0 0.520312 0.281250 0.050000 0.062500
0 0.554688 0.273438 0.050000 0.062500
0 0.581250 0.275391 0.050000 0.062500
0 0.565625 0.316406 0.050000 0.062500
0 0.543750 0.314453 0.050000 0.062500
0 0.496875 0.314453 0.050000 0.062500
0 0.514062 0.328125 0.050000 0.062500
0 0.548438 0.351562 0.050000 0.062500
0 0.518750 0.386719 0.050000 0.062500
0 0.493750 0.369141 0.050000 0.062500
0 0.475000 0.335938 0.050000 0.062500
0 0.468750 0.308594 0.050000 0.062500
0 0.434375 0.306641 0.050000 0.062500
0 0.412500 0.291016 0.050000 0.062500
0 0.390625 0.279297 0.050000 0.062500
0 0.342187 0.265625 0.050000 0.062500
0 0.365625 0.283203 0.050000 0.062500
0 0.346875 0.292969 0.050000 0.062500
0 0.315625 0.287109 0.050000 0.062500
0 0.300000 0.250000 0.050000 0.062500
0 0.275000 0.257812 0.050000 0.062500
0 0.278125 0.322266 0.050000 0.062500
0 0.246875 0.335938 0.050000 0.062500
0 0.267188 0.373047 0.050000 0.062500
0 0.312500 0.337891 0.050000 0.062500
0 0.317188 0.369141 0.050000 0.062500
0 0.328125 0.416016 0.050000 0.062500
0 0.370312 0.330078 0.050000 0.062500
0 0.371875 0.363281 0.050000 0.062500
0 0.382812 0.402344 0.050000 0.062500
0 0.396875 0.314453 0.050000 0.062500
0 0.440625 0.328125 0.050000 0.062500
0 0.450000 0.277344 0.050000 0.062500
0 0.421875 0.335938 0.050000 0.062500
0 0.409375 0.359375 0.050000 0.062500
0 0.457813 0.369141 0.050000 0.062500
0 0.429688 0.398438 0.050000 0.062500
0 0.468750 0.402344 0.050000 0.062500
0 0.500000 0.419922 0.050000 0.062500
0 0.456250 0.439453 0.050000 0.062500
0 0.445312 0.486328 0.050000 0.062500
0 0.521875 0.441406 0.050000 0.062500
0 0.553125 0.449219 0.050000 0.062500
0 0.151562 0.390625 0.050000 0.062500
0 0.820312 0.679688 0.050000 0.062500
0 0.779687 0.208984 0.050000 0.062500
0 0.167187 0.224609 0.050000 0.062500
