0 0.501563 0.123047 0.050000 0.062500
0 0.748437 0.164062 0.050000 0.062500
0 0.825000 0.148438 0.050000 0.062500
0 0.910937 0.152344 0.050000 0.062500
0 0.359375 0.164062 0.050000 0.062500
0 0.332813 0.072266 0.050000 0.062500
0 0.543750 0.030273 0.050000 0.060547
0 0.385937 0.160156 0.050000 0.062500
0 0.517188 0.720703 0.050000 0.062500
0 0.551562 0.724609 0.050000 0.062500
0 0.546875 0.794922 0.050000 0.062500
0 0.753125 0.433594 0.050000 0.062500
0 0.631250 0.707031 0.050000 0.062500
0 0.273438 0.833984 0.050000 0.062500
0 0.328125 0.861328 0.050000 0.062500
0 0.325000 0.919922 0.050000 0.062500
0 0.309375 0.904297 0.050000 0.062500
0 0.896875 0.419922 0.050000 0.062500
0 0.295312 0.863281 0.050000 0.062500
0 0.528125 0.687500 0.050000 0.062500
0 0.284375 0.017578 0.050000 0.035156
0 0.950000 0.507812 0.050000 0.062500
0 0.895312 0.554688 0.050000 0.062500
0 0.854688 0.558594 0.050000 0.062500
0 0.839063 0.568359 0.050000 0.062500
0 0.804688 0.589844 0.050000 0.062500
0 0.885938 0.732422 0.050000 0.062500
0 0.400000 0.337891 0.050000 0.062500
0 0.367188 0.437500 0.050000 0.062500
0 0.826562 0.679688 0.050000 0.062500
0 0.815625 0.681641 0.050000 0.062500
0 0.659375 0.708984 0.050000 0.062500
0 0.976562 0.468750 0.046875 0.062500
0 0.959375 0.486328 0.050000 0.062500
0 0.904687 0.550781 0.050000 0.062500
