0 0.175000 0.357422 0.050000 0.062500
0 0.204687 0.343750 0.050000 0.062500
0 0.400000 0.398438 0.050000 0.062500
0 0.384375 0.398438 0.050000 0.062500
0 0.628125 0.408203 0.050000 0.062500
0 0.645312 0.298828 0.050000 0.062500
0 0.295312 0.697266 0.050000 0.062500
0 0.289062 0.718750 0.050000 0.062500
0 0.864062 0.833984 0.050000 0.062500
0 0.860938 0.859375 0.050000 0.062500
0 0.607812 0.960938 0.050000 0.062500
0 0.273438 0.837891 0.050000 0.062500
0 0.293750 0.832031 0.050000 0.062500
0 0.331250 0.853516 0.050000 0.062500
0 0.354687 0.875000 0.050000 0.062500
0 0.325000 0.892578 0.050000 0.062500
0 0.337500 0.955078 0.050000 0.062500
0 0.075000 0.945312 0.050000 0.062500
