0 0.081250 0.062500 0.050000 0.062500
0 0.014844 0.304688 0.029687 0.062500
0 0.139063 0.427734 0.050000 0.062500
0 0.157812 0.429688 0.050000 0.062500
0 0.204687 0.269531 0.050000 0.062500
0 0.318750 0.148438 0.050000 0.062500
0 0.362500 0.283203 0.050000 0.062500
0 0.390625 0.330078 0.050000 0.062500
0 0.568750 0.394531 0.050000 0.062500
0 0.562500 0.464844 0.050000 0.062500
0 0.748437 0.308594 0.050000 0.062500
0 0.818750 0.275391 0.050000 0.062500
0 0.757812 0.527344 0.050000 0.062500
0 0.948438 0.792969 0.050000 0.062500
0 0.979688 0.798828 0.040625 0.062500
0 0.275000 0.791016 0.050000 0.062500
0 0.259375 0.806641 0.050000 0.062500
0 0.328125 0.835938 0.050000 0.062500
0 0.354687 0.832031 0.050000 0.062500
0 0.950000 0.287109 0.050000 0.062500
0 0.965625 0.294922 0.050000 0.062500
0 0.980469 0.300781 0.039062 0.062500
0 0.985938 0.308594 0.028125 0.062500
0 0.792188 0.216797 0.050000 0.062500
0 0.187500 0.533203 0.050000 0.062500
0 0.467187 0.039062 0.050000 0.062500
0 0.501563 0.048828 0.050000 0.062500
0 0.517188 0.052734 0.050000 0.062500
0 0.410938 0.018555 0.050000 0.037109
