0 0.179688 0.018555 0.050000 0.037109
0 0.204687 0.021484 0.050000 0.042969
0 0.226562 0.019531 0.050000 0.039062
0 0.279687 0.022461 0.050000 0.044922
0 0.312500 0.024414 0.050000 0.048828
0 0.090625 0.031250 0.050000 0.062500
0 0.145313 0.018555 0.050000 0.037109
0 0.182812 0.033203 0.050000 0.062500
0 0.162500 0.041016 0.050000 0.062500
0 0.015625 0.070312 0.031250 0.062500
0 0.110937 0.142578 0.050000 0.062500
0 0.178125 0.228516 0.050000 0.062500
0 0.400000 0.281250 0.050000 0.062500
0 0.439063 0.126953 0.050000 0.062500
0 0.473438 0.166016 0.050000 0.062500
0 0.503125 0.189453 0.050000 0.062500
0 0.557813 0.232422 0.050000 0.062500
0 0.596875 0.240234 0.050000 0.062500
0 0.609375 0.246094 0.050000 0.062500
0 0.885938 0.402344 0.050000 0.062500
0 0.837500 0.421875 0.050000 0.062500
0 0.846875 0.503906 0.050000 0.062500
0 0.667188 0.583984 0.050000 0.062500
0 0.656250 0.648438 0.050000 0.062500
0 0.812500 0.718750 0.050000 0.062500
0 0.439063 0.480469 0.050000 0.062500
0 0.510938 0.564453 0.050000 0.062500
0 0.282813 0.458984 0.050000 0.062500
0 0.253125 0.628906 0.050000 0.062500
0 0.232813 0.626953 0.050000 0.062500
0 0.065625 0.404297 0.050000 0.062500
0 0.064062 0.496094 0.050000 0.062500
0 0.028125 0.826172 0.050000 0.062500
0 0.017969 0.830078 0.035937 0.062500
0 0.367188 0.980469 0.050000 0.039062
0 0.331250 0.744141 0.050000 0.062500
