0 0.807813 0.031250 0.050000 0.062500
0 0.860938 0.029297 0.050000 0.058594
0 0.840625 0.048828 0.050000 0.062500
0 0.895312 0.027344 0.050000 0.054688
0 0.929688 0.025391 0.050000 0.050781
0 0.904687 0.050781 0.050000 0.062500
0 0.945312 0.044922 0.050000 0.062500
0 0.920312 0.068359 0.050000 0.062500
0 0.878125 0.062500 0.050000 0.062500
0 0.898438 0.087891 0.050000 0.062500
0 0.953125 0.087891 0.050000 0.062500
0 0.953125 0.117188 0.050000 0.062500
0 0.914062 0.105469 0.050000 0.062500
0 0.977344 0.105469 0.045312 0.062500
0 0.928125 0.126953 0.050000 0.062500
0 0.857812 0.087891 0.050000 0.062500
0 0.792188 0.068359 0.050000 0.062500
0 0.846875 0.119141 0.050000 0.062500
0 0.895312 0.109375 0.050000 0.062500
0 0.929688 0.166016 0.050000 0.062500
0 0.896875 0.144531 0.050000 0.062500
0 0.898438 0.179688 0.050000 0.062500
0 0.942187 0.208984 0.050000 0.062500
0 0.977344 0.167969 0.045312 0.062500
0 0.892188 0.218750 0.050000 0.062500
0 0.864062 0.218750 0.050000 0.062500
0 0.862500 0.166016 0.050000 0.062500
0 0.851562 0.142578 0.050000 0.062500
0 0.878125 0.107422 0.050000 0.062500
0 0.867188 0.130859 0.050000 0.062500
0 0.765625 0.132812 0.050000 0.062500
0 0.815625 0.154297 0.050000 0.062500
0 0.835938 0.166016 0.050000 0.062500
0 0.832812 0.187500 0.050000 0.062500
0 0.834375 0.214844 0.050000 0.062500
0 0.840625 0.263672 0.050000 0.062500
0 0.815625 0.244141 0.050000 0.062500
0 0.807813 0.193359 0.050000 0.062500
0 0.784375 0.164062 0.050000 0.062500
0 0.775000 0.193359 0.050000 0.062500
0 0.781250 0.216797 0.050000 0.062500
0 0.807813 0.107422 0.050000 0.062500
0 0.829688 0.113281 0.050000 0.062500
0 0.798438 0.287109 0.050000 0.062500
0 0.781250 0.250000 0.050000 0.062500
0 0.756250 0.240234 0.050000 0.062500
0 0.739062 0.205078 0.050000 0.062500
0 0.743750 0.179688 0.050000 0.062500
0 0.707812 0.160156 0.050000 0.062500
0 0.678125 0.173828 0.050000 0.062500
0 0.700000 0.212891 0.050000 0.062500
0 0.721875 0.230469 0.050000 0.062500
0 0.737500 0.261719 0.050000 0.062500
0 0.759375 0.292969 0.050000 0.062500
0 0.793750 0.328125 0.050000 0.062500
0 0.850000 0.294922 0.050000 0.062500
0 0.926562 0.314453 0.050000 0.062500
0 0.967187 0.322266 0.050000 0.062500
0 0.907813 0.369141 0.050000 0.062500
0 0.820312 0.347656 0.050000 0.062500
0 0.784375 0.378906 0.050000 0.062500
0 0.814063 0.416016 0.050000 0.062500
0 0.837500 0.462891 0.050000 0.062500
0 0.879687 0.458984 0.050000 0.062500
0 0.782813 0.472656 0.050000 0.062500
0 0.750000 0.408203 0.050000 0.062500
0 0.710938 0.380859 0.050000 0.062500
0 0.715625 0.333984 0.050000 0.062500
0 0.729688 0.294922 0.050000 0.062500
0 0.710938 0.267578 0.050000 0.062500
0 0.681250 0.255859 0.050000 0.062500
0 0.667188 0.208984 0.050000 0.062500
0 0.650000 0.246094 0.050000 0.062500
0 0.665625 0.275391 0.050000 0.062500
0 0.689063 0.294922 0.050000 0.062500
0 0.679688 0.328125 0.050000 0.062500
0 0.656250 0.296875 0.050000 0.062500
0 0.635938 0.283203 0.050000 0.062500
0 0.642188 0.181641 0.050000 0.062500
0 0.614062 0.193359 0.050000 0.062500
0 0.620313 0.218750 0.050000 0.062500
0 0.585938 0.201172 0.050000 0.062500
0 0.593750 0.234375 0.050000 0.062500
0 0.614062 0.261719 0.050000 0.062500
0 0.585938 0.261719 0.050000 0.062500
0 0.610938 0.304688 0.050000 0.062500
0 0.628125 0.341797 0.050000 0.062500
0 0.651563 0.365234 0.050000 0.062500
0 0.687500 0.429688 0.050000 0.062500
0 0.626563 0.390625 0.050000 0.062500
0 0.603125 0.337891 0.050000 0.062500
0 0.581250 0.376953 0.050000 0.062500
0 0.576562 0.318359 0.050000 0.062500
0 0.556250 0.248047 0.050000 0.062500
0 0.553125 0.210938 0.050000 0.062500
0 0.517188 0.212891 0.050000 0.062500
0 0.490625 0.220703 0.050000 0.062500
0 0.521875 0.253906 0.050000 0.062500
0 0.548438 0.294922 0.050000 0.062500
0 0.526563 0.298828 0.050000 0.062500
0 0.500000 0.279297 0.050000 0.062500
0 0.451562 0.212891 0.050000 0.062500
0 0.457813 0.271484 0.050000 0.062500
0 0.485938 0.308594 0.050000 0.062500
0 0.501563 0.322266 0.050000 0.062500
0 0.543750 0.333984 0.050000 0.062500
0 0.565625 0.339844 0.050000 0.062500
0 0.614062 0.449219 0.050000 0.062500
0 0.595313 0.412109 0.050000 0.062500
0 0.565625 0.421875 0.050000 0.062500
0 0.535937 0.421875 0.050000 0.062500
0 0.510938 0.419922 0.050000 0.062500
0 0.528125 0.371094 0.050000 0.062500
0 0.490625 0.365234 0.050000 0.062500
0 0.468750 0.343750 0.050000 0.062500
0 0.456250 0.314453 0.050000 0.062500
0 0.431250 0.287109 0.050000 0.062500
0 0.431250 0.257812 0.050000 0.062500
0 0.426563 0.320312 0.050000 0.062500
0 0.435937 0.341797 0.050000 0.062500
0 0.465625 0.386719 0.050000 0.062500
0 0.484375 0.406250 0.050000 0.062500
0 0.468750 0.443359 0.050000 0.062500
0 0.468750 0.496094 0.050000 0.062500
0 0.629687 0.496094 0.050000 0.062500
0 0.548438 0.542969 0.050000 0.062500
0 0.700000 0.527344 0.050000 0.062500
0 0.412500 0.388672 0.050000 0.062500
0 0.414062 0.357422 0.050000 0.062500
0 0.382812 0.232422 0.050000 0.062500
0 0.404687 0.230469 0.050000 0.062500
0 0.387500 0.263672 0.050000 0.062500
0 0.403125 0.263672 0.050000 0.062500
0 0.398438 0.298828 0.050000 0.062500
0 0.387500 0.341797 0.050000 0.062500
0 0.367188 0.367188 0.050000 0.062500
0 0.379688 0.396484 0.050000 0.062500
0 0.345313 0.460938 0.050000 0.062500
0 0.314063 0.519531 0.050000 0.062500
0 0.246875 0.517578 0.050000 0.062500
0 0.226562 0.603516 0.050000 0.062500
0 0.328125 0.421875 0.050000 0.062500
0 0.312500 0.388672 0.050000 0.062500
0 0.279687 0.388672 0.050000 0.062500
0 0.251563 0.416016 0.050000 0.062500
0 0.339062 0.337891 0.050000 0.062500
0 0.356250 0.324219 0.050000 0.062500
0 0.379688 0.308594 0.050000 0.062500
0 0.362500 0.289062 0.050000 0.062500
0 0.364063 0.240234 0.050000 0.062500
0 0.337500 0.275391 0.050000 0.062500
0 0.318750 0.291016 0.050000 0.062500
0 0.321875 0.314453 0.050000 0.062500
0 0.307812 0.351562 0.050000 0.062500
0 0.284375 0.318359 0.050000 0.062500
0 0.257812 0.335938 0.050000 0.062500
0 0.231250 0.343750 0.050000 0.062500
0 0.220312 0.392578 0.050000 0.062500
0 0.320312 0.251953 0.050000 0.062500
0 0.290625 0.275391 0.050000 0.062500
0 0.289062 0.238281 0.050000 0.062500
0 0.264062 0.261719 0.050000 0.062500
0 0.203125 0.300781 0.050000 0.062500
0 0.251563 0.281250 0.050000 0.062500
0 0.182812 0.201172 0.050000 0.062500
0 0.220312 0.220703 0.050000 0.062500
0 0.204687 0.248047 0.050000 0.062500
0 0.262500 0.185547 0.050000 0.062500
0 0.307812 0.171875 0.050000 0.062500
0 0.290625 0.201172 0.050000 0.062500
0 0.300000 0.126953 0.050000 0.062500
0 0.270313 0.146484 0.050000 0.062500
0 0.257812 0.119141 0.050000 0.062500
0 0.229687 0.179688 0.050000 0.062500
0 0.171875 0.148438 0.050000 0.062500
0 0.146875 0.166016 0.050000 0.062500
0 0.075000 0.117188 0.050000 0.062500
0 0.076563 0.064453 0.050000 0.062500
0 0.128125 0.076172 0.050000 0.062500
0 0.159375 0.105469 0.050000 0.062500
0 0.193750 0.103516 0.050000 0.062500
0 0.198437 0.136719 0.050000 0.062500
0 0.234375 0.134766 0.050000 0.062500
0 0.235937 0.109375 0.050000 0.062500
0 0.204687 0.066406 0.050000 0.062500
0 0.178125 0.044922 0.050000 0.062500
0 0.118750 0.028320 0.050000 0.056641
0 0.245312 0.028320 0.050000 0.056641
0 0.215625 0.039062 0.050000 0.062500
0 0.276562 0.068359 0.050000 0.062500
0 0.268750 0.589844 0.050000 0.062500
0 0.412500 0.501953 0.050000 0.062500
0 0.440625 0.492188 0.050000 0.062500
0 0.732812 0.556641 0.050000 0.062500
0 0.968750 0.490234 0.050000 0.062500
0 0.303125 0.718750 0.050000 0.062500
0 0.337500 0.732422 0.050000 0.062500
0 0.373437 0.761719 0.050000 0.062500
0 0.414062 0.765625 0.050000 0.062500
0 0.425000 0.726562 0.050000 0.062500
0 0.390625 0.671875 0.050000 0.062500
0 0.734375 0.115234 0.050000 0.062500
0 0.871875 0.554688 0.050000 0.062500
0 0.151562 0.337891 0.050000 0.062500
