0 0.198437 0.022461 0.050000 0.044922
0 0.103125 0.324219 0.050000 0.062500
0 0.251563 0.251953 0.050000 0.062500
0 0.421875 0.345703 0.050000 0.062500
0 0.501563 0.363281 0.050000 0.062500
0 0.426563 0.478516 0.050000 0.062500
0 0.392188 0.484375 0.050000 0.062500
0 0.289062 0.591797 0.050000 0.062500
0 0.254688 0.800781 0.050000 0.062500
0 0.243750 0.599609 0.050000 0.062500
0 0.373437 0.585938 0.050000 0.062500
0 0.362500 0.615234 0.050000 0.062500
0 0.343750 0.646484 0.050000 0.062500
0 0.193750 0.886719 0.050000 0.062500
0 0.515625 0.763672 0.050000 0.062500
0 0.528125 0.724609 0.050000 0.062500
0 0.548438 0.765625 0.050000 0.062500
0 0.556250 0.474609 0.050000 0.062500
0 0.665625 0.439453 0.050000 0.062500
0 0.731250 0.509766 0.050000 0.062500
0 0.704688 0.875000 0.050000 0.062500
0 0.695312 0.894531 0.050000 0.062500
0 0.901563 0.648438 0.050000 0.062500
0 0.928125 0.646484 0.050000 0.062500
0 0.893750 0.441406 0.050000 0.062500
0 0.771875 0.283203 0.050000 0.062500
0 0.687500 0.197266 0.050000 0.062500
0 0.982031 0.259766 0.035937 0.062500
0 0.985938 0.107422 0.028125 0.062500
0 0.567187 0.144531 0.050000 0.062500
0 0.451562 0.144531 0.050000 0.062500
0 0.740625 0.085938 0.050000 0.062500
0 0.740625 0.060547 0.050000 0.062500
0 0.701562 0.039062 0.050000 0.062500
0 0.642188 0.048828 0.050000 0.062500
0 0.865625 0.025391 0.050000 0.050781
0 0.884375 0.030273 0.050000 0.060547
0 0.829688 0.030273 0.050000 0.060547
0 0.735938 0.025391 0.050000 0.050781
0 0.695312 0.019531 0.050000 0.039062
0 0.767188 0.039062 0.050000 0.062500
0 0.792188 0.024414 0.050000 0.048828
0 0.256250 0.822266 0.050000 0.062500
0 0.267188 0.835938 0.050000 0.062500
