0 0.129688 0.023438 0.050000 0.046875
0 0.112500 0.052734 0.050000 0.062500
0 0.151562 0.029297 0.050000 0.058594
0 0.182812 0.022461 0.050000 0.044922
0 0.109375 0.222656 0.050000 0.062500
0 0.415625 0.419922 0.050000 0.062500
0 0.525000 0.472656 0.050000 0.062500
0 0.543750 0.257812 0.050000 0.062500
0 0.562500 0.169922 0.050000 0.062500
0 0.589063 0.021484 0.050000 0.042969
0 0.729688 0.126953 0.050000 0.062500
0 0.853125 0.154297 0.050000 0.062500
0 0.960938 0.148438 0.050000 0.062500
0 0.962500 0.017578 0.050000 0.035156
0 0.567187 0.556641 0.050000 0.062500
0 0.656250 0.568359 0.050000 0.062500
0 0.640625 0.595703 0.050000 0.062500
0 0.637500 0.619141 0.050000 0.062500
0 0.870313 0.687500 0.050000 0.062500
0 0.296875 0.662109 0.050000 0.062500
0 0.281250 0.677734 0.050000 0.062500
0 0.303125 0.714844 0.050000 0.062500
0 0.134375 0.981445 0.050000 0.037109
0 0.131250 0.914062 0.050000 0.062500
0 0.140625 0.902344 0.050000 0.062500
0 0.554688 0.867188 0.050000 0.062500
0 0.565625 0.882812 0.050000 0.062500
0 0.578125 0.892578 0.050000 0.062500
0 0.857812 0.728516 0.050000 0.062500
0 0.889062 0.730469 0.050000 0.062500
0 0.728125 0.964844 0.050000 0.062500
0 0.193750 0.017578 0.050000 0.035156
0 0.985156 0.024414 0.029687 0.048828
0 0.976562 0.037109 0.046875 0.062500
0 0.720313 0.337891 0.050000 0.062500
0 0.753125 0.373047 0.050000 0.062500
0 0.779687 0.359375 0.050000 0.062500
0 0.800000 0.337891 0.050000 0.062500
0 0.868750 0.439453 0.050000 0.062500
0 0.967187 0.384766 0.050000 0.062500
