0 0.017188 0.222656 0.034375 0.062500
0 0.021875 0.210938 0.043750 0.062500
0 0.034375 0.208984 0.050000 0.062500
0 0.054688 0.308594 0.050000 0.062500
0 0.087500 0.203125 0.050000 0.062500
0 0.082812 0.222656 0.050000 0.062500
0 0.403125 0.044922 0.050000 0.062500
0 0.401562 0.388672 0.050000 0.062500
0 0.428125 0.283203 0.050000 0.062500
0 0.425000 0.548828 0.050000 0.062500
0 0.271875 0.789062 0.050000 0.062500
0 0.325000 0.779297 0.050000 0.062500
0 0.368750 0.779297 0.050000 0.062500
0 0.379688 0.832031 0.050000 0.062500
0 0.515625 0.511719 0.050000 0.062500
0 0.615625 0.507812 0.050000 0.062500
0 0.612500 0.533203 0.050000 0.062500
0 0.620313 0.550781 0.050000 0.062500
0 0.656250 0.916016 0.050000 0.062500
0 0.671875 0.914062 0.050000 0.062500
0 0.685937 0.912109 0.050000 0.062500
0 0.900000 0.910156 0.050000 0.062500
0 0.928125 0.914062 0.050000 0.062500
0 0.943750 0.917969 0.050000 0.062500
0 0.960938 0.923828 0.050000 0.062500
0 0.929688 0.843750 0.050000 0.062500
0 0.925000 0.515625 0.050000 0.062500
0 0.893750 0.533203 0.050000 0.062500
0 0.892188 0.492188 0.050000 0.062500
0 0.626563 0.273438 0.050000 0.062500
0 0.714063 0.222656 0.050000 0.062500
0 0.806250 0.265625 0.050000 0.062500
0 0.887500 0.148438 0.050000 0.062500
0 0.667188 0.173828 0.050000 0.062500
0 0.648438 0.166016 0.050000 0.062500
0 0.571875 0.072266 0.050000 0.062500
0 0.978125 0.181641 0.043750 0.062500
0 0.725000 0.017578 0.050000 0.035156
0 0.896875 0.017578 0.050000 0.035156
0 0.568750 0.314453 0.050000 0.062500
