0 0.104688 0.458984 0.050000 0.062500
0 0.293750 0.628906 0.050000 0.062500
0 0.110937 0.679688 0.050000 0.062500
0 0.089063 0.677734 0.050000 0.062500
0 0.067187 0.683594 0.050000 0.062500
0 0.042188 0.693359 0.050000 0.062500
0 0.232813 0.968750 0.050000 0.062500
0 0.282813 0.973633 0.050000 0.052734
0 0.535937 0.933594 0.050000 0.062500
0 0.892188 0.949219 0.050000 0.062500
0 0.720313 0.724609 0.050000 0.062500
0 0.792188 0.708984 0.050000 0.062500
0 0.878125 0.769531 0.050000 0.062500
0 0.587500 0.433594 0.050000 0.062500
0 0.437500 0.353516 0.050000 0.062500
0 0.435937 0.226562 0.050000 0.062500
0 0.332813 0.152344 0.050000 0.062500
0 0.551562 0.289062 0.050000 0.062500
0 0.650000 0.318359 0.050000 0.062500
0 0.700000 0.421875 0.050000 0.062500
0 0.946875 0.705078 0.050000 0.062500
0 0.971875 0.650391 0.050000 0.062500
0 0.975781 0.699219 0.048438 0.062500
0 0.978906 0.726562 0.042188 0.062500
0 0.973437 0.833984 0.050000 0.062500
0 0.982812 0.851562 0.034375 0.062500
0 0.985156 0.798828 0.029687 0.062500
0 0.770312 0.396484 0.050000 0.062500
0 0.814063 0.410156 0.050000 0.062500
0 0.867188 0.373047 0.050000 0.062500
0 0.889062 0.378906 0.050000 0.062500
0 0.820312 0.224609 0.050000 0.062500
0 0.846875 0.220703 0.050000 0.062500
0 0.982812 0.193359 0.034375 0.062500
0 0.793750 0.328125 0.050000 0.062500
0 0.703125 0.981445 0.050000 0.037109
