0 0.079687 0.119141 0.050000 0.062500
0 0.079687 0.060547 0.050000 0.062500
0 0.143750 0.042969 0.050000 0.062500
0 0.181250 0.046875 0.050000 0.062500
0 0.198437 0.070312 0.050000 0.062500
0 0.217188 0.044922 0.050000 0.062500
0 0.204687 0.021484 0.050000 0.042969
0 0.246875 0.056641 0.050000 0.062500
0 0.270313 0.074219 0.050000 0.062500
0 0.240625 0.109375 0.050000 0.062500
0 0.225000 0.085938 0.050000 0.062500
0 0.301563 0.132812 0.050000 0.062500
0 0.264062 0.119141 0.050000 0.062500
0 0.128125 0.085938 0.050000 0.062500
0 0.164062 0.109375 0.050000 0.062500
0 0.193750 0.105469 0.050000 0.062500
0 0.215625 0.126953 0.050000 0.062500
0 0.240625 0.144531 0.050000 0.062500
0 0.275000 0.162109 0.050000 0.062500
0 0.309375 0.169922 0.050000 0.062500
0 0.289062 0.201172 0.050000 0.062500
0 0.264062 0.191406 0.050000 0.062500
0 0.187500 0.138672 0.050000 0.062500
0 0.215625 0.166016 0.050000 0.062500
0 0.229687 0.187500 0.050000 0.062500
0 0.173437 0.152344 0.050000 0.062500
0 0.154688 0.173828 0.050000 0.062500
0 0.184375 0.207031 0.050000 0.062500
0 0.240625 0.220703 0.050000 0.062500
0 0.218750 0.232422 0.050000 0.062500
0 0.210938 0.261719 0.050000 0.062500
0 0.209375 0.298828 0.050000 0.062500
0 0.231250 0.345703 0.050000 0.062500
0 0.223438 0.390625 0.050000 0.062500
0 0.253125 0.410156 0.050000 0.062500
0 0.279687 0.447266 0.050000 0.062500
0 0.245312 0.513672 0.050000 0.062500
0 0.248438 0.591797 0.050000 0.062500
0 0.251563 0.630859 0.050000 0.062500
0 0.281250 0.392578 0.050000 0.062500
0 0.262500 0.341797 0.050000 0.062500
0 0.253125 0.294922 0.050000 0.062500
0 0.237500 0.275391 0.050000 0.062500
0 0.262500 0.242188 0.050000 0.062500
0 0.268750 0.269531 0.050000 0.062500
0 0.296875 0.234375 0.050000 0.062500
0 0.290625 0.287109 0.050000 0.062500
0 0.282813 0.316406 0.050000 0.062500
0 0.306250 0.347656 0.050000 0.062500
0 0.314063 0.400391 0.050000 0.062500
0 0.323437 0.373047 0.050000 0.062500
0 0.331250 0.429688 0.050000 0.062500
0 0.315625 0.521484 0.050000 0.062500
0 0.306250 0.714844 0.050000 0.062500
0 0.328125 0.740234 0.050000 0.062500
0 0.371875 0.755859 0.050000 0.062500
0 0.417187 0.765625 0.050000 0.062500
0 0.429688 0.726562 0.050000 0.062500
0 0.392188 0.683594 0.050000 0.062500
0 0.740625 0.562500 0.050000 0.062500
0 0.971875 0.503906 0.050000 0.062500
0 0.975000 0.328125 0.050000 0.062500
0 0.934375 0.322266 0.050000 0.062500
0 0.909375 0.373047 0.050000 0.062500
0 0.878125 0.466797 0.050000 0.062500
0 0.834375 0.470703 0.050000 0.062500
0 0.790625 0.480469 0.050000 0.062500
0 0.864062 0.037109 0.050000 0.062500
0 0.893750 0.030273 0.050000 0.060547
0 0.929688 0.024414 0.050000 0.048828
0 0.946875 0.044922 0.050000 0.062500
0 0.904687 0.052734 0.050000 0.062500
0 0.925000 0.070312 0.050000 0.062500
0 0.809375 0.037109 0.050000 0.062500
0 0.835938 0.052734 0.050000 0.062500
0 0.881250 0.072266 0.050000 0.062500
0 0.900000 0.091797 0.050000 0.062500
0 0.950000 0.083984 0.050000 0.062500
0 0.978125 0.111328 0.043750 0.062500
0 0.946875 0.119141 0.050000 0.062500
0 0.915625 0.109375 0.050000 0.062500
0 0.925000 0.134766 0.050000 0.062500
0 0.892188 0.119141 0.050000 0.062500
0 0.857812 0.091797 0.050000 0.062500
0 0.850000 0.119141 0.050000 0.062500
0 0.889062 0.150391 0.050000 0.062500
0 0.926562 0.173828 0.050000 0.062500
0 0.977344 0.183594 0.045312 0.062500
0 0.934375 0.220703 0.050000 0.062500
0 0.900000 0.232422 0.050000 0.062500
0 0.900000 0.179688 0.050000 0.062500
0 0.862500 0.220703 0.050000 0.062500
0 0.862500 0.171875 0.050000 0.062500
0 0.859375 0.136719 0.050000 0.062500
0 0.795312 0.072266 0.050000 0.062500
0 0.842187 0.146484 0.050000 0.062500
0 0.834375 0.166016 0.050000 0.062500
0 0.823438 0.195312 0.050000 0.062500
0 0.834375 0.218750 0.050000 0.062500
0 0.814063 0.166016 0.050000 0.062500
0 0.834375 0.275391 0.050000 0.062500
0 0.854688 0.308594 0.050000 0.062500
0 0.821875 0.355469 0.050000 0.062500
0 0.787500 0.382812 0.050000 0.062500
0 0.770312 0.132812 0.050000 0.062500
0 0.801562 0.138672 0.050000 0.062500
0 0.785937 0.171875 0.050000 0.062500
0 0.770312 0.195312 0.050000 0.062500
0 0.812500 0.250000 0.050000 0.062500
0 0.781250 0.253906 0.050000 0.062500
0 0.796875 0.287109 0.050000 0.062500
0 0.792188 0.332031 0.050000 0.062500
0 0.753125 0.412109 0.050000 0.062500
0 0.818750 0.425781 0.050000 0.062500
0 0.737500 0.126953 0.050000 0.062500
0 0.743750 0.179688 0.050000 0.062500
0 0.740625 0.212891 0.050000 0.062500
0 0.760938 0.240234 0.050000 0.062500
0 0.781250 0.220703 0.050000 0.062500
0 0.762500 0.294922 0.050000 0.062500
0 0.726562 0.302734 0.050000 0.062500
0 0.714063 0.335938 0.050000 0.062500
0 0.712500 0.386719 0.050000 0.062500
0 0.689063 0.433594 0.050000 0.062500
0 0.695312 0.533203 0.050000 0.062500
0 0.595313 0.511719 0.050000 0.062500
0 0.614062 0.458984 0.050000 0.062500
0 0.521875 0.560547 0.050000 0.062500
0 0.475000 0.501953 0.050000 0.062500
0 0.448437 0.515625 0.050000 0.062500
0 0.412500 0.501953 0.050000 0.062500
0 0.315625 0.291016 0.050000 0.062500
0 0.320312 0.261719 0.050000 0.062500
0 0.329688 0.320312 0.050000 0.062500
0 0.337500 0.347656 0.050000 0.062500
0 0.379688 0.406250 0.050000 0.062500
0 0.346875 0.464844 0.050000 0.062500
0 0.445312 0.421875 0.050000 0.062500
0 0.471875 0.457031 0.050000 0.062500
0 0.412500 0.396484 0.050000 0.062500
0 0.365625 0.373047 0.050000 0.062500
0 0.420312 0.361328 0.050000 0.062500
0 0.510938 0.417969 0.050000 0.062500
0 0.490625 0.410156 0.050000 0.062500
0 0.571875 0.429688 0.050000 0.062500
0 0.539062 0.429688 0.050000 0.062500
0 0.631250 0.404297 0.050000 0.062500
0 0.371875 0.248047 0.050000 0.062500
0 0.385937 0.236328 0.050000 0.062500
0 0.404687 0.234375 0.050000 0.062500
0 0.389062 0.261719 0.050000 0.062500
0 0.409375 0.261719 0.050000 0.062500
0 0.398438 0.300781 0.050000 0.062500
0 0.360938 0.335938 0.050000 0.062500
0 0.337500 0.275391 0.050000 0.062500
0 0.360938 0.291016 0.050000 0.062500
0 0.375000 0.308594 0.050000 0.062500
0 0.401562 0.326172 0.050000 0.062500
0 0.387500 0.353516 0.050000 0.062500
0 0.439063 0.351562 0.050000 0.062500
0 0.457813 0.382812 0.050000 0.062500
0 0.490625 0.371094 0.050000 0.062500
0 0.531250 0.375000 0.050000 0.062500
0 0.584375 0.378906 0.050000 0.062500
0 0.598437 0.421875 0.050000 0.062500
0 0.662500 0.361328 0.050000 0.062500
0 0.682813 0.335938 0.050000 0.062500
0 0.631250 0.343750 0.050000 0.062500
0 0.604688 0.345703 0.050000 0.062500
0 0.568750 0.345703 0.050000 0.062500
0 0.695312 0.296875 0.050000 0.062500
0 0.710938 0.273438 0.050000 0.062500
0 0.737500 0.259766 0.050000 0.062500
0 0.718750 0.240234 0.050000 0.062500
0 0.684375 0.259766 0.050000 0.062500
0 0.696875 0.212891 0.050000 0.062500
0 0.715625 0.195312 0.050000 0.062500
0 0.654687 0.300781 0.050000 0.062500
0 0.667188 0.275391 0.050000 0.062500
0 0.612500 0.308594 0.050000 0.062500
0 0.582812 0.318359 0.050000 0.062500
0 0.542188 0.333984 0.050000 0.062500
0 0.509375 0.328125 0.050000 0.062500
0 0.471875 0.341797 0.050000 0.062500
0 0.454688 0.314453 0.050000 0.062500
0 0.428125 0.328125 0.050000 0.062500
0 0.431250 0.292969 0.050000 0.062500
0 0.432812 0.259766 0.050000 0.062500
0 0.462500 0.275391 0.050000 0.062500
0 0.484375 0.308594 0.050000 0.062500
0 0.501563 0.281250 0.050000 0.062500
0 0.529687 0.300781 0.050000 0.062500
0 0.553125 0.300781 0.050000 0.062500
0 0.565625 0.279297 0.050000 0.062500
0 0.453125 0.212891 0.050000 0.062500
0 0.495312 0.226562 0.050000 0.062500
0 0.521875 0.218750 0.050000 0.062500
0 0.557813 0.212891 0.050000 0.062500
0 0.531250 0.261719 0.050000 0.062500
0 0.559375 0.251953 0.050000 0.062500
0 0.590625 0.240234 0.050000 0.062500
0 0.589063 0.277344 0.050000 0.062500
0 0.614062 0.267578 0.050000 0.062500
0 0.651563 0.253906 0.050000 0.062500
0 0.668750 0.220703 0.050000 0.062500
0 0.681250 0.181641 0.050000 0.062500
0 0.709375 0.160156 0.050000 0.062500
0 0.646875 0.201172 0.050000 0.062500
0 0.621875 0.220703 0.050000 0.062500
0 0.592187 0.203125 0.050000 0.062500
0 0.878125 0.560547 0.050000 0.062500
0 0.150000 0.341797 0.050000 0.062500
