0 0.107813 0.126953 0.050000 0.062500
0 0.242188 0.785156 0.050000 0.062500
0 0.256250 0.910156 0.050000 0.062500
0 0.334375 0.962891 0.050000 0.062500
0 0.328125 0.941406 0.050000 0.062500
0 0.304688 0.886719 0.050000 0.062500
0 0.300000 0.830078 0.050000 0.062500
0 0.295312 0.771484 0.050000 0.062500
0 0.268750 0.712891 0.050000 0.062500
0 0.267188 0.666016 0.050000 0.062500
0 0.246875 0.552734 0.050000 0.062500
0 0.215625 0.523438 0.050000 0.062500
0 0.368750 0.369141 0.050000 0.062500
0 0.417187 0.408203 0.050000 0.062500
0 0.417187 0.435547 0.050000 0.062500
0 0.417187 0.490234 0.050000 0.062500
0 0.437500 0.494141 0.050000 0.062500
0 0.404687 0.449219 0.050000 0.062500
0 0.500000 0.976562 0.050000 0.046875
0 0.484375 0.882812 0.050000 0.062500
0 0.567187 0.904297 0.050000 0.062500
0 0.829688 0.853516 0.050000 0.062500
0 0.112500 0.314453 0.050000 0.062500
0 0.534375 0.333984 0.050000 0.062500
0 0.468750 0.148438 0.050000 0.062500
0 0.443750 0.022461 0.050000 0.044922
0 0.657813 0.240234 0.050000 0.062500
0 0.710938 0.236328 0.050000 0.062500
0 0.835938 0.417969 0.050000 0.062500
0 0.851562 0.414062 0.050000 0.062500
0 0.893750 0.066406 0.050000 0.062500
0 0.943750 0.167969 0.050000 0.062500
0 0.945312 0.189453 0.050000 0.062500
0 0.959375 0.179688 0.050000 0.062500
