0 0.417187 0.066406 0.050000 0.062500
0 0.398438 0.179688 0.050000 0.062500
0 0.360938 0.181641 0.050000 0.062500
0 0.387500 0.220703 0.050000 0.062500
0 0.392188 0.291016 0.050000 0.062500
0 0.387500 0.347656 0.050000 0.062500
0 0.376563 0.396484 0.050000 0.062500
0 0.325000 0.443359 0.050000 0.062500
0 0.385937 0.457031 0.050000 0.062500
0 0.375000 0.474609 0.050000 0.062500
0 0.365625 0.564453 0.050000 0.062500
0 0.368750 0.726562 0.050000 0.062500
0 0.381250 0.707031 0.050000 0.062500
0 0.396875 0.689453 0.050000 0.062500
0 0.542188 0.691406 0.050000 0.062500
0 0.539062 0.736328 0.050000 0.062500
0 0.517188 0.759766 0.050000 0.062500
0 0.295312 0.707031 0.050000 0.062500
0 0.310937 0.636719 0.050000 0.062500
0 0.285938 0.607422 0.050000 0.062500
0 0.343750 0.792969 0.050000 0.062500
0 0.412500 0.529297 0.050000 0.062500
0 0.435937 0.529297 0.050000 0.062500
0 0.345313 0.083984 0.050000 0.062500
0 0.440625 0.062500 0.050000 0.062500
0 0.528125 0.026367 0.050000 0.052734
0 0.587500 0.080078 0.050000 0.062500
0 0.589063 0.046875 0.050000 0.062500
0 0.607812 0.044922 0.050000 0.062500
0 0.717187 0.091797 0.050000 0.062500
0 0.975781 0.271484 0.048438 0.062500
0 0.904687 0.623047 0.050000 0.062500
0 0.529687 0.478516 0.050000 0.062500
0 0.554688 0.378906 0.050000 0.062500
0 0.590625 0.496094 0.050000 0.062500
0 0.262500 0.603516 0.050000 0.062500
0 0.242188 0.689453 0.050000 0.062500
0 0.201563 0.646484 0.050000 0.062500
0 0.176563 0.683594 0.050000 0.062500
0 0.176563 0.630859 0.050000 0.062500
0 0.078125 0.753906 0.050000 0.062500
0 0.118750 0.546875 0.050000 0.062500
0 0.140625 0.509766 0.050000 0.062500
0 0.217188 0.484375 0.050000 0.062500
0 0.209375 0.527344 0.050000 0.062500
0 0.237500 0.519531 0.050000 0.062500
0 0.254688 0.517578 0.050000 0.062500
0 0.256250 0.634766 0.050000 0.062500
0 0.209375 0.601562 0.050000 0.062500
0 0.417187 0.656250 0.050000 0.062500
0 0.517188 0.018555 0.050000 0.037109
0 0.168750 0.597656 0.050000 0.062500
0 0.179688 0.847656 0.050000 0.062500
0 0.281250 0.388672 0.050000 0.062500
