0 0.131250 0.683594 0.050000 0.062500
0 0.350000 0.876953 0.050000 0.062500
0 0.406250 0.470703 0.050000 0.062500
0 0.454688 0.433594 0.050000 0.062500
0 0.417187 0.242188 0.050000 0.062500
0 0.115625 0.173828 0.050000 0.062500
0 0.101562 0.207031 0.050000 0.062500
0 0.615625 0.140625 0.050000 0.062500
0 0.704688 0.097656 0.050000 0.062500
0 0.754687 0.138672 0.050000 0.062500
0 0.971875 0.021484 0.050000 0.042969
0 0.901563 0.445312 0.050000 0.062500
0 0.925000 0.451172 0.050000 0.062500
0 0.796875 0.533203 0.050000 0.062500
0 0.748437 0.574219 0.050000 0.062500
0 0.718750 0.578125 0.050000 0.062500
0 0.906250 0.652344 0.050000 0.062500
0 0.948438 0.646484 0.050000 0.062500
0 0.982812 0.642578 0.034375 0.062500
0 0.032813 0.562500 0.050000 0.062500
0 0.178125 0.580078 0.050000 0.062500
0 0.684375 0.021484 0.050000 0.042969
0 0.062500 0.423828 0.050000 0.062500
0 0.295312 0.833984 0.050000 0.062500
0 0.282813 0.851562 0.050000 0.062500
