0 0.228125 0.105469 0.050000 0.062500
0 0.115625 0.207031 0.050000 0.062500
0 0.142187 0.250000 0.050000 0.062500
0 0.171875 0.255859 0.050000 0.062500
0 0.228125 0.287109 0.050000 0.062500
0 0.059375 0.357422 0.050000 0.062500
0 0.023438 0.517578 0.046875 0.062500
0 0.335938 0.431641 0.050000 0.062500
0 0.321875 0.535156 0.050000 0.062500
0 0.335938 0.666016 0.050000 0.062500
0 0.253125 0.824219 0.050000 0.062500
0 0.265625 0.851562 0.050000 0.062500
0 0.090625 0.951172 0.050000 0.062500
0 0.043750 0.975586 0.050000 0.048828
0 0.528125 0.468750 0.050000 0.062500
0 0.525000 0.365234 0.050000 0.062500
0 0.509375 0.089844 0.050000 0.062500
0 0.460938 0.187500 0.050000 0.062500
0 0.601562 0.316406 0.050000 0.062500
0 0.431250 0.020508 0.050000 0.041016
0 0.434375 0.046875 0.050000 0.062500
0 0.700000 0.166016 0.050000 0.062500
0 0.715625 0.166016 0.050000 0.062500
0 0.857812 0.152344 0.050000 0.062500
0 0.825000 0.914062 0.050000 0.062500
0 0.920312 0.197266 0.050000 0.062500
0 0.945312 0.158203 0.050000 0.062500
0 0.882812 0.248047 0.050000 0.062500
0 0.957812 0.304688 0.050000 0.062500
0 0.982031 0.423828 0.035937 0.062500
0 0.985156 0.585938 0.029687 0.062500
0 0.982031 0.681641 0.035937 0.062500
0 0.662500 0.482422 0.050000 0.062500
0 0.703125 0.630859 0.050000 0.062500
0 0.693750 0.755859 0.050000 0.062500
0 0.709375 0.716797 0.050000 0.062500
0 0.743750 0.648438 0.050000 0.062500
0 0.767188 0.662109 0.050000 0.062500
0 0.803125 0.691406 0.050000 0.062500
0 0.793750 0.792969 0.050000 0.062500
0 0.832812 0.773438 0.050000 0.062500
0 0.831250 0.726562 0.050000 0.062500
0 0.714063 0.521484 0.050000 0.062500
0 0.726562 0.544922 0.050000 0.062500
0 0.706250 0.552734 0.050000 0.062500
0 0.745313 0.529297 0.050000 0.062500
0 0.753125 0.611328 0.050000 0.062500
0 0.759375 0.570312 0.050000 0.062500
0 0.807813 0.658203 0.050000 0.062500
0 0.806250 0.429688 0.050000 0.062500
0 0.796875 0.369141 0.050000 0.062500
0 0.709375 0.373047 0.050000 0.062500
0 0.721875 0.425781 0.050000 0.062500
0 0.764062 0.388672 0.050000 0.062500
0 0.867188 0.355469 0.050000 0.062500
0 0.871875 0.308594 0.050000 0.062500
0 0.842187 0.300781 0.050000 0.062500
0 0.809375 0.324219 0.050000 0.062500
0 0.789062 0.324219 0.050000 0.062500
0 0.929688 0.400391 0.050000 0.062500
0 0.940625 0.414062 0.050000 0.062500
0 0.934375 0.492188 0.050000 0.062500
0 0.934375 0.519531 0.050000 0.062500
0 0.942187 0.591797 0.050000 0.062500
0 0.959375 0.593750 0.050000 0.062500
0 0.948438 0.636719 0.050000 0.062500
0 0.898438 0.658203 0.050000 0.062500
0 0.918750 0.685547 0.050000 0.062500
0 0.937500 0.671875 0.050000 0.062500
0 0.829688 0.554688 0.050000 0.062500
0 0.904687 0.562500 0.050000 0.062500
0 0.875000 0.501953 0.050000 0.062500
0 0.898438 0.517578 0.050000 0.062500
0 0.834375 0.642578 0.050000 0.062500
0 0.848437 0.630859 0.050000 0.062500
0 0.828125 0.607422 0.050000 0.062500
0 0.870313 0.591797 0.050000 0.062500
