0 0.020313 0.447266 0.040625 0.062500
0 0.179688 0.546875 0.050000 0.062500
0 0.198437 0.623047 0.050000 0.062500
0 0.220312 0.644531 0.050000 0.062500
0 0.226562 0.705078 0.050000 0.062500
0 0.345313 0.500000 0.050000 0.062500
0 0.356250 0.384766 0.050000 0.062500
0 0.275000 0.156250 0.050000 0.062500
0 0.240625 0.195312 0.050000 0.062500
0 0.204687 0.226562 0.050000 0.062500
0 0.187500 0.199219 0.050000 0.062500
0 0.303125 0.744141 0.050000 0.062500
0 0.323437 0.742188 0.050000 0.062500
0 0.315625 0.689453 0.050000 0.062500
0 0.329688 0.689453 0.050000 0.062500
0 0.200000 0.044922 0.050000 0.062500
0 0.395313 0.058594 0.050000 0.062500
0 0.414062 0.054688 0.050000 0.062500
0 0.200000 0.021484 0.050000 0.042969
0 0.579688 0.028320 0.050000 0.056641
0 0.831250 0.085938 0.050000 0.062500
0 0.840625 0.126953 0.050000 0.062500
0 0.853125 0.148438 0.050000 0.062500
0 0.882812 0.154297 0.050000 0.062500
0 0.643750 0.080078 0.050000 0.062500
0 0.700000 0.099609 0.050000 0.062500
0 0.704688 0.167969 0.050000 0.062500
0 0.454688 0.341797 0.050000 0.062500
0 0.492188 0.328125 0.050000 0.062500
0 0.554688 0.257812 0.050000 0.062500
0 0.546875 0.330078 0.050000 0.062500
0 0.475000 0.457031 0.050000 0.062500
0 0.517188 0.378906 0.050000 0.062500
0 0.589063 0.371094 0.050000 0.062500
0 0.600000 0.212891 0.050000 0.062500
0 0.575000 0.248047 0.050000 0.062500
0 0.631250 0.248047 0.050000 0.062500
0 0.725000 0.287109 0.050000 0.062500
0 0.767188 0.273438 0.050000 0.062500
0 0.739062 0.386719 0.050000 0.062500
0 0.732812 0.359375 0.050000 0.062500
0 0.900000 0.322266 0.050000 0.062500
0 0.810937 0.429688 0.050000 0.062500
0 0.606250 0.167969 0.050000 0.062500
0 0.620313 0.162109 0.050000 0.062500
0 0.642188 0.173828 0.050000 0.062500
0 0.779687 0.138672 0.050000 0.062500
0 0.759375 0.126953 0.050000 0.062500
0 0.781250 0.113281 0.050000 0.062500
0 0.796875 0.101562 0.050000 0.062500
0 0.809375 0.230469 0.050000 0.062500
0 0.796875 0.212891 0.050000 0.062500
0 0.706250 0.429688 0.050000 0.062500
0 0.704688 0.398438 0.050000 0.062500
0 0.700000 0.373047 0.050000 0.062500
0 0.678125 0.388672 0.050000 0.062500
0 0.710938 0.353516 0.050000 0.062500
0 0.575000 0.302734 0.050000 0.062500
0 0.565625 0.453125 0.050000 0.062500
0 0.560937 0.476562 0.050000 0.062500
0 0.532813 0.470703 0.050000 0.062500
0 0.540625 0.503906 0.050000 0.062500
0 0.589063 0.505859 0.050000 0.062500
0 0.592187 0.550781 0.050000 0.062500
0 0.596875 0.583984 0.050000 0.062500
0 0.551562 0.582031 0.050000 0.062500
0 0.570312 0.707031 0.050000 0.062500
0 0.582812 0.666016 0.050000 0.062500
0 0.671875 0.699219 0.050000 0.062500
0 0.717187 0.767578 0.050000 0.062500
0 0.618750 0.589844 0.050000 0.062500
0 0.860938 0.566406 0.050000 0.062500
0 0.979688 0.971680 0.040625 0.056641
0 0.926562 0.462891 0.050000 0.062500
0 0.834375 0.462891 0.050000 0.062500
0 0.662500 0.607422 0.050000 0.062500
0 0.704688 0.667969 0.050000 0.062500
0 0.698438 0.625000 0.050000 0.062500
0 0.643750 0.568359 0.050000 0.062500
0 0.732812 0.548828 0.050000 0.062500
0 0.781250 0.537109 0.050000 0.062500
0 0.770312 0.554688 0.050000 0.062500
0 0.768750 0.453125 0.050000 0.062500
0 0.785937 0.464844 0.050000 0.062500
0 0.782813 0.488281 0.050000 0.062500
0 0.773438 0.507812 0.050000 0.062500
0 0.681250 0.503906 0.050000 0.062500
0 0.706250 0.517578 0.050000 0.062500
0 0.651563 0.462891 0.050000 0.062500
0 0.828125 0.515625 0.050000 0.062500
0 0.703125 0.281250 0.050000 0.062500
