0 0.079687 0.085938 0.050000 0.062500
0 0.104688 0.083984 0.050000 0.062500
0 0.317188 0.058594 0.050000 0.062500
0 0.354687 0.158203 0.050000 0.062500
0 0.345313 0.177734 0.050000 0.062500
0 0.625000 0.022461 0.050000 0.044922
0 0.645312 0.024414 0.050000 0.048828
0 0.562500 0.232422 0.050000 0.062500
0 0.543750 0.226562 0.050000 0.062500
0 0.284375 0.355469 0.050000 0.062500
0 0.100000 0.312500 0.050000 0.062500
0 0.029687 0.369141 0.050000 0.062500
0 0.021094 0.384766 0.042188 0.062500
0 0.014844 0.451172 0.029687 0.062500
0 0.132812 0.666016 0.050000 0.062500
0 0.145313 0.765625 0.050000 0.062500
0 0.120313 0.906250 0.050000 0.062500
0 0.140625 0.917969 0.050000 0.062500
0 0.278125 0.652344 0.050000 0.062500
0 0.254688 0.646484 0.050000 0.062500
0 0.259375 0.720703 0.050000 0.062500
0 0.334375 0.476562 0.050000 0.062500
0 0.376563 0.494141 0.050000 0.062500
0 0.421875 0.457031 0.050000 0.062500
0 0.457813 0.671875 0.050000 0.062500
0 0.420312 0.658203 0.050000 0.062500
0 0.456250 0.726562 0.050000 0.062500
0 0.390625 0.763672 0.050000 0.062500
0 0.492188 0.726562 0.050000 0.062500
0 0.532813 0.708984 0.050000 0.062500
0 0.545312 0.691406 0.050000 0.062500
0 0.570312 0.693359 0.050000 0.062500
0 0.565625 0.652344 0.050000 0.062500
0 0.757812 0.285156 0.050000 0.062500
0 0.973437 0.027344 0.050000 0.054688
0 0.975000 0.044922 0.050000 0.062500
0 0.884375 0.505859 0.050000 0.062500
0 0.982812 0.765625 0.034375 0.062500
0 0.982812 0.787109 0.034375 0.062500
0 0.826562 0.927734 0.050000 0.062500
0 0.667188 0.501953 0.050000 0.062500
0 0.676562 0.513672 0.050000 0.062500
0 0.692187 0.546875 0.050000 0.062500
0 0.707812 0.544922 0.050000 0.062500
0 0.492188 0.285156 0.050000 0.062500
0 0.482812 0.316406 0.050000 0.062500
0 0.678125 0.431641 0.050000 0.062500
0 0.689063 0.431641 0.050000 0.062500
0 0.771875 0.285156 0.050000 0.062500
0 0.598437 0.630859 0.050000 0.062500
0 0.610938 0.695312 0.050000 0.062500
0 0.651563 0.654297 0.050000 0.062500
0 0.715625 0.664062 0.050000 0.062500
0 0.782813 0.666016 0.050000 0.062500
0 0.793750 0.685547 0.050000 0.062500
0 0.803125 0.666016 0.050000 0.062500
0 0.823438 0.671875 0.050000 0.062500
0 0.854688 0.675781 0.050000 0.062500
0 0.851562 0.714844 0.050000 0.062500
0 0.782813 0.761719 0.050000 0.062500
0 0.756250 0.820312 0.050000 0.062500
0 0.718750 0.798828 0.050000 0.062500
0 0.693750 0.798828 0.050000 0.062500
0 0.676562 0.775391 0.050000 0.062500
0 0.662500 0.757812 0.050000 0.062500
0 0.656250 0.851562 0.050000 0.062500
0 0.651563 0.878906 0.050000 0.062500
0 0.700000 0.968750 0.050000 0.062500
0 0.662500 0.957031 0.050000 0.062500
0 0.604688 0.896484 0.050000 0.062500
0 0.617188 0.912109 0.050000 0.062500
0 0.600000 0.841797 0.050000 0.062500
0 0.615625 0.839844 0.050000 0.062500
0 0.620313 0.869141 0.050000 0.062500
0 0.554688 0.796875 0.050000 0.062500
0 0.510938 0.806641 0.050000 0.062500
0 0.473438 0.818359 0.050000 0.062500
0 0.462500 0.837891 0.050000 0.062500
0 0.439063 0.812500 0.050000 0.062500
0 0.437500 0.839844 0.050000 0.062500
0 0.403125 0.851562 0.050000 0.062500
0 0.409375 0.933594 0.050000 0.062500
0 0.442188 0.957031 0.050000 0.062500
0 0.456250 0.927734 0.050000 0.062500
0 0.468750 0.884766 0.050000 0.062500
0 0.495312 0.865234 0.050000 0.062500
0 0.546875 0.890625 0.050000 0.062500
0 0.490625 0.970703 0.050000 0.058594
0 0.525000 0.981445 0.050000 0.037109
