0 0.071875 0.021484 0.050000 0.042969
0 0.214062 0.201172 0.050000 0.062500
0 0.139063 0.271484 0.050000 0.062500
0 0.114062 0.267578 0.050000 0.062500
0 0.101562 0.289062 0.050000 0.062500
0 0.070312 0.312500 0.050000 0.062500
0 0.042188 0.273438 0.050000 0.062500
0 0.014844 0.253906 0.029687 0.062500
0 0.389062 0.248047 0.050000 0.062500
0 0.440625 0.070312 0.050000 0.062500
0 0.451562 0.060547 0.050000 0.062500
0 0.400000 0.431641 0.050000 0.062500
0 0.451562 0.386719 0.050000 0.062500
0 0.539062 0.410156 0.050000 0.062500
0 0.637500 0.080078 0.050000 0.062500
0 0.664062 0.085938 0.050000 0.062500
0 0.398438 0.498047 0.050000 0.062500
0 0.412500 0.515625 0.050000 0.062500
0 0.312500 0.613281 0.050000 0.062500
0 0.221875 0.623047 0.050000 0.062500
0 0.192188 0.550781 0.050000 0.062500
0 0.151562 0.775391 0.050000 0.062500
0 0.165625 0.783203 0.050000 0.062500
0 0.178125 0.791016 0.050000 0.062500
0 0.656250 0.251953 0.050000 0.062500
0 0.776563 0.214844 0.050000 0.062500
0 0.646875 0.281250 0.050000 0.062500
0 0.620313 0.333984 0.050000 0.062500
0 0.629687 0.351562 0.050000 0.062500
0 0.635938 0.316406 0.050000 0.062500
0 0.759375 0.384766 0.050000 0.062500
0 0.768750 0.490234 0.050000 0.062500
0 0.776563 0.451172 0.050000 0.062500
0 0.776563 0.427734 0.050000 0.062500
0 0.881250 0.517578 0.050000 0.062500
0 0.512500 0.583984 0.050000 0.062500
0 0.775000 0.238281 0.050000 0.062500
0 0.625000 0.583984 0.050000 0.062500
0 0.657813 0.566406 0.050000 0.062500
0 0.704688 0.599609 0.050000 0.062500
0 0.771875 0.615234 0.050000 0.062500
0 0.834375 0.625000 0.050000 0.062500
0 0.860938 0.625000 0.050000 0.062500
0 0.878125 0.638672 0.050000 0.062500
0 0.843750 0.646484 0.050000 0.062500
0 0.909375 0.638672 0.050000 0.062500
0 0.900000 0.683594 0.050000 0.062500
0 0.581250 0.640625 0.050000 0.062500
0 0.595313 0.623047 0.050000 0.062500
0 0.667188 0.638672 0.050000 0.062500
0 0.612500 0.660156 0.050000 0.062500
0 0.535937 0.671875 0.050000 0.062500
0 0.548438 0.679688 0.050000 0.062500
0 0.506250 0.646484 0.050000 0.062500
0 0.471875 0.644531 0.050000 0.062500
0 0.440625 0.677734 0.050000 0.062500
0 0.709375 0.708984 0.050000 0.062500
0 0.721875 0.724609 0.050000 0.062500
0 0.775000 0.726562 0.050000 0.062500
0 0.762500 0.755859 0.050000 0.062500
0 0.821875 0.732422 0.050000 0.062500
0 0.857812 0.894531 0.050000 0.062500
0 0.453125 0.755859 0.050000 0.062500
0 0.471875 0.740234 0.050000 0.062500
0 0.485938 0.755859 0.050000 0.062500
0 0.501563 0.759766 0.050000 0.062500
0 0.517188 0.732422 0.050000 0.062500
0 0.545312 0.750000 0.050000 0.062500
0 0.587500 0.744141 0.050000 0.062500
0 0.639062 0.779297 0.050000 0.062500
0 0.653125 0.779297 0.050000 0.062500
0 0.664062 0.787109 0.050000 0.062500
0 0.696875 0.794922 0.050000 0.062500
0 0.656250 0.804688 0.050000 0.062500
0 0.687500 0.824219 0.050000 0.062500
0 0.623437 0.833984 0.050000 0.062500
0 0.440625 0.843750 0.050000 0.062500
0 0.507812 0.802734 0.050000 0.062500
0 0.489063 0.843750 0.050000 0.062500
0 0.473438 0.871094 0.050000 0.062500
0 0.392188 0.960938 0.050000 0.062500
0 0.421875 0.931641 0.050000 0.062500
0 0.500000 0.966797 0.050000 0.062500
0 0.814063 0.933594 0.050000 0.062500
0 0.725000 0.914062 0.050000 0.062500
0 0.729688 0.969727 0.050000 0.060547
0 0.640625 0.833984 0.050000 0.062500
0 0.646875 0.853516 0.050000 0.062500
0 0.617188 0.947266 0.050000 0.062500
0 0.650000 0.971680 0.050000 0.056641
0 0.542188 0.979492 0.050000 0.041016
0 0.517188 0.947266 0.050000 0.062500
0 0.520312 0.900391 0.050000 0.062500
0 0.542188 0.919922 0.050000 0.062500
0 0.671875 0.945312 0.050000 0.062500
0 0.685937 0.921875 0.050000 0.062500
0 0.581250 0.818359 0.050000 0.062500
0 0.570312 0.871094 0.050000 0.062500
0 0.570312 0.894531 0.050000 0.062500
