0 0.075000 0.028320 0.050000 0.056641
0 0.089063 0.058594 0.050000 0.062500
0 0.037500 0.062500 0.050000 0.062500
0 0.054688 0.066406 0.050000 0.062500
0 0.024219 0.099609 0.048438 0.062500
0 0.023438 0.030273 0.046875 0.060547
0 0.104688 0.091797 0.050000 0.062500
0 0.112500 0.044922 0.050000 0.062500
0 0.050000 0.134766 0.050000 0.062500
0 0.107813 0.132812 0.050000 0.062500
0 0.134375 0.099609 0.050000 0.062500
0 0.143750 0.066406 0.050000 0.062500
0 0.190625 0.087891 0.050000 0.062500
0 0.209375 0.107422 0.050000 0.062500
0 0.135937 0.021484 0.050000 0.042969
0 0.146875 0.117188 0.050000 0.062500
0 0.123438 0.144531 0.050000 0.062500
0 0.081250 0.152344 0.050000 0.062500
0 0.107813 0.220703 0.050000 0.062500
0 0.118750 0.189453 0.050000 0.062500
0 0.139063 0.179688 0.050000 0.062500
0 0.167187 0.175781 0.050000 0.062500
0 0.160938 0.142578 0.050000 0.062500
0 0.143750 0.210938 0.050000 0.062500
0 0.175000 0.212891 0.050000 0.062500
0 0.168750 0.236328 0.050000 0.062500
0 0.137500 0.263672 0.050000 0.062500
0 0.160938 0.292969 0.050000 0.062500
0 0.178125 0.406250 0.050000 0.062500
0 0.034375 0.318359 0.050000 0.062500
0 0.203125 0.375000 0.050000 0.062500
0 0.203125 0.281250 0.050000 0.062500
0 0.193750 0.212891 0.050000 0.062500
0 0.226562 0.224609 0.050000 0.062500
0 0.232813 0.275391 0.050000 0.062500
0 0.251563 0.248047 0.050000 0.062500
0 0.250000 0.289062 0.050000 0.062500
0 0.235937 0.341797 0.050000 0.062500
0 0.246875 0.402344 0.050000 0.062500
0 0.254688 0.369141 0.050000 0.062500
0 0.298438 0.556641 0.050000 0.062500
0 0.328125 0.548828 0.050000 0.062500
0 0.275000 0.242188 0.050000 0.062500
0 0.312500 0.255859 0.050000 0.062500
0 0.298438 0.302734 0.050000 0.062500
0 0.281250 0.328125 0.050000 0.062500
0 0.259375 0.326172 0.050000 0.062500
0 0.275000 0.355469 0.050000 0.062500
0 0.284375 0.414062 0.050000 0.062500
0 0.301563 0.365234 0.050000 0.062500
0 0.325000 0.453125 0.050000 0.062500
0 0.335938 0.498047 0.050000 0.062500
0 0.370312 0.521484 0.050000 0.062500
0 0.381250 0.562500 0.050000 0.062500
0 0.412500 0.568359 0.050000 0.062500
0 0.364063 0.292969 0.050000 0.062500
0 0.326562 0.308594 0.050000 0.062500
0 0.370312 0.361328 0.050000 0.062500
0 0.345313 0.404297 0.050000 0.062500
0 0.320312 0.416016 0.050000 0.062500
0 0.350000 0.365234 0.050000 0.062500
0 0.365625 0.412109 0.050000 0.062500
0 0.348438 0.455078 0.050000 0.062500
0 0.376563 0.460938 0.050000 0.062500
0 0.382812 0.435547 0.050000 0.062500
0 0.396875 0.498047 0.050000 0.062500
0 0.428125 0.535156 0.050000 0.062500
0 0.343750 0.933594 0.050000 0.062500
0 0.500000 0.642578 0.050000 0.062500
0 0.456250 0.583984 0.050000 0.062500
0 0.390625 0.394531 0.050000 0.062500
0 0.404687 0.437500 0.050000 0.062500
0 0.414062 0.472656 0.050000 0.062500
0 0.440625 0.488281 0.050000 0.062500
0 0.460938 0.529297 0.050000 0.062500
0 0.495312 0.517578 0.050000 0.062500
0 0.467187 0.498047 0.050000 0.062500
0 0.465625 0.466797 0.050000 0.062500
0 0.448437 0.449219 0.050000 0.062500
0 0.432812 0.435547 0.050000 0.062500
0 0.420312 0.396484 0.050000 0.062500
0 0.442188 0.402344 0.050000 0.062500
0 0.473438 0.404297 0.050000 0.062500
0 0.475000 0.445312 0.050000 0.062500
0 0.493750 0.427734 0.050000 0.062500
0 0.500000 0.482422 0.050000 0.062500
0 0.517188 0.439453 0.050000 0.062500
0 0.528125 0.505859 0.050000 0.062500
0 0.528125 0.533203 0.050000 0.062500
0 0.595313 0.632812 0.050000 0.062500
0 0.585938 0.572266 0.050000 0.062500
0 0.596875 0.837891 0.050000 0.062500
0 0.635938 0.820312 0.050000 0.062500
0 0.678125 0.814453 0.050000 0.062500
0 0.671875 0.767578 0.050000 0.062500
0 0.640625 0.730469 0.050000 0.062500
0 0.596875 0.751953 0.050000 0.062500
0 0.559375 0.824219 0.050000 0.062500
0 0.621875 0.554688 0.050000 0.062500
0 0.679688 0.542969 0.050000 0.062500
0 0.618750 0.496094 0.050000 0.062500
0 0.587500 0.476562 0.050000 0.062500
0 0.550000 0.470703 0.050000 0.062500
0 0.543750 0.443359 0.050000 0.062500
0 0.534375 0.408203 0.050000 0.062500
0 0.517188 0.416016 0.050000 0.062500
0 0.459375 0.363281 0.050000 0.062500
0 0.521875 0.335938 0.050000 0.062500
0 0.532813 0.369141 0.050000 0.062500
0 0.475000 0.347656 0.050000 0.062500
0 0.495312 0.335938 0.050000 0.062500
0 0.487500 0.375000 0.050000 0.062500
0 0.504687 0.361328 0.050000 0.062500
0 0.507812 0.394531 0.050000 0.062500
0 0.553125 0.328125 0.050000 0.062500
0 0.532813 0.289062 0.050000 0.062500
0 0.565625 0.281250 0.050000 0.062500
0 0.590625 0.253906 0.050000 0.062500
0 0.623437 0.242188 0.050000 0.062500
0 0.595313 0.328125 0.050000 0.062500
0 0.584375 0.365234 0.050000 0.062500
0 0.567187 0.378906 0.050000 0.062500
0 0.562500 0.416016 0.050000 0.062500
0 0.590625 0.402344 0.050000 0.062500
0 0.590625 0.437500 0.050000 0.062500
0 0.617188 0.451172 0.050000 0.062500
0 0.646875 0.439453 0.050000 0.062500
0 0.675000 0.443359 0.050000 0.062500
0 0.618750 0.412109 0.050000 0.062500
0 0.615625 0.363281 0.050000 0.062500
0 0.623437 0.330078 0.050000 0.062500
0 0.612500 0.291016 0.050000 0.062500
0 0.635938 0.271484 0.050000 0.062500
0 0.640625 0.316406 0.050000 0.062500
0 0.646875 0.357422 0.050000 0.062500
0 0.673438 0.355469 0.050000 0.062500
0 0.648438 0.400391 0.050000 0.062500
0 0.746875 0.427734 0.050000 0.062500
0 0.726562 0.630859 0.050000 0.062500
0 0.815625 0.371094 0.050000 0.062500
0 0.721875 0.402344 0.050000 0.062500
0 0.696875 0.380859 0.050000 0.062500
0 0.865625 0.314453 0.050000 0.062500
0 0.923438 0.361328 0.050000 0.062500
0 0.879687 0.488281 0.050000 0.062500
0 0.975000 0.335938 0.050000 0.062500
0 0.932813 0.291016 0.050000 0.062500
0 0.810937 0.322266 0.050000 0.062500
0 0.756250 0.369141 0.050000 0.062500
0 0.704688 0.330078 0.050000 0.062500
0 0.676562 0.322266 0.050000 0.062500
0 0.659375 0.285156 0.050000 0.062500
0 0.703125 0.291016 0.050000 0.062500
0 0.737500 0.263672 0.050000 0.062500
0 0.734375 0.316406 0.050000 0.062500
0 0.773438 0.285156 0.050000 0.062500
0 0.807813 0.263672 0.050000 0.062500
0 0.873437 0.234375 0.050000 0.062500
0 0.914062 0.234375 0.050000 0.062500
0 0.881250 0.275391 0.050000 0.062500
0 0.928125 0.173828 0.050000 0.062500
0 0.909375 0.134766 0.050000 0.062500
0 0.876563 0.185547 0.050000 0.062500
0 0.842187 0.207031 0.050000 0.062500
0 0.812500 0.232422 0.050000 0.062500
0 0.667188 0.242188 0.050000 0.062500
0 0.646875 0.216797 0.050000 0.062500
0 0.673438 0.193359 0.050000 0.062500
0 0.717187 0.214844 0.050000 0.062500
0 0.700000 0.250000 0.050000 0.062500
0 0.726562 0.187500 0.050000 0.062500
0 0.700000 0.169922 0.050000 0.062500
0 0.726562 0.140625 0.050000 0.062500
0 0.753125 0.121094 0.050000 0.062500
0 0.782813 0.113281 0.050000 0.062500
0 0.775000 0.169922 0.050000 0.062500
0 0.751563 0.208984 0.050000 0.062500
0 0.743750 0.232422 0.050000 0.062500
0 0.781250 0.246094 0.050000 0.062500
0 0.779687 0.214844 0.050000 0.062500
0 0.814063 0.156250 0.050000 0.062500
0 0.784375 0.140625 0.050000 0.062500
0 0.831250 0.126953 0.050000 0.062500
0 0.848437 0.152344 0.050000 0.062500
0 0.875000 0.142578 0.050000 0.062500
0 0.803125 0.189453 0.050000 0.062500
0 0.823438 0.109375 0.050000 0.062500
0 0.882812 0.099609 0.050000 0.062500
0 0.942187 0.078125 0.050000 0.062500
0 0.909375 0.072266 0.050000 0.062500
0 0.977344 0.042969 0.045312 0.062500
0 0.931250 0.052734 0.050000 0.062500
0 0.956250 0.024414 0.050000 0.048828
0 0.895312 0.037109 0.050000 0.062500
0 0.868750 0.050781 0.050000 0.062500
0 0.845313 0.054688 0.050000 0.062500
0 0.867188 0.080078 0.050000 0.062500
0 0.848437 0.093750 0.050000 0.062500
0 0.795312 0.058594 0.050000 0.062500
0 0.867188 0.024414 0.050000 0.048828
0 0.243750 0.166016 0.050000 0.062500
0 0.198437 0.160156 0.050000 0.062500
0 0.759375 0.056641 0.050000 0.062500
0 0.142187 0.359375 0.050000 0.062500
0 0.256250 0.562500 0.050000 0.062500
0 0.220312 0.187500 0.050000 0.062500
0 0.217188 0.166016 0.050000 0.062500
0 0.246875 0.152344 0.050000 0.062500
