0 0.151562 0.028320 0.050000 0.056641
0 0.159375 0.048828 0.050000 0.062500
0 0.157812 0.076172 0.050000 0.062500
0 0.168750 0.097656 0.050000 0.062500
0 0.192188 0.121094 0.050000 0.062500
0 0.220312 0.142578 0.050000 0.062500
0 0.246875 0.179688 0.050000 0.062500
0 0.239063 0.156250 0.050000 0.062500
0 0.228125 0.169922 0.050000 0.062500
0 0.206250 0.128906 0.050000 0.062500
0 0.123438 0.130859 0.050000 0.062500
0 0.167187 0.167969 0.050000 0.062500
0 0.178125 0.167969 0.050000 0.062500
0 0.145313 0.166016 0.050000 0.062500
0 0.129688 0.195312 0.050000 0.062500
0 0.168750 0.212891 0.050000 0.062500
0 0.204687 0.253906 0.050000 0.062500
0 0.207813 0.232422 0.050000 0.062500
0 0.217188 0.220703 0.050000 0.062500
0 0.150000 0.302734 0.050000 0.062500
0 0.104688 0.240234 0.050000 0.062500
0 0.106250 0.220703 0.050000 0.062500
0 0.089063 0.164062 0.050000 0.062500
0 0.242188 0.302734 0.050000 0.062500
0 0.107813 0.333984 0.050000 0.062500
0 0.187500 0.396484 0.050000 0.062500
0 0.200000 0.382812 0.050000 0.062500
0 0.209375 0.361328 0.050000 0.062500
0 0.215625 0.396484 0.050000 0.062500
0 0.128125 0.433594 0.050000 0.062500
0 0.051562 0.496094 0.050000 0.062500
0 0.223438 0.509766 0.050000 0.062500
0 0.234375 0.542969 0.050000 0.062500
0 0.150000 0.421875 0.050000 0.062500
0 0.178125 0.417969 0.050000 0.062500
0 0.157812 0.486328 0.050000 0.062500
0 0.170313 0.292969 0.050000 0.062500
0 0.226562 0.279297 0.050000 0.062500
0 0.229687 0.251953 0.050000 0.062500
0 0.245312 0.236328 0.050000 0.062500
0 0.267188 0.259766 0.050000 0.062500
0 0.231250 0.339844 0.050000 0.062500
0 0.235937 0.404297 0.050000 0.062500
0 0.246875 0.449219 0.050000 0.062500
0 0.262500 0.470703 0.050000 0.062500
0 0.273438 0.513672 0.050000 0.062500
0 0.301563 0.537109 0.050000 0.062500
0 0.315625 0.560547 0.050000 0.062500
0 0.309375 0.542969 0.050000 0.062500
0 0.123438 0.347656 0.050000 0.062500
0 0.171875 0.537109 0.050000 0.062500
0 0.132812 0.515625 0.050000 0.062500
0 0.403125 0.601562 0.050000 0.062500
0 0.331250 0.669922 0.050000 0.062500
0 0.468750 0.570312 0.050000 0.062500
0 0.515625 0.542969 0.050000 0.062500
0 0.526563 0.535156 0.050000 0.062500
0 0.542188 0.535156 0.050000 0.062500
0 0.576562 0.542969 0.050000 0.062500
0 0.260937 0.630859 0.050000 0.062500
0 0.123438 0.644531 0.050000 0.062500
0 0.170313 0.619141 0.050000 0.062500
0 0.151562 0.689453 0.050000 0.062500
0 0.139063 0.648438 0.050000 0.062500
0 0.129688 0.626953 0.050000 0.062500
0 0.156250 0.650391 0.050000 0.062500
0 0.171875 0.666016 0.050000 0.062500
0 0.237500 0.708984 0.050000 0.062500
0 0.246875 0.718750 0.050000 0.062500
0 0.256250 0.730469 0.050000 0.062500
0 0.656250 0.085938 0.050000 0.062500
0 0.656250 0.105469 0.050000 0.062500
0 0.650000 0.119141 0.050000 0.062500
0 0.648438 0.134766 0.050000 0.062500
0 0.612500 0.183594 0.050000 0.062500
0 0.659375 0.267578 0.050000 0.062500
0 0.732812 0.257812 0.050000 0.062500
0 0.595313 0.341797 0.050000 0.062500
0 0.782813 0.375000 0.050000 0.062500
0 0.829688 0.324219 0.050000 0.062500
0 0.817187 0.324219 0.050000 0.062500
0 0.881250 0.308594 0.050000 0.062500
0 0.914062 0.300781 0.050000 0.062500
0 0.979688 0.285156 0.040625 0.062500
0 0.892188 0.376953 0.050000 0.062500
0 0.865625 0.429688 0.050000 0.062500
0 0.926562 0.429688 0.050000 0.062500
0 0.977344 0.476562 0.045312 0.062500
0 0.977344 0.519531 0.045312 0.062500
0 0.871875 0.556641 0.050000 0.062500
0 0.865625 0.632812 0.050000 0.062500
0 0.909375 0.685547 0.050000 0.062500
0 0.834375 0.619141 0.050000 0.062500
0 0.829688 0.644531 0.050000 0.062500
0 0.753125 0.644531 0.050000 0.062500
0 0.729688 0.652344 0.050000 0.062500
0 0.673438 0.726562 0.050000 0.062500
0 0.587500 0.740234 0.050000 0.062500
0 0.500000 0.734375 0.050000 0.062500
0 0.420312 0.755859 0.050000 0.062500
0 0.404687 0.675781 0.050000 0.062500
0 0.418750 0.707031 0.050000 0.062500
0 0.406250 0.695312 0.050000 0.062500
0 0.421875 0.671875 0.050000 0.062500
0 0.435937 0.652344 0.050000 0.062500
0 0.439063 0.687500 0.050000 0.062500
0 0.420312 0.689453 0.050000 0.062500
0 0.421875 0.644531 0.050000 0.062500
0 0.406250 0.658203 0.050000 0.062500
0 0.425000 0.664062 0.050000 0.062500
0 0.515625 0.644531 0.050000 0.062500
0 0.526563 0.648438 0.050000 0.062500
0 0.540625 0.656250 0.050000 0.062500
0 0.503125 0.654297 0.050000 0.062500
0 0.525000 0.667969 0.050000 0.062500
0 0.531250 0.687500 0.050000 0.062500
0 0.512500 0.699219 0.050000 0.062500
0 0.501563 0.689453 0.050000 0.062500
0 0.493750 0.677734 0.050000 0.062500
0 0.506250 0.667969 0.050000 0.062500
0 0.492188 0.660156 0.050000 0.062500
0 0.514062 0.679688 0.050000 0.062500
0 0.532813 0.673828 0.050000 0.062500
0 0.625000 0.632812 0.050000 0.062500
0 0.696875 0.650391 0.050000 0.062500
0 0.612500 0.638672 0.050000 0.062500
0 0.626563 0.652344 0.050000 0.062500
0 0.603125 0.652344 0.050000 0.062500
0 0.610938 0.667969 0.050000 0.062500
0 0.625000 0.683594 0.050000 0.062500
0 0.593750 0.691406 0.050000 0.062500
0 0.615625 0.697266 0.050000 0.062500
0 0.657813 0.585938 0.050000 0.062500
0 0.648438 0.613281 0.050000 0.062500
0 0.657813 0.626953 0.050000 0.062500
0 0.665625 0.630859 0.050000 0.062500
0 0.675000 0.634766 0.050000 0.062500
0 0.671875 0.650391 0.050000 0.062500
0 0.684375 0.642578 0.050000 0.062500
0 0.614062 0.562500 0.050000 0.062500
0 0.629687 0.566406 0.050000 0.062500
0 0.629687 0.580078 0.050000 0.062500
0 0.635938 0.591797 0.050000 0.062500
0 0.626563 0.609375 0.050000 0.062500
0 0.606250 0.593750 0.050000 0.062500
0 0.606250 0.578125 0.050000 0.062500
0 0.646875 0.593750 0.050000 0.062500
0 0.640625 0.576172 0.050000 0.062500
0 0.621875 0.595703 0.050000 0.062500
0 0.615625 0.585938 0.050000 0.062500
