0 0.067187 0.044922 0.050000 0.062500
0 0.098437 0.044922 0.050000 0.062500
0 0.110937 0.046875 0.050000 0.062500
0 0.160938 0.082031 0.050000 0.062500
0 0.171875 0.101562 0.050000 0.062500
0 0.168750 0.136719 0.050000 0.062500
0 0.171875 0.158203 0.050000 0.062500
0 0.103125 0.201172 0.050000 0.062500
0 0.115625 0.216797 0.050000 0.062500
0 0.126562 0.220703 0.050000 0.062500
0 0.167187 0.281250 0.050000 0.062500
0 0.170313 0.300781 0.050000 0.062500
0 0.171875 0.330078 0.050000 0.062500
0 0.167187 0.343750 0.050000 0.062500
0 0.059375 0.421875 0.050000 0.062500
0 0.060937 0.449219 0.050000 0.062500
0 0.212500 0.025391 0.050000 0.050781
0 0.243750 0.041016 0.050000 0.062500
0 0.271875 0.058594 0.050000 0.062500
0 0.332813 0.074219 0.050000 0.062500
0 0.310937 0.156250 0.050000 0.062500
0 0.350000 0.160156 0.050000 0.062500
0 0.409375 0.167969 0.050000 0.062500
0 0.396875 0.041016 0.050000 0.062500
0 0.303125 0.020508 0.050000 0.041016
0 0.398438 0.023438 0.050000 0.046875
0 0.301563 0.269531 0.050000 0.062500
0 0.346875 0.277344 0.050000 0.062500
0 0.384375 0.285156 0.050000 0.062500
0 0.410938 0.291016 0.050000 0.062500
0 0.464062 0.291016 0.050000 0.062500
0 0.504687 0.242188 0.050000 0.062500
0 0.471875 0.089844 0.050000 0.062500
0 0.456250 0.068359 0.050000 0.062500
0 0.425000 0.031250 0.050000 0.062500
0 0.503125 0.105469 0.050000 0.062500
0 0.496875 0.142578 0.050000 0.062500
0 0.515625 0.132812 0.050000 0.062500
0 0.293750 0.345703 0.050000 0.062500
0 0.354687 0.349609 0.050000 0.062500
0 0.418750 0.337891 0.050000 0.062500
0 0.425000 0.382812 0.050000 0.062500
0 0.398438 0.410156 0.050000 0.062500
0 0.353125 0.416016 0.050000 0.062500
0 0.482812 0.404297 0.050000 0.062500
0 0.528125 0.353516 0.050000 0.062500
0 0.832812 0.101562 0.050000 0.062500
0 0.868750 0.078125 0.050000 0.062500
0 0.595313 0.453125 0.050000 0.062500
0 0.585938 0.470703 0.050000 0.062500
0 0.640625 0.449219 0.050000 0.062500
0 0.689063 0.017578 0.050000 0.035156
0 0.014063 0.554688 0.028125 0.062500
0 0.035937 0.556641 0.050000 0.062500
0 0.051562 0.558594 0.050000 0.062500
0 0.081250 0.564453 0.050000 0.062500
0 0.115625 0.568359 0.050000 0.062500
0 0.148438 0.566406 0.050000 0.062500
0 0.176563 0.572266 0.050000 0.062500
0 0.193750 0.574219 0.050000 0.062500
0 0.246875 0.576172 0.050000 0.062500
0 0.275000 0.568359 0.050000 0.062500
0 0.359375 0.583984 0.050000 0.062500
0 0.385937 0.583984 0.050000 0.062500
0 0.378125 0.599609 0.050000 0.062500
0 0.385937 0.636719 0.050000 0.062500
0 0.396875 0.654297 0.050000 0.062500
0 0.415625 0.597656 0.050000 0.062500
0 0.425000 0.619141 0.050000 0.062500
0 0.429688 0.652344 0.050000 0.062500
0 0.468750 0.613281 0.050000 0.062500
0 0.489063 0.626953 0.050000 0.062500
0 0.485938 0.589844 0.050000 0.062500
0 0.518750 0.589844 0.050000 0.062500
0 0.548438 0.591797 0.050000 0.062500
0 0.565625 0.595703 0.050000 0.062500
0 0.554688 0.623047 0.050000 0.062500
0 0.493750 0.691406 0.050000 0.062500
0 0.581250 0.595703 0.050000 0.062500
0 0.604688 0.613281 0.050000 0.062500
0 0.604688 0.578125 0.050000 0.062500
0 0.628125 0.552734 0.050000 0.062500
0 0.657813 0.691406 0.050000 0.062500
0 0.632812 0.615234 0.050000 0.062500
0 0.654687 0.587891 0.050000 0.062500
0 0.689063 0.605469 0.050000 0.062500
0 0.706250 0.601562 0.050000 0.062500
0 0.754687 0.605469 0.050000 0.062500
0 0.859375 0.615234 0.050000 0.062500
0 0.646875 0.642578 0.050000 0.062500
0 0.668750 0.646484 0.050000 0.062500
0 0.712500 0.541016 0.050000 0.062500
0 0.921875 0.654297 0.050000 0.062500
0 0.893750 0.675781 0.050000 0.062500
0 0.835938 0.607422 0.050000 0.062500
0 0.820312 0.574219 0.050000 0.062500
0 0.939063 0.673828 0.050000 0.062500
0 0.804688 0.675781 0.050000 0.062500
0 0.750000 0.628906 0.050000 0.062500
0 0.621875 0.656250 0.050000 0.062500
0 0.740625 0.521484 0.050000 0.062500
0 0.706250 0.498047 0.050000 0.062500
0 0.762500 0.535156 0.050000 0.062500
0 0.779687 0.515625 0.050000 0.062500
0 0.804688 0.535156 0.050000 0.062500
0 0.862500 0.541016 0.050000 0.062500
0 0.896875 0.531250 0.050000 0.062500
0 0.948438 0.501953 0.050000 0.062500
0 0.976562 0.466797 0.046875 0.062500
0 0.985156 0.458984 0.029687 0.062500
0 0.982031 0.546875 0.035937 0.062500
0 0.918750 0.513672 0.050000 0.062500
0 0.910937 0.697266 0.050000 0.062500
0 0.901563 0.722656 0.050000 0.062500
0 0.970313 0.681641 0.050000 0.062500
