0 0.234375 0.024414 0.050000 0.048828
0 0.298438 0.091797 0.050000 0.062500
0 0.310937 0.101562 0.050000 0.062500
0 0.307812 0.144531 0.050000 0.062500
0 0.273438 0.199219 0.050000 0.062500
0 0.260937 0.224609 0.050000 0.062500
0 0.273438 0.234375 0.050000 0.062500
0 0.301563 0.291016 0.050000 0.062500
0 0.304688 0.312500 0.050000 0.062500
0 0.304688 0.333984 0.050000 0.062500
0 0.304688 0.349609 0.050000 0.062500
0 0.167187 0.371094 0.050000 0.062500
0 0.145313 0.443359 0.050000 0.062500
0 0.225000 0.443359 0.050000 0.062500
0 0.128125 0.542969 0.050000 0.062500
0 0.037500 0.546875 0.050000 0.062500
0 0.034375 0.558594 0.050000 0.062500
0 0.135937 0.562500 0.050000 0.062500
0 0.175000 0.562500 0.050000 0.062500
0 0.192188 0.562500 0.050000 0.062500
0 0.251563 0.574219 0.050000 0.062500
0 0.284375 0.572266 0.050000 0.062500
0 0.310937 0.578125 0.050000 0.062500
0 0.326562 0.589844 0.050000 0.062500
0 0.382812 0.582031 0.050000 0.062500
0 0.409375 0.576172 0.050000 0.062500
0 0.412500 0.355469 0.050000 0.062500
0 0.375000 0.022461 0.050000 0.044922
0 0.445312 0.031250 0.050000 0.062500
0 0.409375 0.052734 0.050000 0.062500
0 0.393750 0.080078 0.050000 0.062500
0 0.437500 0.095703 0.050000 0.062500
0 0.403125 0.115234 0.050000 0.062500
0 0.432812 0.162109 0.050000 0.062500
0 0.479687 0.169922 0.050000 0.062500
0 0.535937 0.179688 0.050000 0.062500
0 0.529687 0.046875 0.050000 0.062500
0 0.589063 0.037109 0.050000 0.062500
0 0.612500 0.052734 0.050000 0.062500
0 0.418750 0.273438 0.050000 0.062500
0 0.467187 0.291016 0.050000 0.062500
0 0.501563 0.300781 0.050000 0.062500
0 0.550000 0.294922 0.050000 0.062500
0 0.585938 0.296875 0.050000 0.062500
0 0.589063 0.078125 0.050000 0.062500
0 0.606250 0.089844 0.050000 0.062500
0 0.637500 0.105469 0.050000 0.062500
0 0.632812 0.140625 0.050000 0.062500
0 0.631250 0.154297 0.050000 0.062500
0 0.640625 0.246094 0.050000 0.062500
0 0.668750 0.292969 0.050000 0.062500
0 0.701562 0.412109 0.050000 0.062500
0 0.617188 0.410156 0.050000 0.062500
0 0.535937 0.355469 0.050000 0.062500
0 0.476562 0.361328 0.050000 0.062500
0 0.476562 0.427734 0.050000 0.062500
0 0.515625 0.429688 0.050000 0.062500
0 0.554688 0.394531 0.050000 0.062500
0 0.489063 0.367188 0.050000 0.062500
0 0.778125 0.458984 0.050000 0.062500
0 0.650000 0.138672 0.050000 0.062500
0 0.818750 0.019531 0.050000 0.039062
0 0.977344 0.105469 0.045312 0.062500
0 0.639062 0.626953 0.050000 0.062500
0 0.635938 0.638672 0.050000 0.062500
0 0.493750 0.587891 0.050000 0.062500
0 0.470313 0.605469 0.050000 0.062500
0 0.520312 0.599609 0.050000 0.062500
0 0.523438 0.636719 0.050000 0.062500
0 0.559375 0.660156 0.050000 0.062500
0 0.556250 0.605469 0.050000 0.062500
0 0.503125 0.550781 0.050000 0.062500
0 0.578125 0.617188 0.050000 0.062500
0 0.596875 0.656250 0.050000 0.062500
0 0.593750 0.671875 0.050000 0.062500
0 0.625000 0.691406 0.050000 0.062500
0 0.626563 0.593750 0.050000 0.062500
0 0.656250 0.595703 0.050000 0.062500
0 0.685937 0.597656 0.050000 0.062500
0 0.701562 0.599609 0.050000 0.062500
0 0.720313 0.623047 0.050000 0.062500
0 0.693750 0.630859 0.050000 0.062500
0 0.740625 0.589844 0.050000 0.062500
0 0.764062 0.558594 0.050000 0.062500
0 0.800000 0.603516 0.050000 0.062500
0 0.812500 0.669922 0.050000 0.062500
0 0.807813 0.654297 0.050000 0.062500
0 0.789062 0.699219 0.050000 0.062500
0 0.840625 0.613281 0.050000 0.062500
0 0.862500 0.611328 0.050000 0.062500
0 0.890625 0.617188 0.050000 0.062500
0 0.857812 0.564453 0.050000 0.062500
0 0.876563 0.564453 0.050000 0.062500
0 0.853125 0.542969 0.050000 0.062500
0 0.850000 0.505859 0.050000 0.062500
0 0.884375 0.496094 0.050000 0.062500
0 0.895312 0.541016 0.050000 0.062500
0 0.915625 0.523438 0.050000 0.062500
0 0.948438 0.546875 0.050000 0.062500
0 0.982031 0.531250 0.035937 0.062500
0 0.982031 0.580078 0.035937 0.062500
0 0.982812 0.619141 0.034375 0.062500
0 0.984375 0.671875 0.031250 0.062500
0 0.937500 0.685547 0.050000 0.062500
0 0.957812 0.638672 0.050000 0.062500
0 0.873437 0.521484 0.050000 0.062500
