0 0.871875 0.028320 0.050000 0.056641
0 0.893750 0.039062 0.050000 0.062500
0 0.868750 0.052734 0.050000 0.062500
0 0.845313 0.050781 0.050000 0.062500
0 0.825000 0.050781 0.050000 0.062500
0 0.792188 0.072266 0.050000 0.062500
0 0.971875 0.042969 0.050000 0.062500
0 0.954688 0.021484 0.050000 0.042969
0 0.929688 0.050781 0.050000 0.062500
0 0.942187 0.082031 0.050000 0.062500
0 0.900000 0.083984 0.050000 0.062500
0 0.878125 0.097656 0.050000 0.062500
0 0.903125 0.140625 0.050000 0.062500
0 0.873437 0.144531 0.050000 0.062500
0 0.845313 0.085938 0.050000 0.062500
0 0.807813 0.115234 0.050000 0.062500
0 0.778125 0.105469 0.050000 0.062500
0 0.937500 0.179688 0.050000 0.062500
0 0.914062 0.232422 0.050000 0.062500
0 0.875000 0.187500 0.050000 0.062500
0 0.834375 0.207031 0.050000 0.062500
0 0.876563 0.240234 0.050000 0.062500
0 0.889062 0.279297 0.050000 0.062500
0 0.926562 0.298828 0.050000 0.062500
0 0.978125 0.328125 0.043750 0.062500
0 0.925000 0.361328 0.050000 0.062500
0 0.864062 0.322266 0.050000 0.062500
0 0.801562 0.232422 0.050000 0.062500
0 0.809375 0.160156 0.050000 0.062500
0 0.839063 0.160156 0.050000 0.062500
0 0.737500 0.115234 0.050000 0.062500
0 0.754687 0.132812 0.050000 0.062500
0 0.787500 0.142578 0.050000 0.062500
0 0.721875 0.144531 0.050000 0.062500
0 0.750000 0.173828 0.050000 0.062500
0 0.775000 0.177734 0.050000 0.062500
0 0.804688 0.189453 0.050000 0.062500
0 0.748437 0.205078 0.050000 0.062500
0 0.775000 0.216797 0.050000 0.062500
0 0.720313 0.189453 0.050000 0.062500
0 0.695312 0.169922 0.050000 0.062500
0 0.718750 0.226562 0.050000 0.062500
0 0.748437 0.240234 0.050000 0.062500
0 0.743750 0.267578 0.050000 0.062500
0 0.776563 0.246094 0.050000 0.062500
0 0.809375 0.269531 0.050000 0.062500
0 0.775000 0.287109 0.050000 0.062500
0 0.818750 0.322266 0.050000 0.062500
0 0.818750 0.371094 0.050000 0.062500
0 0.679688 0.205078 0.050000 0.062500
0 0.648438 0.218750 0.050000 0.062500
0 0.687500 0.255859 0.050000 0.062500
0 0.659375 0.242188 0.050000 0.062500
0 0.618750 0.244141 0.050000 0.062500
0 0.759375 0.320312 0.050000 0.062500
0 0.735938 0.314453 0.050000 0.062500
0 0.701562 0.291016 0.050000 0.062500
0 0.710938 0.335938 0.050000 0.062500
0 0.757812 0.369141 0.050000 0.062500
0 0.748437 0.431641 0.050000 0.062500
0 0.721875 0.404297 0.050000 0.062500
0 0.700000 0.382812 0.050000 0.062500
0 0.676562 0.328125 0.050000 0.062500
0 0.673438 0.357422 0.050000 0.062500
0 0.629687 0.267578 0.050000 0.062500
0 0.656250 0.287109 0.050000 0.062500
0 0.645312 0.318359 0.050000 0.062500
0 0.590625 0.261719 0.050000 0.062500
0 0.564063 0.287109 0.050000 0.062500
0 0.592187 0.335938 0.050000 0.062500
0 0.620313 0.333984 0.050000 0.062500
0 0.645312 0.357422 0.050000 0.062500
0 0.646875 0.396484 0.050000 0.062500
0 0.675000 0.443359 0.050000 0.062500
0 0.526563 0.289062 0.050000 0.062500
0 0.550000 0.335938 0.050000 0.062500
0 0.587500 0.365234 0.050000 0.062500
0 0.614062 0.371094 0.050000 0.062500
0 0.620313 0.408203 0.050000 0.062500
0 0.645312 0.443359 0.050000 0.062500
0 0.521875 0.341797 0.050000 0.062500
0 0.535937 0.373047 0.050000 0.062500
0 0.568750 0.386719 0.050000 0.062500
0 0.587500 0.406250 0.050000 0.062500
0 0.592187 0.437500 0.050000 0.062500
0 0.618750 0.455078 0.050000 0.062500
0 0.478125 0.359375 0.050000 0.062500
0 0.492188 0.376953 0.050000 0.062500
0 0.495312 0.347656 0.050000 0.062500
0 0.504687 0.367188 0.050000 0.062500
0 0.507812 0.396484 0.050000 0.062500
0 0.540625 0.408203 0.050000 0.062500
0 0.540625 0.443359 0.050000 0.062500
0 0.554688 0.478516 0.050000 0.062500
0 0.587500 0.476562 0.050000 0.062500
0 0.618750 0.500000 0.050000 0.062500
0 0.875000 0.482422 0.050000 0.062500
0 0.784375 0.474609 0.050000 0.062500
0 0.742188 0.623047 0.050000 0.062500
0 0.675000 0.570312 0.050000 0.062500
0 0.618750 0.550781 0.050000 0.062500
0 0.589063 0.580078 0.050000 0.062500
0 0.568750 0.630859 0.050000 0.062500
0 0.557813 0.824219 0.050000 0.062500
0 0.593750 0.835938 0.050000 0.062500
0 0.629687 0.826172 0.050000 0.062500
0 0.667188 0.812500 0.050000 0.062500
0 0.671875 0.775391 0.050000 0.062500
0 0.645312 0.738281 0.050000 0.062500
0 0.601562 0.765625 0.050000 0.062500
0 0.618750 0.744141 0.050000 0.062500
0 0.495312 0.640625 0.050000 0.062500
0 0.459375 0.582031 0.050000 0.062500
0 0.525000 0.537109 0.050000 0.062500
0 0.525000 0.505859 0.050000 0.062500
0 0.517188 0.443359 0.050000 0.062500
0 0.514062 0.414062 0.050000 0.062500
0 0.500000 0.482422 0.050000 0.062500
0 0.495312 0.511719 0.050000 0.062500
0 0.459375 0.529297 0.050000 0.062500
0 0.425000 0.542969 0.050000 0.062500
0 0.406250 0.564453 0.050000 0.062500
0 0.378125 0.560547 0.050000 0.062500
0 0.442188 0.486328 0.050000 0.062500
0 0.462500 0.496094 0.050000 0.062500
0 0.464062 0.466797 0.050000 0.062500
0 0.479687 0.441406 0.050000 0.062500
0 0.495312 0.427734 0.050000 0.062500
0 0.475000 0.402344 0.050000 0.062500
0 0.457813 0.359375 0.050000 0.062500
0 0.446875 0.408203 0.050000 0.062500
0 0.445312 0.382812 0.050000 0.062500
0 0.428125 0.396484 0.050000 0.062500
0 0.431250 0.427734 0.050000 0.062500
0 0.409375 0.437500 0.050000 0.062500
0 0.414062 0.476562 0.050000 0.062500
0 0.395313 0.507812 0.050000 0.062500
0 0.370312 0.531250 0.050000 0.062500
0 0.323437 0.960938 0.050000 0.062500
0 0.228125 0.541016 0.050000 0.062500
0 0.301563 0.556641 0.050000 0.062500
0 0.334375 0.498047 0.050000 0.062500
0 0.365625 0.468750 0.050000 0.062500
0 0.378125 0.439453 0.050000 0.062500
0 0.390625 0.384766 0.050000 0.062500
0 0.350000 0.453125 0.050000 0.062500
0 0.320312 0.457031 0.050000 0.062500
0 0.339062 0.406250 0.050000 0.062500
0 0.325000 0.427734 0.050000 0.062500
0 0.348438 0.365234 0.050000 0.062500
0 0.371875 0.369141 0.050000 0.062500
0 0.559375 0.470703 0.050000 0.062500
0 0.343750 0.316406 0.050000 0.062500
0 0.357812 0.292969 0.050000 0.062500
0 0.310937 0.386719 0.050000 0.062500
0 0.284375 0.414062 0.050000 0.062500
0 0.246875 0.396484 0.050000 0.062500
0 0.178125 0.408203 0.050000 0.062500
0 0.143750 0.363281 0.050000 0.062500
0 0.204687 0.369141 0.050000 0.062500
0 0.300000 0.357422 0.050000 0.062500
0 0.268750 0.361328 0.050000 0.062500
0 0.260937 0.369141 0.050000 0.062500
0 0.240625 0.347656 0.050000 0.062500
0 0.256250 0.332031 0.050000 0.062500
0 0.282813 0.326172 0.050000 0.062500
0 0.306250 0.337891 0.050000 0.062500
0 0.304688 0.298828 0.050000 0.062500
0 0.306250 0.261719 0.050000 0.062500
0 0.281250 0.253906 0.050000 0.062500
0 0.260937 0.246094 0.050000 0.062500
0 0.253125 0.292969 0.050000 0.062500
0 0.223438 0.277344 0.050000 0.062500
0 0.203125 0.289062 0.050000 0.062500
0 0.164062 0.292969 0.050000 0.062500
0 0.137500 0.257812 0.050000 0.062500
0 0.231250 0.224609 0.050000 0.062500
0 0.171875 0.212891 0.050000 0.062500
0 0.142187 0.218750 0.050000 0.062500
0 0.109375 0.226562 0.050000 0.062500
0 0.126562 0.195312 0.050000 0.062500
0 0.242188 0.167969 0.050000 0.062500
0 0.198437 0.171875 0.050000 0.062500
0 0.168750 0.179688 0.050000 0.062500
0 0.159375 0.160156 0.050000 0.062500
0 0.178125 0.144531 0.050000 0.062500
0 0.209375 0.123047 0.050000 0.062500
0 0.187500 0.091797 0.050000 0.062500
0 0.146875 0.123047 0.050000 0.062500
0 0.128125 0.134766 0.050000 0.062500
0 0.134375 0.091797 0.050000 0.062500
0 0.098437 0.093750 0.050000 0.062500
0 0.085938 0.054688 0.050000 0.062500
0 0.110937 0.044922 0.050000 0.062500
0 0.135937 0.024414 0.050000 0.048828
0 0.076563 0.028320 0.050000 0.056641
0 0.054688 0.066406 0.050000 0.062500
0 0.034375 0.062500 0.050000 0.062500
0 0.024219 0.099609 0.048438 0.062500
0 0.043750 0.148438 0.050000 0.062500
0 0.022656 0.030273 0.045312 0.060547
0 0.025000 0.322266 0.050000 0.062500
0 0.756250 0.062500 0.050000 0.062500
0 0.215625 0.187500 0.050000 0.062500
0 0.195312 0.216797 0.050000 0.062500
0 0.198437 0.144531 0.050000 0.062500
