0 0.234375 0.017578 0.050000 0.035156
0 0.171875 0.093750 0.050000 0.062500
0 0.296875 0.035156 0.050000 0.062500
0 0.351562 0.027344 0.050000 0.054688
0 0.412500 0.046875 0.050000 0.062500
0 0.493750 0.091797 0.050000 0.062500
0 0.462500 0.101562 0.050000 0.062500
0 0.200000 0.230469 0.050000 0.062500
0 0.137500 0.373047 0.050000 0.062500
0 0.226562 0.318359 0.050000 0.062500
0 0.289062 0.468750 0.050000 0.062500
0 0.482812 0.435547 0.050000 0.062500
0 0.515625 0.513672 0.050000 0.062500
0 0.025000 0.585938 0.050000 0.062500
0 0.039062 0.589844 0.050000 0.062500
0 0.103125 0.644531 0.050000 0.062500
0 0.076563 0.587891 0.050000 0.062500
0 0.179688 0.593750 0.050000 0.062500
0 0.239063 0.595703 0.050000 0.062500
0 0.251563 0.644531 0.050000 0.062500
0 0.293750 0.669922 0.050000 0.062500
0 0.290625 0.593750 0.050000 0.062500
0 0.379688 0.587891 0.050000 0.062500
0 0.389062 0.603516 0.050000 0.062500
0 0.426563 0.607422 0.050000 0.062500
0 0.442188 0.609375 0.050000 0.062500
0 0.503125 0.617188 0.050000 0.062500
0 0.535937 0.615234 0.050000 0.062500
0 0.576562 0.632812 0.050000 0.062500
0 0.564063 0.617188 0.050000 0.062500
0 0.465625 0.728516 0.050000 0.062500
0 0.632812 0.621094 0.050000 0.062500
0 0.662500 0.623047 0.050000 0.062500
0 0.648438 0.648438 0.050000 0.062500
0 0.679688 0.669922 0.050000 0.062500
0 0.704688 0.630859 0.050000 0.062500
0 0.728125 0.615234 0.050000 0.062500
0 0.751563 0.626953 0.050000 0.062500
0 0.754687 0.591797 0.050000 0.062500
0 0.793750 0.652344 0.050000 0.062500
0 0.789062 0.669922 0.050000 0.062500
0 0.850000 0.660156 0.050000 0.062500
0 0.859375 0.689453 0.050000 0.062500
0 0.851562 0.703125 0.050000 0.062500
0 0.871875 0.660156 0.050000 0.062500
0 0.893750 0.683594 0.050000 0.062500
0 0.912500 0.634766 0.050000 0.062500
0 0.923438 0.689453 0.050000 0.062500
0 0.920312 0.712891 0.050000 0.062500
0 0.959375 0.644531 0.050000 0.062500
0 0.943750 0.644531 0.050000 0.062500
0 0.585938 0.054688 0.050000 0.062500
0 0.582812 0.080078 0.050000 0.062500
0 0.562500 0.128906 0.050000 0.062500
0 0.559375 0.150391 0.050000 0.062500
0 0.557813 0.185547 0.050000 0.062500
0 0.559375 0.212891 0.050000 0.062500
0 0.546875 0.130859 0.050000 0.062500
0 0.554688 0.244141 0.050000 0.062500
0 0.571875 0.306641 0.050000 0.062500
0 0.578125 0.333984 0.050000 0.062500
0 0.554688 0.326172 0.050000 0.062500
0 0.557813 0.355469 0.050000 0.062500
0 0.556250 0.376953 0.050000 0.062500
0 0.557813 0.394531 0.050000 0.062500
0 0.639062 0.128906 0.050000 0.062500
0 0.656250 0.117188 0.050000 0.062500
0 0.696875 0.125000 0.050000 0.062500
0 0.698438 0.066406 0.050000 0.062500
0 0.690625 0.046875 0.050000 0.062500
0 0.690625 0.022461 0.050000 0.044922
0 0.746875 0.033203 0.050000 0.062500
0 0.798438 0.074219 0.050000 0.062500
0 0.681250 0.197266 0.050000 0.062500
0 0.735938 0.197266 0.050000 0.062500
0 0.789062 0.208984 0.050000 0.062500
0 0.850000 0.117188 0.050000 0.062500
0 0.867188 0.128906 0.050000 0.062500
0 0.893750 0.144531 0.050000 0.062500
0 0.937500 0.150391 0.050000 0.062500
0 0.943750 0.166016 0.050000 0.062500
0 0.893750 0.191406 0.050000 0.062500
0 0.898438 0.285156 0.050000 0.062500
0 0.900000 0.019531 0.050000 0.039062
0 0.932813 0.345703 0.050000 0.062500
0 0.873437 0.455078 0.050000 0.062500
0 0.740625 0.642578 0.050000 0.062500
0 0.676562 0.316406 0.050000 0.062500
0 0.671875 0.394531 0.050000 0.062500
0 0.723437 0.322266 0.050000 0.062500
0 0.732812 0.390625 0.050000 0.062500
0 0.728125 0.451172 0.050000 0.062500
0 0.767188 0.453125 0.050000 0.062500
0 0.779687 0.388672 0.050000 0.062500
0 0.754687 0.332031 0.050000 0.062500
0 0.798438 0.333984 0.050000 0.062500
0 0.837500 0.335938 0.050000 0.062500
0 0.890625 0.638672 0.050000 0.062500
