0 0.026562 0.160156 0.050000 0.062500
0 0.114062 0.128906 0.050000 0.062500
0 0.089063 0.269531 0.050000 0.062500
0 0.160938 0.062500 0.050000 0.062500
0 0.181250 0.095703 0.050000 0.062500
0 0.201563 0.103516 0.050000 0.062500
0 0.207813 0.076172 0.050000 0.062500
0 0.251563 0.369141 0.050000 0.062500
0 0.342187 0.158203 0.050000 0.062500
0 0.354687 0.130859 0.050000 0.062500
0 0.432812 0.087891 0.050000 0.062500
0 0.456250 0.062500 0.050000 0.062500
0 0.520312 0.062500 0.050000 0.062500
0 0.618750 0.028320 0.050000 0.056641
0 0.650000 0.019531 0.050000 0.039062
0 0.554688 0.171875 0.050000 0.062500
0 0.678125 0.123047 0.050000 0.062500
0 0.682813 0.150391 0.050000 0.062500
0 0.589063 0.394531 0.050000 0.062500
0 0.473438 0.281250 0.050000 0.062500
0 0.410938 0.466797 0.050000 0.062500
0 0.259375 0.611328 0.050000 0.062500
0 0.743750 0.166016 0.050000 0.062500
0 0.751563 0.181641 0.050000 0.062500
0 0.762500 0.146484 0.050000 0.062500
0 0.775000 0.140625 0.050000 0.062500
0 0.754687 0.474609 0.050000 0.062500
0 0.484375 0.685547 0.050000 0.062500
0 0.837500 0.156250 0.050000 0.062500
0 0.851562 0.166016 0.050000 0.062500
0 0.857812 0.197266 0.050000 0.062500
0 0.870313 0.226562 0.050000 0.062500
0 0.890625 0.339844 0.050000 0.062500
0 0.867188 0.267578 0.050000 0.062500
0 0.909375 0.330078 0.050000 0.062500
0 0.915625 0.343750 0.050000 0.062500
0 0.901563 0.363281 0.050000 0.062500
0 0.910937 0.388672 0.050000 0.062500
0 0.910937 0.408203 0.050000 0.062500
0 0.918750 0.453125 0.050000 0.062500
0 0.937500 0.468750 0.050000 0.062500
0 0.926562 0.480469 0.050000 0.062500
0 0.971875 0.505859 0.050000 0.062500
0 0.982031 0.513672 0.035937 0.062500
0 0.980469 0.574219 0.039062 0.062500
0 0.928125 0.117188 0.050000 0.062500
0 0.931250 0.144531 0.050000 0.062500
0 0.979688 0.167969 0.040625 0.062500
0 0.975000 0.083984 0.050000 0.062500
0 0.957812 0.025391 0.050000 0.050781
0 0.967187 0.033203 0.050000 0.062500
0 0.217188 0.910156 0.050000 0.062500
0 0.095312 0.962891 0.050000 0.062500
0 0.051562 0.939453 0.050000 0.062500
0 0.025000 0.976562 0.050000 0.046875
0 0.023438 0.931641 0.046875 0.062500
0 0.034375 0.933594 0.050000 0.062500
0 0.016406 0.964844 0.032813 0.062500
0 0.103125 0.906250 0.050000 0.062500
0 0.093750 0.925781 0.050000 0.062500
0 0.260937 0.865234 0.050000 0.062500
0 0.287500 0.855469 0.050000 0.062500
0 0.401562 0.818359 0.050000 0.062500
0 0.414062 0.816406 0.050000 0.062500
0 0.451562 0.798828 0.050000 0.062500
0 0.464062 0.796875 0.050000 0.062500
0 0.501563 0.781250 0.050000 0.062500
0 0.595313 0.744141 0.050000 0.062500
0 0.654687 0.718750 0.050000 0.062500
0 0.701562 0.703125 0.050000 0.062500
0 0.787500 0.660156 0.050000 0.062500
0 0.801562 0.669922 0.050000 0.062500
0 0.840625 0.654297 0.050000 0.062500
0 0.857812 0.656250 0.050000 0.062500
0 0.871875 0.724609 0.050000 0.062500
0 0.806250 0.746094 0.050000 0.062500
0 0.918750 0.638672 0.050000 0.062500
0 0.945312 0.621094 0.050000 0.062500
0 0.976562 0.617188 0.046875 0.062500
0 0.985156 0.621094 0.029687 0.062500
0 0.889062 0.681641 0.050000 0.062500
0 0.901563 0.701172 0.050000 0.062500
