0 0.022656 0.248047 0.045312 0.062500
0 0.013281 0.435547 0.026562 0.062500
0 0.142187 0.353516 0.050000 0.062500
0 0.137500 0.337891 0.050000 0.062500
0 0.098437 0.205078 0.050000 0.062500
0 0.148438 0.208984 0.050000 0.062500
0 0.173437 0.197266 0.050000 0.062500
0 0.168750 0.171875 0.050000 0.062500
0 0.164062 0.140625 0.050000 0.062500
0 0.343750 0.208984 0.050000 0.062500
0 0.340625 0.238281 0.050000 0.062500
0 0.428125 0.150391 0.050000 0.062500
0 0.450000 0.171875 0.050000 0.062500
0 0.450000 0.134766 0.050000 0.062500
0 0.481250 0.154297 0.050000 0.062500
0 0.650000 0.072266 0.050000 0.062500
0 0.728125 0.035156 0.050000 0.062500
0 0.673438 0.203125 0.050000 0.062500
0 0.651563 0.228516 0.050000 0.062500
0 0.675000 0.230469 0.050000 0.062500
0 0.595313 0.246094 0.050000 0.062500
0 0.496875 0.355469 0.050000 0.062500
0 0.317188 0.353516 0.050000 0.062500
0 0.631250 0.476562 0.050000 0.062500
0 0.370312 0.558594 0.050000 0.062500
0 0.264062 0.689453 0.050000 0.062500
0 0.428125 0.792969 0.050000 0.062500
0 0.795312 0.560547 0.050000 0.062500
0 0.854688 0.527344 0.050000 0.062500
0 0.871875 0.533203 0.050000 0.062500
0 0.746875 0.257812 0.050000 0.062500
0 0.735938 0.246094 0.050000 0.062500
0 0.757812 0.230469 0.050000 0.062500
0 0.767188 0.224609 0.050000 0.062500
0 0.795312 0.024414 0.050000 0.048828
0 0.801562 0.031250 0.050000 0.062500
0 0.803125 0.048828 0.050000 0.062500
0 0.807813 0.062500 0.050000 0.062500
0 0.953125 0.099609 0.050000 0.062500
0 0.960938 0.115234 0.050000 0.062500
0 0.950000 0.185547 0.050000 0.062500
0 0.918750 0.214844 0.050000 0.062500
0 0.928125 0.203125 0.050000 0.062500
0 0.931250 0.226562 0.050000 0.062500
0 0.951562 0.259766 0.050000 0.062500
0 0.981250 0.253906 0.037500 0.062500
0 0.984375 0.349609 0.031250 0.062500
0 0.979688 0.449219 0.040625 0.062500
0 0.832812 0.234375 0.050000 0.062500
0 0.846875 0.240234 0.050000 0.062500
0 0.853125 0.279297 0.050000 0.062500
0 0.860938 0.306641 0.050000 0.062500
0 0.867188 0.345703 0.050000 0.062500
0 0.904687 0.410156 0.050000 0.062500
0 0.882812 0.425781 0.050000 0.062500
0 0.893750 0.445312 0.050000 0.062500
0 0.901563 0.464844 0.050000 0.062500
0 0.901563 0.486328 0.050000 0.062500
0 0.940625 0.546875 0.050000 0.062500
0 0.960938 0.564453 0.050000 0.062500
0 0.977344 0.593750 0.045312 0.062500
0 0.832812 0.275391 0.050000 0.062500
0 0.935937 0.015625 0.050000 0.031250
0 0.103125 0.971680 0.050000 0.056641
0 0.146875 0.972656 0.050000 0.054688
0 0.192188 0.964844 0.050000 0.062500
0 0.215625 0.971680 0.050000 0.056641
0 0.251563 0.947266 0.050000 0.062500
0 0.284375 0.939453 0.050000 0.062500
0 0.396875 0.900391 0.050000 0.062500
0 0.407813 0.904297 0.050000 0.062500
0 0.446875 0.876953 0.050000 0.062500
0 0.457813 0.876953 0.050000 0.062500
0 0.496875 0.861328 0.050000 0.062500
0 0.589063 0.816406 0.050000 0.062500
0 0.651563 0.802734 0.050000 0.062500
0 0.701562 0.781250 0.050000 0.062500
0 0.795312 0.751953 0.050000 0.062500
0 0.871875 0.796875 0.050000 0.062500
0 0.831250 0.777344 0.050000 0.062500
0 0.906250 0.800781 0.050000 0.062500
0 0.954688 0.773438 0.050000 0.062500
0 0.915625 0.716797 0.050000 0.062500
0 0.940625 0.703125 0.050000 0.062500
0 0.976562 0.699219 0.046875 0.062500
0 0.983594 0.705078 0.032813 0.062500
0 0.954688 0.736328 0.050000 0.062500
0 0.954688 0.751953 0.050000 0.062500
0 0.779687 0.740234 0.050000 0.062500
0 0.832812 0.742188 0.050000 0.062500
0 0.854688 0.738281 0.050000 0.062500
