0 0.254688 0.018555 0.050000 0.037109
0 0.173437 0.220703 0.050000 0.062500
0 0.173437 0.255859 0.050000 0.062500
0 0.104688 0.257812 0.050000 0.062500
0 0.109375 0.310547 0.050000 0.062500
0 0.134375 0.300781 0.050000 0.062500
0 0.023438 0.330078 0.046875 0.062500
0 0.198437 0.425781 0.050000 0.062500
0 0.042188 0.507812 0.050000 0.062500
0 0.034375 0.486328 0.050000 0.062500
0 0.193750 0.412109 0.050000 0.062500
0 0.342187 0.324219 0.050000 0.062500
0 0.345313 0.294922 0.050000 0.062500
0 0.434375 0.230469 0.050000 0.062500
0 0.459375 0.212891 0.050000 0.062500
0 0.467187 0.228516 0.050000 0.062500
0 0.476562 0.246094 0.050000 0.062500
0 0.515625 0.042969 0.050000 0.062500
0 0.479687 0.398438 0.050000 0.062500
0 0.517188 0.437500 0.050000 0.062500
0 0.620313 0.365234 0.050000 0.062500
0 0.653125 0.312500 0.050000 0.062500
0 0.678125 0.314453 0.050000 0.062500
0 0.681250 0.294922 0.050000 0.062500
0 0.696875 0.132812 0.050000 0.062500
0 0.687500 0.138672 0.050000 0.062500
0 0.768750 0.020508 0.050000 0.041016
0 0.771875 0.101562 0.050000 0.062500
0 0.798438 0.103516 0.050000 0.062500
0 0.801562 0.119141 0.050000 0.062500
0 0.810937 0.121094 0.050000 0.062500
0 0.807813 0.146484 0.050000 0.062500
0 0.956250 0.076172 0.050000 0.062500
0 0.953125 0.189453 0.050000 0.062500
0 0.982031 0.162109 0.035937 0.062500
0 0.977344 0.269531 0.045312 0.062500
0 0.928125 0.298828 0.050000 0.062500
0 0.937500 0.312500 0.050000 0.062500
0 0.971875 0.345703 0.050000 0.062500
0 0.773438 0.306641 0.050000 0.062500
0 0.762500 0.312500 0.050000 0.062500
0 0.684375 0.552734 0.050000 0.062500
0 0.339062 0.644531 0.050000 0.062500
0 0.298438 0.755859 0.050000 0.062500
0 0.389062 0.912109 0.050000 0.062500
0 0.818750 0.617188 0.050000 0.062500
0 0.793750 0.626953 0.050000 0.062500
0 0.843750 0.648438 0.050000 0.062500
0 0.937500 0.632812 0.050000 0.062500
0 0.914062 0.609375 0.050000 0.062500
0 0.909375 0.570312 0.050000 0.062500
0 0.906250 0.556641 0.050000 0.062500
0 0.900000 0.535156 0.050000 0.062500
0 0.885938 0.507812 0.050000 0.062500
0 0.912500 0.500000 0.050000 0.062500
0 0.865625 0.437500 0.050000 0.062500
0 0.864062 0.394531 0.050000 0.062500
0 0.854688 0.363281 0.050000 0.062500
0 0.850000 0.332031 0.050000 0.062500
0 0.832812 0.322266 0.050000 0.062500
0 0.983594 0.449219 0.032813 0.062500
0 0.396875 0.977539 0.050000 0.044922
0 0.410938 0.975586 0.050000 0.048828
0 0.450000 0.962891 0.050000 0.062500
0 0.460938 0.966797 0.050000 0.062500
0 0.501563 0.953125 0.050000 0.062500
0 0.589063 0.908203 0.050000 0.062500
0 0.653125 0.888672 0.050000 0.062500
0 0.701562 0.865234 0.050000 0.062500
0 0.784375 0.880859 0.050000 0.062500
0 0.787500 0.822266 0.050000 0.062500
0 0.801562 0.837891 0.050000 0.062500
0 0.839063 0.828125 0.050000 0.062500
0 0.854688 0.820312 0.050000 0.062500
0 0.918750 0.812500 0.050000 0.062500
0 0.945312 0.785156 0.050000 0.062500
0 0.977344 0.785156 0.045312 0.062500
0 0.984375 0.792969 0.031250 0.062500
0 0.984375 0.832031 0.031250 0.062500
0 0.901563 0.833984 0.050000 0.062500
0 0.896875 0.855469 0.050000 0.062500
0 0.935937 0.857422 0.050000 0.062500
0 0.932813 0.873047 0.050000 0.062500
0 0.739062 0.332031 0.050000 0.062500
