0 0.315625 0.022461 0.050000 0.044922
0 0.185938 0.248047 0.050000 0.062500
0 0.137500 0.263672 0.050000 0.062500
0 0.182812 0.289062 0.050000 0.062500
0 0.087500 0.345703 0.050000 0.062500
0 0.056250 0.359375 0.050000 0.062500
0 0.026562 0.353516 0.050000 0.062500
0 0.351562 0.347656 0.050000 0.062500
0 0.346875 0.382812 0.050000 0.062500
0 0.251563 0.453125 0.050000 0.062500
0 0.081250 0.521484 0.050000 0.062500
0 0.068750 0.507812 0.050000 0.062500
0 0.534375 0.117188 0.050000 0.062500
0 0.482812 0.310547 0.050000 0.062500
0 0.451562 0.285156 0.050000 0.062500
0 0.470313 0.275391 0.050000 0.062500
0 0.506250 0.267578 0.050000 0.062500
0 0.753125 0.199219 0.050000 0.062500
0 0.789062 0.091797 0.050000 0.062500
0 0.810937 0.185547 0.050000 0.062500
0 0.814063 0.205078 0.050000 0.062500
0 0.818750 0.220703 0.050000 0.062500
0 0.823438 0.242188 0.050000 0.062500
0 0.675000 0.380859 0.050000 0.062500
0 0.676562 0.400391 0.050000 0.062500
0 0.656250 0.392578 0.050000 0.062500
0 0.629687 0.443359 0.050000 0.062500
0 0.603125 0.445312 0.050000 0.062500
0 0.520312 0.501953 0.050000 0.062500
0 0.773438 0.398438 0.050000 0.062500
0 0.762500 0.404297 0.050000 0.062500
0 0.746875 0.437500 0.050000 0.062500
0 0.287500 0.710938 0.050000 0.062500
0 0.318750 0.773438 0.050000 0.062500
0 0.721875 0.720703 0.050000 0.062500
0 0.739062 0.714844 0.050000 0.062500
0 0.715625 0.632812 0.050000 0.062500
0 0.564063 0.977539 0.050000 0.044922
0 0.621875 0.968750 0.050000 0.062500
0 0.670312 0.953125 0.050000 0.062500
0 0.698438 0.978516 0.050000 0.042969
0 0.779687 0.027344 0.050000 0.054688
0 0.757812 0.917969 0.050000 0.062500
0 0.771875 0.935547 0.050000 0.062500
0 0.810937 0.919922 0.050000 0.062500
0 0.828125 0.921875 0.050000 0.062500
0 0.818750 0.957031 0.050000 0.062500
0 0.817187 0.973633 0.050000 0.052734
0 0.892188 0.912109 0.050000 0.062500
0 0.918750 0.896484 0.050000 0.062500
0 0.954688 0.896484 0.050000 0.062500
0 0.971875 0.904297 0.050000 0.062500
0 0.977344 0.943359 0.045312 0.062500
0 0.910937 0.970703 0.050000 0.058594
0 0.925000 0.977539 0.050000 0.044922
0 0.982812 0.855469 0.034375 0.062500
0 0.876563 0.748047 0.050000 0.062500
0 0.887500 0.714844 0.050000 0.062500
0 0.954688 0.714844 0.050000 0.062500
0 0.965625 0.681641 0.050000 0.062500
0 0.896875 0.671875 0.050000 0.062500
0 0.896875 0.654297 0.050000 0.062500
0 0.889062 0.630859 0.050000 0.062500
0 0.878125 0.609375 0.050000 0.062500
0 0.875000 0.666016 0.050000 0.062500
0 0.898438 0.595703 0.050000 0.062500
0 0.857812 0.531250 0.050000 0.062500
0 0.860938 0.492188 0.050000 0.062500
0 0.854688 0.466797 0.050000 0.062500
0 0.851562 0.427734 0.050000 0.062500
0 0.832812 0.417969 0.050000 0.062500
0 0.912500 0.417969 0.050000 0.062500
0 0.929688 0.404297 0.050000 0.062500
0 0.968750 0.447266 0.050000 0.062500
0 0.980469 0.550781 0.039062 0.062500
0 0.962500 0.300781 0.050000 0.062500
0 0.973437 0.316406 0.050000 0.062500
0 0.984375 0.363281 0.031250 0.062500
0 0.975000 0.173828 0.050000 0.062500
