0 0.357812 0.767578 0.050000 0.062500
0 0.368750 0.759766 0.050000 0.062500
0 0.342187 0.787109 0.050000 0.062500
0 0.368750 0.847656 0.050000 0.062500
0 0.176563 0.919922 0.050000 0.062500
0 0.159375 0.914062 0.050000 0.062500
0 0.031250 0.740234 0.050000 0.062500
0 0.148438 0.681641 0.050000 0.062500
0 0.189062 0.658203 0.050000 0.062500
0 0.207813 0.697266 0.050000 0.062500
0 0.464062 0.722656 0.050000 0.062500
0 0.498437 0.679688 0.050000 0.062500
0 0.545312 0.662109 0.050000 0.062500
0 0.531250 0.701172 0.050000 0.062500
0 0.648438 0.814453 0.050000 0.062500
0 0.646875 0.783203 0.050000 0.062500
0 0.671875 0.794922 0.050000 0.062500
0 0.684375 0.818359 0.050000 0.062500
0 0.679688 0.833984 0.050000 0.062500
0 0.528125 0.925781 0.050000 0.062500
0 0.776563 0.835938 0.050000 0.062500
0 0.845313 0.857422 0.050000 0.062500
0 0.857812 0.871094 0.050000 0.062500
0 0.859375 0.908203 0.050000 0.062500
0 0.868750 0.933594 0.050000 0.062500
0 0.854688 0.970703 0.050000 0.058594
0 0.920312 0.841797 0.050000 0.062500
0 0.925000 0.869141 0.050000 0.062500
0 0.962500 0.806641 0.050000 0.062500
0 0.965625 0.746094 0.050000 0.062500
0 0.976562 0.757812 0.046875 0.062500
0 0.832812 0.677734 0.050000 0.062500
0 0.826562 0.644531 0.050000 0.062500
0 0.840625 0.615234 0.050000 0.062500
0 0.983594 0.609375 0.032813 0.062500
0 0.806250 0.525391 0.050000 0.062500
0 0.800000 0.455078 0.050000 0.062500
0 0.548438 0.541016 0.050000 0.062500
0 0.696875 0.412109 0.050000 0.062500
0 0.685937 0.423828 0.050000 0.062500
0 0.765625 0.335938 0.050000 0.062500
0 0.779687 0.353516 0.050000 0.062500
0 0.846875 0.333984 0.050000 0.062500
0 0.798438 0.234375 0.050000 0.062500
0 0.793750 0.208984 0.050000 0.062500
0 0.814063 0.199219 0.050000 0.062500
0 0.754687 0.150391 0.050000 0.062500
0 0.751563 0.125000 0.050000 0.062500
0 0.768750 0.128906 0.050000 0.062500
0 0.510938 0.156250 0.050000 0.062500
0 0.525000 0.158203 0.050000 0.062500
0 0.539062 0.166016 0.050000 0.062500
0 0.495312 0.214844 0.050000 0.062500
0 0.415625 0.400391 0.050000 0.062500
0 0.221875 0.103516 0.050000 0.062500
0 0.217188 0.164062 0.050000 0.062500
0 0.210938 0.177734 0.050000 0.062500
0 0.251563 0.208984 0.050000 0.062500
0 0.301563 0.208984 0.050000 0.062500
0 0.310937 0.208984 0.050000 0.062500
0 0.337500 0.166016 0.050000 0.062500
0 0.040625 0.207031 0.050000 0.062500
0 0.040625 0.183594 0.050000 0.062500
0 0.042188 0.160156 0.050000 0.062500
0 0.089063 0.144531 0.050000 0.062500
0 0.315625 0.037109 0.050000 0.062500
0 0.356250 0.044922 0.050000 0.062500
0 0.500000 0.022461 0.050000 0.044922
0 0.581250 0.022461 0.050000 0.044922
0 0.593750 0.022461 0.050000 0.044922
0 0.632812 0.017578 0.050000 0.035156
0 0.645312 0.020508 0.050000 0.041016
0 0.014063 0.074219 0.028125 0.062500
