0 0.506250 0.019531 0.050000 0.039062
0 0.814063 0.018555 0.050000 0.037109
0 0.971875 0.039062 0.050000 0.062500
0 0.050000 0.210938 0.050000 0.062500
0 0.068750 0.212891 0.050000 0.062500
0 0.098437 0.232422 0.050000 0.062500
0 0.109375 0.238281 0.050000 0.062500
0 0.196875 0.251953 0.050000 0.062500
0 0.321875 0.208984 0.050000 0.062500
0 0.290625 0.306641 0.050000 0.062500
0 0.337500 0.357422 0.050000 0.062500
0 0.376563 0.240234 0.050000 0.062500
0 0.476562 0.273438 0.050000 0.062500
0 0.517188 0.263672 0.050000 0.062500
0 0.493750 0.302734 0.050000 0.062500
0 0.576562 0.322266 0.050000 0.062500
0 0.590625 0.326172 0.050000 0.062500
0 0.620313 0.312500 0.050000 0.062500
0 0.648438 0.310547 0.050000 0.062500
0 0.515625 0.455078 0.050000 0.062500
0 0.490625 0.488281 0.050000 0.062500
0 0.440625 0.521484 0.050000 0.062500
0 0.218750 0.388672 0.050000 0.062500
0 0.076563 0.435547 0.050000 0.062500
0 0.023438 0.285156 0.046875 0.062500
0 0.034375 0.453125 0.050000 0.062500
0 0.025000 0.480469 0.050000 0.062500
0 0.029687 0.500000 0.050000 0.062500
0 0.212500 0.480469 0.050000 0.062500
0 0.209375 0.474609 0.050000 0.062500
0 0.225000 0.498047 0.050000 0.062500
0 0.220312 0.519531 0.050000 0.062500
0 0.215625 0.462891 0.050000 0.062500
0 0.453125 0.695312 0.050000 0.062500
0 0.185938 0.953125 0.050000 0.062500
0 0.137500 0.974609 0.050000 0.050781
0 0.207813 0.978516 0.050000 0.042969
0 0.559375 0.964844 0.050000 0.062500
0 0.581250 0.962891 0.050000 0.062500
0 0.796875 0.826172 0.050000 0.062500
0 0.815625 0.937500 0.050000 0.062500
0 0.815625 0.949219 0.050000 0.062500
0 0.828125 0.955078 0.050000 0.062500
0 0.815625 0.971680 0.050000 0.056641
0 0.876563 0.931641 0.050000 0.062500
0 0.721875 0.714844 0.050000 0.062500
0 0.771875 0.691406 0.050000 0.062500
0 0.776563 0.732422 0.050000 0.062500
0 0.840625 0.697266 0.050000 0.062500
0 0.778125 0.654297 0.050000 0.062500
0 0.807813 0.548828 0.050000 0.062500
0 0.790625 0.535156 0.050000 0.062500
0 0.751563 0.449219 0.050000 0.062500
0 0.748437 0.427734 0.050000 0.062500
0 0.760938 0.425781 0.050000 0.062500
0 0.790625 0.513672 0.050000 0.062500
