0 0.576562 0.020508 0.050000 0.041016
0 0.553125 0.035156 0.050000 0.062500
0 0.581250 0.046875 0.050000 0.062500
0 0.620313 0.041016 0.050000 0.062500
0 0.648438 0.060547 0.050000 0.062500
0 0.617188 0.083984 0.050000 0.062500
0 0.485938 0.023438 0.050000 0.046875
0 0.450000 0.072266 0.050000 0.062500
0 0.418750 0.052734 0.050000 0.062500
0 0.384375 0.018555 0.050000 0.037109
0 0.367188 0.046875 0.050000 0.062500
0 0.420312 0.177734 0.050000 0.062500
0 0.426563 0.152344 0.050000 0.062500
0 0.389062 0.222656 0.050000 0.062500
0 0.415625 0.337891 0.050000 0.062500
0 0.406250 0.287109 0.050000 0.062500
0 0.515625 0.298828 0.050000 0.062500
0 0.539062 0.207031 0.050000 0.062500
0 0.593750 0.224609 0.050000 0.062500
0 0.667188 0.212891 0.050000 0.062500
0 0.740625 0.207031 0.050000 0.062500
0 0.787500 0.195312 0.050000 0.062500
0 0.767188 0.214844 0.050000 0.062500
0 0.787500 0.195312 0.050000 0.062500
0 0.593750 0.150391 0.050000 0.062500
0 0.762500 0.066406 0.050000 0.062500
0 0.928125 0.230469 0.050000 0.062500
0 0.957812 0.261719 0.050000 0.062500
0 0.971875 0.283203 0.050000 0.062500
0 0.980469 0.298828 0.039062 0.062500
0 0.732812 0.519531 0.050000 0.062500
0 0.756250 0.535156 0.050000 0.062500
0 0.787500 0.541016 0.050000 0.062500
0 0.789062 0.558594 0.050000 0.062500
0 0.678125 0.382812 0.050000 0.062500
0 0.610938 0.439453 0.050000 0.062500
0 0.600000 0.632812 0.050000 0.062500
0 0.643750 0.619141 0.050000 0.062500
0 0.667188 0.669922 0.050000 0.062500
0 0.659375 0.707031 0.050000 0.062500
0 0.618750 0.748047 0.050000 0.062500
0 0.595313 0.738281 0.050000 0.062500
0 0.582812 0.746094 0.050000 0.062500
0 0.637500 0.742188 0.050000 0.062500
0 0.623437 0.763672 0.050000 0.062500
0 0.443750 0.767578 0.050000 0.062500
0 0.571875 0.794922 0.050000 0.062500
0 0.615625 0.800781 0.050000 0.062500
0 0.671875 0.769531 0.050000 0.062500
0 0.696875 0.769531 0.050000 0.062500
0 0.714063 0.757812 0.050000 0.062500
0 0.706250 0.779297 0.050000 0.062500
0 0.746875 0.744141 0.050000 0.062500
0 0.893750 0.740234 0.050000 0.062500
0 0.895312 0.599609 0.050000 0.062500
0 0.975781 0.603516 0.048438 0.062500
0 0.985156 0.695312 0.029687 0.062500
0 0.904687 0.777344 0.050000 0.062500
0 0.906250 0.826172 0.050000 0.062500
0 0.967187 0.861328 0.050000 0.062500
0 0.115625 0.802734 0.050000 0.062500
0 0.101562 0.800781 0.050000 0.062500
0 0.085938 0.806641 0.050000 0.062500
0 0.071875 0.806641 0.050000 0.062500
0 0.192188 0.708984 0.050000 0.062500
0 0.203125 0.884766 0.050000 0.062500
0 0.093750 0.650391 0.050000 0.062500
0 0.050000 0.498047 0.050000 0.062500
0 0.064062 0.478516 0.050000 0.062500
0 0.493750 0.138672 0.050000 0.062500
0 0.565625 0.146484 0.050000 0.062500
0 0.410938 0.148438 0.050000 0.062500
0 0.401562 0.166016 0.050000 0.062500
0 0.767188 0.025391 0.050000 0.050781
0 0.184375 0.470703 0.050000 0.062500
0 0.362500 0.416016 0.050000 0.062500
