0 0.807813 0.019531 0.050000 0.039062
0 0.776563 0.076172 0.050000 0.062500
0 0.810937 0.175781 0.050000 0.062500
0 0.796875 0.205078 0.050000 0.062500
0 0.790625 0.218750 0.050000 0.062500
0 0.870313 0.134766 0.050000 0.062500
0 0.835938 0.022461 0.050000 0.044922
0 0.876563 0.025391 0.050000 0.050781
0 0.784375 0.020508 0.050000 0.041016
0 0.910937 0.028320 0.050000 0.056641
0 0.915625 0.072266 0.050000 0.062500
0 0.945312 0.027344 0.050000 0.054688
0 0.985938 0.068359 0.028125 0.062500
0 0.957812 0.205078 0.050000 0.062500
0 0.901563 0.251953 0.050000 0.062500
0 0.898438 0.347656 0.050000 0.062500
0 0.984375 0.279297 0.031250 0.062500
0 0.985156 0.513672 0.029687 0.062500
0 0.957812 0.707031 0.050000 0.062500
0 0.962500 0.509766 0.050000 0.062500
0 0.981250 0.740234 0.037500 0.062500
0 0.982812 0.759766 0.034375 0.062500
0 0.984375 0.687500 0.031250 0.062500
0 0.950000 0.816406 0.050000 0.062500
0 0.967187 0.826172 0.050000 0.062500
0 0.981250 0.826172 0.037500 0.062500
0 0.983594 0.880859 0.032813 0.062500
0 0.937500 0.861328 0.050000 0.062500
0 0.918750 0.869141 0.050000 0.062500
0 0.932813 0.841797 0.050000 0.062500
0 0.906250 0.835938 0.050000 0.062500
0 0.898438 0.849609 0.050000 0.062500
0 0.868750 0.849609 0.050000 0.062500
0 0.798438 0.828125 0.050000 0.062500
0 0.557813 0.755859 0.050000 0.062500
0 0.535937 0.736328 0.050000 0.062500
0 0.470313 0.837891 0.050000 0.062500
0 0.450000 0.824219 0.050000 0.062500
0 0.437500 0.837891 0.050000 0.062500
0 0.420312 0.833984 0.050000 0.062500
0 0.350000 0.979492 0.050000 0.041016
0 0.240625 0.968750 0.050000 0.062500
0 0.271875 0.841797 0.050000 0.062500
0 0.237500 0.845703 0.050000 0.062500
0 0.360938 0.685547 0.050000 0.062500
0 0.365625 0.625000 0.050000 0.062500
0 0.312500 0.617188 0.050000 0.062500
0 0.298438 0.605469 0.050000 0.062500
0 0.314063 0.599609 0.050000 0.062500
0 0.307812 0.589844 0.050000 0.062500
0 0.446875 0.525391 0.050000 0.062500
0 0.237500 0.521484 0.050000 0.062500
0 0.176563 0.630859 0.050000 0.062500
0 0.145313 0.626953 0.050000 0.062500
0 0.014844 0.740234 0.029687 0.062500
0 0.014063 0.531250 0.028125 0.062500
0 0.070312 0.541016 0.050000 0.062500
0 0.125000 0.519531 0.050000 0.062500
0 0.142187 0.523438 0.050000 0.062500
0 0.157812 0.525391 0.050000 0.062500
0 0.168750 0.523438 0.050000 0.062500
0 0.767188 0.271484 0.050000 0.062500
0 0.742188 0.513672 0.050000 0.062500
0 0.550000 0.507812 0.050000 0.062500
0 0.428125 0.503906 0.050000 0.062500
0 0.715625 0.501953 0.050000 0.062500
