0 0.789062 0.089844 0.050000 0.062500
0 0.801562 0.150391 0.050000 0.062500
0 0.782813 0.175781 0.050000 0.062500
0 0.768750 0.160156 0.050000 0.062500
0 0.746875 0.097656 0.050000 0.062500
0 0.748437 0.058594 0.050000 0.062500
0 0.846875 0.148438 0.050000 0.062500
0 0.870313 0.152344 0.050000 0.062500
0 0.870313 0.152344 0.050000 0.062500
0 0.864062 0.232422 0.050000 0.062500
0 0.840625 0.236328 0.050000 0.062500
0 0.870313 0.277344 0.050000 0.062500
0 0.796875 0.230469 0.050000 0.062500
0 0.793750 0.283203 0.050000 0.062500
0 0.759375 0.281250 0.050000 0.062500
0 0.759375 0.246094 0.050000 0.062500
0 0.767188 0.347656 0.050000 0.062500
0 0.818750 0.378906 0.050000 0.062500
0 0.854688 0.388672 0.050000 0.062500
0 0.793750 0.474609 0.050000 0.062500
0 0.779687 0.496094 0.050000 0.062500
0 0.754687 0.548828 0.050000 0.062500
0 0.898438 0.552734 0.050000 0.062500
0 0.887500 0.630859 0.050000 0.062500
0 0.971875 0.566406 0.050000 0.062500
0 0.945312 0.486328 0.050000 0.062500
0 0.980469 0.480469 0.039062 0.062500
0 0.973437 0.314453 0.050000 0.062500
0 0.982812 0.312500 0.034375 0.062500
0 0.985938 0.230469 0.028125 0.062500
0 0.915625 0.230469 0.050000 0.062500
0 0.923438 0.285156 0.050000 0.062500
0 0.934375 0.320312 0.050000 0.062500
0 0.940625 0.294922 0.050000 0.062500
0 0.701562 0.779297 0.050000 0.062500
0 0.593750 0.773438 0.050000 0.062500
0 0.609375 0.779297 0.050000 0.062500
0 0.535937 0.777344 0.050000 0.062500
0 0.421875 0.779297 0.050000 0.062500
0 0.292187 0.859375 0.050000 0.062500
0 0.281250 0.884766 0.050000 0.062500
0 0.293750 0.892578 0.050000 0.062500
0 0.314063 0.861328 0.050000 0.062500
0 0.304688 0.958984 0.050000 0.062500
0 0.056250 0.900391 0.050000 0.062500
0 0.117188 0.796875 0.050000 0.062500
0 0.137500 0.800781 0.050000 0.062500
0 0.154688 0.800781 0.050000 0.062500
0 0.173437 0.794922 0.050000 0.062500
0 0.228125 0.798828 0.050000 0.062500
0 0.064062 0.816406 0.050000 0.062500
0 0.951562 0.789062 0.050000 0.062500
0 0.978906 0.785156 0.042188 0.062500
0 0.984375 0.794922 0.031250 0.062500
0 0.979688 0.941406 0.040625 0.062500
0 0.978906 0.977539 0.042188 0.044922
0 0.984375 0.983398 0.031250 0.033203
