0 0.806250 0.046875 0.050000 0.062500
0 0.792188 0.031250 0.050000 0.062500
0 0.767188 0.039062 0.050000 0.062500
0 0.764062 0.111328 0.050000 0.062500
0 0.798438 0.078125 0.050000 0.062500
0 0.801562 0.126953 0.050000 0.062500
0 0.860938 0.031250 0.050000 0.062500
0 0.798438 0.017578 0.050000 0.035156
0 0.921875 0.041016 0.050000 0.062500
0 0.982031 0.046875 0.035937 0.062500
0 0.896875 0.259766 0.050000 0.062500
0 0.781250 0.220703 0.050000 0.062500
0 0.787500 0.242188 0.050000 0.062500
0 0.782813 0.257812 0.050000 0.062500
0 0.757812 0.310547 0.050000 0.062500
0 0.893750 0.388672 0.050000 0.062500
0 0.928125 0.349609 0.050000 0.062500
0 0.978906 0.324219 0.042188 0.062500
0 0.982812 0.552734 0.034375 0.062500
0 0.954688 0.556641 0.050000 0.062500
0 0.984375 0.708984 0.031250 0.062500
0 0.935937 0.853516 0.050000 0.062500
0 0.954688 0.859375 0.050000 0.062500
0 0.975000 0.859375 0.050000 0.062500
0 0.983594 0.859375 0.032813 0.062500
0 0.975000 0.908203 0.050000 0.062500
0 0.923438 0.898438 0.050000 0.062500
0 0.901563 0.904297 0.050000 0.062500
0 0.787500 0.861328 0.050000 0.062500
0 0.576562 0.972656 0.050000 0.054688
0 0.571875 0.953125 0.050000 0.062500
0 0.523438 0.970703 0.050000 0.058594
0 0.464062 0.871094 0.050000 0.062500
0 0.448437 0.865234 0.050000 0.062500
0 0.417187 0.873047 0.050000 0.062500
0 0.354687 0.888672 0.050000 0.062500
0 0.264062 0.876953 0.050000 0.062500
0 0.226562 0.882812 0.050000 0.062500
0 0.114062 0.746094 0.050000 0.062500
0 0.098437 0.699219 0.050000 0.062500
0 0.068750 0.583984 0.050000 0.062500
0 0.120313 0.562500 0.050000 0.062500
0 0.137500 0.564453 0.050000 0.062500
0 0.151562 0.568359 0.050000 0.062500
0 0.231250 0.564453 0.050000 0.062500
0 0.310937 0.570312 0.050000 0.062500
0 0.275000 0.615234 0.050000 0.062500
0 0.257812 0.613281 0.050000 0.062500
0 0.293750 0.617188 0.050000 0.062500
0 0.293750 0.617188 0.050000 0.062500
0 0.410938 0.572266 0.050000 0.062500
0 0.420312 0.546875 0.050000 0.062500
0 0.540625 0.539062 0.050000 0.062500
0 0.532813 0.742188 0.050000 0.062500
0 0.609375 0.542969 0.050000 0.062500
0 0.595313 0.542969 0.050000 0.062500
0 0.737500 0.554688 0.050000 0.062500
0 0.701562 0.541016 0.050000 0.062500
0 0.282813 0.636719 0.050000 0.062500
