0 0.081250 0.960938 0.050000 0.062500
0 0.095312 0.960938 0.050000 0.062500
0 0.107813 0.960938 0.050000 0.062500
0 0.128125 0.955078 0.050000 0.062500
0 0.193750 0.955078 0.050000 0.062500
0 0.259375 0.977539 0.050000 0.044922
0 0.387500 0.935547 0.050000 0.062500
0 0.507812 0.937500 0.050000 0.062500
0 0.565625 0.937500 0.050000 0.062500
0 0.668750 0.939453 0.050000 0.062500
0 0.826562 0.841797 0.050000 0.062500
0 0.840625 0.796875 0.050000 0.062500
0 0.853125 0.792969 0.050000 0.062500
0 0.703125 0.947266 0.050000 0.062500
0 0.921875 0.941406 0.050000 0.062500
0 0.953125 0.947266 0.050000 0.062500
0 0.964063 0.960938 0.050000 0.062500
0 0.978125 0.912109 0.043750 0.062500
0 0.942187 0.722656 0.050000 0.062500
0 0.982812 0.746094 0.034375 0.062500
0 0.750000 0.652344 0.050000 0.062500
0 0.746875 0.634766 0.050000 0.062500
0 0.726562 0.710938 0.050000 0.062500
0 0.725000 0.513672 0.050000 0.062500
0 0.762500 0.527344 0.050000 0.062500
0 0.823438 0.445312 0.050000 0.062500
0 0.812500 0.406250 0.050000 0.062500
0 0.829688 0.392578 0.050000 0.062500
0 0.846875 0.542969 0.050000 0.062500
0 0.878125 0.525391 0.050000 0.062500
0 0.975000 0.570312 0.050000 0.062500
0 0.885938 0.449219 0.050000 0.062500
0 0.878125 0.484375 0.050000 0.062500
0 0.893750 0.396484 0.050000 0.062500
0 0.909375 0.392578 0.050000 0.062500
0 0.946875 0.457031 0.050000 0.062500
0 0.981250 0.443359 0.037500 0.062500
0 0.975000 0.402344 0.050000 0.062500
0 0.839063 0.312500 0.050000 0.062500
0 0.814063 0.308594 0.050000 0.062500
0 0.829688 0.291016 0.050000 0.062500
0 0.770312 0.310547 0.050000 0.062500
0 0.759375 0.257812 0.050000 0.062500
0 0.718750 0.263672 0.050000 0.062500
0 0.721875 0.218750 0.050000 0.062500
0 0.732812 0.398438 0.050000 0.062500
0 0.751563 0.369141 0.050000 0.062500
0 0.760938 0.416016 0.050000 0.062500
0 0.717187 0.396484 0.050000 0.062500
0 0.037500 0.968750 0.050000 0.062500
0 0.176563 0.923828 0.050000 0.062500
0 0.393750 0.953125 0.050000 0.062500
0 0.579688 0.941406 0.050000 0.062500
