0 0.418750 0.458984 0.050000 0.062500
0 0.637500 0.726562 0.050000 0.062500
0 0.642188 0.759766 0.050000 0.062500
0 0.684375 0.759766 0.050000 0.062500
0 0.723437 0.826172 0.050000 0.062500
0 0.737500 0.810547 0.050000 0.062500
0 0.753125 0.806641 0.050000 0.062500
0 0.759375 0.783203 0.050000 0.062500
0 0.667188 0.853516 0.050000 0.062500
0 0.676562 0.894531 0.050000 0.062500
0 0.651563 0.929688 0.050000 0.062500
0 0.651563 0.971680 0.050000 0.056641
0 0.753125 0.894531 0.050000 0.062500
0 0.775000 0.958984 0.050000 0.062500
0 0.768750 0.979492 0.050000 0.041016
0 0.800000 0.914062 0.050000 0.062500
0 0.821875 0.886719 0.050000 0.062500
0 0.870313 0.955078 0.050000 0.062500
0 0.912500 0.953125 0.050000 0.062500
0 0.898438 0.908203 0.050000 0.062500
0 0.948438 0.972656 0.050000 0.054688
0 0.970313 0.979492 0.050000 0.041016
