0 0.062500 0.400391 0.050000 0.062500
0 0.026562 0.173828 0.050000 0.062500
0 0.023438 0.255859 0.046875 0.062500
0 0.023438 0.287109 0.046875 0.062500
0 0.017969 0.337891 0.035937 0.062500
0 0.018750 0.369141 0.037500 0.062500
0 0.031250 0.419922 0.050000 0.062500
0 0.054688 0.335938 0.050000 0.062500
0 0.062500 0.371094 0.050000 0.062500
0 0.070312 0.253906 0.050000 0.062500
0 0.096875 0.281250 0.050000 0.062500
0 0.114062 0.322266 0.050000 0.062500
0 0.095312 0.398438 0.050000 0.062500
0 0.071875 0.437500 0.050000 0.062500
0 0.151562 0.302734 0.050000 0.062500
0 0.132812 0.335938 0.050000 0.062500
0 0.112500 0.369141 0.050000 0.062500
0 0.150000 0.363281 0.050000 0.062500
0 0.160938 0.416016 0.050000 0.062500
0 0.182812 0.375000 0.050000 0.062500
0 0.201563 0.355469 0.050000 0.062500
0 0.184375 0.416016 0.050000 0.062500
0 0.107813 0.455078 0.050000 0.062500
0 0.095312 0.494141 0.050000 0.062500
0 0.115625 0.527344 0.050000 0.062500
0 0.134375 0.603516 0.050000 0.062500
0 0.168750 0.564453 0.050000 0.062500
0 0.159375 0.517578 0.050000 0.062500
0 0.182812 0.476562 0.050000 0.062500
0 0.196875 0.449219 0.050000 0.062500
0 0.214062 0.523438 0.050000 0.062500
0 0.209375 0.494141 0.050000 0.062500
0 0.220312 0.464844 0.050000 0.062500
0 0.245312 0.462891 0.050000 0.062500
0 0.250000 0.521484 0.050000 0.062500
0 0.206250 0.416016 0.050000 0.062500
0 0.232813 0.412109 0.050000 0.062500
0 0.232813 0.369141 0.050000 0.062500
0 0.257812 0.402344 0.050000 0.062500
0 0.290625 0.375000 0.050000 0.062500
0 0.290625 0.408203 0.050000 0.062500
0 0.295312 0.445312 0.050000 0.062500
0 0.275000 0.470703 0.050000 0.062500
0 0.284375 0.507812 0.050000 0.062500
0 0.287500 0.541016 0.050000 0.062500
0 0.321875 0.482422 0.050000 0.062500
0 0.323437 0.529297 0.050000 0.062500
0 0.325000 0.570312 0.050000 0.062500
0 0.306250 0.638672 0.050000 0.062500
0 0.359375 0.591797 0.050000 0.062500
0 0.376563 0.617188 0.050000 0.062500
0 0.414062 0.613281 0.050000 0.062500
0 0.376563 0.548828 0.050000 0.062500
0 0.351562 0.525391 0.050000 0.062500
0 0.350000 0.498047 0.050000 0.062500
0 0.350000 0.460938 0.050000 0.062500
0 0.371875 0.451172 0.050000 0.062500
0 0.371875 0.488281 0.050000 0.062500
0 0.387500 0.519531 0.050000 0.062500
0 0.425000 0.578125 0.050000 0.062500
0 0.454688 0.609375 0.050000 0.062500
0 0.510938 0.638672 0.050000 0.062500
0 0.446875 0.552734 0.050000 0.062500
0 0.440625 0.531250 0.050000 0.062500
0 0.420312 0.521484 0.050000 0.062500
0 0.434375 0.490234 0.050000 0.062500
0 0.412500 0.482422 0.050000 0.062500
0 0.396875 0.470703 0.050000 0.062500
0 0.437500 0.468750 0.050000 0.062500
0 0.473438 0.490234 0.050000 0.062500
0 0.473438 0.529297 0.050000 0.062500
0 0.506250 0.531250 0.050000 0.062500
0 0.500000 0.496094 0.050000 0.062500
0 0.471875 0.455078 0.050000 0.062500
0 0.454688 0.435547 0.050000 0.062500
0 0.426563 0.435547 0.050000 0.062500
0 0.403125 0.447266 0.050000 0.062500
0 0.401562 0.388672 0.050000 0.062500
0 0.417187 0.375000 0.050000 0.062500
0 0.426563 0.355469 0.050000 0.062500
0 0.425000 0.388672 0.050000 0.062500
0 0.443750 0.373047 0.050000 0.062500
0 0.446875 0.402344 0.050000 0.062500
0 0.473438 0.425781 0.050000 0.062500
0 0.500000 0.441406 0.050000 0.062500
0 0.517188 0.466797 0.050000 0.062500
0 0.548438 0.453125 0.050000 0.062500
0 0.551562 0.593750 0.050000 0.062500
0 0.570312 0.548828 0.050000 0.062500
0 0.600000 0.503906 0.050000 0.062500
0 0.740625 0.533203 0.050000 0.062500
0 0.662500 0.607422 0.050000 0.062500
0 0.609375 0.781250 0.050000 0.062500
0 0.653125 0.794922 0.050000 0.062500
0 0.690625 0.759766 0.050000 0.062500
0 0.718750 0.722656 0.050000 0.062500
0 0.715625 0.660156 0.050000 0.062500
0 0.678125 0.671875 0.050000 0.062500
0 0.646875 0.681641 0.050000 0.062500
0 0.629687 0.718750 0.050000 0.062500
0 0.437500 0.296875 0.050000 0.062500
0 0.453125 0.347656 0.050000 0.062500
0 0.479687 0.328125 0.050000 0.062500
0 0.476562 0.375000 0.050000 0.062500
0 0.484375 0.402344 0.050000 0.062500
0 0.504687 0.404297 0.050000 0.062500
0 0.539062 0.419922 0.050000 0.062500
0 0.584375 0.458984 0.050000 0.062500
0 0.570312 0.408203 0.050000 0.062500
0 0.560937 0.380859 0.050000 0.062500
0 0.528125 0.373047 0.050000 0.062500
0 0.506250 0.375000 0.050000 0.062500
0 0.521875 0.345703 0.050000 0.062500
0 0.584375 0.349609 0.050000 0.062500
0 0.592187 0.388672 0.050000 0.062500
0 0.626563 0.380859 0.050000 0.062500
0 0.629687 0.306641 0.050000 0.062500
0 0.598437 0.296875 0.050000 0.062500
0 0.575000 0.308594 0.050000 0.062500
0 0.550000 0.335938 0.050000 0.062500
0 0.546875 0.300781 0.050000 0.062500
0 0.517188 0.310547 0.050000 0.062500
0 0.478125 0.281250 0.050000 0.062500
0 0.492188 0.248047 0.050000 0.062500
0 0.510938 0.220703 0.050000 0.062500
0 0.525000 0.265625 0.050000 0.062500
0 0.537500 0.236328 0.050000 0.062500
0 0.564063 0.277344 0.050000 0.062500
0 0.560937 0.251953 0.050000 0.062500
0 0.595313 0.267578 0.050000 0.062500
0 0.625000 0.267578 0.050000 0.062500
0 0.650000 0.230469 0.050000 0.062500
0 0.612500 0.228516 0.050000 0.062500
0 0.573438 0.218750 0.050000 0.062500
0 0.590625 0.195312 0.050000 0.062500
0 0.554688 0.201172 0.050000 0.062500
0 0.565625 0.162109 0.050000 0.062500
0 0.539062 0.187500 0.050000 0.062500
0 0.600000 0.126953 0.050000 0.062500
0 0.565625 0.121094 0.050000 0.062500
0 0.656250 0.328125 0.050000 0.062500
0 0.690625 0.337891 0.050000 0.062500
0 0.815625 0.332031 0.050000 0.062500
0 0.839063 0.304688 0.050000 0.062500
0 0.829688 0.203125 0.050000 0.062500
0 0.737500 0.267578 0.050000 0.062500
0 0.660937 0.500000 0.050000 0.062500
0 0.862500 0.154297 0.050000 0.062500
0 0.890625 0.107422 0.050000 0.062500
0 0.968750 0.046875 0.050000 0.062500
0 0.806250 0.041016 0.050000 0.062500
0 0.789062 0.080078 0.050000 0.062500
0 0.753125 0.099609 0.050000 0.062500
0 0.771875 0.148438 0.050000 0.062500
0 0.767188 0.181641 0.050000 0.062500
0 0.715625 0.205078 0.050000 0.062500
0 0.675000 0.281250 0.050000 0.062500
0 0.695312 0.167969 0.050000 0.062500
0 0.671875 0.195312 0.050000 0.062500
0 0.639062 0.181641 0.050000 0.062500
0 0.603125 0.158203 0.050000 0.062500
0 0.660937 0.152344 0.050000 0.062500
0 0.637500 0.162109 0.050000 0.062500
0 0.632812 0.130859 0.050000 0.062500
0 0.660937 0.126953 0.050000 0.062500
0 0.687500 0.130859 0.050000 0.062500
0 0.709375 0.093750 0.050000 0.062500
0 0.735938 0.066406 0.050000 0.062500
0 0.757812 0.022461 0.050000 0.044922
0 0.725000 0.022461 0.050000 0.044922
0 0.704688 0.046875 0.050000 0.062500
0 0.678125 0.087891 0.050000 0.062500
0 0.678125 0.054688 0.050000 0.062500
0 0.682813 0.028320 0.050000 0.056641
0 0.650000 0.058594 0.050000 0.062500
0 0.654687 0.091797 0.050000 0.062500
0 0.625000 0.099609 0.050000 0.062500
0 0.618750 0.058594 0.050000 0.062500
0 0.632812 0.030273 0.050000 0.060547
0 0.595313 0.080078 0.050000 0.062500
0 0.662500 0.024414 0.050000 0.048828
0 0.606250 0.024414 0.050000 0.048828
0 0.081250 0.333984 0.050000 0.062500
0 0.062500 0.312500 0.050000 0.062500
0 0.100000 0.314453 0.050000 0.062500
0 0.821875 0.132812 0.050000 0.062500
