0 0.020313 0.693359 0.040625 0.062500
0 0.017188 0.705078 0.034375 0.062500
0 0.026562 0.695312 0.050000 0.062500
0 0.042188 0.701172 0.050000 0.062500
0 0.017188 0.753906 0.034375 0.062500
0 0.023438 0.765625 0.046875 0.062500
0 0.014844 0.787109 0.029687 0.062500
0 0.062500 0.755859 0.050000 0.062500
0 0.167187 0.738281 0.050000 0.062500
0 0.226562 0.751953 0.050000 0.062500
0 0.218750 0.884766 0.050000 0.062500
0 0.281250 0.789062 0.050000 0.062500
0 0.446875 0.763672 0.050000 0.062500
0 0.468750 0.765625 0.050000 0.062500
0 0.360938 0.921875 0.050000 0.062500
0 0.510938 0.769531 0.050000 0.062500
0 0.579688 0.971680 0.050000 0.056641
0 0.420312 0.977539 0.050000 0.044922
0 0.684375 0.978516 0.050000 0.042969
0 0.684375 0.767578 0.050000 0.062500
0 0.714063 0.769531 0.050000 0.062500
0 0.700000 0.767578 0.050000 0.062500
0 0.667188 0.765625 0.050000 0.062500
0 0.778125 0.759766 0.050000 0.062500
0 0.871875 0.837891 0.050000 0.062500
0 0.907813 0.810547 0.050000 0.062500
0 0.931250 0.789062 0.050000 0.062500
0 0.945312 0.794922 0.050000 0.062500
0 0.976562 0.773438 0.046875 0.062500
0 0.982812 0.777344 0.034375 0.062500
