0 0.018750 0.347656 0.037500 0.062500
0 0.023438 0.386719 0.046875 0.062500
0 0.064062 0.423828 0.050000 0.062500
0 0.059375 0.380859 0.050000 0.062500
0 0.071875 0.382812 0.050000 0.062500
0 0.085938 0.369141 0.050000 0.062500
0 0.064062 0.359375 0.050000 0.062500
0 0.075000 0.347656 0.050000 0.062500
0 0.096875 0.355469 0.050000 0.062500
0 0.114062 0.363281 0.050000 0.062500
0 0.131250 0.367188 0.050000 0.062500
0 0.148438 0.369141 0.050000 0.062500
0 0.115625 0.423828 0.050000 0.062500
0 0.157812 0.431641 0.050000 0.062500
0 0.178125 0.443359 0.050000 0.062500
0 0.184375 0.472656 0.050000 0.062500
0 0.209375 0.453125 0.050000 0.062500
0 0.204687 0.486328 0.050000 0.062500
0 0.228125 0.468750 0.050000 0.062500
0 0.231250 0.503906 0.050000 0.062500
0 0.256250 0.488281 0.050000 0.062500
0 0.253125 0.464844 0.050000 0.062500
0 0.290625 0.470703 0.050000 0.062500
0 0.300000 0.433594 0.050000 0.062500
0 0.284375 0.429688 0.050000 0.062500
0 0.265625 0.414062 0.050000 0.062500
0 0.251563 0.408203 0.050000 0.062500
0 0.231250 0.417969 0.050000 0.062500
0 0.210938 0.396484 0.050000 0.062500
0 0.323437 0.476562 0.050000 0.062500
0 0.348438 0.484375 0.050000 0.062500
0 0.392188 0.462891 0.050000 0.062500
0 0.446875 0.488281 0.050000 0.062500
0 0.390625 0.634766 0.050000 0.062500
0 0.075000 0.572266 0.050000 0.062500
0 0.054688 0.662109 0.050000 0.062500
0 0.120313 0.767578 0.050000 0.062500
0 0.189062 0.664062 0.050000 0.062500
0 0.248438 0.742188 0.050000 0.062500
0 0.262500 0.757812 0.050000 0.062500
0 0.264062 0.837891 0.050000 0.062500
0 0.554688 0.798828 0.050000 0.062500
0 0.570312 0.671875 0.050000 0.062500
0 0.406250 0.908203 0.050000 0.062500
0 0.689063 0.521484 0.050000 0.062500
0 0.895312 0.531250 0.050000 0.062500
0 0.915625 0.531250 0.050000 0.062500
0 0.928125 0.531250 0.050000 0.062500
0 0.953125 0.765625 0.050000 0.062500
0 0.977344 0.867188 0.045312 0.062500
0 0.940625 0.605469 0.050000 0.062500
