0 0.248438 0.681641 0.050000 0.062500
0 0.253125 0.666016 0.050000 0.062500
0 0.270313 0.638672 0.050000 0.062500
0 0.026562 0.572266 0.050000 0.062500
0 0.014844 0.757812 0.029687 0.062500
0 0.112500 0.792969 0.050000 0.062500
0 0.170313 0.773438 0.050000 0.062500
0 0.129688 0.867188 0.050000 0.062500
0 0.150000 0.775391 0.050000 0.062500
0 0.156250 0.759766 0.050000 0.062500
0 0.389062 0.773438 0.050000 0.062500
0 0.406250 0.738281 0.050000 0.062500
0 0.360938 0.687500 0.050000 0.062500
0 0.385937 0.562500 0.050000 0.062500
0 0.456250 0.535156 0.050000 0.062500
0 0.339062 0.923828 0.050000 0.062500
0 0.257812 0.975586 0.050000 0.048828
0 0.412500 0.955078 0.050000 0.062500
0 0.565625 0.968750 0.050000 0.062500
0 0.628125 0.755859 0.050000 0.062500
0 0.762500 0.925781 0.050000 0.062500
0 0.796875 0.900391 0.050000 0.062500
0 0.895312 0.927734 0.050000 0.062500
0 0.942187 0.773438 0.050000 0.062500
0 0.826562 0.656250 0.050000 0.062500
0 0.882812 0.550781 0.050000 0.062500
0 0.871875 0.509766 0.050000 0.062500
0 0.917188 0.523438 0.050000 0.062500
0 0.914062 0.447266 0.050000 0.062500
0 0.562500 0.535156 0.050000 0.062500
0 0.575000 0.496094 0.050000 0.062500
0 0.595313 0.509766 0.050000 0.062500
0 0.635938 0.523438 0.050000 0.062500
0 0.660937 0.531250 0.050000 0.062500
0 0.348438 0.375000 0.050000 0.062500
0 0.371875 0.291016 0.050000 0.062500
0 0.414062 0.367188 0.050000 0.062500
0 0.490625 0.339844 0.050000 0.062500
0 0.643750 0.322266 0.050000 0.062500
0 0.750000 0.339844 0.050000 0.062500
0 0.240625 0.029297 0.050000 0.058594
0 0.321875 0.076172 0.050000 0.062500
0 0.895312 0.527344 0.050000 0.062500
