0 0.017188 0.083984 0.034375 0.062500
0 0.035937 0.117188 0.050000 0.062500
0 0.026562 0.148438 0.050000 0.062500
0 0.078125 0.021484 0.050000 0.042969
0 0.060937 0.018555 0.050000 0.037109
0 0.085938 0.024414 0.050000 0.048828
0 0.181250 0.109375 0.050000 0.062500
0 0.267188 0.181641 0.050000 0.062500
0 0.179688 0.226562 0.050000 0.062500
0 0.050000 0.265625 0.050000 0.062500
0 0.368750 0.097656 0.050000 0.062500
0 0.376563 0.150391 0.050000 0.062500
0 0.129688 0.416016 0.050000 0.062500
0 0.215625 0.449219 0.050000 0.062500
0 0.282813 0.478516 0.050000 0.062500
0 0.348438 0.582031 0.050000 0.062500
0 0.178125 0.595703 0.050000 0.062500
0 0.182812 0.623047 0.050000 0.062500
0 0.159375 0.691406 0.050000 0.062500
0 0.392188 0.550781 0.050000 0.062500
0 0.473438 0.716797 0.050000 0.062500
0 0.443750 0.939453 0.050000 0.062500
0 0.229687 0.960938 0.050000 0.062500
0 0.406250 0.548828 0.050000 0.062500
0 0.643750 0.726562 0.050000 0.062500
0 0.640625 0.744141 0.050000 0.062500
0 0.689063 0.763672 0.050000 0.062500
0 0.700000 0.832031 0.050000 0.062500
0 0.678125 0.847656 0.050000 0.062500
0 0.689063 0.572266 0.050000 0.062500
0 0.631250 0.535156 0.050000 0.062500
0 0.715625 0.287109 0.050000 0.062500
0 0.790625 0.322266 0.050000 0.062500
0 0.846875 0.375000 0.050000 0.062500
0 0.868750 0.404297 0.050000 0.062500
0 0.937500 0.726562 0.050000 0.062500
0 0.968750 0.728516 0.050000 0.062500
0 0.929688 0.744141 0.050000 0.062500
0 0.953125 0.726562 0.050000 0.062500
0 0.828125 0.671875 0.050000 0.062500
0 0.871875 0.175781 0.050000 0.062500
0 0.817187 0.083984 0.050000 0.062500
0 0.168750 0.671875 0.050000 0.062500
