0 0.562500 0.977539 0.050000 0.044922
0 0.017969 0.020508 0.035937 0.041016
0 0.026562 0.021484 0.050000 0.042969
0 0.075000 0.024414 0.050000 0.048828
0 0.082812 0.107422 0.050000 0.062500
0 0.101562 0.113281 0.050000 0.062500
0 0.151562 0.091797 0.050000 0.062500
0 0.143750 0.148438 0.050000 0.062500
0 0.014844 0.087891 0.029687 0.062500
0 0.018750 0.113281 0.037500 0.062500
0 0.013281 0.171875 0.026562 0.062500
0 0.064062 0.166016 0.050000 0.062500
0 0.029687 0.224609 0.050000 0.062500
0 0.043750 0.222656 0.050000 0.062500
0 0.040625 0.257812 0.050000 0.062500
0 0.022656 0.279297 0.045312 0.062500
0 0.232813 0.316406 0.050000 0.062500
0 0.321875 0.281250 0.050000 0.062500
0 0.282813 0.222656 0.050000 0.062500
0 0.321875 0.150391 0.050000 0.062500
0 0.309375 0.132812 0.050000 0.062500
0 0.282813 0.097656 0.050000 0.062500
0 0.260937 0.125000 0.050000 0.062500
0 0.365625 0.018555 0.050000 0.037109
0 0.359375 0.208984 0.050000 0.062500
0 0.440625 0.201172 0.050000 0.062500
0 0.540625 0.208984 0.050000 0.062500
0 0.640625 0.152344 0.050000 0.062500
0 0.659375 0.087891 0.050000 0.062500
0 0.401562 0.431641 0.050000 0.062500
0 0.528125 0.445312 0.050000 0.062500
0 0.592187 0.537109 0.050000 0.062500
0 0.448437 0.546875 0.050000 0.062500
0 0.440625 0.621094 0.050000 0.062500
0 0.435937 0.642578 0.050000 0.062500
0 0.396875 0.642578 0.050000 0.062500
0 0.384375 0.664062 0.050000 0.062500
0 0.210938 0.505859 0.050000 0.062500
0 0.198437 0.541016 0.050000 0.062500
0 0.031250 0.576172 0.050000 0.062500
0 0.014844 0.531250 0.029687 0.062500
0 0.051562 0.630859 0.050000 0.062500
0 0.101562 0.603516 0.050000 0.062500
0 0.109375 0.574219 0.050000 0.062500
0 0.093750 0.765625 0.050000 0.062500
0 0.026562 0.824219 0.050000 0.062500
0 0.016406 0.812500 0.032813 0.062500
0 0.182812 0.664062 0.050000 0.062500
0 0.203125 0.656250 0.050000 0.062500
0 0.139063 0.843750 0.050000 0.062500
0 0.096875 0.822266 0.050000 0.062500
0 0.118750 0.900391 0.050000 0.062500
0 0.129688 0.898438 0.050000 0.062500
0 0.134375 0.971680 0.050000 0.056641
0 0.100000 0.976562 0.050000 0.046875
0 0.721875 0.779297 0.050000 0.062500
0 0.939063 0.597656 0.050000 0.062500
0 0.904687 0.550781 0.050000 0.062500
0 0.948438 0.281250 0.050000 0.062500
0 0.896875 0.818359 0.050000 0.062500
0 0.907813 0.833984 0.050000 0.062500
0 0.915625 0.921875 0.050000 0.062500
0 0.934375 0.941406 0.050000 0.062500
0 0.962500 0.941406 0.050000 0.062500
0 0.629687 0.656250 0.050000 0.062500
0 0.646875 0.652344 0.050000 0.062500
