0 0.150000 0.080078 0.050000 0.062500
0 0.087500 0.111328 0.050000 0.062500
0 0.264062 0.039062 0.050000 0.062500
0 0.250000 0.022461 0.050000 0.044922
0 0.070312 0.119141 0.050000 0.062500
0 0.022656 0.119141 0.045312 0.062500
0 0.013281 0.076172 0.026562 0.062500
0 0.193750 0.212891 0.050000 0.062500
0 0.323437 0.308594 0.050000 0.062500
0 0.340625 0.158203 0.050000 0.062500
0 0.360938 0.144531 0.050000 0.062500
0 0.279687 0.197266 0.050000 0.062500
0 0.048438 0.236328 0.050000 0.062500
0 0.039062 0.255859 0.050000 0.062500
0 0.013281 0.224609 0.026562 0.062500
0 0.016406 0.271484 0.032813 0.062500
0 0.019531 0.294922 0.039062 0.062500
0 0.014844 0.312500 0.029687 0.062500
0 0.019531 0.369141 0.039062 0.062500
0 0.029687 0.322266 0.050000 0.062500
0 0.082812 0.306641 0.050000 0.062500
0 0.078125 0.322266 0.050000 0.062500
0 0.262500 0.347656 0.050000 0.062500
0 0.251563 0.443359 0.050000 0.062500
0 0.159375 0.472656 0.050000 0.062500
0 0.060937 0.515625 0.050000 0.062500
0 0.068750 0.539062 0.050000 0.062500
0 0.156250 0.388672 0.050000 0.062500
0 0.170313 0.398438 0.050000 0.062500
0 0.173437 0.408203 0.050000 0.062500
0 0.184375 0.611328 0.050000 0.062500
0 0.176563 0.634766 0.050000 0.062500
0 0.200000 0.638672 0.050000 0.062500
0 0.284375 0.625000 0.050000 0.062500
0 0.082812 0.646484 0.050000 0.062500
0 0.093750 0.708984 0.050000 0.062500
0 0.114062 0.712891 0.050000 0.062500
0 0.090625 0.726562 0.050000 0.062500
0 0.225000 0.835938 0.050000 0.062500
0 0.195312 0.871094 0.050000 0.062500
0 0.382812 0.478516 0.050000 0.062500
0 0.365625 0.468750 0.050000 0.062500
0 0.360938 0.484375 0.050000 0.062500
0 0.345313 0.490234 0.050000 0.062500
0 0.460938 0.470703 0.050000 0.062500
0 0.479687 0.480469 0.050000 0.062500
0 0.510938 0.519531 0.050000 0.062500
0 0.487500 0.548828 0.050000 0.062500
0 0.589063 0.591797 0.050000 0.062500
0 0.568750 0.683594 0.050000 0.062500
0 0.628125 0.722656 0.050000 0.062500
0 0.679688 0.517578 0.050000 0.062500
0 0.212500 0.906250 0.050000 0.062500
0 0.250000 0.910156 0.050000 0.062500
0 0.016406 0.974609 0.032813 0.050781
0 0.028125 0.974609 0.050000 0.050781
0 0.275000 0.728516 0.050000 0.062500
0 0.293750 0.726562 0.050000 0.062500
0 0.265625 0.691406 0.050000 0.062500
0 0.382812 0.318359 0.050000 0.062500
0 0.268750 0.207031 0.050000 0.062500
0 0.575000 0.320312 0.050000 0.062500
0 0.635938 0.341797 0.050000 0.062500
0 0.659375 0.339844 0.050000 0.062500
0 0.668750 0.353516 0.050000 0.062500
0 0.800000 0.472656 0.050000 0.062500
0 0.854688 0.445312 0.050000 0.062500
0 0.828125 0.572266 0.050000 0.062500
0 0.639062 0.707031 0.050000 0.062500
0 0.364063 0.089844 0.050000 0.062500
0 0.364063 0.107422 0.050000 0.062500
0 0.428125 0.068359 0.050000 0.062500
0 0.450000 0.068359 0.050000 0.062500
0 0.440625 0.031250 0.050000 0.062500
0 0.432812 0.019531 0.050000 0.039062
0 0.492188 0.085938 0.050000 0.062500
0 0.521875 0.085938 0.050000 0.062500
0 0.545312 0.054688 0.050000 0.062500
0 0.520312 0.037109 0.050000 0.062500
0 0.489063 0.019531 0.050000 0.039062
0 0.464062 0.018555 0.050000 0.037109
0 0.629687 0.039062 0.050000 0.062500
0 0.665625 0.072266 0.050000 0.062500
0 0.634375 0.203125 0.050000 0.062500
0 0.684375 0.162109 0.050000 0.062500
0 0.710938 0.119141 0.050000 0.062500
0 0.710938 0.220703 0.050000 0.062500
0 0.817187 0.121094 0.050000 0.062500
0 0.867188 0.189453 0.050000 0.062500
0 0.904687 0.130859 0.050000 0.062500
0 0.917188 0.082031 0.050000 0.062500
0 0.879687 0.058594 0.050000 0.062500
0 0.878125 0.026367 0.050000 0.052734
0 0.828125 0.037109 0.050000 0.062500
0 0.795312 0.020508 0.050000 0.041016
0 0.860938 0.052734 0.050000 0.062500
0 0.896875 0.019531 0.050000 0.039062
0 0.740625 0.923828 0.050000 0.062500
