0 0.037500 0.201172 0.050000 0.062500
0 0.053125 0.236328 0.050000 0.062500
0 0.085938 0.273438 0.050000 0.062500
0 0.100000 0.281250 0.050000 0.062500
0 0.178125 0.224609 0.050000 0.062500
0 0.014844 0.345703 0.029687 0.062500
0 0.085938 0.455078 0.050000 0.062500
0 0.096875 0.437500 0.050000 0.062500
0 0.089063 0.363281 0.050000 0.062500
0 0.090625 0.380859 0.050000 0.062500
0 0.019531 0.412109 0.039062 0.062500
0 0.017969 0.490234 0.035937 0.062500
0 0.013281 0.449219 0.026562 0.062500
0 0.031250 0.396484 0.050000 0.062500
0 0.053125 0.386719 0.050000 0.062500
0 0.042188 0.396484 0.050000 0.062500
0 0.015625 0.644531 0.031250 0.062500
0 0.056250 0.666016 0.050000 0.062500
0 0.070312 0.775391 0.050000 0.062500
0 0.156250 0.769531 0.050000 0.062500
0 0.170313 0.759766 0.050000 0.062500
0 0.101562 0.900391 0.050000 0.062500
0 0.128125 0.886719 0.050000 0.062500
0 0.240625 0.851562 0.050000 0.062500
0 0.259375 0.873047 0.050000 0.062500
0 0.260937 0.783203 0.050000 0.062500
0 0.182812 0.783203 0.050000 0.062500
0 0.171875 0.644531 0.050000 0.062500
0 0.156250 0.617188 0.050000 0.062500
0 0.171875 0.578125 0.050000 0.062500
0 0.235937 0.580078 0.050000 0.062500
0 0.165625 0.533203 0.050000 0.062500
0 0.257812 0.591797 0.050000 0.062500
0 0.334375 0.507812 0.050000 0.062500
0 0.340625 0.658203 0.050000 0.062500
0 0.359375 0.638672 0.050000 0.062500
0 0.351562 0.650391 0.050000 0.062500
0 0.381250 0.654297 0.050000 0.062500
0 0.364063 0.457031 0.050000 0.062500
0 0.446875 0.490234 0.050000 0.062500
0 0.510938 0.599609 0.050000 0.062500
0 0.526563 0.619141 0.050000 0.062500
0 0.507812 0.744141 0.050000 0.062500
0 0.490625 0.791016 0.050000 0.062500
0 0.489063 0.810547 0.050000 0.062500
0 0.492188 0.898438 0.050000 0.062500
0 0.618750 0.927734 0.050000 0.062500
0 0.607812 0.937500 0.050000 0.062500
0 0.573438 0.787109 0.050000 0.062500
0 0.668750 0.738281 0.050000 0.062500
0 0.792188 0.738281 0.050000 0.062500
0 0.807813 0.642578 0.050000 0.062500
0 0.937500 0.707031 0.050000 0.062500
0 0.667188 0.556641 0.050000 0.062500
0 0.678125 0.572266 0.050000 0.062500
0 0.625000 0.595703 0.050000 0.062500
0 0.582812 0.517578 0.050000 0.062500
0 0.690625 0.468750 0.050000 0.062500
0 0.728125 0.498047 0.050000 0.062500
0 0.684375 0.349609 0.050000 0.062500
0 0.621875 0.353516 0.050000 0.062500
0 0.425000 0.382812 0.050000 0.062500
0 0.404687 0.388672 0.050000 0.062500
0 0.301563 0.371094 0.050000 0.062500
0 0.296875 0.347656 0.050000 0.062500
0 0.215625 0.363281 0.050000 0.062500
0 0.395313 0.267578 0.050000 0.062500
0 0.178125 0.085938 0.050000 0.062500
0 0.198437 0.056641 0.050000 0.062500
0 0.231250 0.018555 0.050000 0.037109
0 0.260937 0.187500 0.050000 0.062500
0 0.467187 0.220703 0.050000 0.062500
0 0.471875 0.187500 0.050000 0.062500
0 0.485938 0.230469 0.050000 0.062500
0 0.515625 0.212891 0.050000 0.062500
0 0.509375 0.236328 0.050000 0.062500
0 0.498437 0.300781 0.050000 0.062500
0 0.529687 0.277344 0.050000 0.062500
0 0.559375 0.244141 0.050000 0.062500
0 0.565625 0.275391 0.050000 0.062500
0 0.581250 0.255859 0.050000 0.062500
0 0.553125 0.294922 0.050000 0.062500
0 0.596875 0.160156 0.050000 0.062500
0 0.703125 0.234375 0.050000 0.062500
0 0.731250 0.173828 0.050000 0.062500
0 0.721875 0.162109 0.050000 0.062500
0 0.795312 0.308594 0.050000 0.062500
0 0.843750 0.246094 0.050000 0.062500
0 0.857812 0.265625 0.050000 0.062500
0 0.853125 0.308594 0.050000 0.062500
0 0.859375 0.333984 0.050000 0.062500
0 0.842187 0.363281 0.050000 0.062500
0 0.950000 0.333984 0.050000 0.062500
0 0.920312 0.287109 0.050000 0.062500
0 0.907813 0.275391 0.050000 0.062500
0 0.909375 0.195312 0.050000 0.062500
0 0.953125 0.208984 0.050000 0.062500
0 0.929688 0.382812 0.050000 0.062500
0 0.531250 0.126953 0.050000 0.062500
0 0.510938 0.132812 0.050000 0.062500
0 0.417187 0.068359 0.050000 0.062500
0 0.371875 0.130859 0.050000 0.062500
0 0.321875 0.144531 0.050000 0.062500
0 0.306250 0.152344 0.050000 0.062500
0 0.323437 0.028320 0.050000 0.056641
0 0.256250 0.017578 0.050000 0.035156
0 0.307812 0.033203 0.050000 0.062500
0 0.307812 0.016602 0.050000 0.033203
0 0.382812 0.021484 0.050000 0.042969
0 0.429688 0.035156 0.050000 0.062500
0 0.565625 0.025391 0.050000 0.050781
0 0.259375 0.167969 0.050000 0.062500
0 0.100000 0.250000 0.050000 0.062500
0 0.479687 0.019531 0.050000 0.039062
0 0.246875 0.103516 0.050000 0.062500
0 0.264062 0.103516 0.050000 0.062500
0 0.198437 0.117188 0.050000 0.062500
0 0.229687 0.083984 0.050000 0.062500
0 0.206250 0.101562 0.050000 0.062500
0 0.789062 0.058594 0.050000 0.062500
0 0.865625 0.091797 0.050000 0.062500
0 0.893750 0.097656 0.050000 0.062500
0 0.962500 0.099609 0.050000 0.062500
0 0.976562 0.099609 0.046875 0.062500
0 0.983594 0.105469 0.032813 0.062500
0 0.925000 0.078125 0.050000 0.062500
0 0.914062 0.039062 0.050000 0.062500
0 0.896875 0.042969 0.050000 0.062500
0 0.878125 0.044922 0.050000 0.062500
0 0.842187 0.044922 0.050000 0.062500
0 0.931250 0.029297 0.050000 0.058594
0 0.951562 0.028320 0.050000 0.056641
0 0.980469 0.076172 0.039062 0.062500
0 0.878125 0.026367 0.050000 0.052734
0 0.851562 0.021484 0.050000 0.042969
0 0.832812 0.021484 0.050000 0.042969
0 0.907813 0.024414 0.050000 0.048828
0 0.923438 0.022461 0.050000 0.044922
0 0.945312 0.018555 0.050000 0.037109
0 0.787500 0.091797 0.050000 0.062500
0 0.967187 0.128906 0.050000 0.062500
0 0.862500 0.111328 0.050000 0.062500
0 0.679688 0.064453 0.050000 0.062500
0 0.667188 0.052734 0.050000 0.062500
0 0.579688 0.798828 0.050000 0.062500
