0 0.032813 0.332031 0.050000 0.062500
0 0.043750 0.369141 0.050000 0.062500
0 0.046875 0.398438 0.050000 0.062500
0 0.056250 0.421875 0.050000 0.062500
0 0.014063 0.470703 0.028125 0.062500
0 0.017969 0.521484 0.035937 0.062500
0 0.015625 0.541016 0.031250 0.062500
0 0.016406 0.570312 0.032813 0.062500
0 0.017188 0.628906 0.034375 0.062500
0 0.067187 0.580078 0.050000 0.062500
0 0.090625 0.527344 0.050000 0.062500
0 0.042188 0.486328 0.050000 0.062500
0 0.090625 0.382812 0.050000 0.062500
0 0.178125 0.369141 0.050000 0.062500
0 0.226562 0.335938 0.050000 0.062500
0 0.203125 0.259766 0.050000 0.062500
0 0.184375 0.226562 0.050000 0.062500
0 0.040625 0.052734 0.050000 0.062500
0 0.016406 0.146484 0.032813 0.062500
0 0.020313 0.123047 0.040625 0.062500
0 0.012500 0.119141 0.025000 0.062500
0 0.090625 0.058594 0.050000 0.062500
0 0.112500 0.021484 0.050000 0.042969
0 0.312500 0.039062 0.050000 0.062500
0 0.356250 0.027344 0.050000 0.054688
0 0.354687 0.017578 0.050000 0.035156
0 0.398438 0.021484 0.050000 0.042969
0 0.410938 0.050781 0.050000 0.062500
0 0.357812 0.052734 0.050000 0.062500
0 0.359375 0.083984 0.050000 0.062500
0 0.353125 0.095703 0.050000 0.062500
0 0.382812 0.080078 0.050000 0.062500
0 0.317188 0.099609 0.050000 0.062500
0 0.306250 0.113281 0.050000 0.062500
0 0.290625 0.113281 0.050000 0.062500
0 0.270313 0.128906 0.050000 0.062500
0 0.246875 0.128906 0.050000 0.062500
0 0.243750 0.166016 0.050000 0.062500
0 0.265625 0.156250 0.050000 0.062500
0 0.317188 0.142578 0.050000 0.062500
0 0.206250 0.210938 0.050000 0.062500
0 0.204687 0.515625 0.050000 0.062500
0 0.279687 0.509766 0.050000 0.062500
0 0.275000 0.527344 0.050000 0.062500
0 0.387500 0.449219 0.050000 0.062500
0 0.385937 0.433594 0.050000 0.062500
0 0.306250 0.308594 0.050000 0.062500
0 0.337500 0.287109 0.050000 0.062500
0 0.421875 0.201172 0.050000 0.062500
0 0.393750 0.173828 0.050000 0.062500
0 0.376563 0.144531 0.050000 0.062500
0 0.495312 0.044922 0.050000 0.062500
0 0.440625 0.076172 0.050000 0.062500
0 0.489063 0.018555 0.050000 0.037109
0 0.570312 0.022461 0.050000 0.044922
0 0.584375 0.052734 0.050000 0.062500
0 0.556250 0.052734 0.050000 0.062500
0 0.462500 0.355469 0.050000 0.062500
0 0.451562 0.398438 0.050000 0.062500
0 0.479687 0.396484 0.050000 0.062500
0 0.517188 0.365234 0.050000 0.062500
0 0.482812 0.462891 0.050000 0.062500
0 0.517188 0.460938 0.050000 0.062500
0 0.546875 0.443359 0.050000 0.062500
0 0.532813 0.494141 0.050000 0.062500
0 0.606250 0.515625 0.050000 0.062500
0 0.581250 0.552734 0.050000 0.062500
0 0.639062 0.548828 0.050000 0.062500
0 0.362500 0.595703 0.050000 0.062500
0 0.365625 0.619141 0.050000 0.062500
0 0.371875 0.656250 0.050000 0.062500
0 0.415625 0.623047 0.050000 0.062500
0 0.437500 0.615234 0.050000 0.062500
0 0.459375 0.666016 0.050000 0.062500
0 0.189062 0.693359 0.050000 0.062500
0 0.135937 0.677734 0.050000 0.062500
0 0.029687 0.792969 0.050000 0.062500
0 0.121875 0.759766 0.050000 0.062500
0 0.023438 0.906250 0.046875 0.062500
0 0.114062 0.876953 0.050000 0.062500
0 0.106250 0.910156 0.050000 0.062500
0 0.132812 0.855469 0.050000 0.062500
0 0.156250 0.871094 0.050000 0.062500
0 0.304688 0.806641 0.050000 0.062500
0 0.317188 0.806641 0.050000 0.062500
0 0.328125 0.806641 0.050000 0.062500
0 0.345313 0.818359 0.050000 0.062500
0 0.557813 0.697266 0.050000 0.062500
0 0.532813 0.744141 0.050000 0.062500
0 0.545312 0.757812 0.050000 0.062500
0 0.465625 0.945312 0.050000 0.062500
0 0.521875 0.968750 0.050000 0.062500
0 0.531250 0.974609 0.050000 0.050781
0 0.629687 0.929688 0.050000 0.062500
0 0.576562 0.826172 0.050000 0.062500
0 0.695312 0.712891 0.050000 0.062500
0 0.678125 0.742188 0.050000 0.062500
0 0.803125 0.787109 0.050000 0.062500
0 0.751563 0.871094 0.050000 0.062500
0 0.959375 0.955078 0.050000 0.062500
0 0.976562 0.779297 0.046875 0.062500
0 0.635938 0.746094 0.050000 0.062500
0 0.643750 0.759766 0.050000 0.062500
0 0.242188 0.216797 0.050000 0.062500
0 0.246875 0.253906 0.050000 0.062500
0 0.328125 0.185547 0.050000 0.062500
0 0.307812 0.193359 0.050000 0.062500
0 0.289062 0.220703 0.050000 0.062500
0 0.484375 0.179688 0.050000 0.062500
0 0.432812 0.148438 0.050000 0.062500
0 0.573438 0.449219 0.050000 0.062500
0 0.559375 0.468750 0.050000 0.062500
0 0.735938 0.429688 0.050000 0.062500
0 0.734375 0.378906 0.050000 0.062500
0 0.718750 0.367188 0.050000 0.062500
0 0.800000 0.509766 0.050000 0.062500
0 0.751563 0.542969 0.050000 0.062500
0 0.790625 0.496094 0.050000 0.062500
0 0.893750 0.425781 0.050000 0.062500
0 0.914062 0.449219 0.050000 0.062500
0 0.907813 0.523438 0.050000 0.062500
0 0.889062 0.517578 0.050000 0.062500
0 0.935937 0.568359 0.050000 0.062500
0 0.948438 0.542969 0.050000 0.062500
0 0.825000 0.583984 0.050000 0.062500
0 0.842187 0.529297 0.050000 0.062500
0 0.464062 0.318359 0.050000 0.062500
0 0.448437 0.289062 0.050000 0.062500
0 0.596875 0.349609 0.050000 0.062500
0 0.537500 0.359375 0.050000 0.062500
0 0.576562 0.208984 0.050000 0.062500
0 0.603125 0.185547 0.050000 0.062500
0 0.775000 0.304688 0.050000 0.062500
0 0.864062 0.302734 0.050000 0.062500
0 0.889062 0.318359 0.050000 0.062500
0 0.898438 0.345703 0.050000 0.062500
0 0.920312 0.320312 0.050000 0.062500
0 0.964063 0.332031 0.050000 0.062500
0 0.982812 0.328125 0.034375 0.062500
0 0.977344 0.320312 0.045312 0.062500
0 0.764062 0.191406 0.050000 0.062500
0 0.778125 0.183594 0.050000 0.062500
0 0.895312 0.263672 0.050000 0.062500
0 0.915625 0.265625 0.050000 0.062500
0 0.925000 0.244141 0.050000 0.062500
0 0.942187 0.248047 0.050000 0.062500
0 0.957812 0.248047 0.050000 0.062500
0 0.803125 0.181641 0.050000 0.062500
0 0.817187 0.181641 0.050000 0.062500
0 0.803125 0.203125 0.050000 0.062500
0 0.820312 0.208984 0.050000 0.062500
0 0.834375 0.212891 0.050000 0.062500
0 0.879687 0.234375 0.050000 0.062500
0 0.832812 0.236328 0.050000 0.062500
0 0.843750 0.261719 0.050000 0.062500
0 0.893750 0.220703 0.050000 0.062500
0 0.909375 0.234375 0.050000 0.062500
0 0.912500 0.203125 0.050000 0.062500
0 0.931250 0.207031 0.050000 0.062500
0 0.971875 0.199219 0.050000 0.062500
0 0.985156 0.164062 0.029687 0.062500
0 0.985938 0.218750 0.028125 0.062500
0 0.975000 0.232422 0.050000 0.062500
0 0.807813 0.275391 0.050000 0.062500
0 0.101562 0.515625 0.050000 0.062500
0 0.220312 0.941406 0.050000 0.062500
0 0.539062 0.134766 0.050000 0.062500
0 0.681250 0.251953 0.050000 0.062500
0 0.690625 0.277344 0.050000 0.062500
0 0.715625 0.298828 0.050000 0.062500
0 0.657813 0.234375 0.050000 0.062500
0 0.581250 0.156250 0.050000 0.062500
0 0.607812 0.085938 0.050000 0.062500
0 0.635938 0.105469 0.050000 0.062500
0 0.656250 0.091797 0.050000 0.062500
0 0.640625 0.074219 0.050000 0.062500
0 0.665625 0.113281 0.050000 0.062500
0 0.684375 0.080078 0.050000 0.062500
0 0.715625 0.105469 0.050000 0.062500
0 0.729688 0.113281 0.050000 0.062500
0 0.745313 0.121094 0.050000 0.062500
0 0.748437 0.150391 0.050000 0.062500
0 0.689063 0.028320 0.050000 0.056641
0 0.698438 0.039062 0.050000 0.062500
0 0.721875 0.046875 0.050000 0.062500
0 0.803125 0.030273 0.050000 0.060547
0 0.810937 0.054688 0.050000 0.062500
0 0.821875 0.091797 0.050000 0.062500
0 0.850000 0.091797 0.050000 0.062500
0 0.871875 0.028320 0.050000 0.056641
0 0.868750 0.021484 0.050000 0.042969
0 0.856250 0.048828 0.050000 0.062500
0 0.851562 0.033203 0.050000 0.062500
0 0.912500 0.064453 0.050000 0.062500
0 0.840625 0.126953 0.050000 0.062500
0 0.856250 0.146484 0.050000 0.062500
0 0.904687 0.119141 0.050000 0.062500
0 0.962500 0.109375 0.050000 0.062500
0 0.975000 0.039062 0.050000 0.062500
0 0.945312 0.101562 0.050000 0.062500
0 0.900000 0.024414 0.050000 0.048828
0 0.806250 0.130859 0.050000 0.062500
0 0.854688 0.234375 0.050000 0.062500
0 0.926562 0.119141 0.050000 0.062500
0 0.926562 0.099609 0.050000 0.062500
0 0.925000 0.074219 0.050000 0.062500
0 0.539062 0.060547 0.050000 0.062500
