0 0.296875 0.619141 0.050000 0.062500
0 0.323437 0.550781 0.050000 0.062500
0 0.304688 0.558594 0.050000 0.062500
0 0.325000 0.531250 0.050000 0.062500
0 0.304688 0.527344 0.050000 0.062500
0 0.275000 0.525391 0.050000 0.062500
0 0.242188 0.574219 0.050000 0.062500
0 0.281250 0.570312 0.050000 0.062500
0 0.264062 0.578125 0.050000 0.062500
0 0.379688 0.591797 0.050000 0.062500
0 0.376563 0.562500 0.050000 0.062500
0 0.406250 0.589844 0.050000 0.062500
0 0.457813 0.574219 0.050000 0.062500
0 0.489063 0.554688 0.050000 0.062500
0 0.479687 0.560547 0.050000 0.062500
0 0.501563 0.533203 0.050000 0.062500
0 0.526563 0.535156 0.050000 0.062500
0 0.537500 0.537109 0.050000 0.062500
0 0.510938 0.550781 0.050000 0.062500
0 0.531250 0.498047 0.050000 0.062500
0 0.556250 0.496094 0.050000 0.062500
0 0.570312 0.490234 0.050000 0.062500
0 0.570312 0.513672 0.050000 0.062500
0 0.593750 0.490234 0.050000 0.062500
0 0.593750 0.523438 0.050000 0.062500
0 0.612500 0.496094 0.050000 0.062500
0 0.618750 0.533203 0.050000 0.062500
0 0.600000 0.544922 0.050000 0.062500
0 0.585938 0.548828 0.050000 0.062500
0 0.615625 0.558594 0.050000 0.062500
0 0.635938 0.544922 0.050000 0.062500
0 0.656250 0.560547 0.050000 0.062500
0 0.654687 0.523438 0.050000 0.062500
0 0.657813 0.496094 0.050000 0.062500
0 0.643750 0.478516 0.050000 0.062500
0 0.632812 0.513672 0.050000 0.062500
0 0.678125 0.509766 0.050000 0.062500
0 0.667188 0.531250 0.050000 0.062500
0 0.700000 0.541016 0.050000 0.062500
0 0.673438 0.550781 0.050000 0.062500
0 0.668750 0.572266 0.050000 0.062500
0 0.648438 0.578125 0.050000 0.062500
0 0.667188 0.595703 0.050000 0.062500
0 0.681250 0.601562 0.050000 0.062500
0 0.692187 0.611328 0.050000 0.062500
0 0.700000 0.628906 0.050000 0.062500
0 0.689063 0.638672 0.050000 0.062500
0 0.670312 0.640625 0.050000 0.062500
0 0.703125 0.570312 0.050000 0.062500
0 0.685937 0.574219 0.050000 0.062500
0 0.700000 0.541016 0.050000 0.062500
0 0.723437 0.531250 0.050000 0.062500
0 0.723437 0.554688 0.050000 0.062500
0 0.729688 0.568359 0.050000 0.062500
0 0.771875 0.583984 0.050000 0.062500
0 0.781250 0.597656 0.050000 0.062500
0 0.785937 0.609375 0.050000 0.062500
0 0.800000 0.617188 0.050000 0.062500
0 0.798438 0.652344 0.050000 0.062500
0 0.814063 0.660156 0.050000 0.062500
0 0.812500 0.634766 0.050000 0.062500
0 0.823438 0.654297 0.050000 0.062500
0 0.832812 0.664062 0.050000 0.062500
0 0.803125 0.667969 0.050000 0.062500
0 0.792188 0.677734 0.050000 0.062500
0 0.721875 0.666016 0.050000 0.062500
0 0.732812 0.662109 0.050000 0.062500
0 0.748437 0.671875 0.050000 0.062500
0 0.700000 0.677734 0.050000 0.062500
0 0.742188 0.712891 0.050000 0.062500
0 0.737500 0.732422 0.050000 0.062500
0 0.768750 0.734375 0.050000 0.062500
0 0.792188 0.730469 0.050000 0.062500
0 0.814063 0.705078 0.050000 0.062500
0 0.823438 0.712891 0.050000 0.062500
0 0.839063 0.705078 0.050000 0.062500
0 0.820312 0.742188 0.050000 0.062500
0 0.826562 0.763672 0.050000 0.062500
0 0.859375 0.779297 0.050000 0.062500
0 0.856250 0.820312 0.050000 0.062500
0 0.898438 0.806641 0.050000 0.062500
0 0.964063 0.755859 0.050000 0.062500
0 0.962500 0.720703 0.050000 0.062500
0 0.976562 0.714844 0.046875 0.062500
0 0.965625 0.691406 0.050000 0.062500
0 0.980469 0.685547 0.039062 0.062500
0 0.920312 0.681641 0.050000 0.062500
0 0.876563 0.681641 0.050000 0.062500
0 0.903125 0.705078 0.050000 0.062500
0 0.568750 0.830078 0.050000 0.062500
0 0.603125 0.699219 0.050000 0.062500
0 0.543750 0.685547 0.050000 0.062500
0 0.481250 0.707031 0.050000 0.062500
0 0.459375 0.726562 0.050000 0.062500
0 0.459375 0.621094 0.050000 0.062500
0 0.387500 0.775391 0.050000 0.062500
0 0.443750 0.787109 0.050000 0.062500
0 0.479687 0.808594 0.050000 0.062500
0 0.517188 0.820312 0.050000 0.062500
0 0.531250 0.828125 0.050000 0.062500
0 0.517188 0.865234 0.050000 0.062500
0 0.435937 0.892578 0.050000 0.062500
0 0.420312 0.933594 0.050000 0.062500
0 0.500000 0.971680 0.050000 0.056641
0 0.596875 0.896484 0.050000 0.062500
0 0.606250 0.880859 0.050000 0.062500
0 0.592187 0.863281 0.050000 0.062500
0 0.642188 0.900391 0.050000 0.062500
0 0.807813 0.857422 0.050000 0.062500
0 0.831250 0.949219 0.050000 0.062500
0 0.875000 0.964844 0.050000 0.062500
0 0.926562 0.941406 0.050000 0.062500
0 0.321875 0.644531 0.050000 0.062500
0 0.209375 0.685547 0.050000 0.062500
0 0.185938 0.689453 0.050000 0.062500
0 0.154688 0.832031 0.050000 0.062500
0 0.117188 0.867188 0.050000 0.062500
0 0.282813 0.853516 0.050000 0.062500
0 0.184375 0.912109 0.050000 0.062500
0 0.162500 0.970703 0.050000 0.058594
0 0.060937 0.896484 0.050000 0.062500
0 0.032813 0.828125 0.050000 0.062500
0 0.014844 0.914062 0.029687 0.062500
0 0.018750 0.824219 0.037500 0.062500
0 0.013281 0.753906 0.026562 0.062500
0 0.013281 0.753906 0.026562 0.062500
0 0.020313 0.746094 0.040625 0.062500
0 0.015625 0.779297 0.031250 0.062500
0 0.042188 0.738281 0.050000 0.062500
0 0.123438 0.738281 0.050000 0.062500
0 0.059375 0.691406 0.050000 0.062500
0 0.046875 0.644531 0.050000 0.062500
0 0.182812 0.564453 0.050000 0.062500
0 0.221875 0.531250 0.050000 0.062500
0 0.214062 0.583984 0.050000 0.062500
0 0.200000 0.566406 0.050000 0.062500
0 0.257812 0.488281 0.050000 0.062500
0 0.271875 0.453125 0.050000 0.062500
0 0.282813 0.474609 0.050000 0.062500
0 0.334375 0.476562 0.050000 0.062500
0 0.298438 0.462891 0.050000 0.062500
0 0.318750 0.457031 0.050000 0.062500
0 0.309375 0.443359 0.050000 0.062500
0 0.329688 0.443359 0.050000 0.062500
0 0.343750 0.433594 0.050000 0.062500
0 0.376563 0.429688 0.050000 0.062500
0 0.375000 0.451172 0.050000 0.062500
0 0.382812 0.416016 0.050000 0.062500
0 0.404687 0.410156 0.050000 0.062500
0 0.431250 0.398438 0.050000 0.062500
0 0.451562 0.412109 0.050000 0.062500
0 0.517188 0.396484 0.050000 0.062500
0 0.568750 0.410156 0.050000 0.062500
0 0.582812 0.408203 0.050000 0.062500
0 0.607812 0.412109 0.050000 0.062500
0 0.632812 0.421875 0.050000 0.062500
0 0.656250 0.455078 0.050000 0.062500
0 0.673438 0.443359 0.050000 0.062500
0 0.659375 0.425781 0.050000 0.062500
0 0.595313 0.373047 0.050000 0.062500
0 0.518750 0.357422 0.050000 0.062500
0 0.510938 0.328125 0.050000 0.062500
0 0.534375 0.285156 0.050000 0.062500
0 0.631250 0.265625 0.050000 0.062500
0 0.653125 0.339844 0.050000 0.062500
0 0.689063 0.361328 0.050000 0.062500
0 0.710938 0.384766 0.050000 0.062500
0 0.684375 0.429688 0.050000 0.062500
0 0.706250 0.435547 0.050000 0.062500
0 0.737500 0.462891 0.050000 0.062500
0 0.725000 0.496094 0.050000 0.062500
0 0.765625 0.482422 0.050000 0.062500
0 0.748437 0.503906 0.050000 0.062500
0 0.770312 0.509766 0.050000 0.062500
0 0.793750 0.503906 0.050000 0.062500
0 0.787500 0.523438 0.050000 0.062500
0 0.793750 0.544922 0.050000 0.062500
0 0.781250 0.550781 0.050000 0.062500
0 0.707812 0.484375 0.050000 0.062500
0 0.803125 0.470703 0.050000 0.062500
0 0.856250 0.449219 0.050000 0.062500
0 0.875000 0.412109 0.050000 0.062500
0 0.814063 0.400391 0.050000 0.062500
0 0.737500 0.416016 0.050000 0.062500
0 0.851562 0.578125 0.050000 0.062500
0 0.828125 0.544922 0.050000 0.062500
0 0.857812 0.527344 0.050000 0.062500
0 0.876563 0.496094 0.050000 0.062500
0 0.900000 0.482422 0.050000 0.062500
0 0.920312 0.447266 0.050000 0.062500
0 0.956250 0.402344 0.050000 0.062500
0 0.835938 0.367188 0.050000 0.062500
0 0.839063 0.335938 0.050000 0.062500
0 0.906250 0.314453 0.050000 0.062500
0 0.887500 0.335938 0.050000 0.062500
0 0.931250 0.322266 0.050000 0.062500
0 0.928125 0.285156 0.050000 0.062500
0 0.904687 0.277344 0.050000 0.062500
0 0.407813 0.382812 0.050000 0.062500
0 0.381250 0.390625 0.050000 0.062500
0 0.362500 0.349609 0.050000 0.062500
0 0.382812 0.357422 0.050000 0.062500
0 0.323437 0.353516 0.050000 0.062500
0 0.364063 0.326172 0.050000 0.062500
0 0.387500 0.308594 0.050000 0.062500
0 0.406250 0.337891 0.050000 0.062500
0 0.423438 0.330078 0.050000 0.062500
0 0.387500 0.244141 0.050000 0.062500
0 0.376563 0.226562 0.050000 0.062500
0 0.364063 0.207031 0.050000 0.062500
0 0.293750 0.228516 0.050000 0.062500
0 0.306250 0.265625 0.050000 0.062500
0 0.323437 0.189453 0.050000 0.062500
0 0.298438 0.181641 0.050000 0.062500
0 0.284375 0.199219 0.050000 0.062500
0 0.371875 0.173828 0.050000 0.062500
0 0.265625 0.128906 0.050000 0.062500
0 0.275000 0.109375 0.050000 0.062500
0 0.309375 0.087891 0.050000 0.062500
0 0.318750 0.078125 0.050000 0.062500
0 0.023438 0.457031 0.046875 0.062500
0 0.023438 0.433594 0.046875 0.062500
0 0.014844 0.431641 0.029687 0.062500
0 0.471875 0.638672 0.050000 0.062500
0 0.115625 0.380859 0.050000 0.062500
0 0.106250 0.369141 0.050000 0.062500
0 0.059375 0.359375 0.050000 0.062500
0 0.048438 0.355469 0.050000 0.062500
0 0.128125 0.330078 0.050000 0.062500
0 0.123438 0.308594 0.050000 0.062500
0 0.145313 0.283203 0.050000 0.062500
0 0.178125 0.232422 0.050000 0.062500
0 0.184375 0.207031 0.050000 0.062500
0 0.112500 0.248047 0.050000 0.062500
0 0.096875 0.253906 0.050000 0.062500
0 0.076563 0.261719 0.050000 0.062500
0 0.035937 0.263672 0.050000 0.062500
0 0.024219 0.287109 0.048438 0.062500
0 0.471875 0.080078 0.050000 0.062500
0 0.554688 0.095703 0.050000 0.062500
0 0.593750 0.039062 0.050000 0.062500
0 0.629687 0.205078 0.050000 0.062500
0 0.609375 0.187500 0.050000 0.062500
0 0.646875 0.156250 0.050000 0.062500
0 0.704688 0.119141 0.050000 0.062500
0 0.690625 0.193359 0.050000 0.062500
0 0.710938 0.205078 0.050000 0.062500
0 0.759375 0.195312 0.050000 0.062500
0 0.764062 0.175781 0.050000 0.062500
0 0.829688 0.164062 0.050000 0.062500
0 0.834375 0.224609 0.050000 0.062500
0 0.856250 0.177734 0.050000 0.062500
0 0.857812 0.273438 0.050000 0.062500
0 0.881250 0.240234 0.050000 0.062500
0 0.906250 0.251953 0.050000 0.062500
0 0.951562 0.261719 0.050000 0.062500
0 0.981250 0.308594 0.037500 0.062500
0 0.971875 0.296875 0.050000 0.062500
0 0.931250 0.382812 0.050000 0.062500
0 0.948438 0.359375 0.050000 0.062500
0 0.983594 0.355469 0.032813 0.062500
0 0.981250 0.417969 0.037500 0.062500
0 0.975000 0.478516 0.050000 0.062500
0 0.929688 0.498047 0.050000 0.062500
0 0.876563 0.603516 0.050000 0.062500
0 0.910937 0.591797 0.050000 0.062500
0 0.935937 0.591797 0.050000 0.062500
0 0.965625 0.564453 0.050000 0.062500
0 0.953125 0.625000 0.050000 0.062500
0 0.968750 0.621094 0.050000 0.062500
0 0.982031 0.607422 0.035937 0.062500
0 0.687500 0.238281 0.050000 0.062500
0 0.878125 0.169922 0.050000 0.062500
0 0.781250 0.093750 0.050000 0.062500
0 0.806250 0.113281 0.050000 0.062500
0 0.368750 0.156250 0.050000 0.062500
0 0.454688 0.484375 0.050000 0.062500
0 0.431250 0.482422 0.050000 0.062500
0 0.489063 0.482422 0.050000 0.062500
0 0.503125 0.476562 0.050000 0.062500
0 0.348438 0.515625 0.050000 0.062500
0 0.159375 0.855469 0.050000 0.062500
