0 0.110937 0.437500 0.050000 0.062500
0 0.107813 0.476562 0.050000 0.062500
0 0.109375 0.541016 0.050000 0.062500
0 0.087500 0.578125 0.050000 0.062500
0 0.082812 0.617188 0.050000 0.062500
0 0.112500 0.574219 0.050000 0.062500
0 0.051562 0.550781 0.050000 0.062500
0 0.028125 0.541016 0.050000 0.062500
0 0.053125 0.500000 0.050000 0.062500
0 0.167187 0.328125 0.050000 0.062500
0 0.173437 0.310547 0.050000 0.062500
0 0.200000 0.275391 0.050000 0.062500
0 0.209375 0.255859 0.050000 0.062500
0 0.173437 0.199219 0.050000 0.062500
0 0.343750 0.207031 0.050000 0.062500
0 0.432812 0.191406 0.050000 0.062500
0 0.279687 0.318359 0.050000 0.062500
0 0.239063 0.363281 0.050000 0.062500
0 0.218750 0.369141 0.050000 0.062500
0 0.200000 0.396484 0.050000 0.062500
0 0.217188 0.414062 0.050000 0.062500
0 0.232813 0.460938 0.050000 0.062500
0 0.298438 0.378906 0.050000 0.062500
0 0.276562 0.361328 0.050000 0.062500
0 0.306250 0.474609 0.050000 0.062500
0 0.328125 0.449219 0.050000 0.062500
0 0.354687 0.439453 0.050000 0.062500
0 0.354687 0.474609 0.050000 0.062500
0 0.375000 0.476562 0.050000 0.062500
0 0.365625 0.496094 0.050000 0.062500
0 0.350000 0.533203 0.050000 0.062500
0 0.390625 0.513672 0.050000 0.062500
0 0.317188 0.503906 0.050000 0.062500
0 0.334375 0.490234 0.050000 0.062500
0 0.281250 0.531250 0.050000 0.062500
0 0.320312 0.589844 0.050000 0.062500
0 0.306250 0.617188 0.050000 0.062500
0 0.310937 0.599609 0.050000 0.062500
0 0.289062 0.613281 0.050000 0.062500
0 0.282813 0.638672 0.050000 0.062500
0 0.279687 0.648438 0.050000 0.062500
0 0.256250 0.669922 0.050000 0.062500
0 0.231250 0.722656 0.050000 0.062500
0 0.235937 0.787109 0.050000 0.062500
0 0.275000 0.785156 0.050000 0.062500
0 0.220312 0.796875 0.050000 0.062500
0 0.023438 0.648438 0.046875 0.062500
0 0.021094 0.687500 0.042188 0.062500
0 0.017969 0.710938 0.035937 0.062500
0 0.022656 0.742188 0.045312 0.062500
0 0.096875 0.921875 0.050000 0.062500
0 0.114062 0.957031 0.050000 0.062500
0 0.157812 0.947266 0.050000 0.062500
0 0.198437 0.935547 0.050000 0.062500
0 0.242188 0.929688 0.050000 0.062500
0 0.256250 0.955078 0.050000 0.062500
0 0.353125 0.798828 0.050000 0.062500
0 0.367188 0.785156 0.050000 0.062500
0 0.376563 0.726562 0.050000 0.062500
0 0.414062 0.591797 0.050000 0.062500
0 0.326562 0.699219 0.050000 0.062500
0 0.334375 0.677734 0.050000 0.062500
0 0.303125 0.751953 0.050000 0.062500
0 0.284375 0.753906 0.050000 0.062500
0 0.317188 0.716797 0.050000 0.062500
0 0.267188 0.730469 0.050000 0.062500
0 0.454688 0.888672 0.050000 0.062500
0 0.465625 0.904297 0.050000 0.062500
0 0.510938 0.820312 0.050000 0.062500
0 0.529687 0.818359 0.050000 0.062500
0 0.528125 0.769531 0.050000 0.062500
0 0.484375 0.718750 0.050000 0.062500
0 0.431250 0.712891 0.050000 0.062500
0 0.440625 0.591797 0.050000 0.062500
0 0.468750 0.583984 0.050000 0.062500
0 0.481250 0.566406 0.050000 0.062500
0 0.423438 0.519531 0.050000 0.062500
0 0.350000 0.580078 0.050000 0.062500
0 0.468750 0.437500 0.050000 0.062500
0 0.445312 0.421875 0.050000 0.062500
0 0.460938 0.371094 0.050000 0.062500
0 0.535937 0.207031 0.050000 0.062500
0 0.579688 0.140625 0.050000 0.062500
0 0.468750 0.191406 0.050000 0.062500
0 0.545312 0.314453 0.050000 0.062500
0 0.514062 0.250000 0.050000 0.062500
0 0.531250 0.259766 0.050000 0.062500
0 0.587500 0.265625 0.050000 0.062500
0 0.596875 0.203125 0.050000 0.062500
0 0.646875 0.203125 0.050000 0.062500
0 0.657813 0.179688 0.050000 0.062500
0 0.715625 0.169922 0.050000 0.062500
0 0.695312 0.183594 0.050000 0.062500
0 0.704688 0.138672 0.050000 0.062500
0 0.751563 0.146484 0.050000 0.062500
0 0.743750 0.195312 0.050000 0.062500
0 0.768750 0.230469 0.050000 0.062500
0 0.775000 0.205078 0.050000 0.062500
0 0.803125 0.238281 0.050000 0.062500
0 0.818750 0.265625 0.050000 0.062500
0 0.782813 0.289062 0.050000 0.062500
0 0.759375 0.292969 0.050000 0.062500
0 0.735938 0.314453 0.050000 0.062500
0 0.714063 0.345703 0.050000 0.062500
0 0.721875 0.386719 0.050000 0.062500
0 0.739062 0.402344 0.050000 0.062500
0 0.690625 0.408203 0.050000 0.062500
0 0.665625 0.402344 0.050000 0.062500
0 0.626563 0.382812 0.050000 0.062500
0 0.598437 0.386719 0.050000 0.062500
0 0.587500 0.380859 0.050000 0.062500
0 0.617188 0.341797 0.050000 0.062500
0 0.526563 0.476562 0.050000 0.062500
0 0.540625 0.429688 0.050000 0.062500
0 0.564063 0.572266 0.050000 0.062500
0 0.576562 0.533203 0.050000 0.062500
0 0.576562 0.554688 0.050000 0.062500
0 0.542188 0.556641 0.050000 0.062500
0 0.515625 0.607422 0.050000 0.062500
0 0.587500 0.595703 0.050000 0.062500
0 0.607812 0.570312 0.050000 0.062500
0 0.673438 0.611328 0.050000 0.062500
0 0.351562 0.748047 0.050000 0.062500
0 0.351562 0.765625 0.050000 0.062500
0 0.398438 0.712891 0.050000 0.062500
0 0.414062 0.716797 0.050000 0.062500
0 0.487500 0.658203 0.050000 0.062500
0 0.492188 0.611328 0.050000 0.062500
0 0.531250 0.591797 0.050000 0.062500
0 0.607812 0.591797 0.050000 0.062500
0 0.600000 0.603516 0.050000 0.062500
0 0.598437 0.531250 0.050000 0.062500
0 0.515625 0.574219 0.050000 0.062500
0 0.642188 0.734375 0.050000 0.062500
0 0.650000 0.564453 0.050000 0.062500
0 0.635938 0.541016 0.050000 0.062500
0 0.668750 0.533203 0.050000 0.062500
0 0.640625 0.601562 0.050000 0.062500
0 0.701562 0.632812 0.050000 0.062500
0 0.692187 0.603516 0.050000 0.062500
0 0.721875 0.574219 0.050000 0.062500
0 0.737500 0.582031 0.050000 0.062500
0 0.684375 0.548828 0.050000 0.062500
0 0.689063 0.527344 0.050000 0.062500
0 0.673438 0.664062 0.050000 0.062500
0 0.671875 0.703125 0.050000 0.062500
0 0.725000 0.677734 0.050000 0.062500
0 0.798438 0.583984 0.050000 0.062500
0 0.776563 0.574219 0.050000 0.062500
0 0.812500 0.630859 0.050000 0.062500
0 0.832812 0.617188 0.050000 0.062500
0 0.840625 0.669922 0.050000 0.062500
0 0.759375 0.701172 0.050000 0.062500
0 0.751563 0.660156 0.050000 0.062500
0 0.771875 0.671875 0.050000 0.062500
0 0.728125 0.908203 0.050000 0.062500
0 0.642188 0.908203 0.050000 0.062500
0 0.621875 0.896484 0.050000 0.062500
0 0.603125 0.923828 0.050000 0.062500
0 0.540625 0.937500 0.050000 0.062500
0 0.593750 0.964844 0.050000 0.062500
0 0.687500 0.927734 0.050000 0.062500
0 0.679688 0.902344 0.050000 0.062500
0 0.657813 0.449219 0.050000 0.062500
0 0.567187 0.460938 0.050000 0.062500
0 0.631250 0.470703 0.050000 0.062500
0 0.623437 0.488281 0.050000 0.062500
0 0.618750 0.449219 0.050000 0.062500
0 0.593750 0.466797 0.050000 0.062500
0 0.759375 0.445312 0.050000 0.062500
0 0.739062 0.494141 0.050000 0.062500
0 0.775000 0.646484 0.050000 0.062500
0 0.759375 0.634766 0.050000 0.062500
0 0.690625 0.712891 0.050000 0.062500
0 0.812500 0.701172 0.050000 0.062500
0 0.796875 0.726562 0.050000 0.062500
0 0.776563 0.712891 0.050000 0.062500
0 0.879687 0.679688 0.050000 0.062500
0 0.900000 0.617188 0.050000 0.062500
0 0.940625 0.597656 0.050000 0.062500
0 0.918750 0.650391 0.050000 0.062500
0 0.884375 0.718750 0.050000 0.062500
0 0.856250 0.830078 0.050000 0.062500
0 0.814063 0.969727 0.050000 0.060547
0 0.721875 0.971680 0.050000 0.056641
0 0.918750 0.873047 0.050000 0.062500
0 0.939063 0.894531 0.050000 0.062500
0 0.973437 0.898438 0.050000 0.062500
0 0.920312 0.757812 0.050000 0.062500
0 0.953125 0.611328 0.050000 0.062500
0 0.980469 0.591797 0.039062 0.062500
0 0.980469 0.617188 0.039062 0.062500
0 0.909375 0.542969 0.050000 0.062500
0 0.921875 0.564453 0.050000 0.062500
0 0.889062 0.564453 0.050000 0.062500
0 0.854688 0.572266 0.050000 0.062500
0 0.771875 0.525391 0.050000 0.062500
0 0.759375 0.494141 0.050000 0.062500
0 0.715625 0.486328 0.050000 0.062500
0 0.679688 0.503906 0.050000 0.062500
0 0.692187 0.455078 0.050000 0.062500
0 0.704688 0.457031 0.050000 0.062500
0 0.729688 0.462891 0.050000 0.062500
0 0.787500 0.394531 0.050000 0.062500
0 0.759375 0.376953 0.050000 0.062500
0 0.750000 0.351562 0.050000 0.062500
0 0.809375 0.351562 0.050000 0.062500
0 0.823438 0.359375 0.050000 0.062500
0 0.834375 0.298828 0.050000 0.062500
0 0.812500 0.212891 0.050000 0.062500
0 0.815625 0.183594 0.050000 0.062500
0 0.790625 0.183594 0.050000 0.062500
0 0.862500 0.226562 0.050000 0.062500
0 0.843750 0.207031 0.050000 0.062500
0 0.810937 0.427734 0.050000 0.062500
0 0.845313 0.435547 0.050000 0.062500
0 0.821875 0.478516 0.050000 0.062500
0 0.803125 0.501953 0.050000 0.062500
0 0.839063 0.517578 0.050000 0.062500
0 0.904687 0.500000 0.050000 0.062500
0 0.875000 0.537109 0.050000 0.062500
0 0.845313 0.546875 0.050000 0.062500
0 0.887500 0.439453 0.050000 0.062500
0 0.901563 0.421875 0.050000 0.062500
0 0.868750 0.408203 0.050000 0.062500
0 0.850000 0.322266 0.050000 0.062500
0 0.896875 0.285156 0.050000 0.062500
0 0.873437 0.294922 0.050000 0.062500
0 0.887500 0.208984 0.050000 0.062500
0 0.871875 0.173828 0.050000 0.062500
0 0.914062 0.179688 0.050000 0.062500
0 0.931250 0.253906 0.050000 0.062500
0 0.934375 0.322266 0.050000 0.062500
0 0.909375 0.384766 0.050000 0.062500
0 0.887500 0.392578 0.050000 0.062500
0 0.940625 0.404297 0.050000 0.062500
0 0.948438 0.531250 0.050000 0.062500
0 0.931250 0.537109 0.050000 0.062500
0 0.893750 0.519531 0.050000 0.062500
0 0.975781 0.509766 0.048438 0.062500
0 0.982812 0.431641 0.034375 0.062500
0 0.979688 0.388672 0.040625 0.062500
0 0.977344 0.308594 0.045312 0.062500
0 0.968750 0.255859 0.050000 0.062500
0 0.975000 0.287109 0.050000 0.062500
0 0.953125 0.185547 0.050000 0.062500
0 0.948438 0.208984 0.050000 0.062500
0 0.918750 0.150391 0.050000 0.062500
0 0.776563 0.492188 0.050000 0.062500
0 0.764062 0.472656 0.050000 0.062500
0 0.753125 0.482422 0.050000 0.062500
0 0.782813 0.511719 0.050000 0.062500
0 0.781250 0.593750 0.050000 0.062500
0 0.790625 0.677734 0.050000 0.062500
0 0.807813 0.652344 0.050000 0.062500
0 0.860938 0.658203 0.050000 0.062500
0 0.835938 0.703125 0.050000 0.062500
0 0.860938 0.611328 0.050000 0.062500
0 0.885938 0.652344 0.050000 0.062500
0 0.625000 0.587891 0.050000 0.062500
0 0.535937 0.527344 0.050000 0.062500
0 0.904687 0.349609 0.050000 0.062500
0 0.884375 0.335938 0.050000 0.062500
0 0.948438 0.310547 0.050000 0.062500
0 0.820312 0.396484 0.050000 0.062500
0 0.350000 0.671875 0.050000 0.062500
0 0.234375 0.908203 0.050000 0.062500
0 0.520312 0.880859 0.050000 0.062500
0 0.659375 0.888672 0.050000 0.062500
0 0.900000 0.589844 0.050000 0.062500
0 0.845313 0.619141 0.050000 0.062500
0 0.757812 0.570312 0.050000 0.062500
