0 0.564063 0.714844 0.050000 0.062500
0 0.559375 0.751953 0.050000 0.062500
0 0.532813 0.744141 0.050000 0.062500
0 0.526563 0.718750 0.050000 0.062500
0 0.482812 0.763672 0.050000 0.062500
0 0.470313 0.779297 0.050000 0.062500
0 0.526563 0.796875 0.050000 0.062500
0 0.517188 0.769531 0.050000 0.062500
0 0.500000 0.814453 0.050000 0.062500
0 0.445312 0.812500 0.050000 0.062500
0 0.420312 0.816406 0.050000 0.062500
0 0.404687 0.847656 0.050000 0.062500
0 0.342187 0.873047 0.050000 0.062500
0 0.576562 0.724609 0.050000 0.062500
0 0.592187 0.703125 0.050000 0.062500
0 0.601562 0.744141 0.050000 0.062500
0 0.589063 0.773438 0.050000 0.062500
0 0.615625 0.779297 0.050000 0.062500
0 0.625000 0.742188 0.050000 0.062500
0 0.635938 0.759766 0.050000 0.062500
0 0.631250 0.726562 0.050000 0.062500
0 0.646875 0.726562 0.050000 0.062500
0 0.621875 0.699219 0.050000 0.062500
0 0.635938 0.685547 0.050000 0.062500
0 0.657813 0.705078 0.050000 0.062500
0 0.670312 0.718750 0.050000 0.062500
0 0.657813 0.728516 0.050000 0.062500
0 0.689063 0.751953 0.050000 0.062500
0 0.670312 0.755859 0.050000 0.062500
0 0.667188 0.769531 0.050000 0.062500
0 0.700000 0.769531 0.050000 0.062500
0 0.689063 0.765625 0.050000 0.062500
0 0.715625 0.775391 0.050000 0.062500
0 0.698438 0.787109 0.050000 0.062500
0 0.689063 0.812500 0.050000 0.062500
0 0.651563 0.779297 0.050000 0.062500
0 0.693750 0.687500 0.050000 0.062500
0 0.678125 0.687500 0.050000 0.062500
0 0.685937 0.712891 0.050000 0.062500
0 0.701562 0.718750 0.050000 0.062500
0 0.718750 0.724609 0.050000 0.062500
0 0.714063 0.701172 0.050000 0.062500
0 0.732812 0.710938 0.050000 0.062500
0 0.762500 0.701172 0.050000 0.062500
0 0.779687 0.708984 0.050000 0.062500
0 0.768750 0.736328 0.050000 0.062500
0 0.753125 0.771484 0.050000 0.062500
0 0.745313 0.792969 0.050000 0.062500
0 0.737500 0.808594 0.050000 0.062500
0 0.715625 0.791016 0.050000 0.062500
0 0.695312 0.828125 0.050000 0.062500
0 0.660937 0.892578 0.050000 0.062500
0 0.553125 0.971680 0.050000 0.056641
0 0.515625 0.925781 0.050000 0.062500
0 0.412500 0.943359 0.050000 0.062500
0 0.860938 0.882812 0.050000 0.062500
0 0.931250 0.884766 0.050000 0.062500
0 0.943750 0.759766 0.050000 0.062500
0 0.925000 0.712891 0.050000 0.062500
0 0.867188 0.773438 0.050000 0.062500
0 0.850000 0.773438 0.050000 0.062500
0 0.834375 0.781250 0.050000 0.062500
0 0.821875 0.792969 0.050000 0.062500
0 0.807813 0.806641 0.050000 0.062500
0 0.821875 0.820312 0.050000 0.062500
0 0.775000 0.800781 0.050000 0.062500
0 0.807813 0.746094 0.050000 0.062500
0 0.825000 0.726562 0.050000 0.062500
0 0.843750 0.685547 0.050000 0.062500
0 0.878125 0.666016 0.050000 0.062500
0 0.909375 0.634766 0.050000 0.062500
0 0.920312 0.613281 0.050000 0.062500
0 0.937500 0.611328 0.050000 0.062500
0 0.945312 0.583984 0.050000 0.062500
0 0.957812 0.599609 0.050000 0.062500
0 0.892188 0.615234 0.050000 0.062500
0 0.892188 0.630859 0.050000 0.062500
0 0.867188 0.634766 0.050000 0.062500
0 0.839063 0.652344 0.050000 0.062500
0 0.823438 0.652344 0.050000 0.062500
0 0.815625 0.632812 0.050000 0.062500
0 0.832812 0.634766 0.050000 0.062500
0 0.790625 0.646484 0.050000 0.062500
0 0.792188 0.617188 0.050000 0.062500
0 0.768750 0.632812 0.050000 0.062500
0 0.759375 0.638672 0.050000 0.062500
0 0.748437 0.658203 0.050000 0.062500
0 0.746875 0.625000 0.050000 0.062500
0 0.740625 0.603516 0.050000 0.062500
0 0.718750 0.634766 0.050000 0.062500
0 0.696875 0.636719 0.050000 0.062500
0 0.696875 0.605469 0.050000 0.062500
0 0.684375 0.601562 0.050000 0.062500
0 0.671875 0.611328 0.050000 0.062500
0 0.639062 0.603516 0.050000 0.062500
0 0.610938 0.607422 0.050000 0.062500
0 0.610938 0.636719 0.050000 0.062500
0 0.595313 0.662109 0.050000 0.062500
0 0.710938 0.509766 0.050000 0.062500
0 0.732812 0.576172 0.050000 0.062500
0 0.759375 0.527344 0.050000 0.062500
0 0.770312 0.542969 0.050000 0.062500
0 0.787500 0.564453 0.050000 0.062500
0 0.814063 0.556641 0.050000 0.062500
0 0.826562 0.517578 0.050000 0.062500
0 0.842187 0.544922 0.050000 0.062500
0 0.860938 0.517578 0.050000 0.062500
0 0.884375 0.480469 0.050000 0.062500
0 0.882812 0.435547 0.050000 0.062500
0 0.879687 0.408203 0.050000 0.062500
0 0.840625 0.468750 0.050000 0.062500
0 0.773438 0.482422 0.050000 0.062500
0 0.767188 0.437500 0.050000 0.062500
0 0.809375 0.427734 0.050000 0.062500
0 0.840625 0.373047 0.050000 0.062500
0 0.862500 0.335938 0.050000 0.062500
0 0.864062 0.359375 0.050000 0.062500
0 0.896875 0.335938 0.050000 0.062500
0 0.889062 0.314453 0.050000 0.062500
0 0.892188 0.287109 0.050000 0.062500
0 0.871875 0.283203 0.050000 0.062500
0 0.864062 0.300781 0.050000 0.062500
0 0.832812 0.318359 0.050000 0.062500
0 0.818750 0.310547 0.050000 0.062500
0 0.795312 0.345703 0.050000 0.062500
0 0.904687 0.363281 0.050000 0.062500
0 0.921875 0.384766 0.050000 0.062500
0 0.948438 0.396484 0.050000 0.062500
0 0.932813 0.445312 0.050000 0.062500
0 0.928125 0.500000 0.050000 0.062500
0 0.959375 0.505859 0.050000 0.062500
0 0.973437 0.537109 0.050000 0.062500
0 0.956250 0.558594 0.050000 0.062500
0 0.964063 0.470703 0.050000 0.062500
0 0.953125 0.462891 0.050000 0.062500
0 0.967187 0.433594 0.050000 0.062500
0 0.765625 0.345703 0.050000 0.062500
0 0.767188 0.390625 0.050000 0.062500
0 0.721875 0.431641 0.050000 0.062500
0 0.685937 0.441406 0.050000 0.062500
0 0.640625 0.478516 0.050000 0.062500
0 0.662500 0.496094 0.050000 0.062500
0 0.596875 0.539062 0.050000 0.062500
0 0.662500 0.564453 0.050000 0.062500
0 0.634375 0.568359 0.050000 0.062500
0 0.515625 0.519531 0.050000 0.062500
0 0.542188 0.457031 0.050000 0.062500
0 0.625000 0.412109 0.050000 0.062500
0 0.576562 0.455078 0.050000 0.062500
0 0.579688 0.492188 0.050000 0.062500
0 0.587500 0.515625 0.050000 0.062500
0 0.565625 0.550781 0.050000 0.062500
0 0.546875 0.402344 0.050000 0.062500
0 0.704688 0.369141 0.050000 0.062500
0 0.731250 0.363281 0.050000 0.062500
0 0.768750 0.312500 0.050000 0.062500
0 0.729688 0.335938 0.050000 0.062500
0 0.700000 0.335938 0.050000 0.062500
0 0.668750 0.343750 0.050000 0.062500
0 0.634375 0.330078 0.050000 0.062500
0 0.620313 0.306641 0.050000 0.062500
0 0.665625 0.291016 0.050000 0.062500
0 0.560937 0.353516 0.050000 0.062500
0 0.532813 0.390625 0.050000 0.062500
0 0.465625 0.455078 0.050000 0.062500
0 0.473438 0.408203 0.050000 0.062500
0 0.518750 0.347656 0.050000 0.062500
0 0.517188 0.621094 0.050000 0.062500
0 0.543750 0.650391 0.050000 0.062500
0 0.509375 0.671875 0.050000 0.062500
0 0.462500 0.683594 0.050000 0.062500
0 0.446875 0.656250 0.050000 0.062500
0 0.517188 0.658203 0.050000 0.062500
0 0.500000 0.677734 0.050000 0.062500
0 0.434375 0.638672 0.050000 0.062500
0 0.417187 0.638672 0.050000 0.062500
0 0.428125 0.591797 0.050000 0.062500
0 0.412500 0.529297 0.050000 0.062500
0 0.314063 0.486328 0.050000 0.062500
0 0.362500 0.414062 0.050000 0.062500
0 0.387500 0.339844 0.050000 0.062500
0 0.259375 0.402344 0.050000 0.062500
0 0.234375 0.439453 0.050000 0.062500
0 0.160938 0.546875 0.050000 0.062500
0 0.134375 0.597656 0.050000 0.062500
0 0.139063 0.625000 0.050000 0.062500
0 0.271875 0.632812 0.050000 0.062500
0 0.900000 0.695312 0.050000 0.062500
0 0.871875 0.712891 0.050000 0.062500
0 0.846875 0.732422 0.050000 0.062500
0 0.934375 0.792969 0.050000 0.062500
0 0.984375 0.908203 0.031250 0.062500
0 0.973437 0.687500 0.050000 0.062500
0 0.970313 0.658203 0.050000 0.062500
0 0.943750 0.658203 0.050000 0.062500
0 0.931250 0.683594 0.050000 0.062500
0 0.985938 0.650391 0.028125 0.062500
0 0.415625 0.755859 0.050000 0.062500
0 0.373437 0.781250 0.050000 0.062500
0 0.354687 0.796875 0.050000 0.062500
0 0.350000 0.806641 0.050000 0.062500
0 0.354687 0.826172 0.050000 0.062500
0 0.326562 0.837891 0.050000 0.062500
0 0.317188 0.849609 0.050000 0.062500
0 0.312500 0.880859 0.050000 0.062500
0 0.292187 0.859375 0.050000 0.062500
0 0.292187 0.890625 0.050000 0.062500
0 0.290625 0.912109 0.050000 0.062500
0 0.264062 0.904297 0.050000 0.062500
0 0.304688 0.779297 0.050000 0.062500
0 0.345313 0.769531 0.050000 0.062500
0 0.354687 0.751953 0.050000 0.062500
0 0.390625 0.740234 0.050000 0.062500
0 0.326562 0.742188 0.050000 0.062500
0 0.342187 0.712891 0.050000 0.062500
0 0.354687 0.699219 0.050000 0.062500
0 0.301563 0.738281 0.050000 0.062500
0 0.312500 0.699219 0.050000 0.062500
0 0.315625 0.666016 0.050000 0.062500
0 0.284375 0.646484 0.050000 0.062500
0 0.250000 0.625000 0.050000 0.062500
0 0.243750 0.589844 0.050000 0.062500
0 0.201563 0.644531 0.050000 0.062500
0 0.175000 0.666016 0.050000 0.062500
0 0.204687 0.697266 0.050000 0.062500
0 0.218750 0.732422 0.050000 0.062500
0 0.093750 0.740234 0.050000 0.062500
0 0.153125 0.785156 0.050000 0.062500
0 0.171875 0.792969 0.050000 0.062500
0 0.098437 0.837891 0.050000 0.062500
0 0.095312 0.808594 0.050000 0.062500
0 0.100000 0.880859 0.050000 0.062500
0 0.098437 0.923828 0.050000 0.062500
0 0.106250 0.933594 0.050000 0.062500
0 0.048438 0.826172 0.050000 0.062500
0 0.029687 0.853516 0.050000 0.062500
0 0.026562 0.975586 0.050000 0.048828
0 0.051562 0.966797 0.050000 0.062500
0 0.360938 0.912109 0.050000 0.062500
0 0.298438 0.978516 0.050000 0.042969
0 0.557813 0.265625 0.050000 0.062500
0 0.575000 0.257812 0.050000 0.062500
0 0.593750 0.248047 0.050000 0.062500
0 0.615625 0.253906 0.050000 0.062500
0 0.773438 0.261719 0.050000 0.062500
0 0.903125 0.316406 0.050000 0.062500
0 0.918750 0.343750 0.050000 0.062500
0 0.928125 0.367188 0.050000 0.062500
0 0.953125 0.376953 0.050000 0.062500
0 0.982812 0.177734 0.034375 0.062500
0 0.882812 0.589844 0.050000 0.062500
0 0.901563 0.595703 0.050000 0.062500
0 0.332813 0.878906 0.050000 0.062500
0 0.948438 0.968750 0.050000 0.062500
0 0.915625 0.975586 0.050000 0.048828
0 0.903125 0.982422 0.050000 0.035156
