0 0.601562 0.039062 0.050000 0.062500
0 0.603125 0.056641 0.050000 0.062500
0 0.601562 0.080078 0.050000 0.062500
0 0.582812 0.068359 0.050000 0.062500
0 0.573438 0.037109 0.050000 0.062500
0 0.551562 0.037109 0.050000 0.062500
0 0.546875 0.022461 0.050000 0.044922
0 0.528125 0.052734 0.050000 0.062500
0 0.506250 0.099609 0.050000 0.062500
0 0.548438 0.097656 0.050000 0.062500
0 0.528125 0.136719 0.050000 0.062500
0 0.509375 0.138672 0.050000 0.062500
0 0.506250 0.154297 0.050000 0.062500
0 0.500000 0.167969 0.050000 0.062500
0 0.523438 0.171875 0.050000 0.062500
0 0.539062 0.156250 0.050000 0.062500
0 0.554688 0.150391 0.050000 0.062500
0 0.559375 0.132812 0.050000 0.062500
0 0.565625 0.113281 0.050000 0.062500
0 0.576562 0.140625 0.050000 0.062500
0 0.596875 0.146484 0.050000 0.062500
0 0.543750 0.277344 0.050000 0.062500
0 0.528125 0.281250 0.050000 0.062500
0 0.506250 0.285156 0.050000 0.062500
0 0.500000 0.298828 0.050000 0.062500
0 0.473438 0.322266 0.050000 0.062500
0 0.467187 0.347656 0.050000 0.062500
0 0.485938 0.353516 0.050000 0.062500
0 0.495312 0.347656 0.050000 0.062500
0 0.529687 0.392578 0.050000 0.062500
0 0.548438 0.371094 0.050000 0.062500
0 0.560937 0.300781 0.050000 0.062500
0 0.573438 0.292969 0.050000 0.062500
0 0.596875 0.294922 0.050000 0.062500
0 0.582812 0.326172 0.050000 0.062500
0 0.554688 0.312500 0.050000 0.062500
0 0.579688 0.226562 0.050000 0.062500
0 0.596875 0.228516 0.050000 0.062500
0 0.543750 0.230469 0.050000 0.062500
0 0.512500 0.238281 0.050000 0.062500
0 0.625000 0.201172 0.050000 0.062500
0 0.632812 0.281250 0.050000 0.062500
0 0.646875 0.275391 0.050000 0.062500
0 0.662500 0.275391 0.050000 0.062500
0 0.684375 0.265625 0.050000 0.062500
0 0.698438 0.265625 0.050000 0.062500
0 0.710938 0.253906 0.050000 0.062500
0 0.726562 0.248047 0.050000 0.062500
0 0.731250 0.226562 0.050000 0.062500
0 0.739062 0.212891 0.050000 0.062500
0 0.756250 0.201172 0.050000 0.062500
0 0.715625 0.208984 0.050000 0.062500
0 0.706250 0.191406 0.050000 0.062500
0 0.704688 0.175781 0.050000 0.062500
0 0.695312 0.187500 0.050000 0.062500
0 0.684375 0.220703 0.050000 0.062500
0 0.667188 0.216797 0.050000 0.062500
0 0.645312 0.179688 0.050000 0.062500
0 0.676562 0.179688 0.050000 0.062500
0 0.728125 0.158203 0.050000 0.062500
0 0.764062 0.126953 0.050000 0.062500
0 0.764062 0.152344 0.050000 0.062500
0 0.775000 0.105469 0.050000 0.062500
0 0.784375 0.091797 0.050000 0.062500
0 0.771875 0.074219 0.050000 0.062500
0 0.829688 0.093750 0.050000 0.062500
0 0.814063 0.058594 0.050000 0.062500
0 0.806250 0.031250 0.050000 0.062500
0 0.828125 0.050781 0.050000 0.062500
0 0.839063 0.037109 0.050000 0.062500
0 0.856250 0.039062 0.050000 0.062500
0 0.865625 0.052734 0.050000 0.062500
0 0.853125 0.017578 0.050000 0.035156
0 0.875000 0.016602 0.050000 0.033203
0 0.756250 0.072266 0.050000 0.062500
0 0.743750 0.054688 0.050000 0.062500
0 0.723437 0.062500 0.050000 0.062500
0 0.753125 0.033203 0.050000 0.062500
0 0.762500 0.017578 0.050000 0.035156
0 0.700000 0.066406 0.050000 0.062500
0 0.717187 0.105469 0.050000 0.062500
0 0.692187 0.089844 0.050000 0.062500
0 0.709375 0.039062 0.050000 0.062500
0 0.634375 0.126953 0.050000 0.062500
0 0.609375 0.117188 0.050000 0.062500
0 0.609375 0.132812 0.050000 0.062500
0 0.617188 0.099609 0.050000 0.062500
0 0.653125 0.107422 0.050000 0.062500
0 0.665625 0.091797 0.050000 0.062500
0 0.493750 0.022461 0.050000 0.044922
0 0.485938 0.093750 0.050000 0.062500
0 0.451562 0.128906 0.050000 0.062500
0 0.450000 0.105469 0.050000 0.062500
0 0.420312 0.119141 0.050000 0.062500
0 0.409375 0.146484 0.050000 0.062500
0 0.364063 0.162109 0.050000 0.062500
0 0.339062 0.146484 0.050000 0.062500
0 0.312500 0.140625 0.050000 0.062500
0 0.326562 0.072266 0.050000 0.062500
0 0.312500 0.085938 0.050000 0.062500
0 0.307812 0.066406 0.050000 0.062500
0 0.320312 0.050781 0.050000 0.062500
0 0.306250 0.029297 0.050000 0.058594
0 0.303125 0.016602 0.050000 0.033203
0 0.246875 0.041016 0.050000 0.062500
0 0.267188 0.113281 0.050000 0.062500
0 0.245312 0.099609 0.050000 0.062500
0 0.417187 0.404297 0.050000 0.062500
0 0.423438 0.425781 0.050000 0.062500
0 0.410938 0.361328 0.050000 0.062500
0 0.420312 0.339844 0.050000 0.062500
0 0.437500 0.357422 0.050000 0.062500
0 0.373437 0.402344 0.050000 0.062500
0 0.364063 0.429688 0.050000 0.062500
0 0.345313 0.462891 0.050000 0.062500
0 0.400000 0.455078 0.050000 0.062500
0 0.418750 0.486328 0.050000 0.062500
0 0.387500 0.421875 0.050000 0.062500
0 0.435937 0.537109 0.050000 0.062500
0 0.454688 0.537109 0.050000 0.062500
0 0.584375 0.427734 0.050000 0.062500
0 0.579688 0.363281 0.050000 0.062500
0 0.607812 0.355469 0.050000 0.062500
0 0.615625 0.318359 0.050000 0.062500
0 0.637500 0.298828 0.050000 0.062500
0 0.678125 0.322266 0.050000 0.062500
0 0.753125 0.375000 0.050000 0.062500
0 0.815625 0.347656 0.050000 0.062500
0 0.823438 0.283203 0.050000 0.062500
0 0.839063 0.257812 0.050000 0.062500
0 0.859375 0.226562 0.050000 0.062500
0 0.853125 0.173828 0.050000 0.062500
0 0.948438 0.251953 0.050000 0.062500
0 0.867188 0.287109 0.050000 0.062500
0 0.851562 0.294922 0.050000 0.062500
0 0.859375 0.359375 0.050000 0.062500
0 0.834375 0.375000 0.050000 0.062500
0 0.885938 0.359375 0.050000 0.062500
0 0.892188 0.478516 0.050000 0.062500
0 0.973437 0.501953 0.050000 0.062500
0 0.983594 0.791016 0.032813 0.062500
0 0.843750 0.636719 0.050000 0.062500
0 0.792188 0.710938 0.050000 0.062500
0 0.732812 0.509766 0.050000 0.062500
0 0.704688 0.552734 0.050000 0.062500
0 0.701562 0.570312 0.050000 0.062500
0 0.685937 0.550781 0.050000 0.062500
0 0.667188 0.544922 0.050000 0.062500
0 0.665625 0.675781 0.050000 0.062500
0 0.682813 0.677734 0.050000 0.062500
0 0.696875 0.687500 0.050000 0.062500
0 0.670312 0.728516 0.050000 0.062500
0 0.746875 0.773438 0.050000 0.062500
0 0.668750 0.812500 0.050000 0.062500
0 0.678125 0.835938 0.050000 0.062500
0 0.707812 0.937500 0.050000 0.062500
0 0.625000 0.951172 0.050000 0.062500
0 0.634375 0.976562 0.050000 0.046875
0 0.479687 0.955078 0.050000 0.062500
0 0.484375 0.876953 0.050000 0.062500
0 0.532813 0.826172 0.050000 0.062500
0 0.500000 0.712891 0.050000 0.062500
0 0.551562 0.644531 0.050000 0.062500
0 0.629687 0.634766 0.050000 0.062500
0 0.520312 0.589844 0.050000 0.062500
0 0.510938 0.556641 0.050000 0.062500
0 0.396875 0.570312 0.050000 0.062500
0 0.378125 0.587891 0.050000 0.062500
0 0.367188 0.578125 0.050000 0.062500
0 0.360938 0.603516 0.050000 0.062500
0 0.360938 0.685547 0.050000 0.062500
0 0.364063 0.710938 0.050000 0.062500
0 0.376563 0.771484 0.050000 0.062500
0 0.253125 0.853516 0.050000 0.062500
0 0.265625 0.878906 0.050000 0.062500
0 0.323437 0.976562 0.050000 0.046875
0 0.215625 0.783203 0.050000 0.062500
0 0.246875 0.728516 0.050000 0.062500
0 0.204687 0.642578 0.050000 0.062500
0 0.257812 0.570312 0.050000 0.062500
0 0.228125 0.564453 0.050000 0.062500
0 0.235937 0.546875 0.050000 0.062500
0 0.220312 0.591797 0.050000 0.062500
0 0.225000 0.630859 0.050000 0.062500
0 0.289062 0.621094 0.050000 0.062500
0 0.296875 0.591797 0.050000 0.062500
0 0.301563 0.669922 0.050000 0.062500
0 0.303125 0.644531 0.050000 0.062500
0 0.256250 0.675781 0.050000 0.062500
0 0.295312 0.703125 0.050000 0.062500
0 0.279687 0.722656 0.050000 0.062500
0 0.343750 0.677734 0.050000 0.062500
0 0.268750 0.427734 0.050000 0.062500
0 0.295312 0.416016 0.050000 0.062500
0 0.268750 0.470703 0.050000 0.062500
0 0.253125 0.500000 0.050000 0.062500
0 0.257812 0.521484 0.050000 0.062500
0 0.234375 0.484375 0.050000 0.062500
0 0.210938 0.503906 0.050000 0.062500
0 0.187500 0.482422 0.050000 0.062500
0 0.209375 0.457031 0.050000 0.062500
0 0.209375 0.421875 0.050000 0.062500
0 0.220312 0.404297 0.050000 0.062500
0 0.271875 0.312500 0.050000 0.062500
0 0.295312 0.314453 0.050000 0.062500
0 0.317188 0.310547 0.050000 0.062500
0 0.365625 0.285156 0.050000 0.062500
0 0.357812 0.240234 0.050000 0.062500
0 0.254688 0.263672 0.050000 0.062500
0 0.146875 0.121094 0.050000 0.062500
0 0.085938 0.207031 0.050000 0.062500
0 0.167187 0.039062 0.050000 0.062500
0 0.067187 0.353516 0.050000 0.062500
0 0.048438 0.421875 0.050000 0.062500
0 0.037500 0.470703 0.050000 0.062500
0 0.026562 0.466797 0.050000 0.062500
0 0.078125 0.476562 0.050000 0.062500
0 0.101562 0.507812 0.050000 0.062500
0 0.093750 0.382812 0.050000 0.062500
0 0.118750 0.382812 0.050000 0.062500
0 0.171875 0.390625 0.050000 0.062500
0 0.176563 0.417969 0.050000 0.062500
0 0.193750 0.396484 0.050000 0.062500
0 0.171875 0.457031 0.050000 0.062500
0 0.062500 0.757812 0.050000 0.062500
0 0.026562 0.751953 0.050000 0.062500
0 0.040625 0.755859 0.050000 0.062500
0 0.031250 0.703125 0.050000 0.062500
0 0.021875 0.708984 0.043750 0.062500
0 0.021875 0.873047 0.043750 0.062500
0 0.034375 0.873047 0.050000 0.062500
0 0.054688 0.876953 0.050000 0.062500
0 0.040625 0.927734 0.050000 0.062500
0 0.012500 0.841797 0.025000 0.062500
0 0.021875 0.833984 0.043750 0.062500
0 0.042188 0.833984 0.050000 0.062500
0 0.017188 0.812500 0.034375 0.062500
0 0.960938 0.066406 0.050000 0.062500
0 0.985156 0.054688 0.029687 0.062500
0 0.639062 0.054688 0.050000 0.062500
0 0.634375 0.031250 0.050000 0.062500
0 0.656250 0.021484 0.050000 0.042969
0 0.623437 0.018555 0.050000 0.037109
0 0.590625 0.187500 0.050000 0.062500
0 0.450000 0.240234 0.050000 0.062500
0 0.451562 0.207031 0.050000 0.062500
0 0.693750 0.138672 0.050000 0.062500
0 0.332813 0.490234 0.050000 0.062500
0 0.320312 0.472656 0.050000 0.062500
0 0.414062 0.449219 0.050000 0.062500
0 0.446875 0.328125 0.050000 0.062500
0 0.431250 0.310547 0.050000 0.062500
0 0.448437 0.298828 0.050000 0.062500
0 0.487500 0.261719 0.050000 0.062500
0 0.373437 0.271484 0.050000 0.062500
0 0.350000 0.304688 0.050000 0.062500
0 0.312500 0.408203 0.050000 0.062500
0 0.079687 0.341797 0.050000 0.062500
0 0.421875 0.226562 0.050000 0.062500
0 0.398438 0.250000 0.050000 0.062500
0 0.471875 0.181641 0.050000 0.062500
0 0.451562 0.185547 0.050000 0.062500
0 0.432812 0.203125 0.050000 0.062500
0 0.221875 0.671875 0.050000 0.062500
