0 0.306250 0.970703 0.050000 0.058594
0 0.309375 0.947266 0.050000 0.062500
0 0.301563 0.912109 0.050000 0.062500
0 0.298438 0.886719 0.050000 0.062500
0 0.279687 0.869141 0.050000 0.062500
0 0.285938 0.843750 0.050000 0.062500
0 0.354687 0.904297 0.050000 0.062500
0 0.376563 0.914062 0.050000 0.062500
0 0.356250 0.826172 0.050000 0.062500
0 0.356250 0.796875 0.050000 0.062500
0 0.371875 0.783203 0.050000 0.062500
0 0.417187 0.742188 0.050000 0.062500
0 0.365625 0.669922 0.050000 0.062500
0 0.371875 0.636719 0.050000 0.062500
0 0.354687 0.615234 0.050000 0.062500
0 0.362500 0.597656 0.050000 0.062500
0 0.339062 0.566406 0.050000 0.062500
0 0.340625 0.554688 0.050000 0.062500
0 0.367188 0.552734 0.050000 0.062500
0 0.367188 0.523438 0.050000 0.062500
0 0.393750 0.507812 0.050000 0.062500
0 0.389062 0.541016 0.050000 0.062500
0 0.409375 0.529297 0.050000 0.062500
0 0.409375 0.484375 0.050000 0.062500
0 0.420312 0.468750 0.050000 0.062500
0 0.421875 0.439453 0.050000 0.062500
0 0.412500 0.416016 0.050000 0.062500
0 0.384375 0.421875 0.050000 0.062500
0 0.360938 0.458984 0.050000 0.062500
0 0.353125 0.486328 0.050000 0.062500
0 0.346875 0.505859 0.050000 0.062500
0 0.403125 0.457031 0.050000 0.062500
0 0.443750 0.451172 0.050000 0.062500
0 0.462500 0.449219 0.050000 0.062500
0 0.479687 0.439453 0.050000 0.062500
0 0.457813 0.474609 0.050000 0.062500
0 0.487500 0.455078 0.050000 0.062500
0 0.501563 0.443359 0.050000 0.062500
0 0.495312 0.472656 0.050000 0.062500
0 0.515625 0.490234 0.050000 0.062500
0 0.529687 0.406250 0.050000 0.062500
0 0.510938 0.326172 0.050000 0.062500
0 0.543750 0.320312 0.050000 0.062500
0 0.567187 0.333984 0.050000 0.062500
0 0.570312 0.396484 0.050000 0.062500
0 0.545312 0.396484 0.050000 0.062500
0 0.589063 0.425781 0.050000 0.062500
0 0.592187 0.392578 0.050000 0.062500
0 0.607812 0.384766 0.050000 0.062500
0 0.593750 0.312500 0.050000 0.062500
0 0.578125 0.281250 0.050000 0.062500
0 0.559375 0.287109 0.050000 0.062500
0 0.606250 0.294922 0.050000 0.062500
0 0.612500 0.318359 0.050000 0.062500
0 0.640625 0.320312 0.050000 0.062500
0 0.625000 0.343750 0.050000 0.062500
0 0.615625 0.359375 0.050000 0.062500
0 0.625000 0.279297 0.050000 0.062500
0 0.670312 0.212891 0.050000 0.062500
0 0.743750 0.240234 0.050000 0.062500
0 0.737500 0.351562 0.050000 0.062500
0 0.748437 0.423828 0.050000 0.062500
0 0.771875 0.417969 0.050000 0.062500
0 0.785937 0.408203 0.050000 0.062500
0 0.800000 0.396484 0.050000 0.062500
0 0.603125 0.205078 0.050000 0.062500
0 0.615625 0.181641 0.050000 0.062500
0 0.623437 0.167969 0.050000 0.062500
0 0.651563 0.134766 0.050000 0.062500
0 0.684375 0.173828 0.050000 0.062500
0 0.767188 0.085938 0.050000 0.062500
0 0.812500 0.039062 0.050000 0.062500
0 0.837500 0.028320 0.050000 0.056641
0 0.876563 0.044922 0.050000 0.062500
0 0.939063 0.210938 0.050000 0.062500
0 0.823438 0.259766 0.050000 0.062500
0 0.709375 0.414062 0.050000 0.062500
0 0.670312 0.455078 0.050000 0.062500
0 0.789062 0.517578 0.050000 0.062500
0 0.851562 0.453125 0.050000 0.062500
0 0.937500 0.509766 0.050000 0.062500
0 0.959375 0.617188 0.050000 0.062500
0 0.959375 0.636719 0.050000 0.062500
0 0.943750 0.652344 0.050000 0.062500
0 0.768750 0.644531 0.050000 0.062500
0 0.776563 0.673828 0.050000 0.062500
0 0.789062 0.753906 0.050000 0.062500
0 0.764062 0.890625 0.050000 0.062500
0 0.803125 0.910156 0.050000 0.062500
0 0.978125 0.978516 0.043750 0.042969
0 0.689063 0.769531 0.050000 0.062500
0 0.665625 0.779297 0.050000 0.062500
0 0.673438 0.767578 0.050000 0.062500
0 0.526563 0.767578 0.050000 0.062500
0 0.531250 0.746094 0.050000 0.062500
0 0.515625 0.869141 0.050000 0.062500
0 0.587500 0.892578 0.050000 0.062500
0 0.685937 0.830078 0.050000 0.062500
0 0.484375 0.722656 0.050000 0.062500
0 0.609375 0.703125 0.050000 0.062500
0 0.629687 0.630859 0.050000 0.062500
0 0.643750 0.613281 0.050000 0.062500
0 0.662500 0.589844 0.050000 0.062500
0 0.687500 0.591797 0.050000 0.062500
0 0.498437 0.582031 0.050000 0.062500
0 0.518750 0.560547 0.050000 0.062500
0 0.431250 0.353516 0.050000 0.062500
0 0.459375 0.289062 0.050000 0.062500
0 0.425000 0.314453 0.050000 0.062500
0 0.398438 0.335938 0.050000 0.062500
0 0.343750 0.429688 0.050000 0.062500
0 0.295312 0.468750 0.050000 0.062500
0 0.256250 0.476562 0.050000 0.062500
0 0.220312 0.531250 0.050000 0.062500
0 0.214062 0.556641 0.050000 0.062500
0 0.167187 0.533203 0.050000 0.062500
0 0.140625 0.775391 0.050000 0.062500
0 0.176563 0.779297 0.050000 0.062500
0 0.218750 0.820312 0.050000 0.062500
0 0.204687 0.921875 0.050000 0.062500
0 0.226562 0.937500 0.050000 0.062500
0 0.231250 0.908203 0.050000 0.062500
0 0.214062 0.861328 0.050000 0.062500
0 0.209375 0.839844 0.050000 0.062500
0 0.254688 0.833984 0.050000 0.062500
0 0.235937 0.783203 0.050000 0.062500
0 0.221875 0.769531 0.050000 0.062500
0 0.221875 0.726562 0.050000 0.062500
0 0.215625 0.691406 0.050000 0.062500
0 0.198437 0.751953 0.050000 0.062500
0 0.243750 0.671875 0.050000 0.062500
0 0.290625 0.722656 0.050000 0.062500
0 0.301563 0.681641 0.050000 0.062500
0 0.312500 0.638672 0.050000 0.062500
0 0.204687 0.388672 0.050000 0.062500
0 0.275000 0.406250 0.050000 0.062500
0 0.301563 0.347656 0.050000 0.062500
0 0.306250 0.322266 0.050000 0.062500
0 0.332813 0.306641 0.050000 0.062500
0 0.371875 0.332031 0.050000 0.062500
0 0.396875 0.275391 0.050000 0.062500
0 0.442188 0.224609 0.050000 0.062500
0 0.457813 0.150391 0.050000 0.062500
0 0.470313 0.158203 0.050000 0.062500
0 0.506250 0.185547 0.050000 0.062500
0 0.510938 0.236328 0.050000 0.062500
0 0.368750 0.226562 0.050000 0.062500
0 0.409375 0.193359 0.050000 0.062500
0 0.395313 0.207031 0.050000 0.062500
0 0.373437 0.175781 0.050000 0.062500
0 0.354687 0.130859 0.050000 0.062500
0 0.321875 0.152344 0.050000 0.062500
0 0.296875 0.097656 0.050000 0.062500
0 0.267188 0.115234 0.050000 0.062500
0 0.231250 0.105469 0.050000 0.062500
0 0.253125 0.085938 0.050000 0.062500
0 0.276562 0.066406 0.050000 0.062500
0 0.300000 0.052734 0.050000 0.062500
0 0.392188 0.060547 0.050000 0.062500
0 0.387500 0.025391 0.050000 0.050781
0 0.470313 0.080078 0.050000 0.062500
0 0.459375 0.042969 0.050000 0.062500
0 0.434375 0.020508 0.050000 0.041016
0 0.576562 0.064453 0.050000 0.062500
0 0.535937 0.160156 0.050000 0.062500
0 0.543750 0.187500 0.050000 0.062500
0 0.562500 0.203125 0.050000 0.062500
0 0.664062 0.134766 0.050000 0.062500
0 0.678125 0.072266 0.050000 0.062500
0 0.646875 0.099609 0.050000 0.062500
0 0.650000 0.123047 0.050000 0.062500
0 0.653125 0.060547 0.050000 0.062500
0 0.681250 0.035156 0.050000 0.062500
0 0.656250 0.022461 0.050000 0.044922
0 0.679688 0.020508 0.050000 0.041016
0 0.704688 0.019531 0.050000 0.039062
0 0.576562 0.025391 0.050000 0.050781
0 0.585938 0.017578 0.050000 0.035156
0 0.545312 0.021484 0.050000 0.042969
0 0.517188 0.039062 0.050000 0.062500
0 0.348438 0.398438 0.050000 0.062500
0 0.329688 0.443359 0.050000 0.062500
0 0.320312 0.414062 0.050000 0.062500
0 0.190625 0.560547 0.050000 0.062500
0 0.157812 0.714844 0.050000 0.062500
0 0.167187 0.738281 0.050000 0.062500
0 0.123438 0.751953 0.050000 0.062500
0 0.073438 0.822266 0.050000 0.062500
0 0.040625 0.806641 0.050000 0.062500
0 0.013281 0.826172 0.026562 0.062500
0 0.014844 0.779297 0.029687 0.062500
0 0.017188 0.765625 0.034375 0.062500
0 0.034375 0.724609 0.050000 0.062500
0 0.067187 0.699219 0.050000 0.062500
0 0.082812 0.707031 0.050000 0.062500
0 0.107813 0.699219 0.050000 0.062500
0 0.135937 0.681641 0.050000 0.062500
0 0.137500 0.718750 0.050000 0.062500
0 0.017969 0.693359 0.035937 0.062500
0 0.021875 0.443359 0.043750 0.062500
0 0.129688 0.402344 0.050000 0.062500
0 0.115625 0.380859 0.050000 0.062500
0 0.103125 0.341797 0.050000 0.062500
0 0.178125 0.332031 0.050000 0.062500
0 0.198437 0.261719 0.050000 0.062500
0 0.228125 0.214844 0.050000 0.062500
0 0.264062 0.189453 0.050000 0.062500
0 0.242188 0.314453 0.050000 0.062500
0 0.262500 0.314453 0.050000 0.062500
0 0.264062 0.281250 0.050000 0.062500
0 0.304688 0.251953 0.050000 0.062500
0 0.140625 0.218750 0.050000 0.062500
0 0.109375 0.269531 0.050000 0.062500
0 0.175000 0.123047 0.050000 0.062500
0 0.176563 0.082031 0.050000 0.062500
0 0.204687 0.082031 0.050000 0.062500
0 0.109375 0.136719 0.050000 0.062500
0 0.582812 0.113281 0.050000 0.062500
0 0.482812 0.367188 0.050000 0.062500
0 0.470313 0.396484 0.050000 0.062500
0 0.450000 0.396484 0.050000 0.062500
0 0.439063 0.423828 0.050000 0.062500
0 0.426563 0.390625 0.050000 0.062500
0 0.468750 0.343750 0.050000 0.062500
0 0.423438 0.275391 0.050000 0.062500
0 0.403125 0.314453 0.050000 0.062500
0 0.387500 0.318359 0.050000 0.062500
0 0.440625 0.294922 0.050000 0.062500
0 0.479687 0.240234 0.050000 0.062500
0 0.475000 0.267578 0.050000 0.062500
0 0.531250 0.220703 0.050000 0.062500
0 0.554688 0.248047 0.050000 0.062500
0 0.462500 0.314453 0.050000 0.062500
0 0.096875 0.156250 0.050000 0.062500
0 0.123438 0.119141 0.050000 0.062500
0 0.160938 0.281250 0.050000 0.062500
0 0.017969 0.375000 0.035937 0.062500
0 0.320312 0.021484 0.050000 0.042969
0 0.296875 0.023438 0.050000 0.046875
0 0.343750 0.017578 0.050000 0.035156
0 0.346875 0.365234 0.050000 0.062500
0 0.329688 0.382812 0.050000 0.062500
0 0.275000 0.501953 0.050000 0.062500
0 0.543750 0.294922 0.050000 0.062500
0 0.570312 0.152344 0.050000 0.062500
0 0.576562 0.130859 0.050000 0.062500
0 0.548438 0.160156 0.050000 0.062500
0 0.553125 0.175781 0.050000 0.062500
0 0.493750 0.255859 0.050000 0.062500
0 0.414062 0.324219 0.050000 0.062500
0 0.140625 0.671875 0.050000 0.062500
0 0.090625 0.695312 0.050000 0.062500
0 0.245312 0.843750 0.050000 0.062500
0 0.234375 0.945312 0.050000 0.062500
0 0.270313 0.979492 0.050000 0.041016
0 0.778125 0.648438 0.050000 0.062500
0 0.698438 0.771484 0.050000 0.062500
0 0.587500 0.037109 0.050000 0.062500
0 0.985156 0.761719 0.029687 0.062500
