0 0.156250 0.031250 0.050000 0.062500
0 0.187500 0.029297 0.050000 0.058594
0 0.200000 0.016602 0.050000 0.033203
0 0.176563 0.058594 0.050000 0.062500
0 0.139063 0.078125 0.050000 0.062500
0 0.118750 0.101562 0.050000 0.062500
0 0.090625 0.101562 0.050000 0.062500
0 0.060937 0.138672 0.050000 0.062500
0 0.065625 0.164062 0.050000 0.062500
0 0.014844 0.179688 0.029687 0.062500
0 0.162500 0.113281 0.050000 0.062500
0 0.160938 0.087891 0.050000 0.062500
0 0.201563 0.058594 0.050000 0.062500
0 0.220312 0.064453 0.050000 0.062500
0 0.281250 0.018555 0.050000 0.037109
0 0.267188 0.085938 0.050000 0.062500
0 0.290625 0.091797 0.050000 0.062500
0 0.267188 0.138672 0.050000 0.062500
0 0.237500 0.173828 0.050000 0.062500
0 0.251563 0.189453 0.050000 0.062500
0 0.264062 0.189453 0.050000 0.062500
0 0.210938 0.119141 0.050000 0.062500
0 0.215625 0.146484 0.050000 0.062500
0 0.192188 0.173828 0.050000 0.062500
0 0.371875 0.080078 0.050000 0.062500
0 0.368750 0.093750 0.050000 0.062500
0 0.321875 0.093750 0.050000 0.062500
0 0.334375 0.091797 0.050000 0.062500
0 0.317188 0.138672 0.050000 0.062500
0 0.309375 0.160156 0.050000 0.062500
0 0.360938 0.152344 0.050000 0.062500
0 0.312500 0.218750 0.050000 0.062500
0 0.354687 0.232422 0.050000 0.062500
0 0.400000 0.179688 0.050000 0.062500
0 0.432812 0.166016 0.050000 0.062500
0 0.334375 0.277344 0.050000 0.062500
0 0.303125 0.281250 0.050000 0.062500
0 0.273438 0.283203 0.050000 0.062500
0 0.215625 0.333984 0.050000 0.062500
0 0.234375 0.322266 0.050000 0.062500
0 0.251563 0.294922 0.050000 0.062500
0 0.221875 0.246094 0.050000 0.062500
0 0.106250 0.222656 0.050000 0.062500
0 0.123438 0.238281 0.050000 0.062500
0 0.128125 0.279297 0.050000 0.062500
0 0.056250 0.259766 0.050000 0.062500
0 0.040625 0.248047 0.050000 0.062500
0 0.093750 0.335938 0.050000 0.062500
0 0.101562 0.347656 0.050000 0.062500
0 0.114062 0.351562 0.050000 0.062500
0 0.123438 0.402344 0.050000 0.062500
0 0.137500 0.416016 0.050000 0.062500
0 0.021875 0.378906 0.043750 0.062500
0 0.037500 0.382812 0.050000 0.062500
0 0.045312 0.425781 0.050000 0.062500
0 0.024219 0.449219 0.048438 0.062500
0 0.173437 0.255859 0.050000 0.062500
0 0.187500 0.251953 0.050000 0.062500
0 0.160938 0.300781 0.050000 0.062500
0 0.193750 0.292969 0.050000 0.062500
0 0.171875 0.314453 0.050000 0.062500
0 0.425000 0.042969 0.050000 0.062500
0 0.439063 0.058594 0.050000 0.062500
0 0.445312 0.072266 0.050000 0.062500
0 0.465625 0.072266 0.050000 0.062500
0 0.485938 0.024414 0.050000 0.048828
0 0.359375 0.017578 0.050000 0.035156
0 0.375000 0.017578 0.050000 0.035156
0 0.340625 0.021484 0.050000 0.042969
0 0.345313 0.035156 0.050000 0.062500
0 0.371875 0.030273 0.050000 0.060547
0 0.196875 0.414062 0.050000 0.062500
0 0.210938 0.417969 0.050000 0.062500
0 0.173437 0.550781 0.050000 0.062500
0 0.123438 0.568359 0.050000 0.062500
0 0.157812 0.583984 0.050000 0.062500
0 0.171875 0.591797 0.050000 0.062500
0 0.701562 0.056641 0.050000 0.062500
0 0.762500 0.105469 0.050000 0.062500
0 0.875000 0.024414 0.050000 0.048828
0 0.760938 0.236328 0.050000 0.062500
0 0.757812 0.281250 0.050000 0.062500
0 0.823438 0.402344 0.050000 0.062500
0 0.967187 0.439453 0.050000 0.062500
0 0.971875 0.455078 0.050000 0.062500
0 0.809375 0.636719 0.050000 0.062500
0 0.818750 0.644531 0.050000 0.062500
0 0.890625 0.642578 0.050000 0.062500
0 0.909375 0.640625 0.050000 0.062500
0 0.718750 0.679688 0.050000 0.062500
0 0.704688 0.683594 0.050000 0.062500
0 0.689063 0.708984 0.050000 0.062500
0 0.723437 0.736328 0.050000 0.062500
0 0.539062 0.830078 0.050000 0.062500
0 0.554688 0.828125 0.050000 0.062500
0 0.553125 0.810547 0.050000 0.062500
0 0.640625 0.667969 0.050000 0.062500
0 0.503125 0.689453 0.050000 0.062500
0 0.482812 0.671875 0.050000 0.062500
0 0.517188 0.685547 0.050000 0.062500
0 0.579688 0.607422 0.050000 0.062500
0 0.612500 0.500000 0.050000 0.062500
0 0.578125 0.529297 0.050000 0.062500
0 0.503125 0.509766 0.050000 0.062500
0 0.579688 0.439453 0.050000 0.062500
0 0.607812 0.449219 0.050000 0.062500
0 0.632812 0.347656 0.050000 0.062500
0 0.650000 0.472656 0.050000 0.062500
0 0.673438 0.207031 0.050000 0.062500
0 0.543750 0.347656 0.050000 0.062500
0 0.559375 0.343750 0.050000 0.062500
0 0.518750 0.169922 0.050000 0.062500
0 0.521875 0.105469 0.050000 0.062500
0 0.540625 0.074219 0.050000 0.062500
0 0.517188 0.052734 0.050000 0.062500
0 0.581250 0.021484 0.050000 0.042969
0 0.607812 0.027344 0.050000 0.054688
0 0.556250 0.023438 0.050000 0.046875
0 0.567187 0.031250 0.050000 0.062500
0 0.579688 0.037109 0.050000 0.062500
0 0.962500 0.900391 0.050000 0.062500
0 0.870313 0.955078 0.050000 0.062500
0 0.860938 0.975586 0.050000 0.048828
0 0.821875 0.972656 0.050000 0.054688
0 0.692187 0.977539 0.050000 0.044922
0 0.532813 0.746094 0.050000 0.062500
0 0.406250 0.916016 0.050000 0.062500
0 0.226562 0.689453 0.050000 0.062500
0 0.234375 0.537109 0.050000 0.062500
0 0.235937 0.517578 0.050000 0.062500
0 0.203125 0.476562 0.050000 0.062500
0 0.246875 0.466797 0.050000 0.062500
0 0.240625 0.423828 0.050000 0.062500
0 0.265625 0.396484 0.050000 0.062500
0 0.282813 0.345703 0.050000 0.062500
0 0.079687 0.078125 0.050000 0.062500
0 0.073438 0.113281 0.050000 0.062500
0 0.128125 0.052734 0.050000 0.062500
0 0.295312 0.026367 0.050000 0.052734
0 0.317188 0.289062 0.050000 0.062500
0 0.089063 0.300781 0.050000 0.062500
0 0.067187 0.281250 0.050000 0.062500
0 0.107813 0.718750 0.050000 0.062500
0 0.192188 0.718750 0.050000 0.062500
0 0.217188 0.759766 0.050000 0.062500
0 0.217188 0.791016 0.050000 0.062500
0 0.221875 0.804688 0.050000 0.062500
0 0.234375 0.820312 0.050000 0.062500
0 0.193750 0.787109 0.050000 0.062500
0 0.171875 0.792969 0.050000 0.062500
0 0.153125 0.783203 0.050000 0.062500
0 0.128125 0.757812 0.050000 0.062500
0 0.106250 0.767578 0.050000 0.062500
0 0.117188 0.802734 0.050000 0.062500
0 0.129688 0.826172 0.050000 0.062500
0 0.087500 0.732422 0.050000 0.062500
0 0.048438 0.781250 0.050000 0.062500
0 0.031250 0.777344 0.050000 0.062500
0 0.023438 0.796875 0.046875 0.062500
0 0.017969 0.798828 0.035937 0.062500
0 0.029687 0.892578 0.050000 0.062500
0 0.059375 0.914062 0.050000 0.062500
0 0.075000 0.910156 0.050000 0.062500
0 0.225000 0.855469 0.050000 0.062500
0 0.225000 0.882812 0.050000 0.062500
0 0.225000 0.902344 0.050000 0.062500
0 0.231250 0.969727 0.050000 0.060547
0 0.257812 0.977539 0.050000 0.044922
0 0.250000 0.945312 0.050000 0.062500
0 0.257812 0.863281 0.050000 0.062500
0 0.301563 0.853516 0.050000 0.062500
0 0.334375 0.927734 0.050000 0.062500
0 0.304688 0.886719 0.050000 0.062500
0 0.354687 0.478516 0.050000 0.062500
0 0.371875 0.521484 0.050000 0.062500
0 0.393750 0.398438 0.050000 0.062500
0 0.443750 0.255859 0.050000 0.062500
0 0.515625 0.271484 0.050000 0.062500
0 0.501563 0.232422 0.050000 0.062500
0 0.473438 0.244141 0.050000 0.062500
0 0.335938 0.548828 0.050000 0.062500
0 0.776563 0.328125 0.050000 0.062500
0 0.846875 0.240234 0.050000 0.062500
0 0.834375 0.201172 0.050000 0.062500
0 0.984375 0.250000 0.031250 0.062500
0 0.348438 0.978516 0.050000 0.042969
0 0.351562 0.966797 0.050000 0.062500
0 0.062500 0.765625 0.050000 0.062500
0 0.482812 0.220703 0.050000 0.062500
0 0.437500 0.390625 0.050000 0.062500
0 0.426563 0.408203 0.050000 0.062500
0 0.462500 0.388672 0.050000 0.062500
0 0.412500 0.320312 0.050000 0.062500
0 0.431250 0.316406 0.050000 0.062500
0 0.312500 0.544922 0.050000 0.062500
0 0.673438 0.578125 0.050000 0.062500
0 0.659375 0.562500 0.050000 0.062500
0 0.075000 0.882812 0.050000 0.062500
0 0.064062 0.894531 0.050000 0.062500
