0 0.514062 0.367188 0.050000 0.062500
0 0.495312 0.378906 0.050000 0.062500
0 0.487500 0.349609 0.050000 0.062500
0 0.496875 0.412109 0.050000 0.062500
0 0.479687 0.441406 0.050000 0.062500
0 0.446875 0.443359 0.050000 0.062500
0 0.321875 0.439453 0.050000 0.062500
0 0.339062 0.503906 0.050000 0.062500
0 0.490625 0.650391 0.050000 0.062500
0 0.510938 0.644531 0.050000 0.062500
0 0.490625 0.750000 0.050000 0.062500
0 0.387500 0.703125 0.050000 0.062500
0 0.481250 0.857422 0.050000 0.062500
0 0.398438 0.875000 0.050000 0.062500
0 0.296875 0.871094 0.050000 0.062500
0 0.070312 0.978516 0.050000 0.042969
0 0.600000 0.914062 0.050000 0.062500
0 0.625000 0.908203 0.050000 0.062500
0 0.614062 0.955078 0.050000 0.062500
0 0.557813 0.767578 0.050000 0.062500
0 0.576562 0.761719 0.050000 0.062500
0 0.593750 0.732422 0.050000 0.062500
0 0.657813 0.708984 0.050000 0.062500
0 0.635938 0.644531 0.050000 0.062500
0 0.673438 0.613281 0.050000 0.062500
0 0.695312 0.603516 0.050000 0.062500
0 0.710938 0.587891 0.050000 0.062500
0 0.548438 0.474609 0.050000 0.062500
0 0.631250 0.380859 0.050000 0.062500
0 0.673438 0.416016 0.050000 0.062500
0 0.695312 0.408203 0.050000 0.062500
0 0.682813 0.353516 0.050000 0.062500
0 0.640625 0.330078 0.050000 0.062500
0 0.668750 0.261719 0.050000 0.062500
0 0.732812 0.220703 0.050000 0.062500
0 0.753125 0.244141 0.050000 0.062500
0 0.598437 0.195312 0.050000 0.062500
0 0.604688 0.162109 0.050000 0.062500
0 0.617188 0.173828 0.050000 0.062500
0 0.576562 0.166016 0.050000 0.062500
0 0.576562 0.234375 0.050000 0.062500
0 0.392188 0.242188 0.050000 0.062500
0 0.350000 0.115234 0.050000 0.062500
0 0.346875 0.035156 0.050000 0.062500
0 0.262500 0.062500 0.050000 0.062500
0 0.118750 0.033203 0.050000 0.062500
0 0.100000 0.026367 0.050000 0.052734
0 0.015625 0.080078 0.031250 0.062500
0 0.700000 0.050781 0.050000 0.062500
0 0.646875 0.026367 0.050000 0.052734
0 0.828125 0.066406 0.050000 0.062500
0 0.889062 0.123047 0.050000 0.062500
0 0.909375 0.130859 0.050000 0.062500
0 0.948438 0.050781 0.050000 0.062500
0 0.965625 0.058594 0.050000 0.062500
0 0.896875 0.236328 0.050000 0.062500
0 0.889062 0.255859 0.050000 0.062500
0 0.912500 0.273438 0.050000 0.062500
0 0.964063 0.275391 0.050000 0.062500
0 0.978125 0.300781 0.043750 0.062500
0 0.900000 0.298828 0.050000 0.062500
0 0.881250 0.308594 0.050000 0.062500
0 0.834375 0.300781 0.050000 0.062500
0 0.829688 0.312500 0.050000 0.062500
0 0.826562 0.324219 0.050000 0.062500
0 0.871875 0.361328 0.050000 0.062500
0 0.878125 0.376953 0.050000 0.062500
0 0.953125 0.392578 0.050000 0.062500
0 0.956250 0.353516 0.050000 0.062500
0 0.910937 0.429688 0.050000 0.062500
0 0.878125 0.472656 0.050000 0.062500
0 0.890625 0.539062 0.050000 0.062500
0 0.942187 0.531250 0.050000 0.062500
0 0.945312 0.583984 0.050000 0.062500
0 0.970313 0.554688 0.050000 0.062500
0 0.779687 0.460938 0.050000 0.062500
0 0.775000 0.437500 0.050000 0.062500
0 0.709375 0.474609 0.050000 0.062500
0 0.764062 0.554688 0.050000 0.062500
0 0.704688 0.699219 0.050000 0.062500
0 0.721875 0.679688 0.050000 0.062500
0 0.751563 0.673828 0.050000 0.062500
0 0.843750 0.843750 0.050000 0.062500
0 0.865625 0.867188 0.050000 0.062500
0 0.867188 0.945312 0.050000 0.062500
0 0.882812 0.973633 0.050000 0.052734
0 0.818750 0.591797 0.050000 0.062500
0 0.867188 0.669922 0.050000 0.062500
0 0.848437 0.613281 0.050000 0.062500
0 0.926562 0.777344 0.050000 0.062500
0 0.764062 0.335938 0.050000 0.062500
0 0.807813 0.341797 0.050000 0.062500
0 0.676562 0.099609 0.050000 0.062500
0 0.926562 0.464844 0.050000 0.062500
0 0.983594 0.472656 0.032813 0.062500
0 0.983594 0.564453 0.032813 0.062500
0 0.925000 0.107422 0.050000 0.062500
0 0.462500 0.818359 0.050000 0.062500
0 0.603125 0.736328 0.050000 0.062500
0 0.506250 0.429688 0.050000 0.062500
0 0.537500 0.361328 0.050000 0.062500
0 0.642188 0.425781 0.050000 0.062500
0 0.901563 0.392578 0.050000 0.062500
