0 0.864062 0.658203 0.050000 0.062500
0 0.865625 0.585938 0.050000 0.062500
0 0.864062 0.498047 0.050000 0.062500
0 0.920312 0.447266 0.050000 0.062500
0 0.909375 0.386719 0.050000 0.062500
0 0.931250 0.339844 0.050000 0.062500
0 0.977344 0.326172 0.045312 0.062500
0 0.980469 0.220703 0.039062 0.062500
0 0.967187 0.179688 0.050000 0.062500
0 0.976562 0.126953 0.046875 0.062500
0 0.979688 0.033203 0.040625 0.062500
0 0.920312 0.039062 0.050000 0.062500
0 0.935937 0.091797 0.050000 0.062500
0 0.932813 0.136719 0.050000 0.062500
0 0.900000 0.140625 0.050000 0.062500
0 0.873437 0.203125 0.050000 0.062500
0 0.915625 0.210938 0.050000 0.062500
0 0.889062 0.240234 0.050000 0.062500
0 0.896875 0.300781 0.050000 0.062500
0 0.871875 0.267578 0.050000 0.062500
0 0.867188 0.314453 0.050000 0.062500
0 0.835938 0.417969 0.050000 0.062500
0 0.817187 0.494141 0.050000 0.062500
0 0.776563 0.535156 0.050000 0.062500
0 0.746875 0.546875 0.050000 0.062500
0 0.684375 0.595703 0.050000 0.062500
0 0.773438 0.601562 0.050000 0.062500
0 0.710938 0.525391 0.050000 0.062500
0 0.767188 0.490234 0.050000 0.062500
0 0.787500 0.457031 0.050000 0.062500
0 0.807813 0.421875 0.050000 0.062500
0 0.826562 0.369141 0.050000 0.062500
0 0.832812 0.337891 0.050000 0.062500
0 0.843750 0.277344 0.050000 0.062500
0 0.850000 0.234375 0.050000 0.062500
0 0.862500 0.146484 0.050000 0.062500
0 0.878125 0.099609 0.050000 0.062500
0 0.893750 0.056641 0.050000 0.062500
0 0.871875 0.024414 0.050000 0.048828
0 0.848437 0.033203 0.050000 0.062500
0 0.854688 0.072266 0.050000 0.062500
0 0.823438 0.044922 0.050000 0.062500
0 0.821875 0.091797 0.050000 0.062500
0 0.825000 0.134766 0.050000 0.062500
0 0.851562 0.117188 0.050000 0.062500
0 0.825000 0.193359 0.050000 0.062500
0 0.840625 0.171875 0.050000 0.062500
0 0.812500 0.169922 0.050000 0.062500
0 0.779687 0.148438 0.050000 0.062500
0 0.785937 0.109375 0.050000 0.062500
0 0.793750 0.072266 0.050000 0.062500
0 0.715625 0.220703 0.050000 0.062500
0 0.739062 0.189453 0.050000 0.062500
0 0.739062 0.136719 0.050000 0.062500
0 0.751563 0.107422 0.050000 0.062500
0 0.767188 0.062500 0.050000 0.062500
0 0.795312 0.028320 0.050000 0.056641
0 0.767188 0.024414 0.050000 0.048828
0 0.789062 0.187500 0.050000 0.062500
0 0.795312 0.224609 0.050000 0.062500
0 0.818750 0.251953 0.050000 0.062500
0 0.798438 0.253906 0.050000 0.062500
0 0.807813 0.287109 0.050000 0.062500
0 0.812500 0.316406 0.050000 0.062500
0 0.753125 0.234375 0.050000 0.062500
0 0.732812 0.267578 0.050000 0.062500
0 0.764062 0.269531 0.050000 0.062500
0 0.781250 0.302734 0.050000 0.062500
0 0.709375 0.283203 0.050000 0.062500
0 0.700000 0.314453 0.050000 0.062500
0 0.726562 0.291016 0.050000 0.062500
0 0.725000 0.320312 0.050000 0.062500
0 0.746875 0.306641 0.050000 0.062500
0 0.757812 0.343750 0.050000 0.062500
0 0.792188 0.337891 0.050000 0.062500
0 0.800000 0.378906 0.050000 0.062500
0 0.764062 0.373047 0.050000 0.062500
0 0.764062 0.410156 0.050000 0.062500
0 0.732812 0.351562 0.050000 0.062500
0 0.735938 0.404297 0.050000 0.062500
0 0.776563 0.427734 0.050000 0.062500
0 0.746875 0.435547 0.050000 0.062500
0 0.718750 0.451172 0.050000 0.062500
0 0.726562 0.480469 0.050000 0.062500
0 0.690625 0.470703 0.050000 0.062500
0 0.696875 0.423828 0.050000 0.062500
0 0.715625 0.402344 0.050000 0.062500
0 0.690625 0.392578 0.050000 0.062500
0 0.714063 0.369141 0.050000 0.062500
0 0.667188 0.402344 0.050000 0.062500
0 0.654687 0.437500 0.050000 0.062500
0 0.676562 0.525391 0.050000 0.062500
0 0.667188 0.482422 0.050000 0.062500
0 0.646875 0.505859 0.050000 0.062500
0 0.632812 0.457031 0.050000 0.062500
0 0.625000 0.478516 0.050000 0.062500
0 0.607812 0.460938 0.050000 0.062500
0 0.590625 0.509766 0.050000 0.062500
0 0.618750 0.417969 0.050000 0.062500
0 0.576562 0.458984 0.050000 0.062500
0 0.539062 0.570312 0.050000 0.062500
0 0.557813 0.531250 0.050000 0.062500
0 0.631250 0.398438 0.050000 0.062500
0 0.595313 0.351562 0.050000 0.062500
0 0.596875 0.394531 0.050000 0.062500
0 0.568750 0.435547 0.050000 0.062500
0 0.554688 0.470703 0.050000 0.062500
0 0.553125 0.503906 0.050000 0.062500
0 0.528125 0.496094 0.050000 0.062500
0 0.479687 0.554688 0.050000 0.062500
0 0.495312 0.490234 0.050000 0.062500
0 0.543750 0.449219 0.050000 0.062500
0 0.525000 0.464844 0.050000 0.062500
0 0.442188 0.503906 0.050000 0.062500
0 0.414062 0.509766 0.050000 0.062500
0 0.376563 0.531250 0.050000 0.062500
0 0.367188 0.509766 0.050000 0.062500
0 0.551562 0.412109 0.050000 0.062500
0 0.540625 0.369141 0.050000 0.062500
0 0.576562 0.398438 0.050000 0.062500
0 0.531250 0.431641 0.050000 0.062500
0 0.510938 0.443359 0.050000 0.062500
0 0.481250 0.457031 0.050000 0.062500
0 0.485938 0.406250 0.050000 0.062500
0 0.518750 0.382812 0.050000 0.062500
0 0.435937 0.351562 0.050000 0.062500
0 0.435937 0.386719 0.050000 0.062500
0 0.459375 0.410156 0.050000 0.062500
0 0.451562 0.435547 0.050000 0.062500
0 0.428125 0.429688 0.050000 0.062500
0 0.417187 0.464844 0.050000 0.062500
0 0.389062 0.474609 0.050000 0.062500
0 0.382812 0.421875 0.050000 0.062500
0 0.382812 0.443359 0.050000 0.062500
0 0.331250 0.476562 0.050000 0.062500
0 0.298438 0.490234 0.050000 0.062500
0 0.351562 0.416016 0.050000 0.062500
0 0.376563 0.349609 0.050000 0.062500
0 0.343750 0.337891 0.050000 0.062500
0 0.306250 0.382812 0.050000 0.062500
0 0.335938 0.390625 0.050000 0.062500
0 0.328125 0.433594 0.050000 0.062500
0 0.309375 0.447266 0.050000 0.062500
0 0.284375 0.429688 0.050000 0.062500
0 0.264062 0.507812 0.050000 0.062500
0 0.243750 0.537109 0.050000 0.062500
0 0.212500 0.550781 0.050000 0.062500
0 0.195312 0.521484 0.050000 0.062500
0 0.156250 0.486328 0.050000 0.062500
0 0.159375 0.449219 0.050000 0.062500
0 0.067187 0.451172 0.050000 0.062500
0 0.090625 0.416016 0.050000 0.062500
0 0.025000 0.355469 0.050000 0.062500
0 0.078125 0.373047 0.050000 0.062500
0 0.153125 0.406250 0.050000 0.062500
0 0.176563 0.429688 0.050000 0.062500
0 0.214062 0.439453 0.050000 0.062500
0 0.253125 0.435547 0.050000 0.062500
0 0.284375 0.462891 0.050000 0.062500
0 0.256250 0.396484 0.050000 0.062500
0 0.275000 0.373047 0.050000 0.062500
0 0.235937 0.339844 0.050000 0.062500
0 0.265625 0.337891 0.050000 0.062500
0 0.245312 0.291016 0.050000 0.062500
0 0.175000 0.302734 0.050000 0.062500
0 0.217188 0.384766 0.050000 0.062500
0 0.134375 0.375000 0.050000 0.062500
0 0.109375 0.361328 0.050000 0.062500
0 0.142187 0.335938 0.050000 0.062500
0 0.107813 0.324219 0.050000 0.062500
0 0.079687 0.296875 0.050000 0.062500
0 0.076563 0.339844 0.050000 0.062500
0 0.142187 0.291016 0.050000 0.062500
0 0.171875 0.263672 0.050000 0.062500
0 0.079687 0.259766 0.050000 0.062500
0 0.048438 0.275391 0.050000 0.062500
0 0.043750 0.246094 0.050000 0.062500
0 0.037500 0.308594 0.050000 0.062500
0 0.020313 0.298828 0.040625 0.062500
0 0.025000 0.275391 0.050000 0.062500
0 0.017969 0.240234 0.035937 0.062500
0 0.340625 0.652344 0.050000 0.062500
0 0.178125 0.400391 0.050000 0.062500
0 0.057813 0.328125 0.050000 0.062500
0 0.125000 0.429688 0.050000 0.062500
0 0.204687 0.318359 0.050000 0.062500
0 0.692187 0.326172 0.050000 0.062500
