0 0.150000 0.230469 0.050000 0.062500
0 0.203125 0.123047 0.050000 0.062500
0 0.284375 0.095703 0.050000 0.062500
0 0.237500 0.265625 0.050000 0.062500
0 0.037500 0.429688 0.050000 0.062500
0 0.056250 0.445312 0.050000 0.062500
0 0.059375 0.468750 0.050000 0.062500
0 0.173437 0.556641 0.050000 0.062500
0 0.228125 0.529297 0.050000 0.062500
0 0.226562 0.558594 0.050000 0.062500
0 0.235937 0.574219 0.050000 0.062500
0 0.190625 0.498047 0.050000 0.062500
0 0.281250 0.691406 0.050000 0.062500
0 0.243750 0.699219 0.050000 0.062500
0 0.257812 0.726562 0.050000 0.062500
0 0.279687 0.726562 0.050000 0.062500
0 0.318750 0.689453 0.050000 0.062500
0 0.343750 0.689453 0.050000 0.062500
0 0.385937 0.703125 0.050000 0.062500
0 0.387500 0.724609 0.050000 0.062500
0 0.375000 0.744141 0.050000 0.062500
0 0.332813 0.746094 0.050000 0.062500
0 0.268750 0.763672 0.050000 0.062500
0 0.332813 0.882812 0.050000 0.062500
0 0.323437 0.927734 0.050000 0.062500
0 0.328125 0.941406 0.050000 0.062500
0 0.329688 0.966797 0.050000 0.062500
0 0.345313 0.949219 0.050000 0.062500
0 0.354687 0.937500 0.050000 0.062500
0 0.354687 0.971680 0.050000 0.056641
0 0.042188 0.947266 0.050000 0.062500
0 0.048438 0.875000 0.050000 0.062500
0 0.306250 0.412109 0.050000 0.062500
0 0.390625 0.335938 0.050000 0.062500
0 0.357812 0.263672 0.050000 0.062500
0 0.375000 0.246094 0.050000 0.062500
0 0.450000 0.193359 0.050000 0.062500
0 0.429688 0.126953 0.050000 0.062500
0 0.404687 0.058594 0.050000 0.062500
0 0.507812 0.154297 0.050000 0.062500
0 0.485938 0.242188 0.050000 0.062500
0 0.476562 0.273438 0.050000 0.062500
0 0.478125 0.300781 0.050000 0.062500
0 0.503125 0.347656 0.050000 0.062500
0 0.489063 0.357422 0.050000 0.062500
0 0.471875 0.414062 0.050000 0.062500
0 0.462500 0.439453 0.050000 0.062500
0 0.521875 0.308594 0.050000 0.062500
0 0.512500 0.267578 0.050000 0.062500
0 0.528125 0.335938 0.050000 0.062500
0 0.528125 0.375000 0.050000 0.062500
0 0.550000 0.359375 0.050000 0.062500
0 0.531250 0.457031 0.050000 0.062500
0 0.506250 0.488281 0.050000 0.062500
0 0.532813 0.531250 0.050000 0.062500
0 0.493750 0.597656 0.050000 0.062500
0 0.398438 0.570312 0.050000 0.062500
0 0.354687 0.593750 0.050000 0.062500
0 0.453125 0.628906 0.050000 0.062500
0 0.540625 0.671875 0.050000 0.062500
0 0.559375 0.685547 0.050000 0.062500
0 0.517188 0.625000 0.050000 0.062500
0 0.523438 0.787109 0.050000 0.062500
0 0.412500 0.791016 0.050000 0.062500
0 0.415625 0.927734 0.050000 0.062500
0 0.425000 0.941406 0.050000 0.062500
0 0.632812 0.847656 0.050000 0.062500
0 0.679688 0.976562 0.050000 0.046875
0 0.843750 0.847656 0.050000 0.062500
0 0.685937 0.699219 0.050000 0.062500
0 0.700000 0.697266 0.050000 0.062500
0 0.604688 0.599609 0.050000 0.062500
0 0.621875 0.597656 0.050000 0.062500
0 0.614062 0.562500 0.050000 0.062500
0 0.592187 0.562500 0.050000 0.062500
0 0.607812 0.472656 0.050000 0.062500
0 0.628125 0.417969 0.050000 0.062500
0 0.646875 0.416016 0.050000 0.062500
0 0.593750 0.384766 0.050000 0.062500
0 0.626563 0.351562 0.050000 0.062500
0 0.596875 0.337891 0.050000 0.062500
0 0.651563 0.314453 0.050000 0.062500
0 0.657813 0.363281 0.050000 0.062500
0 0.618750 0.382812 0.050000 0.062500
0 0.578125 0.439453 0.050000 0.062500
0 0.568750 0.503906 0.050000 0.062500
0 0.709375 0.523438 0.050000 0.062500
0 0.689063 0.556641 0.050000 0.062500
0 0.665625 0.617188 0.050000 0.062500
0 0.729688 0.580078 0.050000 0.062500
0 0.764062 0.539062 0.050000 0.062500
0 0.732812 0.517578 0.050000 0.062500
0 0.795312 0.521484 0.050000 0.062500
0 0.796875 0.490234 0.050000 0.062500
0 0.796875 0.455078 0.050000 0.062500
0 0.584375 0.841797 0.050000 0.062500
0 0.565625 0.839844 0.050000 0.062500
0 0.601562 0.691406 0.050000 0.062500
0 0.735938 0.718750 0.050000 0.062500
0 0.837500 0.572266 0.050000 0.062500
0 0.854688 0.597656 0.050000 0.062500
0 0.860938 0.517578 0.050000 0.062500
0 0.940625 0.611328 0.050000 0.062500
0 0.923438 0.626953 0.050000 0.062500
0 0.842187 0.718750 0.050000 0.062500
0 0.878125 0.847656 0.050000 0.062500
0 0.948438 0.894531 0.050000 0.062500
0 0.931250 0.787109 0.050000 0.062500
0 0.948438 0.789062 0.050000 0.062500
0 0.912500 0.808594 0.050000 0.062500
0 0.898438 0.783203 0.050000 0.062500
0 0.939063 0.453125 0.050000 0.062500
0 0.917188 0.367188 0.050000 0.062500
0 0.840625 0.402344 0.050000 0.062500
0 0.829688 0.396484 0.050000 0.062500
0 0.829688 0.421875 0.050000 0.062500
0 0.779687 0.437500 0.050000 0.062500
0 0.721875 0.458984 0.050000 0.062500
0 0.681250 0.468750 0.050000 0.062500
0 0.709375 0.472656 0.050000 0.062500
0 0.764062 0.361328 0.050000 0.062500
0 0.728125 0.375000 0.050000 0.062500
0 0.689063 0.361328 0.050000 0.062500
0 0.768750 0.294922 0.050000 0.062500
0 0.809375 0.294922 0.050000 0.062500
0 0.835938 0.269531 0.050000 0.062500
0 0.856250 0.306641 0.050000 0.062500
0 0.839063 0.333984 0.050000 0.062500
0 0.795312 0.359375 0.050000 0.062500
0 0.985938 0.220703 0.028125 0.062500
0 0.909375 0.226562 0.050000 0.062500
0 0.893750 0.201172 0.050000 0.062500
0 0.928125 0.107422 0.050000 0.062500
0 0.868750 0.214844 0.050000 0.062500
0 0.960938 0.035156 0.050000 0.062500
0 0.973437 0.020508 0.050000 0.041016
0 0.925000 0.024414 0.050000 0.048828
0 0.607812 0.529297 0.050000 0.062500
0 0.556250 0.585938 0.050000 0.062500
0 0.475000 0.693359 0.050000 0.062500
0 0.490625 0.685547 0.050000 0.062500
0 0.846875 0.527344 0.050000 0.062500
0 0.953125 0.289062 0.050000 0.062500
0 0.873437 0.130859 0.050000 0.062500
0 0.845313 0.146484 0.050000 0.062500
0 0.823438 0.193359 0.050000 0.062500
0 0.829688 0.121094 0.050000 0.062500
0 0.787500 0.099609 0.050000 0.062500
0 0.773438 0.134766 0.050000 0.062500
0 0.775000 0.179688 0.050000 0.062500
0 0.707812 0.968750 0.050000 0.062500
0 0.521875 0.044922 0.050000 0.062500
0 0.539062 0.087891 0.050000 0.062500
0 0.576562 0.154297 0.050000 0.062500
0 0.614062 0.162109 0.050000 0.062500
0 0.581250 0.193359 0.050000 0.062500
0 0.598437 0.222656 0.050000 0.062500
0 0.546875 0.234375 0.050000 0.062500
0 0.554688 0.253906 0.050000 0.062500
0 0.568750 0.273438 0.050000 0.062500
0 0.582812 0.298828 0.050000 0.062500
0 0.573438 0.337891 0.050000 0.062500
0 0.628125 0.257812 0.050000 0.062500
0 0.618750 0.312500 0.050000 0.062500
0 0.635938 0.283203 0.050000 0.062500
0 0.659375 0.230469 0.050000 0.062500
0 0.681250 0.226562 0.050000 0.062500
0 0.725000 0.224609 0.050000 0.062500
0 0.710938 0.287109 0.050000 0.062500
0 0.709375 0.322266 0.050000 0.062500
0 0.625000 0.220703 0.050000 0.062500
0 0.553125 0.185547 0.050000 0.062500
0 0.550000 0.207031 0.050000 0.062500
0 0.714063 0.197266 0.050000 0.062500
0 0.742188 0.193359 0.050000 0.062500
0 0.867188 0.097656 0.050000 0.062500
0 0.942187 0.085938 0.050000 0.062500
0 0.843750 0.167969 0.050000 0.062500
0 0.817187 0.136719 0.050000 0.062500
0 0.573438 0.030273 0.050000 0.060547
0 0.554688 0.105469 0.050000 0.062500
0 0.679688 0.070312 0.050000 0.062500
0 0.737500 0.066406 0.050000 0.062500
0 0.709375 0.029297 0.050000 0.058594
0 0.720313 0.019531 0.050000 0.039062
0 0.735938 0.020508 0.050000 0.041016
0 0.754687 0.083984 0.050000 0.062500
0 0.703125 0.148438 0.050000 0.062500
0 0.742188 0.140625 0.050000 0.062500
0 0.725000 0.140625 0.050000 0.062500
0 0.739062 0.119141 0.050000 0.062500
0 0.856250 0.070312 0.050000 0.062500
0 0.803125 0.022461 0.050000 0.044922
0 0.781250 0.019531 0.050000 0.039062
0 0.771875 0.035156 0.050000 0.062500
0 0.700000 0.070312 0.050000 0.062500
0 0.678125 0.037109 0.050000 0.062500
0 0.662500 0.026367 0.050000 0.052734
0 0.631250 0.028320 0.050000 0.056641
0 0.609375 0.072266 0.050000 0.062500
0 0.618750 0.115234 0.050000 0.062500
0 0.628125 0.062500 0.050000 0.062500
0 0.568750 0.126953 0.050000 0.062500
0 0.585938 0.082031 0.050000 0.062500
0 0.556250 0.074219 0.050000 0.062500
0 0.595313 0.048828 0.050000 0.062500
0 0.859375 0.031250 0.050000 0.062500
0 0.875000 0.044922 0.050000 0.062500
0 0.881250 0.026367 0.050000 0.052734
0 0.746875 0.039062 0.050000 0.062500
0 0.607812 0.026367 0.050000 0.052734
0 0.635938 0.020508 0.050000 0.041016
0 0.826562 0.021484 0.050000 0.042969
0 0.829688 0.097656 0.050000 0.062500
0 0.842187 0.064453 0.050000 0.062500
0 0.842187 0.085938 0.050000 0.062500
0 0.840625 0.022461 0.050000 0.044922
0 0.662500 0.103516 0.050000 0.062500
0 0.632812 0.140625 0.050000 0.062500
0 0.657813 0.148438 0.050000 0.062500
0 0.653125 0.128906 0.050000 0.062500
0 0.673438 0.121094 0.050000 0.062500
0 0.695312 0.130859 0.050000 0.062500
0 0.679688 0.146484 0.050000 0.062500
0 0.684375 0.179688 0.050000 0.062500
0 0.714063 0.107422 0.050000 0.062500
0 0.604688 0.091797 0.050000 0.062500
0 0.770312 0.066406 0.050000 0.062500
0 0.812500 0.066406 0.050000 0.062500
0 0.812500 0.033203 0.050000 0.062500
0 0.679688 0.016602 0.050000 0.033203
0 0.592187 0.019531 0.050000 0.039062
0 0.678125 0.845703 0.050000 0.062500
0 0.656250 0.722656 0.050000 0.062500
0 0.450000 0.812500 0.050000 0.062500
0 0.840625 0.236328 0.050000 0.062500
0 0.871875 0.355469 0.050000 0.062500
0 0.975781 0.595703 0.048438 0.062500
