0 0.193750 0.240234 0.050000 0.062500
0 0.217188 0.238281 0.050000 0.062500
0 0.265625 0.230469 0.050000 0.062500
0 0.287500 0.183594 0.050000 0.062500
0 0.287500 0.201172 0.050000 0.062500
0 0.334375 0.220703 0.050000 0.062500
0 0.335938 0.240234 0.050000 0.062500
0 0.365625 0.220703 0.050000 0.062500
0 0.357812 0.171875 0.050000 0.062500
0 0.429688 0.226562 0.050000 0.062500
0 0.457813 0.203125 0.050000 0.062500
0 0.440625 0.179688 0.050000 0.062500
0 0.490625 0.191406 0.050000 0.062500
0 0.471875 0.201172 0.050000 0.062500
0 0.468750 0.222656 0.050000 0.062500
0 0.468750 0.251953 0.050000 0.062500
0 0.482812 0.283203 0.050000 0.062500
0 0.479687 0.308594 0.050000 0.062500
0 0.462500 0.283203 0.050000 0.062500
0 0.450000 0.271484 0.050000 0.062500
0 0.426563 0.265625 0.050000 0.062500
0 0.435937 0.250000 0.050000 0.062500
0 0.409375 0.267578 0.050000 0.062500
0 0.407813 0.298828 0.050000 0.062500
0 0.404687 0.318359 0.050000 0.062500
0 0.409375 0.339844 0.050000 0.062500
0 0.432812 0.339844 0.050000 0.062500
0 0.435937 0.378906 0.050000 0.062500
0 0.421875 0.382812 0.050000 0.062500
0 0.448437 0.333984 0.050000 0.062500
0 0.446875 0.296875 0.050000 0.062500
0 0.429688 0.298828 0.050000 0.062500
0 0.515625 0.287109 0.050000 0.062500
0 0.500000 0.283203 0.050000 0.062500
0 0.501563 0.306641 0.050000 0.062500
0 0.521875 0.318359 0.050000 0.062500
0 0.546875 0.341797 0.050000 0.062500
0 0.518750 0.345703 0.050000 0.062500
0 0.548438 0.294922 0.050000 0.062500
0 0.553125 0.277344 0.050000 0.062500
0 0.543750 0.267578 0.050000 0.062500
0 0.570312 0.269531 0.050000 0.062500
0 0.598437 0.287109 0.050000 0.062500
0 0.582812 0.322266 0.050000 0.062500
0 0.610938 0.326172 0.050000 0.062500
0 0.615625 0.291016 0.050000 0.062500
0 0.615625 0.269531 0.050000 0.062500
0 0.628125 0.210938 0.050000 0.062500
0 0.609375 0.195312 0.050000 0.062500
0 0.578125 0.187500 0.050000 0.062500
0 0.653125 0.193359 0.050000 0.062500
0 0.643750 0.210938 0.050000 0.062500
0 0.659375 0.232422 0.050000 0.062500
0 0.687500 0.205078 0.050000 0.062500
0 0.643750 0.263672 0.050000 0.062500
0 0.657813 0.261719 0.050000 0.062500
0 0.673438 0.261719 0.050000 0.062500
0 0.700000 0.281250 0.050000 0.062500
0 0.685937 0.308594 0.050000 0.062500
0 0.625000 0.361328 0.050000 0.062500
0 0.631250 0.404297 0.050000 0.062500
0 0.628125 0.435547 0.050000 0.062500
0 0.675000 0.390625 0.050000 0.062500
0 0.679688 0.361328 0.050000 0.062500
0 0.700000 0.382812 0.050000 0.062500
0 0.735938 0.388672 0.050000 0.062500
0 0.728125 0.361328 0.050000 0.062500
0 0.714063 0.333984 0.050000 0.062500
0 0.709375 0.298828 0.050000 0.062500
0 0.696875 0.322266 0.050000 0.062500
0 0.687500 0.335938 0.050000 0.062500
0 0.737500 0.263672 0.050000 0.062500
0 0.715625 0.267578 0.050000 0.062500
0 0.703125 0.238281 0.050000 0.062500
0 0.764062 0.242188 0.050000 0.062500
0 0.803125 0.218750 0.050000 0.062500
0 0.803125 0.236328 0.050000 0.062500
0 0.857812 0.246094 0.050000 0.062500
0 0.900000 0.255859 0.050000 0.062500
0 0.917188 0.257812 0.050000 0.062500
0 0.837500 0.396484 0.050000 0.062500
0 0.823438 0.404297 0.050000 0.062500
0 0.860938 0.435547 0.050000 0.062500
0 0.918750 0.429688 0.050000 0.062500
0 0.703125 0.408203 0.050000 0.062500
0 0.704688 0.435547 0.050000 0.062500
0 0.737500 0.457031 0.050000 0.062500
0 0.684375 0.437500 0.050000 0.062500
0 0.710938 0.505859 0.050000 0.062500
0 0.748437 0.523438 0.050000 0.062500
0 0.739062 0.542969 0.050000 0.062500
0 0.812500 0.589844 0.050000 0.062500
0 0.685937 0.542969 0.050000 0.062500
0 0.656250 0.574219 0.050000 0.062500
0 0.617188 0.582031 0.050000 0.062500
0 0.587500 0.542969 0.050000 0.062500
0 0.593750 0.482422 0.050000 0.062500
0 0.603125 0.455078 0.050000 0.062500
0 0.581250 0.458984 0.050000 0.062500
0 0.560937 0.425781 0.050000 0.062500
0 0.557813 0.410156 0.050000 0.062500
0 0.576562 0.406250 0.050000 0.062500
0 0.598437 0.406250 0.050000 0.062500
0 0.589063 0.371094 0.050000 0.062500
0 0.600000 0.349609 0.050000 0.062500
0 0.564063 0.376953 0.050000 0.062500
0 0.537500 0.365234 0.050000 0.062500
0 0.531250 0.396484 0.050000 0.062500
0 0.539062 0.429688 0.050000 0.062500
0 0.517188 0.431641 0.050000 0.062500
0 0.507812 0.406250 0.050000 0.062500
0 0.506250 0.382812 0.050000 0.062500
0 0.485938 0.375000 0.050000 0.062500
0 0.489063 0.341797 0.050000 0.062500
0 0.467187 0.361328 0.050000 0.062500
0 0.479687 0.402344 0.050000 0.062500
0 0.482812 0.435547 0.050000 0.062500
0 0.457813 0.375000 0.050000 0.062500
0 0.409375 0.412109 0.050000 0.062500
0 0.420312 0.414062 0.050000 0.062500
0 0.385937 0.376953 0.050000 0.062500
0 0.440625 0.458984 0.050000 0.062500
0 0.421875 0.431641 0.050000 0.062500
0 0.460938 0.435547 0.050000 0.062500
0 0.510938 0.462891 0.050000 0.062500
0 0.476562 0.457031 0.050000 0.062500
0 0.651563 0.316406 0.050000 0.062500
0 0.646875 0.287109 0.050000 0.062500
0 0.753125 0.589844 0.050000 0.062500
0 0.748437 0.644531 0.050000 0.062500
0 0.739062 0.654297 0.050000 0.062500
0 0.728125 0.658203 0.050000 0.062500
0 0.720313 0.699219 0.050000 0.062500
0 0.775000 0.753906 0.050000 0.062500
0 0.559375 0.509766 0.050000 0.062500
0 0.534375 0.511719 0.050000 0.062500
0 0.503125 0.507812 0.050000 0.062500
0 0.468750 0.523438 0.050000 0.062500
0 0.446875 0.531250 0.050000 0.062500
0 0.423438 0.480469 0.050000 0.062500
0 0.409375 0.490234 0.050000 0.062500
0 0.429688 0.500000 0.050000 0.062500
0 0.392188 0.466797 0.050000 0.062500
0 0.520312 0.568359 0.050000 0.062500
0 0.501563 0.537109 0.050000 0.062500
0 0.615625 0.636719 0.050000 0.062500
0 0.653125 0.632812 0.050000 0.062500
0 0.693750 0.611328 0.050000 0.062500
0 0.717187 0.580078 0.050000 0.062500
0 0.732812 0.603516 0.050000 0.062500
0 0.956250 0.541016 0.050000 0.062500
0 0.515625 0.646484 0.050000 0.062500
0 0.554688 0.652344 0.050000 0.062500
0 0.589063 0.666016 0.050000 0.062500
0 0.587500 0.687500 0.050000 0.062500
0 0.592187 0.716797 0.050000 0.062500
0 0.464062 0.632812 0.050000 0.062500
0 0.485938 0.638672 0.050000 0.062500
0 0.468750 0.595703 0.050000 0.062500
0 0.429688 0.556641 0.050000 0.062500
0 0.420312 0.523438 0.050000 0.062500
0 0.398438 0.529297 0.050000 0.062500
0 0.357812 0.498047 0.050000 0.062500
0 0.339062 0.343750 0.050000 0.062500
0 0.231250 0.347656 0.050000 0.062500
0 0.192188 0.566406 0.050000 0.062500
0 0.321875 0.531250 0.050000 0.062500
0 0.360938 0.589844 0.050000 0.062500
0 0.371875 0.632812 0.050000 0.062500
0 0.412500 0.615234 0.050000 0.062500
0 0.415625 0.642578 0.050000 0.062500
0 0.451562 0.675781 0.050000 0.062500
0 0.495312 0.689453 0.050000 0.062500
0 0.468750 0.658203 0.050000 0.062500
0 0.517188 0.685547 0.050000 0.062500
0 0.484375 0.744141 0.050000 0.062500
0 0.517188 0.775391 0.050000 0.062500
0 0.396875 0.671875 0.050000 0.062500
0 0.326562 0.603516 0.050000 0.062500
0 0.256250 0.583984 0.050000 0.062500
0 0.242188 0.615234 0.050000 0.062500
0 0.306250 0.593750 0.050000 0.062500
0 0.284375 0.685547 0.050000 0.062500
0 0.284375 0.718750 0.050000 0.062500
0 0.134375 0.611328 0.050000 0.062500
0 0.070312 0.517578 0.050000 0.062500
0 0.017969 0.611328 0.035937 0.062500
0 0.370312 0.759766 0.050000 0.062500
0 0.440625 0.765625 0.050000 0.062500
0 0.420312 0.705078 0.050000 0.062500
0 0.420312 0.816406 0.050000 0.062500
0 0.448437 0.845703 0.050000 0.062500
0 0.525000 0.822266 0.050000 0.062500
0 0.548438 0.818359 0.050000 0.062500
0 0.842187 0.677734 0.050000 0.062500
0 0.704688 0.748047 0.050000 0.062500
0 0.706250 0.779297 0.050000 0.062500
0 0.679688 0.699219 0.050000 0.062500
0 0.757812 0.828125 0.050000 0.062500
0 0.773438 0.835938 0.050000 0.062500
0 0.856250 0.847656 0.050000 0.062500
0 0.754687 0.914062 0.050000 0.062500
0 0.793750 0.962891 0.050000 0.062500
0 0.673438 0.876953 0.050000 0.062500
0 0.687500 0.896484 0.050000 0.062500
0 0.614062 0.806641 0.050000 0.062500
0 0.614062 0.845703 0.050000 0.062500
0 0.576562 0.900391 0.050000 0.062500
0 0.601562 0.902344 0.050000 0.062500
0 0.545312 0.888672 0.050000 0.062500
0 0.440625 0.898438 0.050000 0.062500
0 0.485938 0.886719 0.050000 0.062500
0 0.407813 0.931641 0.050000 0.062500
0 0.387500 0.960938 0.050000 0.062500
0 0.321875 0.908203 0.050000 0.062500
0 0.289062 0.945312 0.050000 0.062500
0 0.195312 0.871094 0.050000 0.062500
0 0.134375 0.919922 0.050000 0.062500
0 0.162500 0.968750 0.050000 0.062500
0 0.153125 0.951172 0.050000 0.062500
0 0.075000 0.972656 0.050000 0.054688
0 0.567187 0.570312 0.050000 0.062500
0 0.535937 0.611328 0.050000 0.062500
0 0.559375 0.617188 0.050000 0.062500
0 0.659375 0.451172 0.050000 0.062500
0 0.785937 0.142578 0.050000 0.062500
0 0.743750 0.138672 0.050000 0.062500
0 0.654687 0.152344 0.050000 0.062500
0 0.710938 0.117188 0.050000 0.062500
0 0.884375 0.337891 0.050000 0.062500
0 0.940625 0.257812 0.050000 0.062500
0 0.870313 0.650391 0.050000 0.062500
0 0.832812 0.501953 0.050000 0.062500
0 0.684375 0.476562 0.050000 0.062500
0 0.392188 0.234375 0.050000 0.062500
0 0.212500 0.777344 0.050000 0.062500
0 0.684375 0.978516 0.050000 0.042969
0 0.678125 0.812500 0.050000 0.062500
0 0.628125 0.742188 0.050000 0.062500
0 0.609375 0.744141 0.050000 0.062500
0 0.626563 0.975586 0.050000 0.048828
0 0.473438 0.978516 0.050000 0.042969
0 0.539062 0.979492 0.050000 0.041016
0 0.910937 0.404297 0.050000 0.062500
0 0.975000 0.453125 0.050000 0.062500
0 0.150000 0.207031 0.050000 0.062500
0 0.509375 0.599609 0.050000 0.062500
0 0.932813 0.228516 0.050000 0.062500
0 0.689063 0.673828 0.050000 0.062500
0 0.631250 0.853516 0.050000 0.062500
0 0.650000 0.847656 0.050000 0.062500
0 0.543750 0.464844 0.050000 0.062500
