0 0.178125 0.943359 0.050000 0.062500
0 0.126562 0.792969 0.050000 0.062500
0 0.101562 0.791016 0.050000 0.062500
0 0.118750 0.740234 0.050000 0.062500
0 0.023438 0.697266 0.046875 0.062500
0 0.165625 0.515625 0.050000 0.062500
0 0.190625 0.769531 0.050000 0.062500
0 0.210938 0.742188 0.050000 0.062500
0 0.268750 0.771484 0.050000 0.062500
0 0.275000 0.787109 0.050000 0.062500
0 0.246875 0.832031 0.050000 0.062500
0 0.385937 0.828125 0.050000 0.062500
0 0.343750 0.914062 0.050000 0.062500
0 0.393750 0.953125 0.050000 0.062500
0 0.434375 0.978516 0.050000 0.042969
0 0.414062 0.908203 0.050000 0.062500
0 0.454688 0.876953 0.050000 0.062500
0 0.495312 0.898438 0.050000 0.062500
0 0.464062 0.947266 0.050000 0.062500
0 0.504687 0.955078 0.050000 0.062500
0 0.528125 0.955078 0.050000 0.062500
0 0.596875 0.931641 0.050000 0.062500
0 0.587500 0.970703 0.050000 0.058594
0 0.615625 0.962891 0.050000 0.062500
0 0.626563 0.962891 0.050000 0.062500
0 0.662500 0.917969 0.050000 0.062500
0 0.625000 0.886719 0.050000 0.062500
0 0.746875 0.978516 0.050000 0.042969
0 0.757812 0.941406 0.050000 0.062500
0 0.740625 0.927734 0.050000 0.062500
0 0.746875 0.863281 0.050000 0.062500
0 0.675000 0.859375 0.050000 0.062500
0 0.681250 0.886719 0.050000 0.062500
0 0.831250 0.927734 0.050000 0.062500
0 0.845313 0.941406 0.050000 0.062500
0 0.878125 0.890625 0.050000 0.062500
0 0.810937 0.763672 0.050000 0.062500
0 0.695312 0.806641 0.050000 0.062500
0 0.693750 0.765625 0.050000 0.062500
0 0.704688 0.765625 0.050000 0.062500
0 0.715625 0.746094 0.050000 0.062500
0 0.698438 0.738281 0.050000 0.062500
0 0.660937 0.779297 0.050000 0.062500
0 0.653125 0.804688 0.050000 0.062500
0 0.576562 0.865234 0.050000 0.062500
0 0.560937 0.871094 0.050000 0.062500
0 0.531250 0.812500 0.050000 0.062500
0 0.462500 0.826172 0.050000 0.062500
0 0.414062 0.814453 0.050000 0.062500
0 0.431250 0.765625 0.050000 0.062500
0 0.448437 0.769531 0.050000 0.062500
0 0.485938 0.773438 0.050000 0.062500
0 0.517188 0.773438 0.050000 0.062500
0 0.496875 0.800781 0.050000 0.062500
0 0.485938 0.808594 0.050000 0.062500
0 0.581250 0.748047 0.050000 0.062500
0 0.554688 0.777344 0.050000 0.062500
0 0.617188 0.746094 0.050000 0.062500
0 0.648438 0.716797 0.050000 0.062500
0 0.614062 0.683594 0.050000 0.062500
0 0.646875 0.656250 0.050000 0.062500
0 0.584375 0.691406 0.050000 0.062500
0 0.565625 0.705078 0.050000 0.062500
0 0.528125 0.738281 0.050000 0.062500
0 0.498437 0.738281 0.050000 0.062500
0 0.471875 0.730469 0.050000 0.062500
0 0.425000 0.726562 0.050000 0.062500
0 0.382812 0.771484 0.050000 0.062500
0 0.371875 0.751953 0.050000 0.062500
0 0.353125 0.816406 0.050000 0.062500
0 0.350000 0.837891 0.050000 0.062500
0 0.334375 0.771484 0.050000 0.062500
0 0.321875 0.732422 0.050000 0.062500
0 0.317188 0.701172 0.050000 0.062500
0 0.271875 0.679688 0.050000 0.062500
0 0.340625 0.601562 0.050000 0.062500
0 0.371875 0.660156 0.050000 0.062500
0 0.382812 0.695312 0.050000 0.062500
0 0.409375 0.662109 0.050000 0.062500
0 0.426563 0.656250 0.050000 0.062500
0 0.457813 0.628906 0.050000 0.062500
0 0.467187 0.669922 0.050000 0.062500
0 0.489063 0.632812 0.050000 0.062500
0 0.510938 0.625000 0.050000 0.062500
0 0.551562 0.607422 0.050000 0.062500
0 0.531250 0.583984 0.050000 0.062500
0 0.559375 0.566406 0.050000 0.062500
0 0.581250 0.507812 0.050000 0.062500
0 0.553125 0.517578 0.050000 0.062500
0 0.243750 0.345703 0.050000 0.062500
0 0.350000 0.291016 0.050000 0.062500
0 0.381250 0.316406 0.050000 0.062500
0 0.425000 0.324219 0.050000 0.062500
0 0.460938 0.314453 0.050000 0.062500
0 0.403125 0.333984 0.050000 0.062500
0 0.393750 0.335938 0.050000 0.062500
0 0.771875 0.687500 0.050000 0.062500
0 0.910937 0.615234 0.050000 0.062500
0 0.965625 0.681641 0.050000 0.062500
0 0.807813 0.496094 0.050000 0.062500
0 0.801562 0.556641 0.050000 0.062500
0 0.812500 0.550781 0.050000 0.062500
0 0.871875 0.509766 0.050000 0.062500
0 0.860938 0.486328 0.050000 0.062500
0 0.789062 0.591797 0.050000 0.062500
0 0.704688 0.644531 0.050000 0.062500
0 0.696875 0.654297 0.050000 0.062500
0 0.681250 0.683594 0.050000 0.062500
0 0.698438 0.687500 0.050000 0.062500
0 0.670312 0.611328 0.050000 0.062500
0 0.704688 0.625000 0.050000 0.062500
0 0.684375 0.556641 0.050000 0.062500
0 0.684375 0.482422 0.050000 0.062500
0 0.603125 0.853516 0.050000 0.062500
0 0.829688 0.414062 0.050000 0.062500
0 0.773438 0.363281 0.050000 0.062500
0 0.759375 0.365234 0.050000 0.062500
0 0.740625 0.333984 0.050000 0.062500
0 0.696875 0.347656 0.050000 0.062500
0 0.795312 0.339844 0.050000 0.062500
0 0.832812 0.339844 0.050000 0.062500
0 0.853125 0.332031 0.050000 0.062500
0 0.873437 0.337891 0.050000 0.062500
0 0.942187 0.283203 0.050000 0.062500
0 0.881250 0.287109 0.050000 0.062500
0 0.895312 0.300781 0.050000 0.062500
0 0.957812 0.328125 0.050000 0.062500
0 0.943750 0.296875 0.050000 0.062500
0 0.829688 0.759766 0.050000 0.062500
0 0.131250 0.400391 0.050000 0.062500
0 0.203125 0.382812 0.050000 0.062500
0 0.156250 0.392578 0.050000 0.062500
0 0.239063 0.375000 0.050000 0.062500
0 0.264062 0.388672 0.050000 0.062500
0 0.298438 0.369141 0.050000 0.062500
0 0.329688 0.376953 0.050000 0.062500
0 0.353125 0.369141 0.050000 0.062500
0 0.406250 0.361328 0.050000 0.062500
0 0.459375 0.359375 0.050000 0.062500
0 0.412500 0.384766 0.050000 0.062500
0 0.517188 0.279297 0.050000 0.062500
0 0.521875 0.302734 0.050000 0.062500
0 0.573438 0.250000 0.050000 0.062500
0 0.675000 0.240234 0.050000 0.062500
0 0.715625 0.240234 0.050000 0.062500
0 0.640625 0.226562 0.050000 0.062500
0 0.640625 0.294922 0.050000 0.062500
0 0.654687 0.292969 0.050000 0.062500
0 0.626563 0.314453 0.050000 0.062500
0 0.592187 0.300781 0.050000 0.062500
0 0.573438 0.322266 0.050000 0.062500
0 0.557813 0.333984 0.050000 0.062500
0 0.546875 0.314453 0.050000 0.062500
0 0.598437 0.341797 0.050000 0.062500
0 0.584375 0.349609 0.050000 0.062500
0 0.643750 0.343750 0.050000 0.062500
0 0.312500 0.482422 0.050000 0.062500
0 0.354687 0.472656 0.050000 0.062500
0 0.350000 0.429688 0.050000 0.062500
0 0.350000 0.408203 0.050000 0.062500
0 0.373437 0.550781 0.050000 0.062500
0 0.376563 0.583984 0.050000 0.062500
0 0.389062 0.595703 0.050000 0.062500
0 0.375000 0.613281 0.050000 0.062500
0 0.379688 0.632812 0.050000 0.062500
0 0.406250 0.507812 0.050000 0.062500
0 0.439063 0.570312 0.050000 0.062500
0 0.457813 0.515625 0.050000 0.062500
0 0.457813 0.539062 0.050000 0.062500
0 0.473438 0.558594 0.050000 0.062500
0 0.485938 0.464844 0.050000 0.062500
0 0.473438 0.486328 0.050000 0.062500
0 0.565625 0.486328 0.050000 0.062500
0 0.482812 0.519531 0.050000 0.062500
0 0.484375 0.537109 0.050000 0.062500
0 0.495312 0.556641 0.050000 0.062500
0 0.500000 0.583984 0.050000 0.062500
0 0.425000 0.537109 0.050000 0.062500
0 0.429688 0.490234 0.050000 0.062500
0 0.634375 0.443359 0.050000 0.062500
0 0.667188 0.414062 0.050000 0.062500
0 0.656250 0.382812 0.050000 0.062500
0 0.635938 0.380859 0.050000 0.062500
0 0.632812 0.470703 0.050000 0.062500
0 0.617188 0.476562 0.050000 0.062500
0 0.618750 0.507812 0.050000 0.062500
0 0.653125 0.496094 0.050000 0.062500
0 0.660937 0.537109 0.050000 0.062500
0 0.640625 0.552734 0.050000 0.062500
0 0.610938 0.570312 0.050000 0.062500
0 0.632812 0.585938 0.050000 0.062500
0 0.506250 0.537109 0.050000 0.062500
0 0.517188 0.527344 0.050000 0.062500
0 0.529687 0.517578 0.050000 0.062500
0 0.545312 0.472656 0.050000 0.062500
0 0.543750 0.494141 0.050000 0.062500
0 0.509375 0.460938 0.050000 0.062500
0 0.500000 0.488281 0.050000 0.062500
0 0.517188 0.496094 0.050000 0.062500
0 0.593750 0.429688 0.050000 0.062500
0 0.587500 0.402344 0.050000 0.062500
0 0.585938 0.376953 0.050000 0.062500
0 0.601562 0.375000 0.050000 0.062500
0 0.554688 0.384766 0.050000 0.062500
0 0.554688 0.408203 0.050000 0.062500
0 0.515625 0.410156 0.050000 0.062500
0 0.532813 0.412109 0.050000 0.062500
0 0.540625 0.431641 0.050000 0.062500
0 0.501563 0.429688 0.050000 0.062500
0 0.471875 0.435547 0.050000 0.062500
0 0.465625 0.468750 0.050000 0.062500
0 0.423438 0.449219 0.050000 0.062500
0 0.425000 0.427734 0.050000 0.062500
0 0.440625 0.416016 0.050000 0.062500
0 0.451562 0.435547 0.050000 0.062500
0 0.456250 0.408203 0.050000 0.062500
0 0.473438 0.416016 0.050000 0.062500
0 0.392188 0.466797 0.050000 0.062500
0 0.393750 0.451172 0.050000 0.062500
0 0.400000 0.417969 0.050000 0.062500
0 0.376563 0.449219 0.050000 0.062500
0 0.368750 0.406250 0.050000 0.062500
0 0.375000 0.388672 0.050000 0.062500
0 0.376563 0.513672 0.050000 0.062500
0 0.390625 0.517578 0.050000 0.062500
0 0.421875 0.576172 0.050000 0.062500
0 0.437500 0.593750 0.050000 0.062500
0 0.468750 0.591797 0.050000 0.062500
0 0.553125 0.669922 0.050000 0.062500
0 0.520312 0.691406 0.050000 0.062500
0 0.485938 0.697266 0.050000 0.062500
0 0.181250 0.523438 0.050000 0.062500
0 0.332813 0.394531 0.050000 0.062500
0 0.629687 0.416016 0.050000 0.062500
0 0.593750 0.542969 0.050000 0.062500
0 0.662500 0.519531 0.050000 0.062500
0 0.560937 0.437500 0.050000 0.062500
0 0.331250 0.521484 0.050000 0.062500
0 0.357812 0.525391 0.050000 0.062500
0 0.370312 0.433594 0.050000 0.062500
0 0.487500 0.388672 0.050000 0.062500
0 0.651563 0.408203 0.050000 0.062500
0 0.139063 0.339844 0.050000 0.062500
0 0.895312 0.259766 0.050000 0.062500
0 0.668750 0.464844 0.050000 0.062500
0 0.662500 0.443359 0.050000 0.062500
0 0.356250 0.666016 0.050000 0.062500
0 0.834375 0.148438 0.050000 0.062500
0 0.681250 0.205078 0.050000 0.062500
0 0.715625 0.205078 0.050000 0.062500
0 0.576562 0.220703 0.050000 0.062500
0 0.729688 0.044922 0.050000 0.062500
