0 0.106250 0.979492 0.050000 0.041016
0 0.151562 0.960938 0.050000 0.062500
0 0.076563 0.914062 0.050000 0.062500
0 0.070312 0.896484 0.050000 0.062500
0 0.323437 0.929688 0.050000 0.062500
0 0.284375 0.904297 0.050000 0.062500
0 0.306250 0.845703 0.050000 0.062500
0 0.256250 0.826172 0.050000 0.062500
0 0.240625 0.861328 0.050000 0.062500
0 0.290625 0.787109 0.050000 0.062500
0 0.309375 0.759766 0.050000 0.062500
0 0.364063 0.775391 0.050000 0.062500
0 0.350000 0.812500 0.050000 0.062500
0 0.375000 0.833984 0.050000 0.062500
0 0.393750 0.822266 0.050000 0.062500
0 0.390625 0.843750 0.050000 0.062500
0 0.360938 0.898438 0.050000 0.062500
0 0.400000 0.900391 0.050000 0.062500
0 0.420312 0.900391 0.050000 0.062500
0 0.373437 0.969727 0.050000 0.060547
0 0.428125 0.960938 0.050000 0.062500
0 0.454688 0.966797 0.050000 0.062500
0 0.482812 0.971680 0.050000 0.056641
0 0.492188 0.908203 0.050000 0.062500
0 0.514062 0.908203 0.050000 0.062500
0 0.490625 0.865234 0.050000 0.062500
0 0.575000 0.820312 0.050000 0.062500
0 0.570312 0.792969 0.050000 0.062500
0 0.640625 0.806641 0.050000 0.062500
0 0.639062 0.873047 0.050000 0.062500
0 0.651563 0.886719 0.050000 0.062500
0 0.714063 0.914062 0.050000 0.062500
0 0.731250 0.880859 0.050000 0.062500
0 0.587500 0.753906 0.050000 0.062500
0 0.595313 0.718750 0.050000 0.062500
0 0.596875 0.699219 0.050000 0.062500
0 0.581250 0.691406 0.050000 0.062500
0 0.615625 0.691406 0.050000 0.062500
0 0.662500 0.636719 0.050000 0.062500
0 0.703125 0.705078 0.050000 0.062500
0 0.725000 0.707031 0.050000 0.062500
0 0.579688 0.630859 0.050000 0.062500
0 0.553125 0.664062 0.050000 0.062500
0 0.517188 0.697266 0.050000 0.062500
0 0.475000 0.691406 0.050000 0.062500
0 0.451562 0.746094 0.050000 0.062500
0 0.446875 0.722656 0.050000 0.062500
0 0.420312 0.720703 0.050000 0.062500
0 0.379688 0.720703 0.050000 0.062500
0 0.343750 0.714844 0.050000 0.062500
0 0.321875 0.718750 0.050000 0.062500
0 0.284375 0.722656 0.050000 0.062500
0 0.253125 0.761719 0.050000 0.062500
0 0.275000 0.693359 0.050000 0.062500
0 0.228125 0.724609 0.050000 0.062500
0 0.217188 0.691406 0.050000 0.062500
0 0.178125 0.726562 0.050000 0.062500
0 0.160938 0.707031 0.050000 0.062500
0 0.146875 0.789062 0.050000 0.062500
0 0.154688 0.822266 0.050000 0.062500
0 0.092188 0.712891 0.050000 0.062500
0 0.109375 0.699219 0.050000 0.062500
0 0.046875 0.656250 0.050000 0.062500
0 0.506250 0.605469 0.050000 0.062500
0 0.542188 0.603516 0.050000 0.062500
0 0.568750 0.558594 0.050000 0.062500
0 0.601562 0.574219 0.050000 0.062500
0 0.595313 0.601562 0.050000 0.062500
0 0.478125 0.642578 0.050000 0.062500
0 0.450000 0.656250 0.050000 0.062500
0 0.417187 0.636719 0.050000 0.062500
0 0.451562 0.611328 0.050000 0.062500
0 0.428125 0.677734 0.050000 0.062500
0 0.392188 0.685547 0.050000 0.062500
0 0.365625 0.681641 0.050000 0.062500
0 0.382812 0.638672 0.050000 0.062500
0 0.360938 0.617188 0.050000 0.062500
0 0.320312 0.671875 0.050000 0.062500
0 0.284375 0.638672 0.050000 0.062500
0 0.295312 0.617188 0.050000 0.062500
0 0.771875 0.826172 0.050000 0.062500
0 0.851562 0.625000 0.050000 0.062500
0 0.806250 0.556641 0.050000 0.062500
0 0.728125 0.566406 0.050000 0.062500
0 0.681250 0.537109 0.050000 0.062500
0 0.693750 0.441406 0.050000 0.062500
0 0.753125 0.445312 0.050000 0.062500
0 0.651563 0.408203 0.050000 0.062500
0 0.725000 0.359375 0.050000 0.062500
0 0.957812 0.470703 0.050000 0.062500
0 0.975781 0.308594 0.048438 0.062500
0 0.554688 0.861328 0.050000 0.062500
0 0.521875 0.845703 0.050000 0.062500
0 0.503125 0.794922 0.050000 0.062500
0 0.476562 0.806641 0.050000 0.062500
0 0.457813 0.812500 0.050000 0.062500
0 0.379688 0.753906 0.050000 0.062500
0 0.614062 0.638672 0.050000 0.062500
0 0.634375 0.281250 0.050000 0.062500
0 0.600000 0.226562 0.050000 0.062500
0 0.609375 0.187500 0.050000 0.062500
0 0.565625 0.187500 0.050000 0.062500
0 0.537500 0.169922 0.050000 0.062500
0 0.595313 0.291016 0.050000 0.062500
0 0.695312 0.283203 0.050000 0.062500
0 0.729688 0.283203 0.050000 0.062500
0 0.748437 0.279297 0.050000 0.062500
0 0.773438 0.289062 0.050000 0.062500
0 0.781250 0.224609 0.050000 0.062500
0 0.796875 0.218750 0.050000 0.062500
0 0.848437 0.269531 0.050000 0.062500
0 0.889062 0.267578 0.050000 0.062500
0 0.928125 0.263672 0.050000 0.062500
0 0.970313 0.261719 0.050000 0.062500
0 0.856250 0.220703 0.050000 0.062500
0 0.837500 0.242188 0.050000 0.062500
0 0.804688 0.234375 0.050000 0.062500
0 0.807813 0.261719 0.050000 0.062500
0 0.778125 0.251953 0.050000 0.062500
0 0.981250 0.318359 0.037500 0.062500
0 0.520312 0.265625 0.050000 0.062500
0 0.487500 0.251953 0.050000 0.062500
0 0.578125 0.500000 0.050000 0.062500
0 0.528125 0.537109 0.050000 0.062500
0 0.443750 0.556641 0.050000 0.062500
0 0.407813 0.578125 0.050000 0.062500
0 0.387500 0.583984 0.050000 0.062500
0 0.342187 0.583984 0.050000 0.062500
0 0.328125 0.609375 0.050000 0.062500
0 0.273438 0.613281 0.050000 0.062500
0 0.254688 0.617188 0.050000 0.062500
0 0.178125 0.630859 0.050000 0.062500
0 0.245312 0.550781 0.050000 0.062500
0 0.023438 0.347656 0.046875 0.062500
0 0.059375 0.476562 0.050000 0.062500
0 0.045312 0.335938 0.050000 0.062500
0 0.096875 0.333984 0.050000 0.062500
0 0.139063 0.304688 0.050000 0.062500
0 0.162500 0.279297 0.050000 0.062500
0 0.296875 0.240234 0.050000 0.062500
0 0.107813 0.267578 0.050000 0.062500
0 0.171875 0.341797 0.050000 0.062500
0 0.959375 0.802734 0.050000 0.062500
0 0.607812 0.152344 0.050000 0.062500
0 0.581250 0.158203 0.050000 0.062500
0 0.226562 0.322266 0.050000 0.062500
0 0.226562 0.339844 0.050000 0.062500
0 0.195312 0.322266 0.050000 0.062500
0 0.248438 0.322266 0.050000 0.062500
0 0.276562 0.271484 0.050000 0.062500
0 0.292187 0.291016 0.050000 0.062500
0 0.307812 0.285156 0.050000 0.062500
0 0.323437 0.275391 0.050000 0.062500
0 0.414062 0.226562 0.050000 0.062500
0 0.453125 0.279297 0.050000 0.062500
0 0.475000 0.273438 0.050000 0.062500
0 0.443750 0.267578 0.050000 0.062500
0 0.493750 0.291016 0.050000 0.062500
0 0.479687 0.300781 0.050000 0.062500
0 0.473438 0.330078 0.050000 0.062500
0 0.495312 0.326172 0.050000 0.062500
0 0.510938 0.324219 0.050000 0.062500
0 0.531250 0.333984 0.050000 0.062500
0 0.550000 0.335938 0.050000 0.062500
0 0.565625 0.369141 0.050000 0.062500
0 0.540625 0.376953 0.050000 0.062500
0 0.557813 0.396484 0.050000 0.062500
0 0.540625 0.435547 0.050000 0.062500
0 0.545312 0.451172 0.050000 0.062500
0 0.579688 0.437500 0.050000 0.062500
0 0.554688 0.466797 0.050000 0.062500
0 0.546875 0.488281 0.050000 0.062500
0 0.534375 0.500000 0.050000 0.062500
0 0.517188 0.458984 0.050000 0.062500
0 0.479687 0.474609 0.050000 0.062500
0 0.457813 0.517578 0.050000 0.062500
0 0.428125 0.527344 0.050000 0.062500
0 0.395313 0.533203 0.050000 0.062500
0 0.365625 0.542969 0.050000 0.062500
0 0.329688 0.542969 0.050000 0.062500
0 0.271875 0.574219 0.050000 0.062500
0 0.284375 0.542969 0.050000 0.062500
0 0.343750 0.513672 0.050000 0.062500
0 0.548438 0.355469 0.050000 0.062500
0 0.457813 0.388672 0.050000 0.062500
0 0.467187 0.421875 0.050000 0.062500
0 0.457813 0.353516 0.050000 0.062500
0 0.456250 0.326172 0.050000 0.062500
0 0.425000 0.398438 0.050000 0.062500
0 0.435937 0.443359 0.050000 0.062500
0 0.443750 0.417969 0.050000 0.062500
0 0.450000 0.470703 0.050000 0.062500
0 0.426563 0.478516 0.050000 0.062500
0 0.398438 0.484375 0.050000 0.062500
0 0.409375 0.498047 0.050000 0.062500
0 0.368750 0.507812 0.050000 0.062500
0 0.371875 0.468750 0.050000 0.062500
0 0.359375 0.484375 0.050000 0.062500
0 0.351562 0.462891 0.050000 0.062500
0 0.384375 0.498047 0.050000 0.062500
0 0.312500 0.527344 0.050000 0.062500
0 0.323437 0.486328 0.050000 0.062500
0 0.279687 0.482422 0.050000 0.062500
0 0.282813 0.466797 0.050000 0.062500
0 0.268750 0.503906 0.050000 0.062500
0 0.234375 0.503906 0.050000 0.062500
0 0.232813 0.476562 0.050000 0.062500
0 0.231250 0.462891 0.050000 0.062500
0 0.231250 0.443359 0.050000 0.062500
0 0.240625 0.417969 0.050000 0.062500
0 0.250000 0.386719 0.050000 0.062500
0 0.251563 0.353516 0.050000 0.062500
0 0.264062 0.320312 0.050000 0.062500
0 0.271875 0.339844 0.050000 0.062500
0 0.267188 0.359375 0.050000 0.062500
0 0.275000 0.382812 0.050000 0.062500
0 0.295312 0.398438 0.050000 0.062500
0 0.275000 0.400391 0.050000 0.062500
0 0.268750 0.419922 0.050000 0.062500
0 0.284375 0.429688 0.050000 0.062500
0 0.254688 0.447266 0.050000 0.062500
0 0.256250 0.482422 0.050000 0.062500
0 0.268750 0.470703 0.050000 0.062500
0 0.246875 0.476562 0.050000 0.062500
0 0.771875 0.189453 0.050000 0.062500
0 0.412500 0.339844 0.050000 0.062500
0 0.392188 0.349609 0.050000 0.062500
0 0.382812 0.416016 0.050000 0.062500
0 0.384375 0.443359 0.050000 0.062500
0 0.417187 0.443359 0.050000 0.062500
0 0.359375 0.435547 0.050000 0.062500
0 0.360938 0.416016 0.050000 0.062500
0 0.303125 0.447266 0.050000 0.062500
0 0.321875 0.431641 0.050000 0.062500
0 0.334375 0.443359 0.050000 0.062500
0 0.317188 0.402344 0.050000 0.062500
0 0.320312 0.371094 0.050000 0.062500
0 0.312500 0.347656 0.050000 0.062500
0 0.300000 0.365234 0.050000 0.062500
0 0.292187 0.382812 0.050000 0.062500
0 0.339062 0.359375 0.050000 0.062500
0 0.343750 0.388672 0.050000 0.062500
0 0.357812 0.357422 0.050000 0.062500
0 0.376563 0.359375 0.050000 0.062500
0 0.365625 0.384766 0.050000 0.062500
0 0.382812 0.378906 0.050000 0.062500
0 0.395313 0.382812 0.050000 0.062500
0 0.439063 0.369141 0.050000 0.062500
0 0.426563 0.369141 0.050000 0.062500
0 0.493750 0.359375 0.050000 0.062500
0 0.526563 0.365234 0.050000 0.062500
0 0.528125 0.388672 0.050000 0.062500
0 0.520312 0.402344 0.050000 0.062500
0 0.521875 0.421875 0.050000 0.062500
0 0.565625 0.414062 0.050000 0.062500
0 0.235937 0.234375 0.050000 0.062500
0 0.129688 0.326172 0.050000 0.062500
0 0.484375 0.505859 0.050000 0.062500
0 0.403125 0.412109 0.050000 0.062500
0 0.271875 0.523438 0.050000 0.062500
0 0.800000 0.287109 0.050000 0.062500
0 0.950000 0.583984 0.050000 0.062500
0 0.851562 0.531250 0.050000 0.062500
