0 0.889062 0.971680 0.050000 0.056641
0 0.926562 0.871094 0.050000 0.062500
0 0.910937 0.781250 0.050000 0.062500
0 0.965625 0.947266 0.050000 0.062500
0 0.943750 0.957031 0.050000 0.062500
0 0.737500 0.977539 0.050000 0.044922
0 0.571875 0.971680 0.050000 0.056641
0 0.512500 0.937500 0.050000 0.062500
0 0.614062 0.808594 0.050000 0.062500
0 0.554688 0.806641 0.050000 0.062500
0 0.851562 0.630859 0.050000 0.062500
0 0.829688 0.630859 0.050000 0.062500
0 0.829688 0.607422 0.050000 0.062500
0 0.978125 0.390625 0.043750 0.062500
0 0.975000 0.369141 0.050000 0.062500
0 0.942187 0.335938 0.050000 0.062500
0 0.962500 0.125000 0.050000 0.062500
0 0.943750 0.128906 0.050000 0.062500
0 0.978125 0.123047 0.043750 0.062500
0 0.759375 0.310547 0.050000 0.062500
0 0.493750 0.388672 0.050000 0.062500
0 0.609375 0.421875 0.050000 0.062500
0 0.587500 0.445312 0.050000 0.062500
0 0.603125 0.486328 0.050000 0.062500
0 0.656250 0.539062 0.050000 0.062500
0 0.581250 0.542969 0.050000 0.062500
0 0.578125 0.556641 0.050000 0.062500
0 0.521875 0.652344 0.050000 0.062500
0 0.532813 0.625000 0.050000 0.062500
0 0.539062 0.646484 0.050000 0.062500
0 0.470313 0.580078 0.050000 0.062500
0 0.704688 0.175781 0.050000 0.062500
0 0.779687 0.740234 0.050000 0.062500
0 0.617188 0.960938 0.050000 0.062500
0 0.592187 0.975586 0.050000 0.048828
0 0.475000 0.824219 0.050000 0.062500
0 0.462500 0.806641 0.050000 0.062500
0 0.457813 0.738281 0.050000 0.062500
0 0.406250 0.708984 0.050000 0.062500
0 0.393750 0.759766 0.050000 0.062500
0 0.396875 0.779297 0.050000 0.062500
0 0.407813 0.671875 0.050000 0.062500
0 0.421875 0.642578 0.050000 0.062500
0 0.357812 0.621094 0.050000 0.062500
0 0.325000 0.648438 0.050000 0.062500
0 0.295312 0.666016 0.050000 0.062500
0 0.268750 0.712891 0.050000 0.062500
0 0.289062 0.779297 0.050000 0.062500
0 0.376563 0.820312 0.050000 0.062500
0 0.628125 0.193359 0.050000 0.062500
0 0.662500 0.185547 0.050000 0.062500
0 0.739062 0.166016 0.050000 0.062500
0 0.773438 0.160156 0.050000 0.062500
0 0.773438 0.177734 0.050000 0.062500
0 0.782813 0.177734 0.050000 0.062500
0 0.853125 0.177734 0.050000 0.062500
0 0.850000 0.142578 0.050000 0.062500
0 0.871875 0.140625 0.050000 0.062500
0 0.931250 0.142578 0.050000 0.062500
0 0.609375 0.146484 0.050000 0.062500
0 0.606250 0.166016 0.050000 0.062500
0 0.521875 0.185547 0.050000 0.062500
0 0.526563 0.167969 0.050000 0.062500
0 0.500000 0.166016 0.050000 0.062500
0 0.539062 0.117188 0.050000 0.062500
0 0.343750 0.144531 0.050000 0.062500
0 0.376563 0.140625 0.050000 0.062500
0 0.376563 0.240234 0.050000 0.062500
0 0.376563 0.253906 0.050000 0.062500
0 0.409375 0.236328 0.050000 0.062500
0 0.468750 0.226562 0.050000 0.062500
0 0.317188 0.251953 0.050000 0.062500
0 0.303125 0.220703 0.050000 0.062500
0 0.268750 0.224609 0.050000 0.062500
0 0.339062 0.287109 0.050000 0.062500
0 0.350000 0.324219 0.050000 0.062500
0 0.351562 0.365234 0.050000 0.062500
0 0.371875 0.396484 0.050000 0.062500
0 0.440625 0.443359 0.050000 0.062500
0 0.453125 0.453125 0.050000 0.062500
0 0.407813 0.523438 0.050000 0.062500
0 0.398438 0.544922 0.050000 0.062500
0 0.420312 0.580078 0.050000 0.062500
0 0.429688 0.605469 0.050000 0.062500
0 0.392188 0.582031 0.050000 0.062500
0 0.393750 0.644531 0.050000 0.062500
0 0.315625 0.767578 0.050000 0.062500
0 0.321875 0.789062 0.050000 0.062500
0 0.353125 0.873047 0.050000 0.062500
0 0.317188 0.941406 0.050000 0.062500
0 0.284375 0.931641 0.050000 0.062500
0 0.256250 0.935547 0.050000 0.062500
0 0.248438 0.871094 0.050000 0.062500
0 0.207813 0.826172 0.050000 0.062500
0 0.178125 0.802734 0.050000 0.062500
0 0.131250 0.839844 0.050000 0.062500
0 0.168750 0.880859 0.050000 0.062500
0 0.162500 0.917969 0.050000 0.062500
0 0.112500 0.900391 0.050000 0.062500
0 0.104688 0.777344 0.050000 0.062500
0 0.129688 0.751953 0.050000 0.062500
0 0.134375 0.712891 0.050000 0.062500
0 0.160938 0.705078 0.050000 0.062500
0 0.195312 0.699219 0.050000 0.062500
0 0.226562 0.697266 0.050000 0.062500
0 0.235937 0.662109 0.050000 0.062500
0 0.209375 0.666016 0.050000 0.062500
0 0.132812 0.669922 0.050000 0.062500
0 0.085938 0.691406 0.050000 0.062500
0 0.040625 0.726562 0.050000 0.062500
0 0.023438 0.695312 0.046875 0.062500
0 0.071875 0.771484 0.050000 0.062500
0 0.075000 0.851562 0.050000 0.062500
0 0.089063 0.884766 0.050000 0.062500
0 0.118750 0.779297 0.050000 0.062500
0 0.310937 0.578125 0.050000 0.062500
0 0.293750 0.617188 0.050000 0.062500
0 0.267188 0.625000 0.050000 0.062500
0 0.346875 0.558594 0.050000 0.062500
0 0.370312 0.517578 0.050000 0.062500
0 0.398438 0.503906 0.050000 0.062500
0 0.376563 0.458984 0.050000 0.062500
0 0.350000 0.449219 0.050000 0.062500
0 0.329688 0.462891 0.050000 0.062500
0 0.339062 0.404297 0.050000 0.062500
0 0.315625 0.382812 0.050000 0.062500
0 0.509375 0.300781 0.050000 0.062500
0 0.501563 0.220703 0.050000 0.062500
0 0.526563 0.212891 0.050000 0.062500
0 0.550000 0.212891 0.050000 0.062500
0 0.915625 0.033203 0.050000 0.062500
0 0.179688 0.205078 0.050000 0.062500
0 0.164062 0.183594 0.050000 0.062500
0 0.117188 0.207031 0.050000 0.062500
0 0.250000 0.240234 0.050000 0.062500
0 0.231250 0.250000 0.050000 0.062500
0 0.209375 0.240234 0.050000 0.062500
0 0.548438 0.382812 0.050000 0.062500
0 0.231250 0.880859 0.050000 0.062500
0 0.195312 0.880859 0.050000 0.062500
0 0.195312 0.960938 0.050000 0.062500
0 0.064062 0.921875 0.050000 0.062500
0 0.096875 0.648438 0.050000 0.062500
0 0.256250 0.589844 0.050000 0.062500
0 0.229687 0.619141 0.050000 0.062500
0 0.178125 0.660156 0.050000 0.062500
0 0.179688 0.759766 0.050000 0.062500
0 0.246875 0.533203 0.050000 0.062500
0 0.254688 0.498047 0.050000 0.062500
0 0.214062 0.560547 0.050000 0.062500
0 0.187500 0.574219 0.050000 0.062500
0 0.156250 0.580078 0.050000 0.062500
0 0.176563 0.609375 0.050000 0.062500
0 0.134375 0.591797 0.050000 0.062500
0 0.107813 0.603516 0.050000 0.062500
0 0.062500 0.632812 0.050000 0.062500
0 0.071875 0.611328 0.050000 0.062500
0 0.076563 0.585938 0.050000 0.062500
0 0.043750 0.558594 0.050000 0.062500
0 0.546875 0.613281 0.050000 0.062500
0 0.070312 0.564453 0.050000 0.062500
0 0.423438 0.101562 0.050000 0.062500
0 0.562500 0.138672 0.050000 0.062500
0 0.568750 0.185547 0.050000 0.062500
0 0.304688 0.873047 0.050000 0.062500
0 0.325000 0.888672 0.050000 0.062500
0 0.092188 0.542969 0.050000 0.062500
0 0.067187 0.539062 0.050000 0.062500
0 0.068750 0.519531 0.050000 0.062500
0 0.064062 0.498047 0.050000 0.062500
0 0.364063 0.486328 0.050000 0.062500
0 0.310937 0.484375 0.050000 0.062500
0 0.281250 0.478516 0.050000 0.062500
0 0.231250 0.511719 0.050000 0.062500
0 0.200000 0.515625 0.050000 0.062500
0 0.145313 0.503906 0.050000 0.062500
0 0.134375 0.531250 0.050000 0.062500
0 0.165625 0.531250 0.050000 0.062500
0 0.031250 0.496094 0.050000 0.062500
0 0.022656 0.478516 0.045312 0.062500
0 0.075000 0.466797 0.050000 0.062500
0 0.057813 0.468750 0.050000 0.062500
0 0.067187 0.433594 0.050000 0.062500
0 0.096875 0.457031 0.050000 0.062500
0 0.121875 0.449219 0.050000 0.062500
0 0.118750 0.480469 0.050000 0.062500
0 0.150000 0.458984 0.050000 0.062500
0 0.151562 0.484375 0.050000 0.062500
0 0.167187 0.503906 0.050000 0.062500
0 0.192188 0.462891 0.050000 0.062500
0 0.215625 0.449219 0.050000 0.062500
0 0.207813 0.482422 0.050000 0.062500
0 0.179688 0.488281 0.050000 0.062500
0 0.173437 0.458984 0.050000 0.062500
0 0.204687 0.421875 0.050000 0.062500
0 0.225000 0.416016 0.050000 0.062500
0 0.242188 0.449219 0.050000 0.062500
0 0.268750 0.435547 0.050000 0.062500
0 0.242188 0.361328 0.050000 0.062500
0 0.282813 0.390625 0.050000 0.062500
0 0.318750 0.417969 0.050000 0.062500
0 0.237500 0.337891 0.050000 0.062500
0 0.220312 0.308594 0.050000 0.062500
0 0.260937 0.296875 0.050000 0.062500
0 0.259375 0.271484 0.050000 0.062500
0 0.276562 0.263672 0.050000 0.062500
0 0.296875 0.289062 0.050000 0.062500
0 0.273438 0.322266 0.050000 0.062500
0 0.285938 0.347656 0.050000 0.062500
0 0.309375 0.330078 0.050000 0.062500
0 0.332813 0.335938 0.050000 0.062500
0 0.318750 0.355469 0.050000 0.062500
0 0.314063 0.310547 0.050000 0.062500
0 0.232813 0.390625 0.050000 0.062500
0 0.171875 0.396484 0.050000 0.062500
0 0.150000 0.404297 0.050000 0.062500
0 0.156250 0.421875 0.050000 0.062500
0 0.198437 0.396484 0.050000 0.062500
0 0.212500 0.382812 0.050000 0.062500
0 0.220312 0.353516 0.050000 0.062500
0 0.178125 0.361328 0.050000 0.062500
0 0.150000 0.382812 0.050000 0.062500
0 0.109375 0.388672 0.050000 0.062500
0 0.121875 0.421875 0.050000 0.062500
0 0.484375 0.488281 0.050000 0.062500
0 0.095312 0.281250 0.050000 0.062500
0 0.092188 0.261719 0.050000 0.062500
0 0.068750 0.287109 0.050000 0.062500
0 0.078125 0.281250 0.050000 0.062500
0 0.053125 0.269531 0.050000 0.062500
0 0.026562 0.318359 0.050000 0.062500
0 0.016406 0.333984 0.032813 0.062500
0 0.031250 0.388672 0.050000 0.062500
0 0.026562 0.349609 0.050000 0.062500
0 0.024219 0.421875 0.048438 0.062500
0 0.024219 0.449219 0.048438 0.062500
0 0.042188 0.478516 0.050000 0.062500
0 0.048438 0.447266 0.050000 0.062500
0 0.075000 0.416016 0.050000 0.062500
0 0.051562 0.416016 0.050000 0.062500
0 0.076563 0.396484 0.050000 0.062500
0 0.064062 0.400391 0.050000 0.062500
0 0.051562 0.378906 0.050000 0.062500
0 0.085938 0.371094 0.050000 0.062500
0 0.104688 0.361328 0.050000 0.062500
0 0.121875 0.347656 0.050000 0.062500
0 0.145313 0.347656 0.050000 0.062500
0 0.134375 0.365234 0.050000 0.062500
0 0.151562 0.363281 0.050000 0.062500
0 0.167187 0.353516 0.050000 0.062500
0 0.182812 0.337891 0.050000 0.062500
0 0.167187 0.328125 0.050000 0.062500
0 0.195312 0.322266 0.050000 0.062500
0 0.118750 0.322266 0.050000 0.062500
0 0.093750 0.322266 0.050000 0.062500
0 0.075000 0.333984 0.050000 0.062500
0 0.053125 0.339844 0.050000 0.062500
0 0.042188 0.355469 0.050000 0.062500
0 0.056250 0.363281 0.050000 0.062500
0 0.046875 0.316406 0.050000 0.062500
0 0.079687 0.308594 0.050000 0.062500
0 0.200000 0.742188 0.050000 0.062500
0 0.104688 0.726562 0.050000 0.062500
0 0.204687 0.355469 0.050000 0.062500
0 0.178125 0.421875 0.050000 0.062500
0 0.135937 0.306641 0.050000 0.062500
