0 0.903125 0.977539 0.050000 0.044922
0 0.878125 0.943359 0.050000 0.062500
0 0.843750 0.914062 0.050000 0.062500
0 0.806250 0.969727 0.050000 0.060547
0 0.785937 0.865234 0.050000 0.062500
0 0.728125 0.769531 0.050000 0.062500
0 0.796875 0.597656 0.050000 0.062500
0 0.809375 0.628906 0.050000 0.062500
0 0.809375 0.628906 0.050000 0.062500
0 0.901563 0.453125 0.050000 0.062500
0 0.900000 0.433594 0.050000 0.062500
0 0.931250 0.349609 0.050000 0.062500
0 0.943750 0.361328 0.050000 0.062500
0 0.576562 0.931641 0.050000 0.062500
0 0.532813 0.904297 0.050000 0.062500
0 0.514062 0.933594 0.050000 0.062500
0 0.493750 0.983398 0.050000 0.033203
0 0.501563 0.740234 0.050000 0.062500
0 0.495312 0.759766 0.050000 0.062500
0 0.435937 0.871094 0.050000 0.062500
0 0.603125 0.701172 0.050000 0.062500
0 0.625000 0.714844 0.050000 0.062500
0 0.596875 0.572266 0.050000 0.062500
0 0.625000 0.503906 0.050000 0.062500
0 0.543750 0.337891 0.050000 0.062500
0 0.548438 0.318359 0.050000 0.062500
0 0.473438 0.322266 0.050000 0.062500
0 0.512500 0.234375 0.050000 0.062500
0 0.776563 0.226562 0.050000 0.062500
0 0.629687 0.126953 0.050000 0.062500
0 0.639062 0.148438 0.050000 0.062500
0 0.682813 0.152344 0.050000 0.062500
0 0.720313 0.154297 0.050000 0.062500
0 0.568750 0.162109 0.050000 0.062500
0 0.548438 0.152344 0.050000 0.062500
0 0.518750 0.164062 0.050000 0.062500
0 0.484375 0.160156 0.050000 0.062500
0 0.492188 0.126953 0.050000 0.062500
0 0.464062 0.107422 0.050000 0.062500
0 0.389062 0.156250 0.050000 0.062500
0 0.317188 0.130859 0.050000 0.062500
0 0.278125 0.113281 0.050000 0.062500
0 0.329688 0.158203 0.050000 0.062500
0 0.340625 0.187500 0.050000 0.062500
0 0.350000 0.228516 0.050000 0.062500
0 0.379688 0.259766 0.050000 0.062500
0 0.368750 0.310547 0.050000 0.062500
0 0.365625 0.369141 0.050000 0.062500
0 0.253125 0.975586 0.050000 0.048828
0 0.268750 0.927734 0.050000 0.062500
0 0.278125 0.902344 0.050000 0.062500
0 0.292187 0.908203 0.050000 0.062500
0 0.137500 0.914062 0.050000 0.062500
0 0.120313 0.914062 0.050000 0.062500
0 0.192188 0.921875 0.050000 0.062500
0 0.057813 0.884766 0.050000 0.062500
0 0.037500 0.892578 0.050000 0.062500
0 0.039062 0.785156 0.050000 0.062500
0 0.090625 0.783203 0.050000 0.062500
0 0.057813 0.753906 0.050000 0.062500
0 0.081250 0.699219 0.050000 0.062500
0 0.160938 0.755859 0.050000 0.062500
0 0.184375 0.814453 0.050000 0.062500
0 0.220312 0.820312 0.050000 0.062500
0 0.246875 0.833984 0.050000 0.062500
0 0.259375 0.781250 0.050000 0.062500
0 0.293750 0.779297 0.050000 0.062500
0 0.268750 0.744141 0.050000 0.062500
0 0.317188 0.730469 0.050000 0.062500
0 0.412500 0.750000 0.050000 0.062500
0 0.409375 0.728516 0.050000 0.062500
0 0.407813 0.681641 0.050000 0.062500
0 0.398438 0.662109 0.050000 0.062500
0 0.343750 0.685547 0.050000 0.062500
0 0.345313 0.664062 0.050000 0.062500
0 0.359375 0.648438 0.050000 0.062500
0 0.365625 0.625000 0.050000 0.062500
0 0.323437 0.617188 0.050000 0.062500
0 0.268750 0.664062 0.050000 0.062500
0 0.242188 0.673828 0.050000 0.062500
0 0.154688 0.707031 0.050000 0.062500
0 0.131250 0.748047 0.050000 0.062500
0 0.198437 0.755859 0.050000 0.062500
0 0.121875 0.667969 0.050000 0.062500
0 0.082812 0.603516 0.050000 0.062500
0 0.056250 0.625000 0.050000 0.062500
0 0.019531 0.707031 0.039062 0.062500
0 0.021094 0.632812 0.042188 0.062500
0 0.026562 0.611328 0.050000 0.062500
0 0.013281 0.568359 0.026562 0.062500
0 0.051562 0.542969 0.050000 0.062500
0 0.039062 0.523438 0.050000 0.062500
0 0.093750 0.527344 0.050000 0.062500
0 0.096875 0.576172 0.050000 0.062500
0 0.117188 0.564453 0.050000 0.062500
0 0.150000 0.570312 0.050000 0.062500
0 0.171875 0.539062 0.050000 0.062500
0 0.200000 0.542969 0.050000 0.062500
0 0.220312 0.580078 0.050000 0.062500
0 0.190625 0.576172 0.050000 0.062500
0 0.156250 0.611328 0.050000 0.062500
0 0.139063 0.623047 0.050000 0.062500
0 0.254688 0.570312 0.050000 0.062500
0 0.289062 0.556641 0.050000 0.062500
0 0.329688 0.523438 0.050000 0.062500
0 0.364063 0.498047 0.050000 0.062500
0 0.376563 0.556641 0.050000 0.062500
0 0.357812 0.558594 0.050000 0.062500
0 0.365625 0.587891 0.050000 0.062500
0 0.392188 0.500000 0.050000 0.062500
0 0.435937 0.511719 0.050000 0.062500
0 0.417187 0.466797 0.050000 0.062500
0 0.376563 0.460938 0.050000 0.062500
0 0.323437 0.468750 0.050000 0.062500
0 0.284375 0.474609 0.050000 0.062500
0 0.257812 0.507812 0.050000 0.062500
0 0.142187 0.537109 0.050000 0.062500
0 0.156250 0.503906 0.050000 0.062500
0 0.193750 0.498047 0.050000 0.062500
0 0.226562 0.476562 0.050000 0.062500
0 0.139063 0.474609 0.050000 0.062500
0 0.104688 0.464844 0.050000 0.062500
0 0.079687 0.464844 0.050000 0.062500
0 0.042188 0.462891 0.050000 0.062500
0 0.020313 0.400391 0.040625 0.062500
0 0.015625 0.314453 0.031250 0.062500
0 0.028125 0.195312 0.050000 0.062500
0 0.024219 0.230469 0.048438 0.062500
0 0.016406 0.162109 0.032813 0.062500
0 0.026562 0.156250 0.050000 0.062500
0 0.053125 0.146484 0.050000 0.062500
0 0.057813 0.111328 0.050000 0.062500
0 0.090625 0.125000 0.050000 0.062500
0 0.100000 0.132812 0.050000 0.062500
0 0.085938 0.152344 0.050000 0.062500
0 0.073438 0.132812 0.050000 0.062500
0 0.079687 0.187500 0.050000 0.062500
0 0.868750 0.177734 0.050000 0.062500
0 0.856250 0.160156 0.050000 0.062500
0 0.823438 0.113281 0.050000 0.062500
0 0.809375 0.113281 0.050000 0.062500
0 0.821875 0.154297 0.050000 0.062500
0 0.954688 0.148438 0.050000 0.062500
0 0.603125 0.134766 0.050000 0.062500
0 0.571875 0.130859 0.050000 0.062500
0 0.431250 0.152344 0.050000 0.062500
0 0.589063 0.443359 0.050000 0.062500
0 0.487500 0.587891 0.050000 0.062500
0 0.510938 0.576172 0.050000 0.062500
0 0.507812 0.955078 0.050000 0.062500
0 0.748437 0.064453 0.050000 0.062500
0 0.618750 0.101562 0.050000 0.062500
0 0.171875 0.060547 0.050000 0.062500
0 0.153125 0.078125 0.050000 0.062500
0 0.139063 0.126953 0.050000 0.062500
0 0.112500 0.121094 0.050000 0.062500
0 0.268750 0.058594 0.050000 0.062500
0 0.254688 0.068359 0.050000 0.062500
0 0.250000 0.142578 0.050000 0.062500
0 0.259375 0.125000 0.050000 0.062500
0 0.287500 0.152344 0.050000 0.062500
0 0.265625 0.160156 0.050000 0.062500
0 0.289062 0.183594 0.050000 0.062500
0 0.592187 0.539062 0.050000 0.062500
0 0.468750 0.417969 0.050000 0.062500
0 0.435937 0.457031 0.050000 0.062500
0 0.345313 0.427734 0.050000 0.062500
0 0.343750 0.394531 0.050000 0.062500
0 0.242188 0.384766 0.050000 0.062500
0 0.228125 0.416016 0.050000 0.062500
0 0.210938 0.390625 0.050000 0.062500
0 0.178125 0.435547 0.050000 0.062500
0 0.176563 0.392578 0.050000 0.062500
0 0.054688 0.433594 0.050000 0.062500
0 0.050000 0.414062 0.050000 0.062500
0 0.107813 0.396484 0.050000 0.062500
0 0.143750 0.396484 0.050000 0.062500
0 0.065625 0.390625 0.050000 0.062500
0 0.050000 0.386719 0.050000 0.062500
0 0.048438 0.353516 0.050000 0.062500
0 0.043750 0.371094 0.050000 0.062500
0 0.057813 0.332031 0.050000 0.062500
0 0.065625 0.310547 0.050000 0.062500
0 0.046875 0.310547 0.050000 0.062500
0 0.057813 0.285156 0.050000 0.062500
0 0.067187 0.267578 0.050000 0.062500
0 0.075000 0.253906 0.050000 0.062500
0 0.051562 0.232422 0.050000 0.062500
0 0.062500 0.248047 0.050000 0.062500
0 0.071875 0.226562 0.050000 0.062500
0 0.081250 0.212891 0.050000 0.062500
0 0.051562 0.208984 0.050000 0.062500
0 0.068750 0.212891 0.050000 0.062500
0 0.054688 0.187500 0.050000 0.062500
0 0.093750 0.179688 0.050000 0.062500
0 0.082812 0.306641 0.050000 0.062500
0 0.107813 0.281250 0.050000 0.062500
0 0.106250 0.244141 0.050000 0.062500
0 0.126562 0.259766 0.050000 0.062500
0 0.145313 0.287109 0.050000 0.062500
0 0.140625 0.314453 0.050000 0.062500
0 0.143750 0.351562 0.050000 0.062500
0 0.126562 0.365234 0.050000 0.062500
0 0.103125 0.373047 0.050000 0.062500
0 0.106250 0.333984 0.050000 0.062500
0 0.179688 0.341797 0.050000 0.062500
0 0.210938 0.330078 0.050000 0.062500
0 0.226562 0.310547 0.050000 0.062500
0 0.270313 0.361328 0.050000 0.062500
0 0.317188 0.369141 0.050000 0.062500
0 0.343750 0.347656 0.050000 0.062500
0 0.343750 0.322266 0.050000 0.062500
0 0.329688 0.308594 0.050000 0.062500
0 0.309375 0.316406 0.050000 0.062500
0 0.279687 0.328125 0.050000 0.062500
0 0.262500 0.322266 0.050000 0.062500
0 0.226562 0.310547 0.050000 0.062500
0 0.160938 0.322266 0.050000 0.062500
0 0.165625 0.291016 0.050000 0.062500
0 0.201563 0.302734 0.050000 0.062500
0 0.170313 0.267578 0.050000 0.062500
0 0.212500 0.261719 0.050000 0.062500
0 0.229687 0.281250 0.050000 0.062500
0 0.239063 0.244141 0.050000 0.062500
0 0.284375 0.228516 0.050000 0.062500
0 0.310937 0.283203 0.050000 0.062500
0 0.342187 0.281250 0.050000 0.062500
0 0.332813 0.214844 0.050000 0.062500
0 0.315625 0.232422 0.050000 0.062500
0 0.273438 0.205078 0.050000 0.062500
0 0.267188 0.185547 0.050000 0.062500
0 0.240625 0.167969 0.050000 0.062500
0 0.215625 0.220703 0.050000 0.062500
0 0.198437 0.201172 0.050000 0.062500
0 0.171875 0.228516 0.050000 0.062500
0 0.148438 0.232422 0.050000 0.062500
0 0.128125 0.208984 0.050000 0.062500
0 0.104688 0.220703 0.050000 0.062500
0 0.189062 0.230469 0.050000 0.062500
0 0.237500 0.222656 0.050000 0.062500
0 0.167187 0.201172 0.050000 0.062500
0 0.195312 0.355469 0.050000 0.062500
0 0.231250 0.333984 0.050000 0.062500
0 0.217188 0.181641 0.050000 0.062500
0 0.060937 0.167969 0.050000 0.062500
0 0.762500 0.146484 0.050000 0.062500
