0 0.965625 0.917969 0.050000 0.062500
0 0.985156 0.968750 0.029687 0.062500
0 0.942187 0.975586 0.050000 0.048828
0 0.904687 0.781250 0.050000 0.062500
0 0.781250 0.981445 0.050000 0.037109
0 0.957812 0.562500 0.050000 0.062500
0 0.951562 0.572266 0.050000 0.062500
0 0.932813 0.570312 0.050000 0.062500
0 0.940625 0.550781 0.050000 0.062500
0 0.907813 0.572266 0.050000 0.062500
0 0.878125 0.554688 0.050000 0.062500
0 0.878125 0.533203 0.050000 0.062500
0 0.931250 0.429688 0.050000 0.062500
0 0.934375 0.458984 0.050000 0.062500
0 0.803125 0.529297 0.050000 0.062500
0 0.748437 0.433594 0.050000 0.062500
0 0.707812 0.359375 0.050000 0.062500
0 0.803125 0.550781 0.050000 0.062500
0 0.640625 0.703125 0.050000 0.062500
0 0.609375 0.689453 0.050000 0.062500
0 0.598437 0.708984 0.050000 0.062500
0 0.596875 0.886719 0.050000 0.062500
0 0.526563 0.841797 0.050000 0.062500
0 0.353125 0.867188 0.050000 0.062500
0 0.206250 0.929688 0.050000 0.062500
0 0.206250 0.863281 0.050000 0.062500
0 0.173437 0.863281 0.050000 0.062500
0 0.510938 0.699219 0.050000 0.062500
0 0.504687 0.673828 0.050000 0.062500
0 0.506250 0.599609 0.050000 0.062500
0 0.581250 0.585938 0.050000 0.062500
0 0.590625 0.513672 0.050000 0.062500
0 0.618750 0.517578 0.050000 0.062500
0 0.617188 0.492188 0.050000 0.062500
0 0.545312 0.476562 0.050000 0.062500
0 0.532813 0.494141 0.050000 0.062500
0 0.515625 0.492188 0.050000 0.062500
0 0.468750 0.509766 0.050000 0.062500
0 0.459375 0.492188 0.050000 0.062500
0 0.448437 0.472656 0.050000 0.062500
0 0.446875 0.455078 0.050000 0.062500
0 0.460938 0.433594 0.050000 0.062500
0 0.457813 0.408203 0.050000 0.062500
0 0.471875 0.375000 0.050000 0.062500
0 0.484375 0.357422 0.050000 0.062500
0 0.571875 0.365234 0.050000 0.062500
0 0.571875 0.347656 0.050000 0.062500
0 0.576562 0.324219 0.050000 0.062500
0 0.551562 0.283203 0.050000 0.062500
0 0.587500 0.226562 0.050000 0.062500
0 0.531250 0.234375 0.050000 0.062500
0 0.667188 0.248047 0.050000 0.062500
0 0.685937 0.240234 0.050000 0.062500
0 0.707812 0.240234 0.050000 0.062500
0 0.634375 0.136719 0.050000 0.062500
0 0.432812 0.619141 0.050000 0.062500
0 0.437500 0.597656 0.050000 0.062500
0 0.457813 0.558594 0.050000 0.062500
0 0.409375 0.666016 0.050000 0.062500
0 0.375000 0.722656 0.050000 0.062500
0 0.353125 0.712891 0.050000 0.062500
0 0.340625 0.712891 0.050000 0.062500
0 0.328125 0.734375 0.050000 0.062500
0 0.339062 0.744141 0.050000 0.062500
0 0.321875 0.767578 0.050000 0.062500
0 0.376563 0.859375 0.050000 0.062500
0 0.235937 0.785156 0.050000 0.062500
0 0.259375 0.761719 0.050000 0.062500
0 0.154688 0.716797 0.050000 0.062500
0 0.204687 0.689453 0.050000 0.062500
0 0.187500 0.753906 0.050000 0.062500
0 0.237500 0.693359 0.050000 0.062500
0 0.265625 0.683594 0.050000 0.062500
0 0.225000 0.630859 0.050000 0.062500
0 0.189062 0.595703 0.050000 0.062500
0 0.151562 0.617188 0.050000 0.062500
0 0.121875 0.623047 0.050000 0.062500
0 0.120313 0.677734 0.050000 0.062500
0 0.100000 0.808594 0.050000 0.062500
0 0.085938 0.845703 0.050000 0.062500
0 0.065625 0.685547 0.050000 0.062500
0 0.015625 0.779297 0.031250 0.062500
0 0.067187 0.625000 0.050000 0.062500
0 0.090625 0.591797 0.050000 0.062500
0 0.107813 0.548828 0.050000 0.062500
0 0.128125 0.560547 0.050000 0.062500
0 0.150000 0.527344 0.050000 0.062500
0 0.196875 0.550781 0.050000 0.062500
0 0.229687 0.531250 0.050000 0.062500
0 0.267188 0.496094 0.050000 0.062500
0 0.295312 0.496094 0.050000 0.062500
0 0.334375 0.472656 0.050000 0.062500
0 0.376563 0.476562 0.050000 0.062500
0 0.415625 0.447266 0.050000 0.062500
0 0.351562 0.597656 0.050000 0.062500
0 0.329688 0.601562 0.050000 0.062500
0 0.118750 0.447266 0.050000 0.062500
0 0.085938 0.531250 0.050000 0.062500
0 0.078125 0.550781 0.050000 0.062500
0 0.129688 0.496094 0.050000 0.062500
0 0.167187 0.476562 0.050000 0.062500
0 0.187500 0.482422 0.050000 0.062500
0 0.168750 0.441406 0.050000 0.062500
0 0.218750 0.441406 0.050000 0.062500
0 0.253125 0.462891 0.050000 0.062500
0 0.223438 0.492188 0.050000 0.062500
0 0.279687 0.460938 0.050000 0.062500
0 0.321875 0.421875 0.050000 0.062500
0 0.350000 0.423828 0.050000 0.062500
0 0.378125 0.376953 0.050000 0.062500
0 0.420312 0.384766 0.050000 0.062500
0 0.446875 0.343750 0.050000 0.062500
0 0.489063 0.419922 0.050000 0.062500
0 0.498437 0.443359 0.050000 0.062500
0 0.275000 0.404297 0.050000 0.062500
0 0.242188 0.419922 0.050000 0.062500
0 0.310937 0.382812 0.050000 0.062500
0 0.264062 0.337891 0.050000 0.062500
0 0.239063 0.345703 0.050000 0.062500
0 0.221875 0.375000 0.050000 0.062500
0 0.182812 0.375000 0.050000 0.062500
0 0.200000 0.343750 0.050000 0.062500
0 0.156250 0.357422 0.050000 0.062500
0 0.115625 0.365234 0.050000 0.062500
0 0.109375 0.386719 0.050000 0.062500
0 0.053125 0.435547 0.050000 0.062500
0 0.067187 0.462891 0.050000 0.062500
0 0.020313 0.593750 0.040625 0.062500
0 0.013281 0.650391 0.026562 0.062500
0 0.016406 0.375000 0.032813 0.062500
0 0.121875 0.324219 0.050000 0.062500
0 0.087500 0.300781 0.050000 0.062500
0 0.114062 0.306641 0.050000 0.062500
0 0.143750 0.287109 0.050000 0.062500
0 0.123438 0.279297 0.050000 0.062500
0 0.117188 0.261719 0.050000 0.062500
0 0.181250 0.269531 0.050000 0.062500
0 0.206250 0.269531 0.050000 0.062500
0 0.290625 0.294922 0.050000 0.062500
0 0.307812 0.324219 0.050000 0.062500
0 0.329688 0.283203 0.050000 0.062500
0 0.360938 0.267578 0.050000 0.062500
0 0.414062 0.261719 0.050000 0.062500
0 0.439063 0.248047 0.050000 0.062500
0 0.470313 0.281250 0.050000 0.062500
0 0.440625 0.308594 0.050000 0.062500
0 0.401562 0.306641 0.050000 0.062500
0 0.428125 0.205078 0.050000 0.062500
0 0.403125 0.216797 0.050000 0.062500
0 0.360938 0.212891 0.050000 0.062500
0 0.343750 0.234375 0.050000 0.062500
0 0.325000 0.226562 0.050000 0.062500
0 0.293750 0.228516 0.050000 0.062500
0 0.275000 0.228516 0.050000 0.062500
0 0.275000 0.255859 0.050000 0.062500
0 0.253125 0.255859 0.050000 0.062500
0 0.226562 0.261719 0.050000 0.062500
0 0.214062 0.238281 0.050000 0.062500
0 0.220312 0.208984 0.050000 0.062500
0 0.250000 0.218750 0.050000 0.062500
0 0.285938 0.197266 0.050000 0.062500
0 0.315625 0.197266 0.050000 0.062500
0 0.321875 0.169922 0.050000 0.062500
0 0.407813 0.169922 0.050000 0.062500
0 0.440625 0.177734 0.050000 0.062500
0 0.462500 0.152344 0.050000 0.062500
0 0.445312 0.144531 0.050000 0.062500
0 0.429688 0.130859 0.050000 0.062500
0 0.415625 0.140625 0.050000 0.062500
0 0.412500 0.115234 0.050000 0.062500
0 0.435937 0.105469 0.050000 0.062500
0 0.445312 0.080078 0.050000 0.062500
0 0.420312 0.097656 0.050000 0.062500
0 0.496875 0.044922 0.050000 0.062500
0 0.540625 0.037109 0.050000 0.062500
0 0.607812 0.052734 0.050000 0.062500
0 0.650000 0.050781 0.050000 0.062500
0 0.668750 0.044922 0.050000 0.062500
0 0.696875 0.050781 0.050000 0.062500
0 0.706250 0.024414 0.050000 0.048828
0 0.764062 0.026367 0.050000 0.052734
0 0.782813 0.042969 0.050000 0.062500
0 0.831250 0.037109 0.050000 0.062500
0 0.870313 0.044922 0.050000 0.062500
0 0.915625 0.058594 0.050000 0.062500
0 0.978125 0.025391 0.043750 0.050781
0 0.980469 0.060547 0.039062 0.062500
0 0.737500 0.031250 0.050000 0.062500
0 0.453125 0.024414 0.050000 0.048828
0 0.429688 0.031250 0.050000 0.062500
0 0.403125 0.080078 0.050000 0.062500
0 0.379688 0.126953 0.050000 0.062500
0 0.373437 0.099609 0.050000 0.062500
0 0.367188 0.058594 0.050000 0.062500
0 0.365625 0.035156 0.050000 0.062500
0 0.384375 0.028320 0.050000 0.056641
0 0.387500 0.070312 0.050000 0.062500
0 0.335938 0.138672 0.050000 0.062500
0 0.300000 0.154297 0.050000 0.062500
0 0.309375 0.109375 0.050000 0.062500
0 0.339062 0.101562 0.050000 0.062500
0 0.323437 0.076172 0.050000 0.062500
0 0.320312 0.058594 0.050000 0.062500
0 0.342187 0.022461 0.050000 0.044922
0 0.279687 0.167969 0.050000 0.062500
0 0.253125 0.189453 0.050000 0.062500
0 0.253125 0.156250 0.050000 0.062500
0 0.209375 0.166016 0.050000 0.062500
0 0.221875 0.152344 0.050000 0.062500
0 0.235937 0.132812 0.050000 0.062500
0 0.215625 0.113281 0.050000 0.062500
0 0.257812 0.109375 0.050000 0.062500
0 0.234375 0.097656 0.050000 0.062500
0 0.270313 0.087891 0.050000 0.062500
0 0.293750 0.082031 0.050000 0.062500
0 0.253125 0.068359 0.050000 0.062500
0 0.221875 0.066406 0.050000 0.062500
0 0.235937 0.052734 0.050000 0.062500
0 0.198437 0.078125 0.050000 0.062500
0 0.187500 0.103516 0.050000 0.062500
0 0.185938 0.132812 0.050000 0.062500
0 0.171875 0.207031 0.050000 0.062500
0 0.131250 0.222656 0.050000 0.062500
0 0.096875 0.222656 0.050000 0.062500
0 0.057813 0.216797 0.050000 0.062500
0 0.079687 0.201172 0.050000 0.062500
0 0.118750 0.195312 0.050000 0.062500
0 0.134375 0.201172 0.050000 0.062500
0 0.132812 0.167969 0.050000 0.062500
0 0.107813 0.173828 0.050000 0.062500
0 0.090625 0.160156 0.050000 0.062500
0 0.142187 0.140625 0.050000 0.062500
0 0.118750 0.146484 0.050000 0.062500
0 0.131250 0.121094 0.050000 0.062500
0 0.146875 0.111328 0.050000 0.062500
0 0.160938 0.091797 0.050000 0.062500
0 0.140625 0.080078 0.050000 0.062500
0 0.156250 0.058594 0.050000 0.062500
0 0.176563 0.052734 0.050000 0.062500
0 0.170313 0.029297 0.050000 0.058594
0 0.139063 0.042969 0.050000 0.062500
0 0.118750 0.068359 0.050000 0.062500
0 0.117188 0.085938 0.050000 0.062500
0 0.101562 0.074219 0.050000 0.062500
0 0.073438 0.132812 0.050000 0.062500
0 0.101562 0.035156 0.050000 0.062500
0 0.134375 0.024414 0.050000 0.048828
0 0.150000 0.020508 0.050000 0.041016
0 0.185938 0.019531 0.050000 0.039062
0 0.079687 0.041016 0.050000 0.062500
0 0.062500 0.039062 0.050000 0.062500
0 0.048438 0.035156 0.050000 0.062500
0 0.018750 0.050781 0.037500 0.062500
0 0.293750 0.028320 0.050000 0.056641
