0 0.851562 0.660156 0.050000 0.062500
0 0.853125 0.587891 0.050000 0.062500
0 0.757812 0.605469 0.050000 0.062500
0 0.682813 0.605469 0.050000 0.062500
0 0.350000 0.654297 0.050000 0.062500
0 0.064062 0.457031 0.050000 0.062500
0 0.212500 0.548828 0.050000 0.062500
0 0.193750 0.519531 0.050000 0.062500
0 0.264062 0.492188 0.050000 0.062500
0 0.381250 0.533203 0.050000 0.062500
0 0.418750 0.509766 0.050000 0.062500
0 0.450000 0.503906 0.050000 0.062500
0 0.482812 0.550781 0.050000 0.062500
0 0.542188 0.570312 0.050000 0.062500
0 0.559375 0.519531 0.050000 0.062500
0 0.548438 0.501953 0.050000 0.062500
0 0.526563 0.496094 0.050000 0.062500
0 0.496875 0.492188 0.050000 0.062500
0 0.587500 0.503906 0.050000 0.062500
0 0.556250 0.476562 0.050000 0.062500
0 0.628125 0.486328 0.050000 0.062500
0 0.645312 0.505859 0.050000 0.062500
0 0.673438 0.535156 0.050000 0.062500
0 0.710938 0.531250 0.050000 0.062500
0 0.745313 0.550781 0.050000 0.062500
0 0.773438 0.531250 0.050000 0.062500
0 0.581250 0.457031 0.050000 0.062500
0 0.529687 0.468750 0.050000 0.062500
0 0.553125 0.453125 0.050000 0.062500
0 0.575000 0.433594 0.050000 0.062500
0 0.609375 0.462891 0.050000 0.062500
0 0.635938 0.453125 0.050000 0.062500
0 0.667188 0.482422 0.050000 0.062500
0 0.700000 0.478516 0.050000 0.062500
0 0.728125 0.488281 0.050000 0.062500
0 0.771875 0.488281 0.050000 0.062500
0 0.815625 0.501953 0.050000 0.062500
0 0.867188 0.494141 0.050000 0.062500
0 0.615625 0.419922 0.050000 0.062500
0 0.598437 0.355469 0.050000 0.062500
0 0.601562 0.390625 0.050000 0.062500
0 0.670312 0.408203 0.050000 0.062500
0 0.692187 0.396484 0.050000 0.062500
0 0.362500 0.509766 0.050000 0.062500
0 0.389062 0.476562 0.050000 0.062500
0 0.418750 0.462891 0.050000 0.062500
0 0.451562 0.443359 0.050000 0.062500
0 0.479687 0.457031 0.050000 0.062500
0 0.510938 0.445312 0.050000 0.062500
0 0.528125 0.427734 0.050000 0.062500
0 0.554688 0.410156 0.050000 0.062500
0 0.539062 0.361328 0.050000 0.062500
0 0.484375 0.408203 0.050000 0.062500
0 0.521875 0.388672 0.050000 0.062500
0 0.498437 0.382812 0.050000 0.062500
0 0.454688 0.408203 0.050000 0.062500
0 0.431250 0.429688 0.050000 0.062500
0 0.437500 0.384766 0.050000 0.062500
0 0.431250 0.353516 0.050000 0.062500
0 0.304688 0.476562 0.050000 0.062500
0 0.285938 0.453125 0.050000 0.062500
0 0.307812 0.445312 0.050000 0.062500
0 0.337500 0.435547 0.050000 0.062500
0 0.282813 0.429688 0.050000 0.062500
0 0.253125 0.435547 0.050000 0.062500
0 0.218750 0.439453 0.050000 0.062500
0 0.156250 0.482422 0.050000 0.062500
0 0.167187 0.453125 0.050000 0.062500
0 0.192188 0.439453 0.050000 0.062500
0 0.132812 0.425781 0.050000 0.062500
0 0.090625 0.419922 0.050000 0.062500
0 0.070312 0.367188 0.050000 0.062500
0 0.021094 0.345703 0.042188 0.062500
0 0.039062 0.318359 0.050000 0.062500
0 0.057813 0.328125 0.050000 0.062500
0 0.053125 0.273438 0.050000 0.062500
0 0.053125 0.244141 0.050000 0.062500
0 0.082812 0.300781 0.050000 0.062500
0 0.173437 0.259766 0.050000 0.062500
0 0.237500 0.308594 0.050000 0.062500
0 0.257812 0.279297 0.050000 0.062500
0 0.134375 0.335938 0.050000 0.062500
0 0.101562 0.361328 0.050000 0.062500
0 0.112500 0.326172 0.050000 0.062500
0 0.134375 0.373047 0.050000 0.062500
0 0.153125 0.408203 0.050000 0.062500
0 0.215625 0.382812 0.050000 0.062500
0 0.173437 0.304688 0.050000 0.062500
0 0.139063 0.283203 0.050000 0.062500
0 0.203125 0.312500 0.050000 0.062500
0 0.254688 0.392578 0.050000 0.062500
0 0.264062 0.363281 0.050000 0.062500
0 0.231250 0.341797 0.050000 0.062500
0 0.267188 0.333984 0.050000 0.062500
0 0.298438 0.355469 0.050000 0.062500
0 0.307812 0.388672 0.050000 0.062500
0 0.332813 0.388672 0.050000 0.062500
0 0.329688 0.472656 0.050000 0.062500
0 0.348438 0.341797 0.050000 0.062500
0 0.376563 0.351562 0.050000 0.062500
0 0.403125 0.386719 0.050000 0.062500
0 0.382812 0.421875 0.050000 0.062500
0 0.362500 0.390625 0.050000 0.062500
0 0.381250 0.443359 0.050000 0.062500
0 0.356250 0.414062 0.050000 0.062500
0 0.232813 0.523438 0.050000 0.062500
0 0.651563 0.439453 0.050000 0.062500
0 0.684375 0.441406 0.050000 0.062500
0 0.721875 0.449219 0.050000 0.062500
0 0.753125 0.435547 0.050000 0.062500
0 0.787500 0.449219 0.050000 0.062500
0 0.775000 0.427734 0.050000 0.062500
0 0.764062 0.402344 0.050000 0.062500
0 0.734375 0.402344 0.050000 0.062500
0 0.714063 0.402344 0.050000 0.062500
0 0.762500 0.369141 0.050000 0.062500
0 0.796875 0.382812 0.050000 0.062500
0 0.807813 0.410156 0.050000 0.062500
0 0.839063 0.412109 0.050000 0.062500
0 0.826562 0.376953 0.050000 0.062500
0 0.709375 0.367188 0.050000 0.062500
0 0.732812 0.347656 0.050000 0.062500
0 0.700000 0.326172 0.050000 0.062500
0 0.787500 0.335938 0.050000 0.062500
0 0.834375 0.341797 0.050000 0.062500
0 0.868750 0.316406 0.050000 0.062500
0 0.910937 0.388672 0.050000 0.062500
0 0.925000 0.455078 0.050000 0.062500
0 0.934375 0.337891 0.050000 0.062500
0 0.893750 0.296875 0.050000 0.062500
0 0.842187 0.287109 0.050000 0.062500
0 0.810937 0.318359 0.050000 0.062500
0 0.823438 0.255859 0.050000 0.062500
0 0.807813 0.287109 0.050000 0.062500
0 0.781250 0.320312 0.050000 0.062500
0 0.764062 0.269531 0.050000 0.062500
0 0.707812 0.304688 0.050000 0.062500
0 0.717187 0.287109 0.050000 0.062500
0 0.721875 0.314453 0.050000 0.062500
0 0.734375 0.294922 0.050000 0.062500
0 0.751563 0.314453 0.050000 0.062500
0 0.734375 0.255859 0.050000 0.062500
0 0.759375 0.240234 0.050000 0.062500
0 0.715625 0.218750 0.050000 0.062500
0 0.737500 0.185547 0.050000 0.062500
0 0.795312 0.261719 0.050000 0.062500
0 0.871875 0.265625 0.050000 0.062500
0 0.914062 0.208984 0.050000 0.062500
0 0.893750 0.230469 0.050000 0.062500
0 0.978906 0.214844 0.042188 0.062500
0 0.975000 0.322266 0.050000 0.062500
0 0.964063 0.189453 0.050000 0.062500
0 0.968750 0.140625 0.050000 0.062500
0 0.931250 0.146484 0.050000 0.062500
0 0.900000 0.136719 0.050000 0.062500
0 0.870313 0.201172 0.050000 0.062500
0 0.851562 0.234375 0.050000 0.062500
0 0.826562 0.203125 0.050000 0.062500
0 0.806250 0.224609 0.050000 0.062500
0 0.787500 0.189453 0.050000 0.062500
0 0.782813 0.150391 0.050000 0.062500
0 0.823438 0.142578 0.050000 0.062500
0 0.814063 0.171875 0.050000 0.062500
0 0.870313 0.148438 0.050000 0.062500
0 0.853125 0.121094 0.050000 0.062500
0 0.743750 0.148438 0.050000 0.062500
0 0.753125 0.105469 0.050000 0.062500
0 0.795312 0.070312 0.050000 0.062500
0 0.785937 0.113281 0.050000 0.062500
0 0.823438 0.109375 0.050000 0.062500
0 0.826562 0.091797 0.050000 0.062500
0 0.854688 0.083984 0.050000 0.062500
0 0.882812 0.099609 0.050000 0.062500
0 0.893750 0.058594 0.050000 0.062500
0 0.939063 0.095703 0.050000 0.062500
0 0.918750 0.041016 0.050000 0.062500
0 0.982812 0.033203 0.034375 0.062500
0 0.871875 0.028320 0.050000 0.056641
0 0.831250 0.046875 0.050000 0.062500
0 0.765625 0.058594 0.050000 0.062500
0 0.798438 0.026367 0.050000 0.052734
0 0.117188 0.255859 0.050000 0.062500
0 0.082812 0.257812 0.050000 0.062500
0 0.019531 0.298828 0.039062 0.062500
0 0.018750 0.244141 0.037500 0.062500
0 0.031250 0.244141 0.050000 0.062500
