0 0.096875 0.732422 0.050000 0.062500
0 0.117188 0.714844 0.050000 0.062500
0 0.132812 0.708984 0.050000 0.062500
0 0.148438 0.681641 0.050000 0.062500
0 0.056250 0.681641 0.050000 0.062500
0 0.076563 0.660156 0.050000 0.062500
0 0.025000 0.617188 0.050000 0.062500
0 0.048438 0.564453 0.050000 0.062500
0 0.070312 0.554688 0.050000 0.062500
0 0.095312 0.570312 0.050000 0.062500
0 0.095312 0.888672 0.050000 0.062500
0 0.128125 0.855469 0.050000 0.062500
0 0.331250 0.833984 0.050000 0.062500
0 0.543750 0.935547 0.050000 0.062500
0 0.548438 0.675781 0.050000 0.062500
0 0.412500 0.597656 0.050000 0.062500
0 0.473438 0.580078 0.050000 0.062500
0 0.429688 0.523438 0.050000 0.062500
0 0.414062 0.457031 0.050000 0.062500
0 0.325000 0.529297 0.050000 0.062500
0 0.339062 0.599609 0.050000 0.062500
0 0.312500 0.492188 0.050000 0.062500
0 0.309375 0.466797 0.050000 0.062500
0 0.360938 0.373047 0.050000 0.062500
0 0.462500 0.449219 0.050000 0.062500
0 0.206250 0.656250 0.050000 0.062500
0 0.210938 0.466797 0.050000 0.062500
0 0.164062 0.443359 0.050000 0.062500
0 0.128125 0.490234 0.050000 0.062500
0 0.089063 0.414062 0.050000 0.062500
0 0.043750 0.402344 0.050000 0.062500
0 0.029687 0.332031 0.050000 0.062500
0 0.014844 0.363281 0.029687 0.062500
0 0.048438 0.261719 0.050000 0.062500
0 0.067187 0.212891 0.050000 0.062500
0 0.076563 0.162109 0.050000 0.062500
0 0.160938 0.207031 0.050000 0.062500
0 0.195312 0.222656 0.050000 0.062500
0 0.207813 0.117188 0.050000 0.062500
0 0.167187 0.111328 0.050000 0.062500
0 0.145313 0.070312 0.050000 0.062500
0 0.145313 0.033203 0.050000 0.062500
0 0.075000 0.028320 0.050000 0.056641
0 0.190625 0.037109 0.050000 0.062500
0 0.229687 0.044922 0.050000 0.062500
0 0.259375 0.048828 0.050000 0.062500
0 0.250000 0.111328 0.050000 0.062500
0 0.290625 0.115234 0.050000 0.062500
0 0.323437 0.091797 0.050000 0.062500
0 0.325000 0.050781 0.050000 0.062500
0 0.350000 0.070312 0.050000 0.062500
0 0.343750 0.111328 0.050000 0.062500
0 0.382812 0.078125 0.050000 0.062500
0 0.360938 0.017578 0.050000 0.035156
0 0.400000 0.024414 0.050000 0.048828
0 0.451562 0.028320 0.050000 0.056641
0 0.467187 0.033203 0.050000 0.062500
0 0.500000 0.028320 0.050000 0.056641
0 0.512500 0.052734 0.050000 0.062500
0 0.371875 0.207031 0.050000 0.062500
0 0.459375 0.265625 0.050000 0.062500
0 0.531250 0.177734 0.050000 0.062500
0 0.604688 0.058594 0.050000 0.062500
0 0.557813 0.335938 0.050000 0.062500
0 0.581250 0.308594 0.050000 0.062500
0 0.518750 0.382812 0.050000 0.062500
0 0.487500 0.369141 0.050000 0.062500
0 0.646875 0.574219 0.050000 0.062500
0 0.689063 0.525391 0.050000 0.062500
0 0.617188 0.457031 0.050000 0.062500
0 0.646875 0.357422 0.050000 0.062500
0 0.609375 0.275391 0.050000 0.062500
0 0.600000 0.240234 0.050000 0.062500
0 0.639062 0.234375 0.050000 0.062500
0 0.648438 0.154297 0.050000 0.062500
0 0.650000 0.020508 0.050000 0.041016
0 0.884375 0.285156 0.050000 0.062500
0 0.909375 0.300781 0.050000 0.062500
0 0.879687 0.335938 0.050000 0.062500
0 0.906250 0.406250 0.050000 0.062500
0 0.932813 0.419922 0.050000 0.062500
0 0.979688 0.320312 0.040625 0.062500
0 0.970313 0.298828 0.050000 0.062500
0 0.979688 0.871094 0.040625 0.062500
0 0.978125 0.908203 0.043750 0.062500
0 0.843750 0.951172 0.050000 0.062500
0 0.851562 0.974609 0.050000 0.050781
0 0.800000 0.375000 0.050000 0.062500
0 0.096875 0.030273 0.050000 0.060547
