0 0.977344 0.028320 0.045312 0.056641
0 0.896875 0.271484 0.050000 0.062500
0 0.876563 0.294922 0.050000 0.062500
0 0.870313 0.324219 0.050000 0.062500
0 0.854688 0.265625 0.050000 0.062500
0 0.825000 0.240234 0.050000 0.062500
0 0.803125 0.224609 0.050000 0.062500
0 0.801562 0.267578 0.050000 0.062500
0 0.809375 0.408203 0.050000 0.062500
0 0.742188 0.376953 0.050000 0.062500
0 0.864062 0.738281 0.050000 0.062500
0 0.860938 0.763672 0.050000 0.062500
0 0.893750 0.857422 0.050000 0.062500
0 0.893750 0.857422 0.050000 0.062500
0 0.867188 0.867188 0.050000 0.062500
0 0.865625 0.908203 0.050000 0.062500
0 0.907813 0.839844 0.050000 0.062500
0 0.734375 0.968750 0.050000 0.062500
0 0.717187 0.941406 0.050000 0.062500
0 0.600000 0.490234 0.050000 0.062500
0 0.459375 0.960938 0.050000 0.062500
0 0.435937 0.671875 0.050000 0.062500
0 0.460938 0.564453 0.050000 0.062500
0 0.435937 0.537109 0.050000 0.062500
0 0.418750 0.431641 0.050000 0.062500
0 0.532813 0.347656 0.050000 0.062500
0 0.470313 0.308594 0.050000 0.062500
0 0.435937 0.326172 0.050000 0.062500
0 0.398438 0.335938 0.050000 0.062500
0 0.492188 0.259766 0.050000 0.062500
0 0.489063 0.226562 0.050000 0.062500
0 0.529687 0.224609 0.050000 0.062500
0 0.562500 0.162109 0.050000 0.062500
0 0.503125 0.240234 0.050000 0.062500
0 0.354687 0.355469 0.050000 0.062500
0 0.314063 0.332031 0.050000 0.062500
0 0.245312 0.369141 0.050000 0.062500
0 0.243750 0.462891 0.050000 0.062500
0 0.271875 0.449219 0.050000 0.062500
0 0.301563 0.511719 0.050000 0.062500
0 0.312500 0.566406 0.050000 0.062500
0 0.332813 0.597656 0.050000 0.062500
0 0.323437 0.621094 0.050000 0.062500
0 0.229687 0.595703 0.050000 0.062500
0 0.212500 0.611328 0.050000 0.062500
0 0.132812 0.718750 0.050000 0.062500
0 0.065625 0.699219 0.050000 0.062500
0 0.043750 0.726562 0.050000 0.062500
0 0.012500 0.720703 0.025000 0.062500
0 0.013281 0.751953 0.026562 0.062500
0 0.103125 0.570312 0.050000 0.062500
0 0.084375 0.451172 0.050000 0.062500
0 0.014844 0.482422 0.029687 0.062500
0 0.014844 0.287109 0.029687 0.062500
0 0.040625 0.201172 0.050000 0.062500
0 0.064062 0.201172 0.050000 0.062500
0 0.090625 0.101562 0.050000 0.062500
0 0.123438 0.105469 0.050000 0.062500
0 0.173437 0.105469 0.050000 0.062500
0 0.220312 0.085938 0.050000 0.062500
0 0.228125 0.046875 0.050000 0.062500
0 0.209375 0.039062 0.050000 0.062500
0 0.079687 0.052734 0.050000 0.062500
0 0.100000 0.056641 0.050000 0.062500
0 0.117188 0.029297 0.050000 0.058594
0 0.057813 0.021484 0.050000 0.042969
0 0.031250 0.064453 0.050000 0.062500
0 0.016406 0.052734 0.032813 0.062500
0 0.046875 0.099609 0.050000 0.062500
0 0.153125 0.201172 0.050000 0.062500
0 0.268750 0.060547 0.050000 0.062500
0 0.250000 0.197266 0.050000 0.062500
0 0.298438 0.099609 0.050000 0.062500
0 0.314063 0.123047 0.050000 0.062500
0 0.360938 0.018555 0.050000 0.037109
0 0.382812 0.018555 0.050000 0.037109
0 0.401562 0.031250 0.050000 0.062500
0 0.490625 0.041016 0.050000 0.062500
0 0.414062 0.169922 0.050000 0.062500
0 0.339062 0.240234 0.050000 0.062500
0 0.498437 0.027344 0.050000 0.054688
0 0.687500 0.016602 0.050000 0.033203
0 0.860938 0.018555 0.050000 0.037109
0 0.357812 0.578125 0.050000 0.062500
0 0.468750 0.523438 0.050000 0.062500
