0 0.640625 0.365234 0.050000 0.062500
0 0.626563 0.351562 0.050000 0.062500
0 0.640625 0.339844 0.050000 0.062500
0 0.651563 0.349609 0.050000 0.062500
0 0.653125 0.324219 0.050000 0.062500
0 0.660937 0.343750 0.050000 0.062500
0 0.662500 0.324219 0.050000 0.062500
0 0.670312 0.333984 0.050000 0.062500
0 0.684375 0.330078 0.050000 0.062500
0 0.675000 0.312500 0.050000 0.062500
0 0.690625 0.310547 0.050000 0.062500
0 0.703125 0.314453 0.050000 0.062500
0 0.707812 0.291016 0.050000 0.062500
0 0.734375 0.273438 0.050000 0.062500
0 0.801562 0.201172 0.050000 0.062500
0 0.814063 0.183594 0.050000 0.062500
0 0.793750 0.162109 0.050000 0.062500
0 0.773438 0.132812 0.050000 0.062500
0 0.795312 0.126953 0.050000 0.062500
0 0.798438 0.105469 0.050000 0.062500
