0 0.457813 0.507812 0.050000 0.062500
0 0.471875 0.496094 0.050000 0.062500
0 0.454688 0.480469 0.050000 0.062500
0 0.453125 0.455078 0.050000 0.062500
0 0.467187 0.470703 0.050000 0.062500
0 0.482812 0.474609 0.050000 0.062500
0 0.479687 0.443359 0.050000 0.062500
0 0.498437 0.460938 0.050000 0.062500
0 0.506250 0.445312 0.050000 0.062500
0 0.510938 0.431641 0.050000 0.062500
0 0.484375 0.417969 0.050000 0.062500
0 0.489063 0.408203 0.050000 0.062500
0 0.501563 0.380859 0.050000 0.062500
0 0.495312 0.369141 0.050000 0.062500
0 0.520312 0.347656 0.050000 0.062500
0 0.526563 0.324219 0.050000 0.062500
0 0.543750 0.330078 0.050000 0.062500
0 0.540625 0.345703 0.050000 0.062500
0 0.521875 0.380859 0.050000 0.062500
0 0.523438 0.406250 0.050000 0.062500
0 0.521875 0.267578 0.050000 0.062500
0 0.550000 0.244141 0.050000 0.062500
0 0.601562 0.199219 0.050000 0.062500
0 0.415625 0.568359 0.050000 0.062500
