0 0.912500 0.304688 0.050000 0.062500
0 0.037500 0.417969 0.050000 0.062500
0 0.037500 0.376953 0.050000 0.062500
0 0.079687 0.371094 0.050000 0.062500
0 0.104688 0.417969 0.050000 0.062500
0 0.123438 0.400391 0.050000 0.062500
0 0.162500 0.408203 0.050000 0.062500
0 0.154688 0.367188 0.050000 0.062500
0 0.181250 0.375000 0.050000 0.062500
0 0.184375 0.443359 0.050000 0.062500
0 0.217188 0.373047 0.050000 0.062500
0 0.204687 0.400391 0.050000 0.062500
0 0.217188 0.435547 0.050000 0.062500
0 0.220312 0.482422 0.050000 0.062500
0 0.276562 0.570312 0.050000 0.062500
0 0.279687 0.490234 0.050000 0.062500
0 0.264062 0.455078 0.050000 0.062500
0 0.298438 0.531250 0.050000 0.062500
0 0.350000 0.626953 0.050000 0.062500
0 0.239063 0.392578 0.050000 0.062500
0 0.275000 0.417969 0.050000 0.062500
0 0.284375 0.357422 0.050000 0.062500
0 0.292187 0.435547 0.050000 0.062500
0 0.351562 0.361328 0.050000 0.062500
0 0.325000 0.386719 0.050000 0.062500
0 0.356250 0.406250 0.050000 0.062500
0 0.334375 0.441406 0.050000 0.062500
0 0.304688 0.480469 0.050000 0.062500
0 0.331250 0.486328 0.050000 0.062500
0 0.356250 0.583984 0.050000 0.062500
0 0.332813 0.531250 0.050000 0.062500
0 0.367188 0.550781 0.050000 0.062500
0 0.387500 0.531250 0.050000 0.062500
0 0.396875 0.406250 0.050000 0.062500
0 0.428125 0.396484 0.050000 0.062500
0 0.457813 0.412109 0.050000 0.062500
0 0.457813 0.478516 0.050000 0.062500
0 0.418750 0.472656 0.050000 0.062500
0 0.425000 0.531250 0.050000 0.062500
0 0.426563 0.634766 0.050000 0.062500
0 0.409375 0.611328 0.050000 0.062500
0 0.479687 0.583984 0.050000 0.062500
0 0.515625 0.564453 0.050000 0.062500
0 0.492188 0.531250 0.050000 0.062500
0 0.456250 0.519531 0.050000 0.062500
0 0.509375 0.513672 0.050000 0.062500
0 0.546875 0.539062 0.050000 0.062500
0 0.576562 0.570312 0.050000 0.062500
0 0.600000 0.597656 0.050000 0.062500
0 0.578125 0.710938 0.050000 0.062500
0 0.484375 0.501953 0.050000 0.062500
0 0.487500 0.468750 0.050000 0.062500
0 0.431250 0.421875 0.050000 0.062500
0 0.507812 0.466797 0.050000 0.062500
0 0.539062 0.457031 0.050000 0.062500
0 0.534375 0.509766 0.050000 0.062500
0 0.537500 0.400391 0.050000 0.062500
0 0.600000 0.541016 0.050000 0.062500
0 0.575000 0.509766 0.050000 0.062500
0 0.559375 0.480469 0.050000 0.062500
0 0.592187 0.482422 0.050000 0.062500
0 0.567187 0.455078 0.050000 0.062500
0 0.568750 0.404297 0.050000 0.062500
0 0.621875 0.562500 0.050000 0.062500
0 0.659375 0.552734 0.050000 0.062500
0 0.590625 0.443359 0.050000 0.062500
0 0.607812 0.445312 0.050000 0.062500
0 0.631250 0.410156 0.050000 0.062500
0 0.639062 0.443359 0.050000 0.062500
0 0.656250 0.455078 0.050000 0.062500
0 0.634375 0.476562 0.050000 0.062500
0 0.648438 0.498047 0.050000 0.062500
0 0.615625 0.503906 0.050000 0.062500
0 0.698438 0.591797 0.050000 0.062500
0 0.696875 0.500000 0.050000 0.062500
0 0.704688 0.539062 0.050000 0.062500
0 0.739062 0.531250 0.050000 0.062500
0 0.759375 0.603516 0.050000 0.062500
0 0.914062 0.652344 0.050000 0.062500
0 0.912500 0.603516 0.050000 0.062500
0 0.776563 0.554688 0.050000 0.062500
0 0.760938 0.533203 0.050000 0.062500
0 0.803125 0.533203 0.050000 0.062500
0 0.767188 0.505859 0.050000 0.062500
0 0.732812 0.503906 0.050000 0.062500
0 0.751563 0.484375 0.050000 0.062500
0 0.732812 0.470703 0.050000 0.062500
0 0.693750 0.462891 0.050000 0.062500
0 0.698438 0.429688 0.050000 0.062500
0 0.757812 0.449219 0.050000 0.062500
0 0.735938 0.412109 0.050000 0.062500
0 0.814063 0.494141 0.050000 0.062500
0 0.860938 0.519531 0.050000 0.062500
0 0.845313 0.496094 0.050000 0.062500
0 0.893750 0.542969 0.050000 0.062500
0 0.925000 0.533203 0.050000 0.062500
0 0.970313 0.552734 0.050000 0.062500
0 0.903125 0.482422 0.050000 0.062500
0 0.939063 0.492188 0.050000 0.062500
0 0.976562 0.482422 0.046875 0.062500
0 0.931250 0.449219 0.050000 0.062500
0 0.865625 0.453125 0.050000 0.062500
0 0.840625 0.470703 0.050000 0.062500
0 0.823438 0.441406 0.050000 0.062500
0 0.793750 0.412109 0.050000 0.062500
0 0.837500 0.416016 0.050000 0.062500
0 0.867188 0.421875 0.050000 0.062500
0 0.906250 0.433594 0.050000 0.062500
0 0.887500 0.460938 0.050000 0.062500
0 0.957812 0.431641 0.050000 0.062500
0 0.982812 0.419922 0.034375 0.062500
0 0.975000 0.398438 0.050000 0.062500
0 0.937500 0.402344 0.050000 0.062500
0 0.892188 0.394531 0.050000 0.062500
0 0.887500 0.363281 0.050000 0.062500
0 0.929688 0.361328 0.050000 0.062500
0 0.957812 0.341797 0.050000 0.062500
0 0.957812 0.369141 0.050000 0.062500
0 0.982812 0.326172 0.034375 0.062500
0 0.943750 0.308594 0.050000 0.062500
0 0.960938 0.257812 0.050000 0.062500
0 0.940625 0.224609 0.050000 0.062500
0 0.923438 0.261719 0.050000 0.062500
0 0.895312 0.222656 0.050000 0.062500
0 0.912500 0.185547 0.050000 0.062500
0 0.925000 0.138672 0.050000 0.062500
0 0.926562 0.097656 0.050000 0.062500
0 0.937500 0.044922 0.050000 0.062500
0 0.960938 0.046875 0.050000 0.062500
0 0.964063 0.099609 0.050000 0.062500
0 0.962500 0.140625 0.050000 0.062500
0 0.970313 0.179688 0.050000 0.062500
0 0.978906 0.216797 0.042188 0.062500
0 0.978906 0.244141 0.042188 0.062500
0 0.979688 0.281250 0.040625 0.062500
0 0.975000 0.312500 0.050000 0.062500
0 0.980469 0.087891 0.039062 0.062500
0 0.878125 0.496094 0.050000 0.062500
0 0.792188 0.380859 0.050000 0.062500
