0 0.465625 0.464844 0.050000 0.062500
0 0.484375 0.468750 0.050000 0.062500
0 0.495312 0.445312 0.050000 0.062500
0 0.476562 0.427734 0.050000 0.062500
0 0.482812 0.419922 0.050000 0.062500
0 0.495312 0.392578 0.050000 0.062500
0 0.507812 0.429688 0.050000 0.062500
0 0.521875 0.400391 0.050000 0.062500
0 0.529687 0.375000 0.050000 0.062500
0 0.512500 0.353516 0.050000 0.062500
0 0.503125 0.371094 0.050000 0.062500
0 0.534375 0.353516 0.050000 0.062500
0 0.540625 0.332031 0.050000 0.062500
0 0.540625 0.304688 0.050000 0.062500
0 0.550000 0.296875 0.050000 0.062500
0 0.531250 0.287109 0.050000 0.062500
0 0.520312 0.310547 0.050000 0.062500
0 0.506250 0.320312 0.050000 0.062500
0 0.537500 0.267578 0.050000 0.062500
0 0.528125 0.224609 0.050000 0.062500
0 0.426563 0.511719 0.050000 0.062500
0 0.470313 0.501953 0.050000 0.062500
0 0.446875 0.531250 0.050000 0.062500
