0 0.395313 0.595703 0.050000 0.062500
0 0.382812 0.613281 0.050000 0.062500
0 0.368750 0.593750 0.050000 0.062500
0 0.368750 0.607422 0.050000 0.062500
0 0.357812 0.626953 0.050000 0.062500
0 0.385937 0.638672 0.050000 0.062500
0 0.379688 0.658203 0.050000 0.062500
0 0.354687 0.652344 0.050000 0.062500
0 0.329688 0.656250 0.050000 0.062500
0 0.340625 0.683594 0.050000 0.062500
0 0.367188 0.683594 0.050000 0.062500
0 0.365625 0.708984 0.050000 0.062500
0 0.346875 0.705078 0.050000 0.062500
0 0.346875 0.730469 0.050000 0.062500
0 0.360938 0.736328 0.050000 0.062500
0 0.353125 0.763672 0.050000 0.062500
0 0.326562 0.761719 0.050000 0.062500
0 0.323437 0.744141 0.050000 0.062500
0 0.318750 0.794922 0.050000 0.062500
0 0.343750 0.800781 0.050000 0.062500
0 0.329688 0.826172 0.050000 0.062500
0 0.317188 0.867188 0.050000 0.062500
