0 0.507812 0.560547 0.050000 0.062500
0 0.485938 0.562500 0.050000 0.062500
0 0.470313 0.576172 0.050000 0.062500
0 0.496875 0.576172 0.050000 0.062500
0 0.493750 0.613281 0.050000 0.062500
0 0.470313 0.595703 0.050000 0.062500
0 0.457813 0.613281 0.050000 0.062500
0 0.487500 0.597656 0.050000 0.062500
0 0.495312 0.650391 0.050000 0.062500
0 0.501563 0.671875 0.050000 0.062500
0 0.460938 0.654297 0.050000 0.062500
0 0.454688 0.677734 0.050000 0.062500
0 0.476562 0.695312 0.050000 0.062500
0 0.476562 0.712891 0.050000 0.062500
0 0.470313 0.728516 0.050000 0.062500
0 0.471875 0.753906 0.050000 0.062500
0 0.465625 0.775391 0.050000 0.062500
0 0.443750 0.755859 0.050000 0.062500
0 0.446875 0.734375 0.050000 0.062500
0 0.435937 0.710938 0.050000 0.062500
0 0.423438 0.691406 0.050000 0.062500
