0 0.437500 0.441406 0.050000 0.062500
0 0.415625 0.462891 0.050000 0.062500
0 0.435937 0.484375 0.050000 0.062500
0 0.459375 0.460938 0.050000 0.062500
0 0.467187 0.445312 0.050000 0.062500
0 0.456250 0.425781 0.050000 0.062500
0 0.437500 0.417969 0.050000 0.062500
0 0.462500 0.394531 0.050000 0.062500
0 0.476562 0.416016 0.050000 0.062500
0 0.492188 0.396484 0.050000 0.062500
0 0.467187 0.376953 0.050000 0.062500
0 0.478125 0.337891 0.050000 0.062500
0 0.503125 0.337891 0.050000 0.062500
0 0.520312 0.357422 0.050000 0.062500
0 0.529687 0.361328 0.050000 0.062500
0 0.510938 0.382812 0.050000 0.062500
0 0.539062 0.314453 0.050000 0.062500
0 0.545312 0.294922 0.050000 0.062500
0 0.568750 0.267578 0.050000 0.062500
0 0.550000 0.242188 0.050000 0.062500
0 0.528125 0.267578 0.050000 0.062500
0 0.517188 0.250000 0.050000 0.062500
0 0.512500 0.291016 0.050000 0.062500
0 0.496875 0.296875 0.050000 0.062500
0 0.495312 0.314453 0.050000 0.062500
