0 0.340625 0.644531 0.050000 0.062500
0 0.284375 0.578125 0.050000 0.062500
0 0.435937 0.654297 0.050000 0.062500
0 0.484375 0.587891 0.050000 0.062500
0 0.464062 0.523438 0.050000 0.062500
0 0.435937 0.537109 0.050000 0.062500
0 0.460938 0.484375 0.050000 0.062500
0 0.468750 0.458984 0.050000 0.062500
0 0.432812 0.435547 0.050000 0.062500
0 0.490625 0.445312 0.050000 0.062500
0 0.464062 0.423828 0.050000 0.062500
0 0.435937 0.402344 0.050000 0.062500
0 0.395313 0.419922 0.050000 0.062500
0 0.429688 0.482422 0.050000 0.062500
0 0.393750 0.542969 0.050000 0.062500
0 0.398438 0.517578 0.050000 0.062500
0 0.396875 0.490234 0.050000 0.062500
0 0.370312 0.556641 0.050000 0.062500
0 0.368750 0.595703 0.050000 0.062500
0 0.414062 0.613281 0.050000 0.062500
0 0.335938 0.541016 0.050000 0.062500
0 0.295312 0.533203 0.050000 0.062500
0 0.332813 0.488281 0.050000 0.062500
0 0.334375 0.451172 0.050000 0.062500
0 0.281250 0.500000 0.050000 0.062500
0 0.312500 0.482422 0.050000 0.062500
0 0.365625 0.414062 0.050000 0.062500
0 0.303125 0.443359 0.050000 0.062500
0 0.284375 0.425781 0.050000 0.062500
0 0.270313 0.466797 0.050000 0.062500
0 0.229687 0.490234 0.050000 0.062500
0 0.221875 0.437500 0.050000 0.062500
0 0.250000 0.408203 0.050000 0.062500
0 0.267188 0.394531 0.050000 0.062500
0 0.296875 0.369141 0.050000 0.062500
0 0.329688 0.402344 0.050000 0.062500
0 0.195312 0.443359 0.050000 0.062500
0 0.160938 0.416016 0.050000 0.062500
0 0.134375 0.398438 0.050000 0.062500
0 0.101562 0.429688 0.050000 0.062500
0 0.090625 0.388672 0.050000 0.062500
0 0.184375 0.380859 0.050000 0.062500
0 0.220312 0.359375 0.050000 0.062500
0 0.243750 0.376953 0.050000 0.062500
0 0.350000 0.369141 0.050000 0.062500
0 0.018750 0.390625 0.037500 0.062500
0 0.018750 0.429688 0.037500 0.062500
0 0.026562 0.361328 0.050000 0.062500
0 0.037500 0.425781 0.050000 0.062500
0 0.356250 0.523438 0.050000 0.062500
0 0.517188 0.574219 0.050000 0.062500
0 0.500000 0.535156 0.050000 0.062500
0 0.492188 0.511719 0.050000 0.062500
0 0.496875 0.478516 0.050000 0.062500
0 0.517188 0.468750 0.050000 0.062500
0 0.542188 0.468750 0.050000 0.062500
0 0.517188 0.523438 0.050000 0.062500
0 0.546875 0.546875 0.050000 0.062500
0 0.604688 0.541016 0.050000 0.062500
0 0.567187 0.542969 0.050000 0.062500
0 0.576562 0.582031 0.050000 0.062500
0 0.604688 0.599609 0.050000 0.062500
0 0.629687 0.570312 0.050000 0.062500
0 0.659375 0.560547 0.050000 0.062500
0 0.709375 0.601562 0.050000 0.062500
0 0.770312 0.609375 0.050000 0.062500
0 0.573438 0.517578 0.050000 0.062500
0 0.592187 0.523438 0.050000 0.062500
0 0.565625 0.482422 0.050000 0.062500
0 0.601562 0.490234 0.050000 0.062500
0 0.593750 0.447266 0.050000 0.062500
0 0.615625 0.462891 0.050000 0.062500
0 0.567187 0.449219 0.050000 0.062500
0 0.548438 0.416016 0.050000 0.062500
0 0.576562 0.410156 0.050000 0.062500
0 0.635938 0.421875 0.050000 0.062500
0 0.640625 0.449219 0.050000 0.062500
0 0.665625 0.464844 0.050000 0.062500
0 0.640625 0.490234 0.050000 0.062500
0 0.621875 0.523438 0.050000 0.062500
0 0.659375 0.500000 0.050000 0.062500
0 0.700000 0.511719 0.050000 0.062500
0 0.714063 0.546875 0.050000 0.062500
0 0.740625 0.542969 0.050000 0.062500
0 0.768750 0.542969 0.050000 0.062500
0 0.779687 0.568359 0.050000 0.062500
0 0.731250 0.509766 0.050000 0.062500
0 0.721875 0.482422 0.050000 0.062500
0 0.695312 0.466797 0.050000 0.062500
0 0.718750 0.439453 0.050000 0.062500
0 0.735938 0.421875 0.050000 0.062500
0 0.817187 0.496094 0.050000 0.062500
0 0.803125 0.531250 0.050000 0.062500
0 0.765625 0.507812 0.050000 0.062500
0 0.793750 0.496094 0.050000 0.062500
0 0.756250 0.482422 0.050000 0.062500
0 0.737500 0.464844 0.050000 0.062500
0 0.775000 0.423828 0.050000 0.062500
0 0.840625 0.505859 0.050000 0.062500
0 0.864062 0.527344 0.050000 0.062500
0 0.896875 0.541016 0.050000 0.062500
0 0.931250 0.533203 0.050000 0.062500
0 0.901563 0.658203 0.050000 0.062500
0 0.975781 0.541016 0.048438 0.062500
0 0.935937 0.490234 0.050000 0.062500
0 0.904687 0.490234 0.050000 0.062500
0 0.879687 0.496094 0.050000 0.062500
0 0.840625 0.480469 0.050000 0.062500
0 0.870313 0.470703 0.050000 0.062500
0 0.893750 0.462891 0.050000 0.062500
0 0.870313 0.435547 0.050000 0.062500
0 0.803125 0.404297 0.050000 0.062500
0 0.937500 0.453125 0.050000 0.062500
0 0.907813 0.439453 0.050000 0.062500
0 0.980469 0.492188 0.039062 0.062500
0 0.964063 0.439453 0.050000 0.062500
0 0.982031 0.421875 0.035937 0.062500
0 0.950000 0.408203 0.050000 0.062500
0 0.931250 0.402344 0.050000 0.062500
0 0.895312 0.408203 0.050000 0.062500
0 0.934375 0.347656 0.050000 0.062500
0 0.962500 0.373047 0.050000 0.062500
0 0.977344 0.402344 0.045312 0.062500
0 0.896875 0.363281 0.050000 0.062500
0 0.910937 0.308594 0.050000 0.062500
0 0.953125 0.316406 0.050000 0.062500
0 0.967187 0.347656 0.050000 0.062500
0 0.982812 0.341797 0.034375 0.062500
0 0.962500 0.269531 0.050000 0.062500
0 0.985156 0.291016 0.029687 0.062500
0 0.950000 0.236328 0.050000 0.062500
0 0.921875 0.267578 0.050000 0.062500
0 0.896875 0.220703 0.050000 0.062500
0 0.914062 0.189453 0.050000 0.062500
0 0.918750 0.148438 0.050000 0.062500
0 0.968750 0.142578 0.050000 0.062500
0 0.977344 0.181641 0.045312 0.062500
0 0.980469 0.218750 0.039062 0.062500
0 0.982812 0.251953 0.034375 0.062500
0 0.965625 0.105469 0.050000 0.062500
0 0.935937 0.101562 0.050000 0.062500
0 0.983594 0.093750 0.032813 0.062500
0 0.975000 0.060547 0.050000 0.062500
0 0.931250 0.062500 0.050000 0.062500
0 0.585938 0.724609 0.050000 0.062500
0 0.915625 0.619141 0.050000 0.062500
0 0.078125 0.369141 0.050000 0.062500
0 0.796875 0.384766 0.050000 0.062500
0 0.576562 0.464844 0.050000 0.062500
