0 0.368750 0.416016 0.050000 0.062500
0 0.373437 0.437500 0.050000 0.062500
0 0.379688 0.464844 0.050000 0.062500
0 0.379688 0.509766 0.050000 0.062500
0 0.370312 0.570312 0.050000 0.062500
0 0.401562 0.560547 0.050000 0.062500
0 0.368750 0.613281 0.050000 0.062500
0 0.403125 0.634766 0.050000 0.062500
0 0.410938 0.654297 0.050000 0.062500
0 0.442188 0.652344 0.050000 0.062500
0 0.421875 0.515625 0.050000 0.062500
0 0.406250 0.476562 0.050000 0.062500
0 0.409375 0.445312 0.050000 0.062500
0 0.420312 0.390625 0.050000 0.062500
0 0.429688 0.369141 0.050000 0.062500
0 0.426563 0.412109 0.050000 0.062500
0 0.378125 0.333984 0.050000 0.062500
0 0.439063 0.234375 0.050000 0.062500
