0 0.350000 0.468750 0.050000 0.062500
0 0.371875 0.470703 0.050000 0.062500
0 0.350000 0.488281 0.050000 0.062500
0 0.360938 0.490234 0.050000 0.062500
0 0.346875 0.519531 0.050000 0.062500
0 0.375000 0.525391 0.050000 0.062500
0 0.375000 0.552734 0.050000 0.062500
0 0.354687 0.554688 0.050000 0.062500
0 0.343750 0.607422 0.050000 0.062500
0 0.368750 0.611328 0.050000 0.062500
0 0.342187 0.652344 0.050000 0.062500
0 0.376563 0.671875 0.050000 0.062500
0 0.387500 0.701172 0.050000 0.062500
0 0.410938 0.677734 0.050000 0.062500
0 0.357812 0.728516 0.050000 0.062500
0 0.414062 0.539062 0.050000 0.062500
0 0.410938 0.505859 0.050000 0.062500
0 0.417187 0.457031 0.050000 0.062500
0 0.384375 0.394531 0.050000 0.062500
0 0.354687 0.378906 0.050000 0.062500
0 0.329688 0.375000 0.050000 0.062500
0 0.346875 0.410156 0.050000 0.062500
0 0.379688 0.304688 0.050000 0.062500
0 0.396875 0.214844 0.050000 0.062500
0 0.398438 0.148438 0.050000 0.062500
