0 0.320312 0.769531 0.050000 0.062500
0 0.350000 0.734375 0.050000 0.062500
0 0.389062 0.748047 0.050000 0.062500
0 0.593750 0.847656 0.050000 0.062500
0 0.628125 0.765625 0.050000 0.062500
0 0.665625 0.603516 0.050000 0.062500
0 0.753125 0.765625 0.050000 0.062500
0 0.800000 0.839844 0.050000 0.062500
0 0.931250 0.794922 0.050000 0.062500
0 0.609375 0.570312 0.050000 0.062500
0 0.576562 0.527344 0.050000 0.062500
0 0.759375 0.470703 0.050000 0.062500
0 0.729688 0.347656 0.050000 0.062500
0 0.954688 0.089844 0.050000 0.062500
0 0.628125 0.021484 0.050000 0.042969
