0 0.019531 0.363281 0.039062 0.062500
0 0.017969 0.396484 0.035937 0.062500
0 0.015625 0.435547 0.031250 0.062500
0 0.048438 0.429688 0.050000 0.062500
0 0.079687 0.380859 0.050000 0.062500
0 0.100000 0.439453 0.050000 0.062500
0 0.123438 0.408203 0.050000 0.062500
0 0.150000 0.402344 0.050000 0.062500
0 0.185938 0.451172 0.050000 0.062500
0 0.220312 0.486328 0.050000 0.062500
0 0.215625 0.447266 0.050000 0.062500
0 0.207813 0.416016 0.050000 0.062500
0 0.187500 0.388672 0.050000 0.062500
0 0.221875 0.382812 0.050000 0.062500
0 0.242188 0.412109 0.050000 0.062500
0 0.259375 0.462891 0.050000 0.062500
0 0.282813 0.582031 0.050000 0.062500
0 0.284375 0.501953 0.050000 0.062500
0 0.276562 0.435547 0.050000 0.062500
0 0.303125 0.441406 0.050000 0.062500
0 0.312500 0.656250 0.050000 0.062500
0 0.301563 0.542969 0.050000 0.062500
0 0.334375 0.500000 0.050000 0.062500
0 0.309375 0.484375 0.050000 0.062500
0 0.331250 0.457031 0.050000 0.062500
0 0.287500 0.371094 0.050000 0.062500
0 0.264062 0.396484 0.050000 0.062500
0 0.323437 0.404297 0.050000 0.062500
0 0.335938 0.542969 0.050000 0.062500
0 0.371875 0.560547 0.050000 0.062500
0 0.364063 0.603516 0.050000 0.062500
0 0.421875 0.617188 0.050000 0.062500
0 0.431250 0.656250 0.050000 0.062500
0 0.479687 0.597656 0.050000 0.062500
0 0.425000 0.533203 0.050000 0.062500
0 0.387500 0.535156 0.050000 0.062500
0 0.473438 0.531250 0.050000 0.062500
0 0.425000 0.490234 0.050000 0.062500
0 0.392188 0.511719 0.050000 0.062500
0 0.387500 0.490234 0.050000 0.062500
0 0.375000 0.472656 0.050000 0.062500
0 0.357812 0.525391 0.050000 0.062500
0 0.364063 0.416016 0.050000 0.062500
0 0.353125 0.371094 0.050000 0.062500
0 0.401562 0.427734 0.050000 0.062500
0 0.434375 0.408203 0.050000 0.062500
0 0.435937 0.445312 0.050000 0.062500
0 0.448437 0.492188 0.050000 0.062500
0 0.485938 0.488281 0.050000 0.062500
0 0.484375 0.509766 0.050000 0.062500
0 0.490625 0.542969 0.050000 0.062500
0 0.509375 0.580078 0.050000 0.062500
0 0.457813 0.421875 0.050000 0.062500
0 0.467187 0.468750 0.050000 0.062500
0 0.489063 0.451172 0.050000 0.062500
0 0.509375 0.476562 0.050000 0.062500
0 0.537500 0.468750 0.050000 0.062500
0 0.534375 0.525391 0.050000 0.062500
0 0.514062 0.527344 0.050000 0.062500
0 0.542188 0.550781 0.050000 0.062500
0 0.578125 0.583984 0.050000 0.062500
0 0.607812 0.603516 0.050000 0.062500
0 0.559375 0.550781 0.050000 0.062500
0 0.564063 0.523438 0.050000 0.062500
0 0.582812 0.525391 0.050000 0.062500
0 0.596875 0.550781 0.050000 0.062500
0 0.625000 0.576172 0.050000 0.062500
0 0.628125 0.531250 0.050000 0.062500
0 0.609375 0.523438 0.050000 0.062500
0 0.596875 0.496094 0.050000 0.062500
0 0.579688 0.498047 0.050000 0.062500
0 0.560937 0.496094 0.050000 0.062500
0 0.562500 0.470703 0.050000 0.062500
0 0.537500 0.423828 0.050000 0.062500
0 0.635938 0.419922 0.050000 0.062500
0 0.592187 0.462891 0.050000 0.062500
0 0.609375 0.472656 0.050000 0.062500
0 0.632812 0.453125 0.050000 0.062500
0 0.634375 0.496094 0.050000 0.062500
0 0.664062 0.476562 0.050000 0.062500
0 0.657813 0.509766 0.050000 0.062500
0 0.657813 0.564453 0.050000 0.062500
0 0.703125 0.605469 0.050000 0.062500
0 0.884375 0.677734 0.050000 0.062500
0 0.764062 0.609375 0.050000 0.062500
0 0.776563 0.568359 0.050000 0.062500
0 0.767188 0.542969 0.050000 0.062500
0 0.734375 0.548828 0.050000 0.062500
0 0.710938 0.542969 0.050000 0.062500
0 0.684375 0.511719 0.050000 0.062500
0 0.692187 0.468750 0.050000 0.062500
0 0.695312 0.443359 0.050000 0.062500
0 0.717187 0.490234 0.050000 0.062500
0 0.737500 0.511719 0.050000 0.062500
0 0.770312 0.515625 0.050000 0.062500
0 0.753125 0.490234 0.050000 0.062500
0 0.735938 0.482422 0.050000 0.062500
0 0.717187 0.468750 0.050000 0.062500
0 0.732812 0.417969 0.050000 0.062500
0 0.757812 0.457031 0.050000 0.062500
0 0.775000 0.466797 0.050000 0.062500
0 0.785937 0.500000 0.050000 0.062500
0 0.803125 0.544922 0.050000 0.062500
0 0.857812 0.529297 0.050000 0.062500
0 0.812500 0.503906 0.050000 0.062500
0 0.840625 0.480469 0.050000 0.062500
0 0.842187 0.509766 0.050000 0.062500
0 0.878125 0.505859 0.050000 0.062500
0 0.895312 0.546875 0.050000 0.062500
0 0.937500 0.539062 0.050000 0.062500
0 0.964063 0.548828 0.050000 0.062500
0 0.975781 0.636719 0.048438 0.062500
0 0.980469 0.494141 0.039062 0.062500
0 0.939063 0.500000 0.050000 0.062500
0 0.907813 0.496094 0.050000 0.062500
0 0.931250 0.470703 0.050000 0.062500
0 0.959375 0.443359 0.050000 0.062500
0 0.981250 0.431641 0.037500 0.062500
0 0.968750 0.404297 0.050000 0.062500
0 0.943750 0.414062 0.050000 0.062500
0 0.920312 0.416016 0.050000 0.062500
0 0.915625 0.445312 0.050000 0.062500
0 0.893750 0.406250 0.050000 0.062500
0 0.862500 0.429688 0.050000 0.062500
0 0.787500 0.390625 0.050000 0.062500
0 0.798438 0.425781 0.050000 0.062500
0 0.818750 0.447266 0.050000 0.062500
0 0.878125 0.345703 0.050000 0.062500
0 0.943750 0.318359 0.050000 0.062500
0 0.914062 0.302734 0.050000 0.062500
0 0.929688 0.361328 0.050000 0.062500
0 0.959375 0.349609 0.050000 0.062500
0 0.968750 0.378906 0.050000 0.062500
0 0.985156 0.341797 0.029687 0.062500
0 0.977344 0.324219 0.045312 0.062500
0 0.979688 0.300781 0.040625 0.062500
0 0.959375 0.281250 0.050000 0.062500
0 0.917188 0.267578 0.050000 0.062500
0 0.948438 0.242188 0.050000 0.062500
0 0.889062 0.226562 0.050000 0.062500
0 0.912500 0.195312 0.050000 0.062500
0 0.982812 0.253906 0.034375 0.062500
0 0.978906 0.222656 0.042188 0.062500
0 0.975000 0.187500 0.050000 0.062500
0 0.964063 0.144531 0.050000 0.062500
0 0.920312 0.158203 0.050000 0.062500
0 0.965625 0.113281 0.050000 0.062500
0 0.925000 0.105469 0.050000 0.062500
0 0.928125 0.066406 0.050000 0.062500
0 0.968750 0.066406 0.050000 0.062500
0 0.982031 0.113281 0.035937 0.062500
0 0.984375 0.160156 0.031250 0.062500
0 0.923438 0.031250 0.050000 0.062500
0 0.977344 0.039062 0.045312 0.062500
0 0.159375 0.373047 0.050000 0.062500
0 0.578125 0.728516 0.050000 0.062500
0 0.448437 0.028320 0.050000 0.056641
