0 0.696875 0.125000 0.050000 0.062500
0 0.671875 0.125000 0.050000 0.062500
0 0.653125 0.152344 0.050000 0.062500
0 0.664062 0.162109 0.050000 0.062500
0 0.656250 0.181641 0.050000 0.062500
0 0.645312 0.179688 0.050000 0.062500
0 0.667188 0.292969 0.050000 0.062500
0 0.668750 0.318359 0.050000 0.062500
0 0.690625 0.298828 0.050000 0.062500
0 0.690625 0.253906 0.050000 0.062500
0 0.723437 0.302734 0.050000 0.062500
0 0.737500 0.320312 0.050000 0.062500
0 0.710938 0.337891 0.050000 0.062500
0 0.689063 0.343750 0.050000 0.062500
0 0.682813 0.371094 0.050000 0.062500
0 0.689063 0.408203 0.050000 0.062500
0 0.712500 0.384766 0.050000 0.062500
0 0.704688 0.412109 0.050000 0.062500
0 0.742188 0.384766 0.050000 0.062500
0 0.737500 0.404297 0.050000 0.062500
0 0.721875 0.445312 0.050000 0.062500
0 0.700000 0.445312 0.050000 0.062500
0 0.684375 0.519531 0.050000 0.062500
0 0.692187 0.552734 0.050000 0.062500
0 0.712500 0.505859 0.050000 0.062500
0 0.731250 0.556641 0.050000 0.062500
0 0.745313 0.589844 0.050000 0.062500
0 0.773438 0.521484 0.050000 0.062500
0 0.765625 0.546875 0.050000 0.062500
0 0.892188 0.798828 0.050000 0.062500
0 0.717187 0.085938 0.050000 0.062500
0 0.706250 0.068359 0.050000 0.062500
0 0.659375 0.085938 0.050000 0.062500
