0 0.637500 0.113281 0.050000 0.062500
0 0.657813 0.109375 0.050000 0.062500
0 0.703125 0.062500 0.050000 0.062500
0 0.626563 0.152344 0.050000 0.062500
0 0.640625 0.283203 0.050000 0.062500
0 0.684375 0.244141 0.050000 0.062500
0 0.685937 0.283203 0.050000 0.062500
0 0.653125 0.287109 0.050000 0.062500
0 0.679688 0.298828 0.050000 0.062500
0 0.660937 0.306641 0.050000 0.062500
0 0.662500 0.345703 0.050000 0.062500
0 0.667188 0.367188 0.050000 0.062500
0 0.700000 0.337891 0.050000 0.062500
0 0.703125 0.371094 0.050000 0.062500
0 0.692187 0.363281 0.050000 0.062500
0 0.720313 0.382812 0.050000 0.062500
0 0.739062 0.388672 0.050000 0.062500
0 0.742188 0.371094 0.050000 0.062500
0 0.745313 0.351562 0.050000 0.062500
0 0.745313 0.398438 0.050000 0.062500
0 0.735938 0.412109 0.050000 0.062500
0 0.723437 0.429688 0.050000 0.062500
0 0.709375 0.427734 0.050000 0.062500
0 0.681250 0.433594 0.050000 0.062500
0 0.679688 0.406250 0.050000 0.062500
0 0.710938 0.498047 0.050000 0.062500
0 0.681250 0.501953 0.050000 0.062500
0 0.692187 0.542969 0.050000 0.062500
0 0.723437 0.546875 0.050000 0.062500
0 0.739062 0.564453 0.050000 0.062500
0 0.765625 0.556641 0.050000 0.062500
0 0.754687 0.509766 0.050000 0.062500
