0 0.628125 0.410156 0.050000 0.062500
0 0.646875 0.417969 0.050000 0.062500
0 0.635938 0.392578 0.050000 0.062500
0 0.659375 0.404297 0.050000 0.062500
0 0.640625 0.371094 0.050000 0.062500
0 0.609375 0.369141 0.050000 0.062500
0 0.651563 0.343750 0.050000 0.062500
0 0.664062 0.347656 0.050000 0.062500
0 0.664062 0.367188 0.050000 0.062500
0 0.692187 0.365234 0.050000 0.062500
0 0.690625 0.345703 0.050000 0.062500
0 0.710938 0.337891 0.050000 0.062500
0 0.723437 0.351562 0.050000 0.062500
0 0.689063 0.390625 0.050000 0.062500
0 0.748437 0.375000 0.050000 0.062500
0 0.745313 0.402344 0.050000 0.062500
0 0.759375 0.404297 0.050000 0.062500
0 0.778125 0.376953 0.050000 0.062500
0 0.801562 0.326172 0.050000 0.062500
0 0.834375 0.367188 0.050000 0.062500
0 0.806250 0.412109 0.050000 0.062500
