0 0.629687 0.417969 0.050000 0.062500
0 0.646875 0.435547 0.050000 0.062500
0 0.650000 0.400391 0.050000 0.062500
0 0.614062 0.361328 0.050000 0.062500
0 0.642188 0.384766 0.050000 0.062500
0 0.639062 0.347656 0.050000 0.062500
0 0.675000 0.343750 0.050000 0.062500
0 0.676562 0.367188 0.050000 0.062500
0 0.671875 0.416016 0.050000 0.062500
0 0.706250 0.402344 0.050000 0.062500
0 0.704688 0.373047 0.050000 0.062500
0 0.712500 0.345703 0.050000 0.062500
0 0.734375 0.337891 0.050000 0.062500
0 0.770312 0.384766 0.050000 0.062500
0 0.765625 0.406250 0.050000 0.062500
0 0.785937 0.408203 0.050000 0.062500
0 0.801562 0.390625 0.050000 0.062500
0 0.823438 0.332031 0.050000 0.062500
0 0.862500 0.369141 0.050000 0.062500
0 0.831250 0.419922 0.050000 0.062500
