0 0.645312 0.406250 0.050000 0.062500
0 0.656250 0.427734 0.050000 0.062500
0 0.657813 0.404297 0.050000 0.062500
0 0.659375 0.371094 0.050000 0.062500
0 0.631250 0.359375 0.050000 0.062500
0 0.670312 0.365234 0.050000 0.062500
0 0.693750 0.359375 0.050000 0.062500
0 0.675000 0.330078 0.050000 0.062500
0 0.696875 0.332031 0.050000 0.062500
0 0.715625 0.363281 0.050000 0.062500
0 0.718750 0.404297 0.050000 0.062500
0 0.765625 0.310547 0.050000 0.062500
0 0.803125 0.371094 0.050000 0.062500
0 0.796875 0.396484 0.050000 0.062500
0 0.820312 0.404297 0.050000 0.062500
0 0.845313 0.384766 0.050000 0.062500
0 0.903125 0.359375 0.050000 0.062500
0 0.871875 0.414062 0.050000 0.062500
