0 0.617188 0.324219 0.050000 0.062500
0 0.651563 0.281250 0.050000 0.062500
0 0.590625 0.287109 0.050000 0.062500
0 0.554688 0.291016 0.050000 0.062500
0 0.584375 0.335938 0.050000 0.062500
0 0.512500 0.324219 0.050000 0.062500
0 0.521875 0.277344 0.050000 0.062500
0 0.429688 0.335938 0.050000 0.062500
0 0.712500 0.289062 0.050000 0.062500
0 0.735938 0.269531 0.050000 0.062500
0 0.756250 0.302734 0.050000 0.062500
0 0.745313 0.355469 0.050000 0.062500
0 0.848437 0.341797 0.050000 0.062500
0 0.851562 0.316406 0.050000 0.062500
0 0.926562 0.324219 0.050000 0.062500
0 0.895312 0.359375 0.050000 0.062500
0 0.965625 0.367188 0.050000 0.062500
0 0.950000 0.253906 0.050000 0.062500
0 0.835938 0.232422 0.050000 0.062500
0 0.793750 0.263672 0.050000 0.062500
0 0.789062 0.244141 0.050000 0.062500
0 0.778125 0.222656 0.050000 0.062500
0 0.664062 0.375000 0.050000 0.062500
0 0.650000 0.320312 0.050000 0.062500
0 0.564063 0.343750 0.050000 0.062500
