0 0.575000 0.732422 0.050000 0.062500
0 0.703125 0.611328 0.050000 0.062500
0 0.976562 0.667969 0.046875 0.062500
0 0.942187 0.636719 0.050000 0.062500
0 0.757812 0.623047 0.050000 0.062500
0 0.770312 0.572266 0.050000 0.062500
0 0.798438 0.556641 0.050000 0.062500
0 0.762500 0.548828 0.050000 0.062500
0 0.734375 0.552734 0.050000 0.062500
0 0.709375 0.548828 0.050000 0.062500
0 0.729688 0.519531 0.050000 0.062500
0 0.759375 0.517578 0.050000 0.062500
0 0.970313 0.562500 0.050000 0.062500
0 0.979688 0.542969 0.040625 0.062500
0 0.931250 0.550781 0.050000 0.062500
0 0.889062 0.556641 0.050000 0.062500
0 0.854688 0.535156 0.050000 0.062500
0 0.840625 0.519531 0.050000 0.062500
0 0.807813 0.511719 0.050000 0.062500
0 0.790625 0.498047 0.050000 0.062500
0 0.832812 0.490234 0.050000 0.062500
0 0.875000 0.509766 0.050000 0.062500
0 0.898438 0.500000 0.050000 0.062500
0 0.929688 0.505859 0.050000 0.062500
0 0.978125 0.496094 0.043750 0.062500
0 0.926562 0.470703 0.050000 0.062500
0 0.962500 0.443359 0.050000 0.062500
0 0.980469 0.439453 0.039062 0.062500
0 0.967187 0.412109 0.050000 0.062500
0 0.959375 0.375000 0.050000 0.062500
0 0.982812 0.345703 0.034375 0.062500
0 0.970313 0.324219 0.050000 0.062500
0 0.953125 0.357422 0.050000 0.062500
0 0.931250 0.375000 0.050000 0.062500
0 0.909375 0.390625 0.050000 0.062500
0 0.918750 0.417969 0.050000 0.062500
0 0.935937 0.421875 0.050000 0.062500
0 0.906250 0.458984 0.050000 0.062500
0 0.885938 0.416016 0.050000 0.062500
0 0.889062 0.375000 0.050000 0.062500
0 0.935937 0.326172 0.050000 0.062500
0 0.878125 0.341797 0.050000 0.062500
0 0.889062 0.240234 0.050000 0.062500
0 0.937500 0.248047 0.050000 0.062500
0 0.909375 0.314453 0.050000 0.062500
0 0.970313 0.191406 0.050000 0.062500
0 0.960938 0.156250 0.050000 0.062500
0 0.957812 0.117188 0.050000 0.062500
0 0.925000 0.113281 0.050000 0.062500
0 0.915625 0.150391 0.050000 0.062500
0 0.910937 0.193359 0.050000 0.062500
0 0.960938 0.072266 0.050000 0.062500
0 0.929688 0.074219 0.050000 0.062500
0 0.918750 0.031250 0.050000 0.062500
0 0.953125 0.029297 0.050000 0.058594
0 0.982812 0.089844 0.034375 0.062500
0 0.978125 0.109375 0.043750 0.062500
0 0.982812 0.167969 0.034375 0.062500
0 0.857812 0.441406 0.050000 0.062500
0 0.862500 0.470703 0.050000 0.062500
0 0.784375 0.392578 0.050000 0.062500
0 0.798438 0.435547 0.050000 0.062500
0 0.821875 0.433594 0.050000 0.062500
0 0.726562 0.423828 0.050000 0.062500
0 0.759375 0.460938 0.050000 0.062500
0 0.767188 0.435547 0.050000 0.062500
0 0.695312 0.441406 0.050000 0.062500
0 0.693750 0.478516 0.050000 0.062500
0 0.710938 0.457031 0.050000 0.062500
0 0.710938 0.494141 0.050000 0.062500
0 0.684375 0.517578 0.050000 0.062500
0 0.656250 0.464844 0.050000 0.062500
0 0.662500 0.503906 0.050000 0.062500
0 0.648438 0.570312 0.050000 0.062500
0 0.631250 0.496094 0.050000 0.062500
0 0.621875 0.535156 0.050000 0.062500
0 0.625000 0.578125 0.050000 0.062500
0 0.600000 0.613281 0.050000 0.062500
0 0.565625 0.589844 0.050000 0.062500
0 0.592187 0.550781 0.050000 0.062500
0 0.596875 0.525391 0.050000 0.062500
0 0.618750 0.408203 0.050000 0.062500
0 0.635938 0.453125 0.050000 0.062500
0 0.476562 0.601562 0.050000 0.062500
0 0.507812 0.576172 0.050000 0.062500
0 0.537500 0.558594 0.050000 0.062500
0 0.562500 0.556641 0.050000 0.062500
0 0.570312 0.531250 0.050000 0.062500
0 0.587500 0.498047 0.050000 0.062500
0 0.557813 0.488281 0.050000 0.062500
0 0.592187 0.455078 0.050000 0.062500
0 0.571875 0.449219 0.050000 0.062500
0 0.532813 0.416016 0.050000 0.062500
0 0.567187 0.416016 0.050000 0.062500
0 0.509375 0.482422 0.050000 0.062500
0 0.539062 0.472656 0.050000 0.062500
0 0.534375 0.525391 0.050000 0.062500
0 0.515625 0.539062 0.050000 0.062500
0 0.479687 0.517578 0.050000 0.062500
0 0.481250 0.488281 0.050000 0.062500
0 0.476562 0.455078 0.050000 0.062500
0 0.442188 0.498047 0.050000 0.062500
0 0.456250 0.537109 0.050000 0.062500
0 0.425000 0.658203 0.050000 0.062500
0 0.420312 0.617188 0.050000 0.062500
0 0.917188 0.281250 0.050000 0.062500
0 0.420312 0.546875 0.050000 0.062500
0 0.365625 0.566406 0.050000 0.062500
0 0.356250 0.617188 0.050000 0.062500
0 0.298438 0.652344 0.050000 0.062500
0 0.329688 0.542969 0.050000 0.062500
0 0.295312 0.542969 0.050000 0.062500
0 0.354687 0.537109 0.050000 0.062500
0 0.387500 0.525391 0.050000 0.062500
0 0.378125 0.490234 0.050000 0.062500
0 0.334375 0.500000 0.050000 0.062500
0 0.306250 0.486328 0.050000 0.062500
0 0.270313 0.513672 0.050000 0.062500
0 0.225000 0.503906 0.050000 0.062500
0 0.270313 0.478516 0.050000 0.062500
0 0.246875 0.468750 0.050000 0.062500
0 0.331250 0.464844 0.050000 0.062500
0 0.273438 0.443359 0.050000 0.062500
0 0.298438 0.443359 0.050000 0.062500
0 0.425000 0.443359 0.050000 0.062500
0 0.459375 0.429688 0.050000 0.062500
0 0.429688 0.404297 0.050000 0.062500
0 0.398438 0.433594 0.050000 0.062500
0 0.320312 0.419922 0.050000 0.062500
0 0.182812 0.457031 0.050000 0.062500
0 0.214062 0.449219 0.050000 0.062500
0 0.235937 0.412109 0.050000 0.062500
0 0.281250 0.390625 0.050000 0.062500
0 0.215625 0.382812 0.050000 0.062500
0 0.259375 0.388672 0.050000 0.062500
0 0.156250 0.378906 0.050000 0.062500
0 0.151562 0.429688 0.050000 0.062500
0 0.117188 0.416016 0.050000 0.062500
0 0.020313 0.361328 0.040625 0.062500
0 0.017188 0.400391 0.034375 0.062500
0 0.071875 0.388672 0.050000 0.062500
0 0.090625 0.423828 0.050000 0.062500
0 0.045312 0.437500 0.050000 0.062500
0 0.016406 0.441406 0.032813 0.062500
0 0.445312 0.028320 0.050000 0.056641
0 0.350000 0.382812 0.050000 0.062500
0 0.178125 0.390625 0.050000 0.062500
0 0.360938 0.416016 0.050000 0.062500
