0 0.442188 0.240234 0.050000 0.062500
0 0.442188 0.189453 0.050000 0.062500
0 0.409375 0.240234 0.050000 0.062500
0 0.425000 0.287109 0.050000 0.062500
0 0.346875 0.470703 0.050000 0.062500
0 0.373437 0.513672 0.050000 0.062500
0 0.331250 0.455078 0.050000 0.062500
0 0.375000 0.416016 0.050000 0.062500
0 0.384375 0.373047 0.050000 0.062500
0 0.332813 0.404297 0.050000 0.062500
0 0.384375 0.617188 0.050000 0.062500
0 0.375000 0.666016 0.050000 0.062500
0 0.395313 0.689453 0.050000 0.062500
0 0.426563 0.699219 0.050000 0.062500
0 0.464062 0.693359 0.050000 0.062500
0 0.306250 0.572266 0.050000 0.062500
0 0.328125 0.548828 0.050000 0.062500
0 0.528125 0.738281 0.050000 0.062500
0 0.542188 0.781250 0.050000 0.062500
