0 0.637500 0.613281 0.050000 0.062500
0 0.659375 0.589844 0.050000 0.062500
0 0.671875 0.634766 0.050000 0.062500
0 0.729688 0.638672 0.050000 0.062500
0 0.739062 0.599609 0.050000 0.062500
0 0.804688 0.636719 0.050000 0.062500
0 0.843750 0.677734 0.050000 0.062500
0 0.603125 0.566406 0.050000 0.062500
0 0.537500 0.480469 0.050000 0.062500
0 0.495312 0.402344 0.050000 0.062500
0 0.581250 0.410156 0.050000 0.062500
0 0.626563 0.447266 0.050000 0.062500
0 0.590625 0.349609 0.050000 0.062500
0 0.604688 0.390625 0.050000 0.062500
0 0.668750 0.322266 0.050000 0.062500
0 0.723437 0.322266 0.050000 0.062500
0 0.628125 0.271484 0.050000 0.062500
0 0.592187 0.271484 0.050000 0.062500
0 0.607812 0.226562 0.050000 0.062500
0 0.631250 0.230469 0.050000 0.062500
0 0.521875 0.277344 0.050000 0.062500
0 0.521875 0.248047 0.050000 0.062500
0 0.490625 0.236328 0.050000 0.062500
