0 0.550000 0.531250 0.050000 0.062500
0 0.575000 0.544922 0.050000 0.062500
0 0.501563 0.511719 0.050000 0.062500
0 0.509375 0.488281 0.050000 0.062500
0 0.531250 0.431641 0.050000 0.062500
0 0.500000 0.414062 0.050000 0.062500
0 0.500000 0.304688 0.050000 0.062500
0 0.473438 0.310547 0.050000 0.062500
0 0.489063 0.355469 0.050000 0.062500
0 0.489063 0.259766 0.050000 0.062500
0 0.468750 0.263672 0.050000 0.062500
0 0.646875 0.501953 0.050000 0.062500
0 0.650000 0.566406 0.050000 0.062500
0 0.671875 0.576172 0.050000 0.062500
0 0.684375 0.562500 0.050000 0.062500
0 0.687500 0.525391 0.050000 0.062500
0 0.757812 0.542969 0.050000 0.062500
0 0.792188 0.556641 0.050000 0.062500
0 0.598437 0.417969 0.050000 0.062500
0 0.425000 0.416016 0.050000 0.062500
0 0.414062 0.443359 0.050000 0.062500
0 0.592187 0.375000 0.050000 0.062500
