0 0.795312 0.464844 0.050000 0.062500
0 0.931250 0.429688 0.050000 0.062500
0 0.901563 0.425781 0.050000 0.062500
0 0.926562 0.458984 0.050000 0.062500
0 0.959375 0.484375 0.050000 0.062500
0 0.978906 0.482422 0.042188 0.062500
0 0.980469 0.443359 0.039062 0.062500
0 0.982812 0.521484 0.034375 0.062500
0 0.957812 0.517578 0.050000 0.062500
0 0.931250 0.496094 0.050000 0.062500
0 0.925000 0.537109 0.050000 0.062500
0 0.956250 0.578125 0.050000 0.062500
0 0.926562 0.585938 0.050000 0.062500
0 0.893750 0.615234 0.050000 0.062500
0 0.876563 0.591797 0.050000 0.062500
0 0.898438 0.558594 0.050000 0.062500
0 0.856250 0.419922 0.050000 0.062500
0 0.839063 0.433594 0.050000 0.062500
0 0.900000 0.462891 0.050000 0.062500
0 0.889062 0.505859 0.050000 0.062500
0 0.878125 0.531250 0.050000 0.062500
0 0.856250 0.503906 0.050000 0.062500
0 0.845313 0.486328 0.050000 0.062500
0 0.804688 0.484375 0.050000 0.062500
0 0.835938 0.533203 0.050000 0.062500
0 0.843750 0.558594 0.050000 0.062500
0 0.812500 0.583984 0.050000 0.062500
0 0.770312 0.617188 0.050000 0.062500
0 0.781250 0.554688 0.050000 0.062500
0 0.812500 0.537109 0.050000 0.062500
0 0.784375 0.517578 0.050000 0.062500
0 0.781250 0.496094 0.050000 0.062500
0 0.768750 0.470703 0.050000 0.062500
0 0.751563 0.503906 0.050000 0.062500
0 0.757812 0.535156 0.050000 0.062500
0 0.715625 0.625000 0.050000 0.062500
0 0.656250 0.626953 0.050000 0.062500
0 0.717187 0.550781 0.050000 0.062500
0 0.715625 0.492188 0.050000 0.062500
0 0.734375 0.457031 0.050000 0.062500
0 0.754687 0.435547 0.050000 0.062500
0 0.728125 0.412109 0.050000 0.062500
0 0.865625 0.476562 0.050000 0.062500
0 0.904687 0.527344 0.050000 0.062500
0 0.864062 0.562500 0.050000 0.062500
0 0.728125 0.673828 0.050000 0.062500
0 0.878125 0.738281 0.050000 0.062500
0 0.673438 0.570312 0.050000 0.062500
0 0.692187 0.564453 0.050000 0.062500
0 0.687500 0.535156 0.050000 0.062500
0 0.678125 0.503906 0.050000 0.062500
0 0.659375 0.421875 0.050000 0.062500
0 0.696875 0.443359 0.050000 0.062500
0 0.628125 0.509766 0.050000 0.062500
0 0.651563 0.535156 0.050000 0.062500
0 0.631250 0.560547 0.050000 0.062500
0 0.590625 0.554688 0.050000 0.062500
0 0.578125 0.511719 0.050000 0.062500
0 0.607812 0.500000 0.050000 0.062500
0 0.587500 0.457031 0.050000 0.062500
0 0.628125 0.472656 0.050000 0.062500
0 0.570312 0.445312 0.050000 0.062500
0 0.560937 0.486328 0.050000 0.062500
0 0.525000 0.501953 0.050000 0.062500
0 0.464062 0.621094 0.050000 0.062500
0 0.475000 0.462891 0.050000 0.062500
0 0.509375 0.458984 0.050000 0.062500
0 0.498437 0.421875 0.050000 0.062500
0 0.637500 0.384766 0.050000 0.062500
0 0.587500 0.388672 0.050000 0.062500
0 0.573438 0.386719 0.050000 0.062500
0 0.535937 0.410156 0.050000 0.062500
0 0.471875 0.398438 0.050000 0.062500
0 0.510938 0.392578 0.050000 0.062500
0 0.448437 0.437500 0.050000 0.062500
0 0.443750 0.394531 0.050000 0.062500
0 0.414062 0.423828 0.050000 0.062500
0 0.400000 0.455078 0.050000 0.062500
0 0.382812 0.417969 0.050000 0.062500
0 0.348438 0.449219 0.050000 0.062500
0 0.323437 0.445312 0.050000 0.062500
0 0.367188 0.402344 0.050000 0.062500
0 0.290625 0.453125 0.050000 0.062500
0 0.268750 0.445312 0.050000 0.062500
0 0.289062 0.408203 0.050000 0.062500
0 0.285938 0.373047 0.050000 0.062500
0 0.246875 0.347656 0.050000 0.062500
0 0.237500 0.402344 0.050000 0.062500
0 0.264062 0.402344 0.050000 0.062500
0 0.559375 0.396484 0.050000 0.062500
0 0.189062 0.433594 0.050000 0.062500
0 0.226562 0.628906 0.050000 0.062500
0 0.215625 0.591797 0.050000 0.062500
0 0.220312 0.556641 0.050000 0.062500
0 0.175000 0.550781 0.050000 0.062500
0 0.135937 0.564453 0.050000 0.062500
0 0.120313 0.498047 0.050000 0.062500
0 0.150000 0.421875 0.050000 0.062500
0 0.156250 0.337891 0.050000 0.062500
0 0.179688 0.339844 0.050000 0.062500
0 0.204687 0.361328 0.050000 0.062500
0 0.110937 0.421875 0.050000 0.062500
0 0.064062 0.400391 0.050000 0.062500
0 0.025000 0.367188 0.050000 0.062500
0 0.118750 0.357422 0.050000 0.062500
0 0.100000 0.312500 0.050000 0.062500
0 0.114062 0.253906 0.050000 0.062500
0 0.115625 0.201172 0.050000 0.062500
0 0.120313 0.158203 0.050000 0.062500
0 0.125000 0.119141 0.050000 0.062500
0 0.062500 0.294922 0.050000 0.062500
0 0.059375 0.263672 0.050000 0.062500
0 0.020313 0.261719 0.040625 0.062500
0 0.040625 0.238281 0.050000 0.062500
0 0.065625 0.224609 0.050000 0.062500
0 0.031250 0.187500 0.050000 0.062500
0 0.060937 0.166016 0.050000 0.062500
0 0.076563 0.125000 0.050000 0.062500
0 0.050000 0.126953 0.050000 0.062500
0 0.021094 0.152344 0.042188 0.062500
0 0.103125 0.101562 0.050000 0.062500
0 0.121875 0.066406 0.050000 0.062500
0 0.123438 0.024414 0.050000 0.048828
0 0.101562 0.025391 0.050000 0.050781
0 0.064062 0.024414 0.050000 0.048828
0 0.034375 0.026367 0.050000 0.052734
0 0.054688 0.068359 0.050000 0.062500
0 0.026562 0.101562 0.050000 0.062500
0 0.081250 0.041016 0.050000 0.062500
0 0.717187 0.037109 0.050000 0.062500
0 0.617188 0.417969 0.050000 0.062500
