0 0.073438 0.927734 0.050000 0.062500
0 0.271875 0.150391 0.050000 0.062500
0 0.470313 0.169922 0.050000 0.062500
0 0.729688 0.150391 0.050000 0.062500
0 0.810937 0.103516 0.050000 0.062500
0 0.870313 0.070312 0.050000 0.062500
0 0.926562 0.080078 0.050000 0.062500
0 0.773438 0.062500 0.050000 0.062500
0 0.773438 0.035156 0.050000 0.062500
0 0.693750 0.072266 0.050000 0.062500
0 0.718750 0.115234 0.050000 0.062500
0 0.737500 0.097656 0.050000 0.062500
0 0.757812 0.132812 0.050000 0.062500
0 0.596875 0.052734 0.050000 0.062500
0 0.585938 0.037109 0.050000 0.062500
0 0.520312 0.022461 0.050000 0.044922
0 0.457813 0.062500 0.050000 0.062500
0 0.459375 0.039062 0.050000 0.062500
0 0.471875 0.085938 0.050000 0.062500
0 0.346875 0.085938 0.050000 0.062500
0 0.404687 0.111328 0.050000 0.062500
0 0.337500 0.035156 0.050000 0.062500
0 0.060937 0.072266 0.050000 0.062500
0 0.090625 0.025391 0.050000 0.050781
0 0.806250 0.019531 0.050000 0.039062
0 0.846875 0.033203 0.050000 0.062500
0 0.951562 0.021484 0.050000 0.042969
0 0.373437 0.191406 0.050000 0.062500
0 0.368750 0.164062 0.050000 0.062500
0 0.387500 0.146484 0.050000 0.062500
0 0.607812 0.203125 0.050000 0.062500
0 0.845313 0.205078 0.050000 0.062500
0 0.767188 0.623047 0.050000 0.062500
0 0.882812 0.378906 0.050000 0.062500
0 0.887500 0.394531 0.050000 0.062500
0 0.887500 0.416016 0.050000 0.062500
0 0.870313 0.431641 0.050000 0.062500
