0 0.475000 0.417969 0.050000 0.062500
0 0.490625 0.337891 0.050000 0.062500
0 0.435937 0.269531 0.050000 0.062500
0 0.531250 0.265625 0.050000 0.062500
0 0.660937 0.251953 0.050000 0.062500
0 0.671875 0.279297 0.050000 0.062500
0 0.773438 0.294922 0.050000 0.062500
0 0.850000 0.267578 0.050000 0.062500
0 0.846875 0.250000 0.050000 0.062500
0 0.865625 0.232422 0.050000 0.062500
0 0.893750 0.214844 0.050000 0.062500
0 0.964063 0.292969 0.050000 0.062500
0 0.959375 0.267578 0.050000 0.062500
0 0.940625 0.230469 0.050000 0.062500
0 0.881250 0.285156 0.050000 0.062500
0 0.840625 0.343750 0.050000 0.062500
0 0.815625 0.363281 0.050000 0.062500
0 0.801562 0.333984 0.050000 0.062500
0 0.757812 0.398438 0.050000 0.062500
0 0.864062 0.371094 0.050000 0.062500
0 0.865625 0.419922 0.050000 0.062500
0 0.790625 0.464844 0.050000 0.062500
0 0.742188 0.468750 0.050000 0.062500
0 0.676562 0.458984 0.050000 0.062500
0 0.643750 0.419922 0.050000 0.062500
0 0.578125 0.464844 0.050000 0.062500
0 0.498437 0.470703 0.050000 0.062500
0 0.421875 0.458984 0.050000 0.062500
0 0.382812 0.468750 0.050000 0.062500
0 0.350000 0.468750 0.050000 0.062500
0 0.328125 0.466797 0.050000 0.062500
0 0.307812 0.464844 0.050000 0.062500
0 0.228125 0.468750 0.050000 0.062500
0 0.140625 0.474609 0.050000 0.062500
0 0.053125 0.474609 0.050000 0.062500
0 0.039062 0.337891 0.050000 0.062500
0 0.071875 0.271484 0.050000 0.062500
0 0.035937 0.251953 0.050000 0.062500
0 0.046875 0.271484 0.050000 0.062500
0 0.019531 0.285156 0.039062 0.062500
0 0.156250 0.248047 0.050000 0.062500
0 0.164062 0.302734 0.050000 0.062500
0 0.171875 0.164062 0.050000 0.062500
0 0.089063 0.035156 0.050000 0.062500
0 0.329688 0.152344 0.050000 0.062500
0 0.342187 0.138672 0.050000 0.062500
0 0.393750 0.089844 0.050000 0.062500
0 0.442188 0.082031 0.050000 0.062500
0 0.460938 0.128906 0.050000 0.062500
0 0.445312 0.019531 0.050000 0.039062
0 0.534375 0.029297 0.050000 0.058594
0 0.540625 0.117188 0.050000 0.062500
0 0.771875 0.074219 0.050000 0.062500
0 0.710938 0.037109 0.050000 0.062500
0 0.860938 0.128906 0.050000 0.062500
0 0.887500 0.187500 0.050000 0.062500
0 0.910937 0.613281 0.050000 0.062500
0 0.828125 0.835938 0.050000 0.062500
0 0.882812 0.773438 0.050000 0.062500
0 0.670312 0.916016 0.050000 0.062500
0 0.887500 0.755859 0.050000 0.062500
0 0.914062 0.667969 0.050000 0.062500
0 0.914062 0.636719 0.050000 0.062500
0 0.903125 0.650391 0.050000 0.062500
