0 0.320312 0.164062 0.050000 0.062500
0 0.314063 0.257812 0.050000 0.062500
0 0.268750 0.265625 0.050000 0.062500
0 0.142187 0.320312 0.050000 0.062500
0 0.064062 0.152344 0.050000 0.062500
0 0.112500 0.730469 0.050000 0.062500
0 0.060937 0.755859 0.050000 0.062500
0 0.042188 0.812500 0.050000 0.062500
0 0.042188 0.876953 0.050000 0.062500
0 0.101562 0.804688 0.050000 0.062500
0 0.209375 0.718750 0.050000 0.062500
0 0.264062 0.771484 0.050000 0.062500
0 0.260937 0.457031 0.050000 0.062500
0 0.248438 0.382812 0.050000 0.062500
0 0.270313 0.312500 0.050000 0.062500
0 0.307812 0.312500 0.050000 0.062500
0 0.267188 0.328125 0.050000 0.062500
0 0.434375 0.267578 0.050000 0.062500
0 0.431250 0.343750 0.050000 0.062500
0 0.423438 0.414062 0.050000 0.062500
0 0.346875 0.412109 0.050000 0.062500
0 0.354687 0.455078 0.050000 0.062500
0 0.426563 0.480469 0.050000 0.062500
0 0.417187 0.554688 0.050000 0.062500
0 0.378125 0.554688 0.050000 0.062500
0 0.260937 0.603516 0.050000 0.062500
0 0.276562 0.583984 0.050000 0.062500
0 0.448437 0.609375 0.050000 0.062500
0 0.520312 0.591797 0.050000 0.062500
0 0.510938 0.494141 0.050000 0.062500
0 0.510938 0.412109 0.050000 0.062500
0 0.515625 0.347656 0.050000 0.062500
0 0.515625 0.273438 0.050000 0.062500
0 0.578125 0.248047 0.050000 0.062500
0 0.445312 0.175781 0.050000 0.062500
0 0.464062 0.058594 0.050000 0.062500
0 0.656250 0.095703 0.050000 0.062500
0 0.668750 0.089844 0.050000 0.062500
0 0.782813 0.054688 0.050000 0.062500
0 0.671875 0.158203 0.050000 0.062500
0 0.701562 0.171875 0.050000 0.062500
0 0.696875 0.214844 0.050000 0.062500
0 0.681250 0.236328 0.050000 0.062500
0 0.681250 0.310547 0.050000 0.062500
0 0.678125 0.333984 0.050000 0.062500
0 0.673438 0.376953 0.050000 0.062500
0 0.667188 0.441406 0.050000 0.062500
0 0.604688 0.447266 0.050000 0.062500
0 0.607812 0.376953 0.050000 0.062500
0 0.759375 0.406250 0.050000 0.062500
0 0.692187 0.507812 0.050000 0.062500
0 0.764062 0.542969 0.050000 0.062500
0 0.728125 0.738281 0.050000 0.062500
0 0.717187 0.718750 0.050000 0.062500
0 0.634375 0.730469 0.050000 0.062500
0 0.592187 0.718750 0.050000 0.062500
0 0.529687 0.742188 0.050000 0.062500
0 0.473438 0.755859 0.050000 0.062500
0 0.412500 0.869141 0.050000 0.062500
0 0.404687 0.785156 0.050000 0.062500
0 0.553125 0.806641 0.050000 0.062500
0 0.560937 0.847656 0.050000 0.062500
0 0.573438 0.892578 0.050000 0.062500
0 0.623437 0.896484 0.050000 0.062500
0 0.620313 0.863281 0.050000 0.062500
0 0.634375 0.820312 0.050000 0.062500
0 0.698438 0.845703 0.050000 0.062500
0 0.831250 0.751953 0.050000 0.062500
0 0.859375 0.791016 0.050000 0.062500
0 0.873437 0.818359 0.050000 0.062500
0 0.893750 0.789062 0.050000 0.062500
0 0.898438 0.728516 0.050000 0.062500
0 0.895312 0.699219 0.050000 0.062500
0 0.914062 0.683594 0.050000 0.062500
0 0.878125 0.677734 0.050000 0.062500
0 0.870313 0.660156 0.050000 0.062500
0 0.965625 0.656250 0.050000 0.062500
0 0.953125 0.630859 0.050000 0.062500
0 0.942187 0.814453 0.050000 0.062500
0 0.978906 0.966797 0.042188 0.062500
0 0.856250 0.888672 0.050000 0.062500
0 0.368750 0.947266 0.050000 0.062500
0 0.335938 0.941406 0.050000 0.062500
0 0.315625 0.949219 0.050000 0.062500
0 0.285938 0.945312 0.050000 0.062500
0 0.220312 0.943359 0.050000 0.062500
0 0.304688 0.974609 0.050000 0.050781
0 0.342187 0.966797 0.050000 0.062500
0 0.373437 0.968750 0.050000 0.062500
0 0.415625 0.941406 0.050000 0.062500
0 0.481250 0.951172 0.050000 0.062500
0 0.131250 0.943359 0.050000 0.062500
0 0.040625 0.941406 0.050000 0.062500
0 0.757812 0.281250 0.050000 0.062500
0 0.800000 0.195312 0.050000 0.062500
0 0.825000 0.214844 0.050000 0.062500
0 0.850000 0.197266 0.050000 0.062500
0 0.870313 0.222656 0.050000 0.062500
0 0.873437 0.324219 0.050000 0.062500
0 0.976562 0.408203 0.046875 0.062500
0 0.893750 0.398438 0.050000 0.062500
0 0.664062 0.925781 0.050000 0.062500
0 0.557813 0.933594 0.050000 0.062500
0 0.720313 0.947266 0.050000 0.062500
0 0.764062 0.976562 0.050000 0.046875
0 0.721875 0.969727 0.050000 0.060547
0 0.756250 0.960938 0.050000 0.062500
0 0.776563 0.937500 0.050000 0.062500
0 0.910937 0.031250 0.050000 0.062500
0 0.024219 0.451172 0.048438 0.062500
