0 0.801562 0.501953 0.050000 0.062500
0 0.729688 0.482422 0.050000 0.062500
0 0.723437 0.431641 0.050000 0.062500
0 0.678125 0.343750 0.050000 0.062500
0 0.689063 0.279297 0.050000 0.062500
0 0.643750 0.275391 0.050000 0.062500
0 0.648438 0.332031 0.050000 0.062500
0 0.617188 0.392578 0.050000 0.062500
0 0.629687 0.482422 0.050000 0.062500
0 0.562500 0.539062 0.050000 0.062500
0 0.557813 0.556641 0.050000 0.062500
0 0.484375 0.822266 0.050000 0.062500
0 0.482812 0.845703 0.050000 0.062500
0 0.378125 0.853516 0.050000 0.062500
0 0.359375 0.826172 0.050000 0.062500
0 0.379688 0.796875 0.050000 0.062500
0 0.353125 0.802734 0.050000 0.062500
0 0.242188 0.769531 0.050000 0.062500
0 0.235937 0.820312 0.050000 0.062500
0 0.160938 0.783203 0.050000 0.062500
0 0.159375 0.802734 0.050000 0.062500
0 0.162500 0.835938 0.050000 0.062500
0 0.043750 0.890625 0.050000 0.062500
0 0.031250 0.859375 0.050000 0.062500
0 0.014844 0.369141 0.029687 0.062500
0 0.014844 0.343750 0.029687 0.062500
0 0.279687 0.253906 0.050000 0.062500
0 0.281250 0.265625 0.050000 0.062500
0 0.170313 0.101562 0.050000 0.062500
0 0.295312 0.396484 0.050000 0.062500
0 0.228125 0.353516 0.050000 0.062500
0 0.234375 0.478516 0.050000 0.062500
0 0.526563 0.232422 0.050000 0.062500
0 0.425000 0.175781 0.050000 0.062500
0 0.445312 0.115234 0.050000 0.062500
0 0.342187 0.089844 0.050000 0.062500
0 0.334375 0.125000 0.050000 0.062500
0 0.303125 0.130859 0.050000 0.062500
0 0.828125 0.074219 0.050000 0.062500
0 0.682813 0.164062 0.050000 0.062500
0 0.828125 0.199219 0.050000 0.062500
0 0.815625 0.296875 0.050000 0.062500
0 0.812500 0.353516 0.050000 0.062500
0 0.793750 0.429688 0.050000 0.062500
0 0.801562 0.564453 0.050000 0.062500
0 0.751563 0.566406 0.050000 0.062500
0 0.807813 0.636719 0.050000 0.062500
0 0.742188 0.748047 0.050000 0.062500
0 0.671875 0.757812 0.050000 0.062500
0 0.690625 0.779297 0.050000 0.062500
0 0.560937 0.757812 0.050000 0.062500
0 0.642188 0.839844 0.050000 0.062500
0 0.500000 0.914062 0.050000 0.062500
0 0.503125 0.964844 0.050000 0.062500
0 0.595313 0.964844 0.050000 0.062500
0 0.407813 0.955078 0.050000 0.062500
0 0.659375 0.964844 0.050000 0.062500
0 0.710938 0.960938 0.050000 0.062500
0 0.693750 0.958984 0.050000 0.062500
0 0.739062 0.951172 0.050000 0.062500
0 0.754687 0.962891 0.050000 0.062500
0 0.782813 0.957031 0.050000 0.062500
0 0.718750 0.976562 0.050000 0.046875
0 0.853125 0.957031 0.050000 0.062500
0 0.867188 0.789062 0.050000 0.062500
0 0.903125 0.714844 0.050000 0.062500
0 0.898438 0.599609 0.050000 0.062500
0 0.904687 0.689453 0.050000 0.062500
0 0.889062 0.714844 0.050000 0.062500
0 0.890625 0.505859 0.050000 0.062500
0 0.881250 0.419922 0.050000 0.062500
0 0.889062 0.347656 0.050000 0.062500
0 0.890625 0.296875 0.050000 0.062500
0 0.948438 0.273438 0.050000 0.062500
0 0.965625 0.404297 0.050000 0.062500
0 0.979688 0.457031 0.040625 0.062500
0 0.981250 0.769531 0.037500 0.062500
0 0.983594 0.798828 0.032813 0.062500
0 0.932813 0.878906 0.050000 0.062500
0 0.932813 0.951172 0.050000 0.062500
0 0.946875 0.957031 0.050000 0.062500
