0 0.810937 0.804688 0.050000 0.062500
0 0.792188 0.771484 0.050000 0.062500
0 0.792188 0.714844 0.050000 0.062500
0 0.662500 0.623047 0.050000 0.062500
0 0.667188 0.640625 0.050000 0.062500
0 0.615625 0.753906 0.050000 0.062500
0 0.589063 0.708984 0.050000 0.062500
0 0.657813 0.791016 0.050000 0.062500
0 0.707812 0.855469 0.050000 0.062500
0 0.798438 0.873047 0.050000 0.062500
0 0.862500 0.855469 0.050000 0.062500
0 0.925000 0.775391 0.050000 0.062500
0 0.946875 0.771484 0.050000 0.062500
0 0.951562 0.785156 0.050000 0.062500
0 0.956250 0.726562 0.050000 0.062500
0 0.875000 0.431641 0.050000 0.062500
0 0.837500 0.298828 0.050000 0.062500
0 0.923438 0.216797 0.050000 0.062500
0 0.914062 0.240234 0.050000 0.062500
0 0.928125 0.156250 0.050000 0.062500
0 0.940625 0.119141 0.050000 0.062500
0 0.967187 0.105469 0.050000 0.062500
0 0.167187 0.742188 0.050000 0.062500
0 0.114062 0.724609 0.050000 0.062500
0 0.081250 0.843750 0.050000 0.062500
0 0.078125 0.939453 0.050000 0.062500
0 0.146875 0.958984 0.050000 0.062500
0 0.354687 0.960938 0.050000 0.062500
0 0.337500 0.947266 0.050000 0.062500
0 0.337500 0.890625 0.050000 0.062500
0 0.320312 0.835938 0.050000 0.062500
0 0.270313 0.849609 0.050000 0.062500
0 0.257812 0.865234 0.050000 0.062500
0 0.346875 0.791016 0.050000 0.062500
0 0.337500 0.779297 0.050000 0.062500
0 0.295312 0.769531 0.050000 0.062500
0 0.265625 0.742188 0.050000 0.062500
0 0.046875 0.373047 0.050000 0.062500
0 0.056250 0.341797 0.050000 0.062500
0 0.029687 0.330078 0.050000 0.062500
0 0.215625 0.160156 0.050000 0.062500
0 0.648438 0.349609 0.050000 0.062500
0 0.621875 0.359375 0.050000 0.062500
0 0.593750 0.316406 0.050000 0.062500
0 0.553125 0.476562 0.050000 0.062500
0 0.535937 0.464844 0.050000 0.062500
0 0.454688 0.787109 0.050000 0.062500
0 0.431250 0.710938 0.050000 0.062500
0 0.340625 0.613281 0.050000 0.062500
0 0.464062 0.609375 0.050000 0.062500
0 0.543750 0.935547 0.050000 0.062500
0 0.631250 0.968750 0.050000 0.062500
0 0.668750 0.941406 0.050000 0.062500
0 0.535937 0.943359 0.050000 0.062500
