0 0.795312 0.767578 0.050000 0.062500
0 0.796875 0.748047 0.050000 0.062500
0 0.803125 0.734375 0.050000 0.062500
0 0.750000 0.718750 0.050000 0.062500
0 0.892188 0.683594 0.050000 0.062500
0 0.837500 0.589844 0.050000 0.062500
0 0.775000 0.593750 0.050000 0.062500
0 0.965625 0.521484 0.050000 0.062500
0 0.928125 0.496094 0.050000 0.062500
0 0.980469 0.332031 0.039062 0.062500
0 0.964063 0.285156 0.050000 0.062500
0 0.979688 0.250000 0.040625 0.062500
0 0.625000 0.179688 0.050000 0.062500
0 0.389062 0.302734 0.050000 0.062500
0 0.393750 0.330078 0.050000 0.062500
0 0.306250 0.230469 0.050000 0.062500
0 0.234375 0.126953 0.050000 0.062500
0 0.392188 0.091797 0.050000 0.062500
0 0.617188 0.728516 0.050000 0.062500
0 0.614062 0.748047 0.050000 0.062500
0 0.556250 0.703125 0.050000 0.062500
0 0.454688 0.708984 0.050000 0.062500
0 0.470313 0.685547 0.050000 0.062500
0 0.412500 0.710938 0.050000 0.062500
0 0.364063 0.779297 0.050000 0.062500
0 0.364063 0.804688 0.050000 0.062500
0 0.273438 0.835938 0.050000 0.062500
0 0.146875 0.736328 0.050000 0.062500
0 0.081250 0.765625 0.050000 0.062500
0 0.037500 0.751953 0.050000 0.062500
0 0.034375 0.775391 0.050000 0.062500
0 0.150000 0.960938 0.050000 0.062500
0 0.564063 0.816406 0.050000 0.062500
0 0.575000 0.765625 0.050000 0.062500
0 0.689063 0.843750 0.050000 0.062500
0 0.760938 0.822266 0.050000 0.062500
0 0.787500 0.855469 0.050000 0.062500
0 0.721875 0.908203 0.050000 0.062500
0 0.707812 0.917969 0.050000 0.062500
0 0.767188 0.908203 0.050000 0.062500
0 0.731250 0.937500 0.050000 0.062500
0 0.918750 0.900391 0.050000 0.062500
0 0.701562 0.822266 0.050000 0.062500
0 0.090625 0.371094 0.050000 0.062500
0 0.067187 0.349609 0.050000 0.062500
0 0.042188 0.333984 0.050000 0.062500
0 0.029687 0.300781 0.050000 0.062500
0 0.031250 0.275391 0.050000 0.062500
0 0.046875 0.173828 0.050000 0.062500
0 0.043750 0.140625 0.050000 0.062500
0 0.023438 0.138672 0.046875 0.062500
0 0.019531 0.177734 0.039062 0.062500
0 0.025000 0.162109 0.050000 0.062500
0 0.021094 0.333984 0.042188 0.062500
0 0.019531 0.378906 0.039062 0.062500
0 0.070312 0.199219 0.050000 0.062500
0 0.084375 0.169922 0.050000 0.062500
0 0.087500 0.138672 0.050000 0.062500
0 0.079687 0.058594 0.050000 0.062500
0 0.143750 0.074219 0.050000 0.062500
0 0.145313 0.022461 0.050000 0.044922
0 0.265625 0.031250 0.050000 0.062500
0 0.323437 0.503906 0.050000 0.062500
0 0.364063 0.457031 0.050000 0.062500
0 0.021875 0.251953 0.043750 0.062500
0 0.092188 0.216797 0.050000 0.062500
