0 0.835938 0.781250 0.050000 0.062500
0 0.807813 0.798828 0.050000 0.062500
0 0.965625 0.716797 0.050000 0.062500
0 0.982812 0.699219 0.034375 0.062500
0 0.978906 0.681641 0.042188 0.062500
0 0.925000 0.681641 0.050000 0.062500
0 0.812500 0.908203 0.050000 0.062500
0 0.737500 0.837891 0.050000 0.062500
0 0.598437 0.759766 0.050000 0.062500
0 0.537500 0.796875 0.050000 0.062500
0 0.429688 0.783203 0.050000 0.062500
0 0.415625 0.763672 0.050000 0.062500
0 0.432812 0.712891 0.050000 0.062500
0 0.454688 0.675781 0.050000 0.062500
0 0.400000 0.591797 0.050000 0.062500
0 0.328125 0.593750 0.050000 0.062500
0 0.325000 0.603516 0.050000 0.062500
0 0.303125 0.544922 0.050000 0.062500
0 0.292187 0.560547 0.050000 0.062500
0 0.234375 0.578125 0.050000 0.062500
0 0.167187 0.490234 0.050000 0.062500
0 0.151562 0.455078 0.050000 0.062500
0 0.159375 0.439453 0.050000 0.062500
0 0.185938 0.406250 0.050000 0.062500
0 0.148438 0.386719 0.050000 0.062500
0 0.132812 0.312500 0.050000 0.062500
0 0.034375 0.087891 0.050000 0.062500
0 0.103125 0.457031 0.050000 0.062500
0 0.090625 0.455078 0.050000 0.062500
0 0.042188 0.435547 0.050000 0.062500
0 0.017188 0.345703 0.034375 0.062500
0 0.065625 0.798828 0.050000 0.062500
0 0.057813 0.761719 0.050000 0.062500
0 0.021875 0.863281 0.043750 0.062500
0 0.035937 0.925781 0.050000 0.062500
0 0.051562 0.957031 0.050000 0.062500
0 0.021094 0.888672 0.042188 0.062500
0 0.106250 0.976562 0.050000 0.046875
0 0.145313 0.979492 0.050000 0.041016
0 0.151562 0.969727 0.050000 0.060547
0 0.070312 0.975586 0.050000 0.048828
0 0.337500 0.969727 0.050000 0.060547
0 0.356250 0.964844 0.050000 0.062500
0 0.264062 0.969727 0.050000 0.060547
0 0.515625 0.960938 0.050000 0.062500
0 0.537500 0.979492 0.050000 0.041016
0 0.418750 0.902344 0.050000 0.062500
0 0.329688 0.738281 0.050000 0.062500
0 0.328125 0.705078 0.050000 0.062500
0 0.242188 0.699219 0.050000 0.062500
0 0.300000 0.101562 0.050000 0.062500
0 0.295312 0.115234 0.050000 0.062500
0 0.285938 0.177734 0.050000 0.062500
0 0.285938 0.197266 0.050000 0.062500
0 0.292187 0.246094 0.050000 0.062500
0 0.281250 0.246094 0.050000 0.062500
0 0.285938 0.296875 0.050000 0.062500
0 0.293750 0.361328 0.050000 0.062500
0 0.328125 0.351562 0.050000 0.062500
0 0.356250 0.375000 0.050000 0.062500
0 0.350000 0.429688 0.050000 0.062500
0 0.375000 0.400391 0.050000 0.062500
0 0.382812 0.378906 0.050000 0.062500
0 0.371875 0.351562 0.050000 0.062500
0 0.378125 0.322266 0.050000 0.062500
0 0.378125 0.292969 0.050000 0.062500
0 0.337500 0.298828 0.050000 0.062500
0 0.337500 0.320312 0.050000 0.062500
0 0.400000 0.316406 0.050000 0.062500
0 0.390625 0.289062 0.050000 0.062500
0 0.390625 0.253906 0.050000 0.062500
0 0.376563 0.248047 0.050000 0.062500
0 0.353125 0.175781 0.050000 0.062500
0 0.329688 0.224609 0.050000 0.062500
0 0.376563 0.152344 0.050000 0.062500
0 0.378125 0.132812 0.050000 0.062500
0 0.343750 0.105469 0.050000 0.062500
0 0.446875 0.128906 0.050000 0.062500
0 0.443750 0.167969 0.050000 0.062500
0 0.434375 0.201172 0.050000 0.062500
0 0.453125 0.212891 0.050000 0.062500
0 0.407813 0.173828 0.050000 0.062500
0 0.400000 0.119141 0.050000 0.062500
0 0.450000 0.031250 0.050000 0.062500
0 0.448437 0.016602 0.050000 0.033203
0 0.560937 0.093750 0.050000 0.062500
0 0.751563 0.291016 0.050000 0.062500
0 0.751563 0.308594 0.050000 0.062500
0 0.714063 0.269531 0.050000 0.062500
0 0.709375 0.453125 0.050000 0.062500
0 0.690625 0.488281 0.050000 0.062500
0 0.439063 0.449219 0.050000 0.062500
0 0.423438 0.433594 0.050000 0.062500
0 0.835938 0.146484 0.050000 0.062500
