0 0.225000 0.468750 0.050000 0.062500
0 0.242188 0.460938 0.050000 0.062500
0 0.264062 0.466797 0.050000 0.062500
0 0.031250 0.550781 0.050000 0.062500
0 0.034375 0.650391 0.050000 0.062500
0 0.045312 0.681641 0.050000 0.062500
0 0.034375 0.771484 0.050000 0.062500
0 0.016406 0.730469 0.032813 0.062500
0 0.017969 0.896484 0.035937 0.062500
0 0.028125 0.878906 0.050000 0.062500
0 0.360938 0.683594 0.050000 0.062500
0 0.328125 0.732422 0.050000 0.062500
0 0.292187 0.732422 0.050000 0.062500
0 0.354687 0.898438 0.050000 0.062500
0 0.023438 0.023438 0.046875 0.046875
0 0.050000 0.026367 0.050000 0.052734
0 0.143750 0.078125 0.050000 0.062500
0 0.304688 0.028320 0.050000 0.056641
0 0.146875 0.171875 0.050000 0.062500
0 0.131250 0.197266 0.050000 0.062500
0 0.171875 0.246094 0.050000 0.062500
0 0.153125 0.253906 0.050000 0.062500
0 0.135937 0.261719 0.050000 0.062500
0 0.110937 0.261719 0.050000 0.062500
0 0.129688 0.322266 0.050000 0.062500
0 0.076563 0.310547 0.050000 0.062500
0 0.068750 0.263672 0.050000 0.062500
0 0.089063 0.269531 0.050000 0.062500
0 0.016406 0.287109 0.032813 0.062500
0 0.014844 0.351562 0.029687 0.062500
0 0.029687 0.355469 0.050000 0.062500
0 0.054688 0.414062 0.050000 0.062500
0 0.079687 0.435547 0.050000 0.062500
0 0.037500 0.462891 0.050000 0.062500
0 0.620313 0.175781 0.050000 0.062500
0 0.626563 0.210938 0.050000 0.062500
0 0.503125 0.373047 0.050000 0.062500
0 0.509375 0.410156 0.050000 0.062500
0 0.421875 0.359375 0.050000 0.062500
0 0.425000 0.470703 0.050000 0.062500
0 0.618750 0.519531 0.050000 0.062500
0 0.581250 0.636719 0.050000 0.062500
0 0.565625 0.648438 0.050000 0.062500
0 0.539062 0.615234 0.050000 0.062500
0 0.696875 0.761719 0.050000 0.062500
0 0.678125 0.785156 0.050000 0.062500
0 0.721875 0.742188 0.050000 0.062500
0 0.718750 0.859375 0.050000 0.062500
0 0.807813 0.804688 0.050000 0.062500
0 0.653125 0.951172 0.050000 0.062500
0 0.964063 0.712891 0.050000 0.062500
0 0.950000 0.597656 0.050000 0.062500
0 0.950000 0.574219 0.050000 0.062500
0 0.925000 0.525391 0.050000 0.062500
0 0.773438 0.228516 0.050000 0.062500
0 0.771875 0.263672 0.050000 0.062500
0 0.803125 0.263672 0.050000 0.062500
0 0.659375 0.070312 0.050000 0.062500
0 0.678125 0.064453 0.050000 0.062500
0 0.689063 0.050781 0.050000 0.062500
0 0.434375 0.769531 0.050000 0.062500
0 0.462500 0.777344 0.050000 0.062500
0 0.482812 0.769531 0.050000 0.062500
0 0.495312 0.757812 0.050000 0.062500
0 0.951562 0.054688 0.050000 0.062500
0 0.898438 0.134766 0.050000 0.062500
0 0.953125 0.203125 0.050000 0.062500
