0 0.112500 0.832031 0.050000 0.062500
0 0.160938 0.800781 0.050000 0.062500
0 0.229687 0.845703 0.050000 0.062500
0 0.287500 0.832031 0.050000 0.062500
0 0.279687 0.763672 0.050000 0.062500
0 0.181250 0.853516 0.050000 0.062500
0 0.406250 0.621094 0.050000 0.062500
0 0.404687 0.650391 0.050000 0.062500
0 0.323437 0.564453 0.050000 0.062500
0 0.465625 0.757812 0.050000 0.062500
0 0.417187 0.769531 0.050000 0.062500
0 0.087500 0.236328 0.050000 0.062500
0 0.082812 0.265625 0.050000 0.062500
0 0.126562 0.121094 0.050000 0.062500
0 0.023438 0.126953 0.046875 0.062500
0 0.146875 0.107422 0.050000 0.062500
0 0.409375 0.115234 0.050000 0.062500
0 0.707812 0.046875 0.050000 0.062500
0 0.762500 0.041016 0.050000 0.062500
0 0.804688 0.048828 0.050000 0.062500
0 0.840625 0.044922 0.050000 0.062500
0 0.940625 0.042969 0.050000 0.062500
0 0.881250 0.046875 0.050000 0.062500
0 0.907813 0.046875 0.050000 0.062500
0 0.231250 0.292969 0.050000 0.062500
0 0.217188 0.316406 0.050000 0.062500
0 0.243750 0.343750 0.050000 0.062500
0 0.262500 0.322266 0.050000 0.062500
0 0.706250 0.642578 0.050000 0.062500
0 0.707812 0.673828 0.050000 0.062500
0 0.732812 0.687500 0.050000 0.062500
0 0.795312 0.683594 0.050000 0.062500
0 0.825000 0.695312 0.050000 0.062500
0 0.860938 0.697266 0.050000 0.062500
0 0.887500 0.695312 0.050000 0.062500
0 0.923438 0.697266 0.050000 0.062500
0 0.960938 0.703125 0.050000 0.062500
0 0.953125 0.763672 0.050000 0.062500
0 0.904687 0.753906 0.050000 0.062500
0 0.942187 0.820312 0.050000 0.062500
0 0.864062 0.804688 0.050000 0.062500
0 0.814063 0.818359 0.050000 0.062500
0 0.710938 0.798828 0.050000 0.062500
0 0.665625 0.736328 0.050000 0.062500
0 0.709375 0.738281 0.050000 0.062500
0 0.756250 0.746094 0.050000 0.062500
0 0.796875 0.753906 0.050000 0.062500
0 0.753125 0.800781 0.050000 0.062500
0 0.678125 0.914062 0.050000 0.062500
0 0.609375 0.681641 0.050000 0.062500
0 0.640625 0.667969 0.050000 0.062500
0 0.940625 0.574219 0.050000 0.062500
0 0.934375 0.478516 0.050000 0.062500
0 0.021094 0.531250 0.042188 0.062500
0 0.020313 0.552734 0.040625 0.062500
