0 0.032813 0.193359 0.050000 0.062500
0 0.098437 0.203125 0.050000 0.062500
0 0.150000 0.197266 0.050000 0.062500
0 0.231250 0.201172 0.050000 0.062500
0 0.245312 0.169922 0.050000 0.062500
0 0.231250 0.134766 0.050000 0.062500
0 0.179688 0.142578 0.050000 0.062500
0 0.151562 0.142578 0.050000 0.062500
0 0.115625 0.144531 0.050000 0.062500
0 0.075000 0.140625 0.050000 0.062500
0 0.040625 0.148438 0.050000 0.062500
0 0.062500 0.083984 0.050000 0.062500
0 0.098437 0.082031 0.050000 0.062500
0 0.123438 0.085938 0.050000 0.062500
0 0.170313 0.087891 0.050000 0.062500
0 0.220312 0.091797 0.050000 0.062500
0 0.239063 0.060547 0.050000 0.062500
0 0.240625 0.026367 0.050000 0.052734
0 0.273438 0.234375 0.050000 0.062500
0 0.260937 0.261719 0.050000 0.062500
0 0.245312 0.285156 0.050000 0.062500
0 0.289062 0.199219 0.050000 0.062500
0 0.284375 0.119141 0.050000 0.062500
0 0.331250 0.082031 0.050000 0.062500
0 0.328125 0.037109 0.050000 0.062500
0 0.331250 0.138672 0.050000 0.062500
0 0.446875 0.435547 0.050000 0.062500
0 0.384375 0.316406 0.050000 0.062500
0 0.487500 0.414062 0.050000 0.062500
0 0.467187 0.476562 0.050000 0.062500
0 0.126562 0.527344 0.050000 0.062500
0 0.087500 0.697266 0.050000 0.062500
0 0.109375 0.650391 0.050000 0.062500
0 0.134375 0.720703 0.050000 0.062500
0 0.112500 0.724609 0.050000 0.062500
0 0.134375 0.693359 0.050000 0.062500
0 0.131250 0.865234 0.050000 0.062500
0 0.309375 0.779297 0.050000 0.062500
0 0.373437 0.703125 0.050000 0.062500
0 0.403125 0.589844 0.050000 0.062500
0 0.518750 0.794922 0.050000 0.062500
0 0.406250 0.605469 0.050000 0.062500
0 0.600000 0.458984 0.050000 0.062500
0 0.696875 0.396484 0.050000 0.062500
0 0.712500 0.033203 0.050000 0.062500
0 0.753125 0.070312 0.050000 0.062500
0 0.856250 0.024414 0.050000 0.048828
0 0.889062 0.097656 0.050000 0.062500
0 0.968750 0.066406 0.050000 0.062500
0 0.979688 0.087891 0.040625 0.062500
0 0.970313 0.349609 0.050000 0.062500
0 0.959375 0.527344 0.050000 0.062500
0 0.826562 0.488281 0.050000 0.062500
0 0.778125 0.562500 0.050000 0.062500
0 0.776563 0.621094 0.050000 0.062500
0 0.820312 0.626953 0.050000 0.062500
0 0.882812 0.570312 0.050000 0.062500
0 0.950000 0.626953 0.050000 0.062500
0 0.945312 0.691406 0.050000 0.062500
0 0.937500 0.769531 0.050000 0.062500
0 0.953125 0.845703 0.050000 0.062500
0 0.935937 0.910156 0.050000 0.062500
0 0.950000 0.971680 0.050000 0.056641
0 0.893750 0.914062 0.050000 0.062500
0 0.868750 0.828125 0.050000 0.062500
0 0.871875 0.794922 0.050000 0.062500
0 0.776563 0.828125 0.050000 0.062500
0 0.759375 0.746094 0.050000 0.062500
0 0.779687 0.677734 0.050000 0.062500
0 0.814063 0.689453 0.050000 0.062500
