0 0.179688 0.921875 0.050000 0.062500
0 0.192188 0.906250 0.050000 0.062500
0 0.259375 0.828125 0.050000 0.062500
0 0.242188 0.748047 0.050000 0.062500
0 0.260937 0.683594 0.050000 0.062500
0 0.287500 0.681641 0.050000 0.062500
0 0.298438 0.625000 0.050000 0.062500
0 0.256250 0.628906 0.050000 0.062500
0 0.267188 0.574219 0.050000 0.062500
0 0.212500 0.556641 0.050000 0.062500
0 0.067187 0.580078 0.050000 0.062500
0 0.118750 0.433594 0.050000 0.062500
0 0.156250 0.361328 0.050000 0.062500
0 0.148438 0.349609 0.050000 0.062500
0 0.170313 0.179688 0.050000 0.062500
0 0.209375 0.035156 0.050000 0.062500
0 0.459375 0.066406 0.050000 0.062500
0 0.479687 0.076172 0.050000 0.062500
0 0.637500 0.052734 0.050000 0.062500
0 0.689063 0.277344 0.050000 0.062500
0 0.650000 0.320312 0.050000 0.062500
0 0.745313 0.281250 0.050000 0.062500
0 0.735938 0.357422 0.050000 0.062500
0 0.951562 0.316406 0.050000 0.062500
0 0.896875 0.271484 0.050000 0.062500
0 0.907813 0.363281 0.050000 0.062500
0 0.851562 0.136719 0.050000 0.062500
0 0.857812 0.033203 0.050000 0.062500
0 0.753125 0.037109 0.050000 0.062500
0 0.871875 0.591797 0.050000 0.062500
0 0.848437 0.587891 0.050000 0.062500
0 0.782813 0.583984 0.050000 0.062500
0 0.790625 0.619141 0.050000 0.062500
0 0.775000 0.679688 0.050000 0.062500
0 0.803125 0.642578 0.050000 0.062500
0 0.750000 0.632812 0.050000 0.062500
0 0.664062 0.685547 0.050000 0.062500
0 0.660937 0.746094 0.050000 0.062500
0 0.668750 0.791016 0.050000 0.062500
0 0.585938 0.792969 0.050000 0.062500
0 0.495312 0.767578 0.050000 0.062500
0 0.420312 0.775391 0.050000 0.062500
0 0.426563 0.689453 0.050000 0.062500
0 0.421875 0.628906 0.050000 0.062500
0 0.504687 0.640625 0.050000 0.062500
0 0.495312 0.689453 0.050000 0.062500
0 0.510938 0.861328 0.050000 0.062500
0 0.440625 0.855469 0.050000 0.062500
0 0.409375 0.925781 0.050000 0.062500
0 0.375000 0.919922 0.050000 0.062500
0 0.432812 0.976562 0.050000 0.046875
0 0.512500 0.957031 0.050000 0.062500
0 0.689063 0.853516 0.050000 0.062500
0 0.757812 0.890625 0.050000 0.062500
0 0.750000 0.755859 0.050000 0.062500
0 0.967187 0.943359 0.050000 0.062500
0 0.979688 0.958984 0.040625 0.062500
0 0.985156 0.974609 0.029687 0.050781
0 0.975781 0.707031 0.048438 0.062500
0 0.948438 0.666016 0.050000 0.062500
0 0.887500 0.632812 0.050000 0.062500
0 0.964063 0.582031 0.050000 0.062500
0 0.951562 0.566406 0.050000 0.062500
0 0.984375 0.644531 0.031250 0.062500
0 0.482812 0.429688 0.050000 0.062500
0 0.442188 0.535156 0.050000 0.062500
0 0.306250 0.496094 0.050000 0.062500
0 0.353125 0.587891 0.050000 0.062500
0 0.567187 0.599609 0.050000 0.062500
0 0.640625 0.552734 0.050000 0.062500
0 0.682813 0.548828 0.050000 0.062500
0 0.814063 0.232422 0.050000 0.062500
