0 0.090625 0.310547 0.050000 0.062500
0 0.050000 0.152344 0.050000 0.062500
0 0.143750 0.064453 0.050000 0.062500
0 0.176563 0.134766 0.050000 0.062500
0 0.164062 0.148438 0.050000 0.062500
0 0.064062 0.603516 0.050000 0.062500
0 0.070312 0.552734 0.050000 0.062500
0 0.064062 0.726562 0.050000 0.062500
0 0.064062 0.748047 0.050000 0.062500
0 0.128125 0.894531 0.050000 0.062500
0 0.273438 0.597656 0.050000 0.062500
0 0.440625 0.794922 0.050000 0.062500
0 0.459375 0.818359 0.050000 0.062500
0 0.528125 0.740234 0.050000 0.062500
0 0.612500 0.822266 0.050000 0.062500
0 0.615625 0.882812 0.050000 0.062500
0 0.581250 0.591797 0.050000 0.062500
0 0.681250 0.640625 0.050000 0.062500
0 0.704688 0.626953 0.050000 0.062500
0 0.810937 0.697266 0.050000 0.062500
0 0.768750 0.740234 0.050000 0.062500
0 0.860938 0.785156 0.050000 0.062500
0 0.884375 0.750000 0.050000 0.062500
0 0.829688 0.869141 0.050000 0.062500
0 0.796875 0.969727 0.050000 0.060547
0 0.809375 0.968750 0.050000 0.062500
0 0.562500 0.404297 0.050000 0.062500
0 0.548438 0.398438 0.050000 0.062500
0 0.543750 0.416016 0.050000 0.062500
0 0.657813 0.248047 0.050000 0.062500
0 0.645312 0.232422 0.050000 0.062500
0 0.862500 0.250000 0.050000 0.062500
0 0.873437 0.263672 0.050000 0.062500
0 0.845313 0.292969 0.050000 0.062500
0 0.832812 0.273438 0.050000 0.062500
0 0.815625 0.289062 0.050000 0.062500
0 0.823438 0.308594 0.050000 0.062500
0 0.834375 0.322266 0.050000 0.062500
0 0.957812 0.437500 0.050000 0.062500
0 0.960938 0.390625 0.050000 0.062500
0 0.028125 0.046875 0.050000 0.062500
