0 0.039062 0.093750 0.050000 0.062500
0 0.050000 0.121094 0.050000 0.062500
0 0.075000 0.115234 0.050000 0.062500
0 0.064062 0.068359 0.050000 0.062500
0 0.153125 0.109375 0.050000 0.062500
0 0.125000 0.222656 0.050000 0.062500
0 0.076563 0.179688 0.050000 0.062500
0 0.025000 0.203125 0.050000 0.062500
0 0.037500 0.236328 0.050000 0.062500
0 0.107813 0.324219 0.050000 0.062500
0 0.073438 0.384766 0.050000 0.062500
0 0.075000 0.431641 0.050000 0.062500
0 0.034375 0.429688 0.050000 0.062500
0 0.032813 0.511719 0.050000 0.062500
0 0.068750 0.472656 0.050000 0.062500
0 0.075000 0.519531 0.050000 0.062500
0 0.076563 0.605469 0.050000 0.062500
0 0.068750 0.644531 0.050000 0.062500
0 0.073438 0.710938 0.050000 0.062500
0 0.059375 0.841797 0.050000 0.062500
0 0.019531 0.835938 0.039062 0.062500
0 0.018750 0.896484 0.037500 0.062500
0 0.029687 0.777344 0.050000 0.062500
0 0.070312 0.787109 0.050000 0.062500
0 0.040625 0.699219 0.050000 0.062500
0 0.024219 0.636719 0.048438 0.062500
0 0.292187 0.697266 0.050000 0.062500
0 0.290625 0.728516 0.050000 0.062500
0 0.351562 0.587891 0.050000 0.062500
0 0.357812 0.564453 0.050000 0.062500
0 0.345313 0.542969 0.050000 0.062500
0 0.371875 0.375000 0.050000 0.062500
0 0.376563 0.263672 0.050000 0.062500
0 0.195312 0.240234 0.050000 0.062500
0 0.209375 0.310547 0.050000 0.062500
0 0.242188 0.160156 0.050000 0.062500
0 0.232813 0.087891 0.050000 0.062500
0 0.217188 0.093750 0.050000 0.062500
0 0.331250 0.111328 0.050000 0.062500
0 0.451562 0.082031 0.050000 0.062500
0 0.564063 0.564453 0.050000 0.062500
0 0.407813 0.873047 0.050000 0.062500
0 0.776563 0.701172 0.050000 0.062500
0 0.889062 0.804688 0.050000 0.062500
0 0.892188 0.869141 0.050000 0.062500
0 0.871875 0.556641 0.050000 0.062500
0 0.968750 0.593750 0.050000 0.062500
0 0.980469 0.597656 0.039062 0.062500
0 0.846875 0.375000 0.050000 0.062500
0 0.837500 0.369141 0.050000 0.062500
0 0.832812 0.392578 0.050000 0.062500
0 0.928125 0.212891 0.050000 0.062500
0 0.920312 0.195312 0.050000 0.062500
0 0.943750 0.208984 0.050000 0.062500
0 0.923438 0.677734 0.050000 0.062500
