0 0.043750 0.226562 0.050000 0.062500
0 0.050000 0.175781 0.050000 0.062500
0 0.056250 0.123047 0.050000 0.062500
0 0.016406 0.115234 0.032813 0.062500
0 0.022656 0.177734 0.045312 0.062500
0 0.016406 0.232422 0.032813 0.062500
0 0.015625 0.064453 0.031250 0.062500
0 0.035937 0.029297 0.050000 0.058594
0 0.112500 0.042969 0.050000 0.062500
0 0.079687 0.083984 0.050000 0.062500
0 0.134375 0.083984 0.050000 0.062500
0 0.120313 0.140625 0.050000 0.062500
0 0.089063 0.169922 0.050000 0.062500
0 0.089063 0.244141 0.050000 0.062500
0 0.157812 0.128906 0.050000 0.062500
0 0.181250 0.078125 0.050000 0.062500
0 0.156250 0.026367 0.050000 0.052734
0 0.195312 0.026367 0.050000 0.052734
0 0.203125 0.128906 0.050000 0.062500
0 0.231250 0.126953 0.050000 0.062500
0 0.242188 0.076172 0.050000 0.062500
0 0.262500 0.126953 0.050000 0.062500
0 0.287500 0.070312 0.050000 0.062500
0 0.287500 0.031250 0.050000 0.062500
0 0.320312 0.021484 0.050000 0.042969
0 0.328125 0.076172 0.050000 0.062500
0 0.312500 0.130859 0.050000 0.062500
0 0.348438 0.125000 0.050000 0.062500
0 0.376563 0.128906 0.050000 0.062500
0 0.378125 0.074219 0.050000 0.062500
0 0.378125 0.025391 0.050000 0.050781
0 0.407813 0.020508 0.050000 0.041016
0 0.401562 0.083984 0.050000 0.062500
0 0.431250 0.083984 0.050000 0.062500
0 0.451562 0.113281 0.050000 0.062500
0 0.473438 0.087891 0.050000 0.062500
0 0.465625 0.044922 0.050000 0.062500
0 0.475000 0.166016 0.050000 0.062500
0 0.432812 0.199219 0.050000 0.062500
0 0.443750 0.226562 0.050000 0.062500
0 0.479687 0.300781 0.050000 0.062500
0 0.395313 0.347656 0.050000 0.062500
0 0.429688 0.365234 0.050000 0.062500
0 0.482812 0.378906 0.050000 0.062500
0 0.476562 0.421875 0.050000 0.062500
0 0.432812 0.429688 0.050000 0.062500
0 0.398438 0.402344 0.050000 0.062500
0 0.400000 0.482422 0.050000 0.062500
0 0.325000 0.484375 0.050000 0.062500
0 0.382812 0.539062 0.050000 0.062500
0 0.387500 0.589844 0.050000 0.062500
0 0.387500 0.626953 0.050000 0.062500
0 0.387500 0.677734 0.050000 0.062500
0 0.387500 0.701172 0.050000 0.062500
0 0.385937 0.730469 0.050000 0.062500
0 0.385937 0.771484 0.050000 0.062500
0 0.323437 0.796875 0.050000 0.062500
0 0.250000 0.775391 0.050000 0.062500
0 0.196875 0.785156 0.050000 0.062500
0 0.159375 0.775391 0.050000 0.062500
0 0.195312 0.839844 0.050000 0.062500
0 0.237500 0.839844 0.050000 0.062500
0 0.295312 0.847656 0.050000 0.062500
0 0.264062 0.892578 0.050000 0.062500
0 0.137500 0.888672 0.050000 0.062500
0 0.068750 0.974609 0.050000 0.050781
0 0.290625 0.900391 0.050000 0.062500
0 0.328125 0.849609 0.050000 0.062500
0 0.354687 0.849609 0.050000 0.062500
0 0.389062 0.853516 0.050000 0.062500
0 0.375000 0.916016 0.050000 0.062500
0 0.426563 0.910156 0.050000 0.062500
0 0.426563 0.835938 0.050000 0.062500
0 0.434375 0.779297 0.050000 0.062500
0 0.437500 0.517578 0.050000 0.062500
0 0.440625 0.626953 0.050000 0.062500
0 0.478125 0.654297 0.050000 0.062500
0 0.473438 0.609375 0.050000 0.062500
0 0.478125 0.517578 0.050000 0.062500
0 0.426563 0.472656 0.050000 0.062500
0 0.478125 0.468750 0.050000 0.062500
0 0.523438 0.208984 0.050000 0.062500
0 0.525000 0.140625 0.050000 0.062500
0 0.551562 0.091797 0.050000 0.062500
0 0.548438 0.107422 0.050000 0.062500
0 0.559375 0.037109 0.050000 0.062500
0 0.532813 0.026367 0.050000 0.052734
0 0.642188 0.115234 0.050000 0.062500
0 0.632812 0.125000 0.050000 0.062500
0 0.646875 0.164062 0.050000 0.062500
0 0.789062 0.275391 0.050000 0.062500
0 0.604688 0.240234 0.050000 0.062500
0 0.542188 0.246094 0.050000 0.062500
0 0.618750 0.316406 0.050000 0.062500
0 0.782813 0.378906 0.050000 0.062500
0 0.760938 0.548828 0.050000 0.062500
0 0.760938 0.564453 0.050000 0.062500
0 0.760938 0.582031 0.050000 0.062500
0 0.967187 0.570312 0.050000 0.062500
0 0.823438 0.048828 0.050000 0.062500
0 0.821875 0.058594 0.050000 0.062500
0 0.856250 0.875000 0.050000 0.062500
0 0.870313 0.947266 0.050000 0.062500
0 0.643750 0.734375 0.050000 0.062500
0 0.646875 0.755859 0.050000 0.062500
0 0.482812 0.693359 0.050000 0.062500
0 0.484375 0.785156 0.050000 0.062500
0 0.489063 0.835938 0.050000 0.062500
