0 0.098437 0.675781 0.050000 0.062500
0 0.096875 0.691406 0.050000 0.062500
0 0.164062 0.800781 0.050000 0.062500
0 0.143750 0.812500 0.050000 0.062500
0 0.109375 0.849609 0.050000 0.062500
0 0.120313 0.908203 0.050000 0.062500
0 0.120313 0.927734 0.050000 0.062500
0 0.373437 0.914062 0.050000 0.062500
0 0.195312 0.973633 0.050000 0.052734
0 0.496875 0.845703 0.050000 0.062500
0 0.478125 0.753906 0.050000 0.062500
0 0.540625 0.810547 0.050000 0.062500
0 0.578125 0.808594 0.050000 0.062500
0 0.596875 0.859375 0.050000 0.062500
0 0.643750 0.880859 0.050000 0.062500
0 0.618750 0.820312 0.050000 0.062500
0 0.664062 0.812500 0.050000 0.062500
0 0.668750 0.763672 0.050000 0.062500
0 0.700000 0.822266 0.050000 0.062500
0 0.718750 0.882812 0.050000 0.062500
0 0.770312 0.873047 0.050000 0.062500
0 0.742188 0.824219 0.050000 0.062500
0 0.757812 0.779297 0.050000 0.062500
0 0.801562 0.794922 0.050000 0.062500
0 0.804688 0.734375 0.050000 0.062500
0 0.748437 0.718750 0.050000 0.062500
0 0.707812 0.710938 0.050000 0.062500
0 0.704688 0.683594 0.050000 0.062500
0 0.710938 0.654297 0.050000 0.062500
0 0.714063 0.628906 0.050000 0.062500
0 0.571875 0.650391 0.050000 0.062500
0 0.542188 0.404297 0.050000 0.062500
0 0.400000 0.222656 0.050000 0.062500
0 0.354687 0.216797 0.050000 0.062500
0 0.310937 0.222656 0.050000 0.062500
0 0.135937 0.169922 0.050000 0.062500
0 0.145313 0.134766 0.050000 0.062500
0 0.315625 0.144531 0.050000 0.062500
0 0.307812 0.095703 0.050000 0.062500
0 0.309375 0.048828 0.050000 0.062500
0 0.370312 0.048828 0.050000 0.062500
0 0.362500 0.101562 0.050000 0.062500
0 0.362500 0.150391 0.050000 0.062500
0 0.396875 0.156250 0.050000 0.062500
0 0.417187 0.095703 0.050000 0.062500
0 0.431250 0.050781 0.050000 0.062500
0 0.484375 0.042969 0.050000 0.062500
0 0.460938 0.095703 0.050000 0.062500
0 0.501563 0.099609 0.050000 0.062500
0 0.531250 0.089844 0.050000 0.062500
0 0.562500 0.097656 0.050000 0.062500
0 0.542188 0.042969 0.050000 0.062500
0 0.593750 0.037109 0.050000 0.062500
0 0.610938 0.091797 0.050000 0.062500
0 0.634375 0.044922 0.050000 0.062500
0 0.690625 0.089844 0.050000 0.062500
0 0.707812 0.044922 0.050000 0.062500
0 0.675000 0.042969 0.050000 0.062500
0 0.740625 0.044922 0.050000 0.062500
0 0.764062 0.080078 0.050000 0.062500
0 0.759375 0.140625 0.050000 0.062500
0 0.764062 0.171875 0.050000 0.062500
0 0.725000 0.101562 0.050000 0.062500
0 0.785937 0.039062 0.050000 0.062500
0 0.795312 0.115234 0.050000 0.062500
0 0.804688 0.216797 0.050000 0.062500
0 0.796875 0.320312 0.050000 0.062500
0 0.750000 0.300781 0.050000 0.062500
0 0.710938 0.298828 0.050000 0.062500
0 0.710938 0.357422 0.050000 0.062500
0 0.643750 0.451172 0.050000 0.062500
0 0.756250 0.460938 0.050000 0.062500
0 0.800000 0.457031 0.050000 0.062500
0 0.798438 0.416016 0.050000 0.062500
0 0.798438 0.359375 0.050000 0.062500
0 0.759375 0.363281 0.050000 0.062500
0 0.715625 0.482422 0.050000 0.062500
0 0.710938 0.537109 0.050000 0.062500
0 0.704688 0.580078 0.050000 0.062500
0 0.760938 0.570312 0.050000 0.062500
0 0.798438 0.591797 0.050000 0.062500
0 0.800000 0.546875 0.050000 0.062500
0 0.751563 0.646484 0.050000 0.062500
0 0.800000 0.654297 0.050000 0.062500
0 0.912500 0.730469 0.050000 0.062500
0 0.906250 0.761719 0.050000 0.062500
0 0.837500 0.185547 0.050000 0.062500
0 0.834375 0.259766 0.050000 0.062500
0 0.831250 0.154297 0.050000 0.062500
0 0.842187 0.109375 0.050000 0.062500
0 0.870313 0.078125 0.050000 0.062500
0 0.954688 0.091797 0.050000 0.062500
0 0.950000 0.130859 0.050000 0.062500
0 0.909375 0.216797 0.050000 0.062500
0 0.931250 0.289062 0.050000 0.062500
