0 0.051562 0.494141 0.050000 0.062500
0 0.056250 0.517578 0.050000 0.062500
0 0.109375 0.501953 0.050000 0.062500
0 0.134375 0.541016 0.050000 0.062500
0 0.090625 0.585938 0.050000 0.062500
0 0.107813 0.574219 0.050000 0.062500
0 0.053125 0.968750 0.050000 0.062500
0 0.095312 0.861328 0.050000 0.062500
0 0.176563 0.855469 0.050000 0.062500
0 0.193750 0.865234 0.050000 0.062500
0 0.217188 0.914062 0.050000 0.062500
0 0.184375 0.914062 0.050000 0.062500
0 0.276562 0.605469 0.050000 0.062500
0 0.312500 0.361328 0.050000 0.062500
0 0.345313 0.363281 0.050000 0.062500
0 0.329688 0.339844 0.050000 0.062500
0 0.176563 0.287109 0.050000 0.062500
0 0.184375 0.103516 0.050000 0.062500
0 0.196875 0.058594 0.050000 0.062500
0 0.531250 0.162109 0.050000 0.062500
0 0.521875 0.152344 0.050000 0.062500
0 0.720313 0.022461 0.050000 0.044922
0 0.715625 0.048828 0.050000 0.062500
0 0.718750 0.099609 0.050000 0.062500
0 0.715625 0.160156 0.050000 0.062500
0 0.721875 0.228516 0.050000 0.062500
0 0.768750 0.222656 0.050000 0.062500
0 0.770312 0.160156 0.050000 0.062500
0 0.768750 0.103516 0.050000 0.062500
0 0.773438 0.039062 0.050000 0.062500
0 0.810937 0.103516 0.050000 0.062500
0 0.809375 0.162109 0.050000 0.062500
0 0.807813 0.228516 0.050000 0.062500
0 0.856250 0.103516 0.050000 0.062500
0 0.881250 0.050781 0.050000 0.062500
0 0.826562 0.054688 0.050000 0.062500
0 0.895312 0.105469 0.050000 0.062500
0 0.931250 0.109375 0.050000 0.062500
0 0.960938 0.109375 0.050000 0.062500
0 0.931250 0.054688 0.050000 0.062500
0 0.939063 0.018555 0.050000 0.037109
0 0.909375 0.744141 0.050000 0.062500
0 0.953125 0.787109 0.050000 0.062500
0 0.925000 0.816406 0.050000 0.062500
0 0.734375 0.849609 0.050000 0.062500
0 0.982812 0.792969 0.034375 0.062500
0 0.985156 0.099609 0.029687 0.062500
0 0.507812 0.687500 0.050000 0.062500
0 0.576562 0.810547 0.050000 0.062500
0 0.543750 0.835938 0.050000 0.062500
0 0.551562 0.814453 0.050000 0.062500
0 0.568750 0.919922 0.050000 0.062500
0 0.571875 0.931641 0.050000 0.062500
0 0.584375 0.960938 0.050000 0.062500
0 0.604688 0.972656 0.050000 0.054688
0 0.593750 0.979492 0.050000 0.041016
