0 0.256250 0.636719 0.050000 0.062500
0 0.376563 0.582031 0.050000 0.062500
0 0.357812 0.529297 0.050000 0.062500
0 0.406250 0.521484 0.050000 0.062500
0 0.396875 0.501953 0.050000 0.062500
0 0.446875 0.552734 0.050000 0.062500
0 0.498437 0.546875 0.050000 0.062500
0 0.457813 0.583984 0.050000 0.062500
0 0.473438 0.607422 0.050000 0.062500
0 0.162500 0.812500 0.050000 0.062500
0 0.148438 0.792969 0.050000 0.062500
0 0.139063 0.777344 0.050000 0.062500
0 0.106250 0.714844 0.050000 0.062500
0 0.106250 0.677734 0.050000 0.062500
0 0.059375 0.740234 0.050000 0.062500
0 0.022656 0.728516 0.045312 0.062500
0 0.093750 0.859375 0.050000 0.062500
0 0.024219 0.978516 0.048438 0.042969
0 0.271875 0.873047 0.050000 0.062500
0 0.578125 0.859375 0.050000 0.062500
0 0.621875 0.802734 0.050000 0.062500
0 0.856250 0.777344 0.050000 0.062500
0 0.803125 0.748047 0.050000 0.062500
0 0.885938 0.730469 0.050000 0.062500
0 0.945312 0.722656 0.050000 0.062500
0 0.850000 0.679688 0.050000 0.062500
0 0.878125 0.667969 0.050000 0.062500
0 0.831250 0.656250 0.050000 0.062500
0 0.864062 0.654297 0.050000 0.062500
0 0.871875 0.630859 0.050000 0.062500
0 0.914062 0.623047 0.050000 0.062500
0 0.962500 0.583984 0.050000 0.062500
0 0.907813 0.564453 0.050000 0.062500
0 0.829688 0.578125 0.050000 0.062500
0 0.810937 0.585938 0.050000 0.062500
0 0.820312 0.562500 0.050000 0.062500
0 0.832812 0.544922 0.050000 0.062500
0 0.753125 0.589844 0.050000 0.062500
0 0.765625 0.607422 0.050000 0.062500
0 0.664062 0.468750 0.050000 0.062500
0 0.710938 0.460938 0.050000 0.062500
0 0.742188 0.394531 0.050000 0.062500
0 0.768750 0.367188 0.050000 0.062500
0 0.735938 0.337891 0.050000 0.062500
0 0.564063 0.392578 0.050000 0.062500
0 0.420312 0.423828 0.050000 0.062500
0 0.546875 0.128906 0.050000 0.062500
0 0.625000 0.103516 0.050000 0.062500
0 0.637500 0.128906 0.050000 0.062500
0 0.923438 0.367188 0.050000 0.062500
0 0.945312 0.412109 0.050000 0.062500
0 0.943750 0.320312 0.050000 0.062500
0 0.837500 0.496094 0.050000 0.062500
0 0.887500 0.490234 0.050000 0.062500
0 0.564063 0.652344 0.050000 0.062500
0 0.968750 0.507812 0.050000 0.062500
0 0.982031 0.458984 0.035937 0.062500
