0 0.342187 0.681641 0.050000 0.062500
0 0.335938 0.773438 0.050000 0.062500
0 0.314063 0.822266 0.050000 0.062500
0 0.285938 0.789062 0.050000 0.062500
0 0.278125 0.759766 0.050000 0.062500
0 0.267188 0.722656 0.050000 0.062500
0 0.182812 0.873047 0.050000 0.062500
0 0.500000 0.779297 0.050000 0.062500
0 0.482812 0.738281 0.050000 0.062500
0 0.425000 0.601562 0.050000 0.062500
0 0.490625 0.564453 0.050000 0.062500
0 0.504687 0.476562 0.050000 0.062500
0 0.518750 0.408203 0.050000 0.062500
0 0.648438 0.287109 0.050000 0.062500
0 0.667188 0.224609 0.050000 0.062500
0 0.715625 0.169922 0.050000 0.062500
0 0.770312 0.105469 0.050000 0.062500
0 0.729688 0.054688 0.050000 0.062500
0 0.690625 0.039062 0.050000 0.062500
0 0.643750 0.125000 0.050000 0.062500
0 0.614062 0.115234 0.050000 0.062500
0 0.646875 0.849609 0.050000 0.062500
0 0.600000 0.921875 0.050000 0.062500
0 0.667188 0.837891 0.050000 0.062500
0 0.610938 0.802734 0.050000 0.062500
0 0.614062 0.781250 0.050000 0.062500
0 0.603125 0.765625 0.050000 0.062500
0 0.585938 0.734375 0.050000 0.062500
0 0.551562 0.736328 0.050000 0.062500
0 0.518750 0.738281 0.050000 0.062500
0 0.498437 0.740234 0.050000 0.062500
0 0.635938 0.742188 0.050000 0.062500
0 0.621875 0.714844 0.050000 0.062500
0 0.525000 0.660156 0.050000 0.062500
0 0.587500 0.605469 0.050000 0.062500
0 0.643750 0.539062 0.050000 0.062500
0 0.709375 0.560547 0.050000 0.062500
0 0.692187 0.552734 0.050000 0.062500
0 0.673438 0.634766 0.050000 0.062500
0 0.910937 0.357422 0.050000 0.062500
0 0.893750 0.359375 0.050000 0.062500
0 0.839063 0.390625 0.050000 0.062500
0 0.821875 0.484375 0.050000 0.062500
0 0.801562 0.363281 0.050000 0.062500
0 0.751563 0.380859 0.050000 0.062500
0 0.692187 0.365234 0.050000 0.062500
0 0.718750 0.337891 0.050000 0.062500
0 0.648438 0.351562 0.050000 0.062500
0 0.629687 0.419922 0.050000 0.062500
0 0.792188 0.273438 0.050000 0.062500
0 0.770312 0.267578 0.050000 0.062500
0 0.862500 0.273438 0.050000 0.062500
0 0.846875 0.294922 0.050000 0.062500
0 0.884375 0.294922 0.050000 0.062500
0 0.909375 0.246094 0.050000 0.062500
0 0.942187 0.269531 0.050000 0.062500
0 0.965625 0.222656 0.050000 0.062500
0 0.828125 0.332031 0.050000 0.062500
0 0.953125 0.501953 0.050000 0.062500
0 0.896875 0.585938 0.050000 0.062500
0 0.912500 0.626953 0.050000 0.062500
0 0.882812 0.683594 0.050000 0.062500
0 0.840625 0.726562 0.050000 0.062500
0 0.729688 0.685547 0.050000 0.062500
0 0.904687 0.744141 0.050000 0.062500
0 0.959375 0.787109 0.050000 0.062500
0 0.975000 0.685547 0.050000 0.062500
0 0.977344 0.548828 0.045312 0.062500
0 0.977344 0.771484 0.045312 0.062500
0 0.185938 0.400391 0.050000 0.062500
0 0.142187 0.470703 0.050000 0.062500
0 0.712500 0.292969 0.050000 0.062500
