0 0.076563 0.097656 0.050000 0.062500
0 0.021875 0.218750 0.043750 0.062500
0 0.067187 0.244141 0.050000 0.062500
0 0.031250 0.277344 0.050000 0.062500
0 0.021875 0.343750 0.043750 0.062500
0 0.093750 0.361328 0.050000 0.062500
0 0.073438 0.396484 0.050000 0.062500
0 0.090625 0.507812 0.050000 0.062500
0 0.031250 0.677734 0.050000 0.062500
0 0.015625 0.654297 0.031250 0.062500
0 0.073438 0.837891 0.050000 0.062500
0 0.164062 0.867188 0.050000 0.062500
0 0.164062 0.919922 0.050000 0.062500
0 0.181250 0.751953 0.050000 0.062500
0 0.189062 0.806641 0.050000 0.062500
0 0.193750 0.843750 0.050000 0.062500
0 0.131250 0.455078 0.050000 0.062500
0 0.142187 0.410156 0.050000 0.062500
0 0.167187 0.375000 0.050000 0.062500
0 0.134375 0.304688 0.050000 0.062500
0 0.115625 0.246094 0.050000 0.062500
0 0.121875 0.154297 0.050000 0.062500
0 0.035937 0.076172 0.050000 0.062500
0 0.190625 0.246094 0.050000 0.062500
0 0.201563 0.294922 0.050000 0.062500
0 0.185938 0.445312 0.050000 0.062500
0 0.160938 0.437500 0.050000 0.062500
0 0.182812 0.533203 0.050000 0.062500
0 0.250000 0.515625 0.050000 0.062500
0 0.268750 0.554688 0.050000 0.062500
0 0.282813 0.509766 0.050000 0.062500
0 0.242188 0.398438 0.050000 0.062500
0 0.259375 0.359375 0.050000 0.062500
0 0.246875 0.275391 0.050000 0.062500
0 0.254688 0.250000 0.050000 0.062500
0 0.273438 0.279297 0.050000 0.062500
0 0.303125 0.251953 0.050000 0.062500
0 0.298438 0.203125 0.050000 0.062500
0 0.301563 0.148438 0.050000 0.062500
0 0.339062 0.189453 0.050000 0.062500
0 0.423438 0.103516 0.050000 0.062500
0 0.367188 0.417969 0.050000 0.062500
0 0.293750 0.701172 0.050000 0.062500
0 0.309375 0.687500 0.050000 0.062500
0 0.306250 0.718750 0.050000 0.062500
0 0.320312 0.703125 0.050000 0.062500
0 0.276562 0.765625 0.050000 0.062500
0 0.248438 0.814453 0.050000 0.062500
0 0.270313 0.845703 0.050000 0.062500
0 0.295312 0.867188 0.050000 0.062500
0 0.300000 0.814453 0.050000 0.062500
0 0.314063 0.796875 0.050000 0.062500
0 0.298438 0.798828 0.050000 0.062500
0 0.342187 0.746094 0.050000 0.062500
0 0.350000 0.726562 0.050000 0.062500
0 0.346875 0.705078 0.050000 0.062500
0 0.357812 0.705078 0.050000 0.062500
0 0.362500 0.748047 0.050000 0.062500
0 0.376563 0.734375 0.050000 0.062500
0 0.354687 0.824219 0.050000 0.062500
0 0.342187 0.832031 0.050000 0.062500
0 0.351562 0.935547 0.050000 0.062500
0 0.404687 0.689453 0.050000 0.062500
0 0.426563 0.697266 0.050000 0.062500
0 0.445312 0.654297 0.050000 0.062500
0 0.521875 0.619141 0.050000 0.062500
0 0.515625 0.664062 0.050000 0.062500
0 0.551562 0.613281 0.050000 0.062500
0 0.512500 0.533203 0.050000 0.062500
0 0.490625 0.501953 0.050000 0.062500
0 0.470313 0.484375 0.050000 0.062500
0 0.443750 0.474609 0.050000 0.062500
0 0.457813 0.439453 0.050000 0.062500
0 0.501563 0.375000 0.050000 0.062500
0 0.543750 0.378906 0.050000 0.062500
0 0.539062 0.412109 0.050000 0.062500
0 0.504687 0.453125 0.050000 0.062500
0 0.559375 0.509766 0.050000 0.062500
0 0.607812 0.572266 0.050000 0.062500
0 0.570312 0.156250 0.050000 0.062500
0 0.585938 0.164062 0.050000 0.062500
0 0.575000 0.279297 0.050000 0.062500
0 0.592187 0.308594 0.050000 0.062500
0 0.609375 0.365234 0.050000 0.062500
0 0.632812 0.390625 0.050000 0.062500
0 0.679688 0.441406 0.050000 0.062500
0 0.667188 0.488281 0.050000 0.062500
0 0.685937 0.482422 0.050000 0.062500
0 0.670312 0.523438 0.050000 0.062500
0 0.671875 0.562500 0.050000 0.062500
0 0.678125 0.615234 0.050000 0.062500
0 0.729688 0.580078 0.050000 0.062500
0 0.720313 0.542969 0.050000 0.062500
0 0.762500 0.578125 0.050000 0.062500
0 0.759375 0.636719 0.050000 0.062500
0 0.742188 0.630859 0.050000 0.062500
0 0.742188 0.710938 0.050000 0.062500
0 0.779687 0.640625 0.050000 0.062500
0 0.793750 0.566406 0.050000 0.062500
0 0.782813 0.544922 0.050000 0.062500
0 0.823438 0.501953 0.050000 0.062500
0 0.840625 0.478516 0.050000 0.062500
0 0.862500 0.441406 0.050000 0.062500
0 0.864062 0.416016 0.050000 0.062500
0 0.779687 0.351562 0.050000 0.062500
0 0.773438 0.121094 0.050000 0.062500
0 0.589063 0.140625 0.050000 0.062500
0 0.956250 0.097656 0.050000 0.062500
0 0.935937 0.150391 0.050000 0.062500
0 0.954688 0.164062 0.050000 0.062500
0 0.912500 0.535156 0.050000 0.062500
0 0.834375 0.585938 0.050000 0.062500
0 0.845313 0.625000 0.050000 0.062500
0 0.829688 0.701172 0.050000 0.062500
