0 0.500000 0.578125 0.050000 0.062500
0 0.528125 0.539062 0.050000 0.062500
0 0.554688 0.509766 0.050000 0.062500
0 0.576562 0.531250 0.050000 0.062500
0 0.614062 0.546875 0.050000 0.062500
0 0.468750 0.554688 0.050000 0.062500
0 0.453125 0.632812 0.050000 0.062500
0 0.528125 0.677734 0.050000 0.062500
0 0.759375 0.347656 0.050000 0.062500
0 0.123438 0.699219 0.050000 0.062500
0 0.085938 0.685547 0.050000 0.062500
0 0.071875 0.648438 0.050000 0.062500
0 0.064062 0.599609 0.050000 0.062500
0 0.093750 0.570312 0.050000 0.062500
0 0.151562 0.570312 0.050000 0.062500
0 0.196875 0.593750 0.050000 0.062500
0 0.187500 0.611328 0.050000 0.062500
0 0.207813 0.685547 0.050000 0.062500
0 0.182812 0.693359 0.050000 0.062500
0 0.196875 0.787109 0.050000 0.062500
0 0.223438 0.738281 0.050000 0.062500
0 0.250000 0.746094 0.050000 0.062500
0 0.125000 0.886719 0.050000 0.062500
0 0.268750 0.587891 0.050000 0.062500
0 0.404687 0.494141 0.050000 0.062500
0 0.435937 0.449219 0.050000 0.062500
0 0.473438 0.435547 0.050000 0.062500
0 0.509375 0.429688 0.050000 0.062500
0 0.548438 0.384766 0.050000 0.062500
0 0.503125 0.351562 0.050000 0.062500
0 0.495312 0.378906 0.050000 0.062500
0 0.401562 0.396484 0.050000 0.062500
0 0.423438 0.375000 0.050000 0.062500
0 0.489063 0.328125 0.050000 0.062500
0 0.473438 0.333984 0.050000 0.062500
0 0.446875 0.363281 0.050000 0.062500
0 0.606250 0.322266 0.050000 0.062500
0 0.579688 0.341797 0.050000 0.062500
0 0.592187 0.275391 0.050000 0.062500
0 0.615625 0.263672 0.050000 0.062500
0 0.634375 0.285156 0.050000 0.062500
0 0.646875 0.246094 0.050000 0.062500
0 0.675000 0.230469 0.050000 0.062500
0 0.651563 0.210938 0.050000 0.062500
0 0.682813 0.175781 0.050000 0.062500
0 0.707812 0.183594 0.050000 0.062500
0 0.735938 0.201172 0.050000 0.062500
0 0.715625 0.228516 0.050000 0.062500
0 0.770312 0.226562 0.050000 0.062500
0 0.850000 0.205078 0.050000 0.062500
0 0.818750 0.189453 0.050000 0.062500
0 0.785937 0.179688 0.050000 0.062500
0 0.885938 0.175781 0.050000 0.062500
0 0.845313 0.146484 0.050000 0.062500
0 0.776563 0.140625 0.050000 0.062500
0 0.801562 0.130859 0.050000 0.062500
0 0.737500 0.154297 0.050000 0.062500
0 0.696875 0.144531 0.050000 0.062500
0 0.732812 0.113281 0.050000 0.062500
0 0.760938 0.095703 0.050000 0.062500
0 0.820312 0.099609 0.050000 0.062500
0 0.846875 0.089844 0.050000 0.062500
0 0.976562 0.166016 0.046875 0.062500
0 0.915625 0.154297 0.050000 0.062500
0 0.907813 0.111328 0.050000 0.062500
0 0.980469 0.028320 0.039062 0.056641
0 0.954688 0.033203 0.050000 0.062500
0 0.926562 0.023438 0.050000 0.046875
0 0.860938 0.037109 0.050000 0.062500
0 0.893750 0.025391 0.050000 0.050781
0 0.912500 0.066406 0.050000 0.062500
0 0.798438 0.042969 0.050000 0.062500
0 0.128125 0.654297 0.050000 0.062500
0 0.343750 0.416016 0.050000 0.062500
0 0.312500 0.429688 0.050000 0.062500
0 0.290625 0.408203 0.050000 0.062500
0 0.318750 0.373047 0.050000 0.062500
0 0.262500 0.406250 0.050000 0.062500
0 0.242188 0.427734 0.050000 0.062500
0 0.171875 0.429688 0.050000 0.062500
0 0.142187 0.451172 0.050000 0.062500
0 0.042188 0.308594 0.050000 0.062500
0 0.295312 0.318359 0.050000 0.062500
0 0.239063 0.322266 0.050000 0.062500
0 0.267188 0.281250 0.050000 0.062500
0 0.243750 0.267578 0.050000 0.062500
0 0.228125 0.257812 0.050000 0.062500
0 0.253125 0.230469 0.050000 0.062500
0 0.207813 0.228516 0.050000 0.062500
0 0.223438 0.218750 0.050000 0.062500
0 0.187500 0.300781 0.050000 0.062500
0 0.218750 0.298828 0.050000 0.062500
0 0.160938 0.269531 0.050000 0.062500
0 0.148438 0.322266 0.050000 0.062500
0 0.112500 0.294922 0.050000 0.062500
0 0.128125 0.226562 0.050000 0.062500
0 0.171875 0.226562 0.050000 0.062500
0 0.070312 0.210938 0.050000 0.062500
0 0.200000 0.179688 0.050000 0.062500
0 0.134375 0.187500 0.050000 0.062500
0 0.098437 0.154297 0.050000 0.062500
0 0.173437 0.179688 0.050000 0.062500
0 0.167187 0.156250 0.050000 0.062500
0 0.156250 0.109375 0.050000 0.062500
0 0.103125 0.101562 0.050000 0.062500
0 0.045312 0.085938 0.050000 0.062500
0 0.018750 0.031250 0.037500 0.062500
0 0.104688 0.062500 0.050000 0.062500
0 0.067187 0.037109 0.050000 0.062500
0 0.112500 0.027344 0.050000 0.054688
0 0.096875 0.382812 0.050000 0.062500
0 0.306250 0.652344 0.050000 0.062500
0 0.256250 0.716797 0.050000 0.062500
0 0.364063 0.433594 0.050000 0.062500
0 0.387500 0.425781 0.050000 0.062500
