0 0.039062 0.660156 0.050000 0.062500
0 0.025000 0.666016 0.050000 0.062500
0 0.070312 0.611328 0.050000 0.062500
0 0.085938 0.572266 0.050000 0.062500
0 0.050000 0.529297 0.050000 0.062500
0 0.100000 0.511719 0.050000 0.062500
0 0.068750 0.375000 0.050000 0.062500
0 0.089063 0.320312 0.050000 0.062500
0 0.035937 0.275391 0.050000 0.062500
0 0.034375 0.253906 0.050000 0.062500
0 0.120313 0.240234 0.050000 0.062500
0 0.140625 0.236328 0.050000 0.062500
0 0.159375 0.246094 0.050000 0.062500
0 0.168750 0.246094 0.050000 0.062500
0 0.159375 0.300781 0.050000 0.062500
0 0.214062 0.292969 0.050000 0.062500
0 0.220312 0.236328 0.050000 0.062500
0 0.234375 0.216797 0.050000 0.062500
0 0.223438 0.216797 0.050000 0.062500
0 0.256250 0.160156 0.050000 0.062500
0 0.150000 0.115234 0.050000 0.062500
0 0.257812 0.087891 0.050000 0.062500
0 0.298438 0.089844 0.050000 0.062500
0 0.295312 0.130859 0.050000 0.062500
0 0.301563 0.158203 0.050000 0.062500
0 0.335938 0.119141 0.050000 0.062500
0 0.306250 0.042969 0.050000 0.062500
0 0.385937 0.031250 0.050000 0.062500
0 0.403125 0.082031 0.050000 0.062500
0 0.412500 0.042969 0.050000 0.062500
0 0.467187 0.035156 0.050000 0.062500
0 0.490625 0.019531 0.050000 0.039062
0 0.831250 0.029297 0.050000 0.058594
0 0.857812 0.020508 0.050000 0.041016
0 0.851562 0.030273 0.050000 0.060547
0 0.896875 0.027344 0.050000 0.054688
0 0.921875 0.028320 0.050000 0.056641
0 0.956250 0.048828 0.050000 0.062500
0 0.976562 0.052734 0.046875 0.062500
0 0.975000 0.093750 0.050000 0.062500
0 0.893750 0.111328 0.050000 0.062500
0 0.881250 0.132812 0.050000 0.062500
0 0.912500 0.179688 0.050000 0.062500
0 0.879687 0.244141 0.050000 0.062500
0 0.881250 0.341797 0.050000 0.062500
0 0.876563 0.320312 0.050000 0.062500
0 0.981250 0.222656 0.037500 0.062500
0 0.977344 0.263672 0.045312 0.062500
0 0.796875 0.292969 0.050000 0.062500
0 0.765625 0.318359 0.050000 0.062500
0 0.806250 0.345703 0.050000 0.062500
0 0.681250 0.398438 0.050000 0.062500
0 0.582812 0.406250 0.050000 0.062500
0 0.546875 0.460938 0.050000 0.062500
0 0.579688 0.464844 0.050000 0.062500
0 0.378125 0.226562 0.050000 0.062500
0 0.395313 0.302734 0.050000 0.062500
0 0.414062 0.294922 0.050000 0.062500
0 0.410938 0.318359 0.050000 0.062500
0 0.548438 0.253906 0.050000 0.062500
0 0.532813 0.251953 0.050000 0.062500
0 0.751563 0.406250 0.050000 0.062500
0 0.517188 0.550781 0.050000 0.062500
0 0.392188 0.605469 0.050000 0.062500
0 0.407813 0.626953 0.050000 0.062500
0 0.362500 0.628906 0.050000 0.062500
0 0.348438 0.613281 0.050000 0.062500
0 0.337500 0.626953 0.050000 0.062500
0 0.092188 0.751953 0.050000 0.062500
0 0.071875 0.757812 0.050000 0.062500
0 0.039062 0.804688 0.050000 0.062500
0 0.023438 0.923828 0.046875 0.062500
0 0.064062 0.962891 0.050000 0.062500
0 0.373437 0.888672 0.050000 0.062500
0 0.357812 0.876953 0.050000 0.062500
0 0.665625 0.720703 0.050000 0.062500
0 0.675000 0.707031 0.050000 0.062500
0 0.687500 0.582031 0.050000 0.062500
0 0.679688 0.568359 0.050000 0.062500
0 0.684375 0.556641 0.050000 0.062500
0 0.729688 0.562500 0.050000 0.062500
0 0.826562 0.541016 0.050000 0.062500
0 0.865625 0.533203 0.050000 0.062500
0 0.860938 0.566406 0.050000 0.062500
0 0.876563 0.583984 0.050000 0.062500
0 0.906250 0.677734 0.050000 0.062500
0 0.935937 0.513672 0.050000 0.062500
0 0.964063 0.515625 0.050000 0.062500
0 0.968750 0.544922 0.050000 0.062500
0 0.978906 0.714844 0.042188 0.062500
0 0.978906 0.835938 0.042188 0.062500
0 0.912500 0.968750 0.050000 0.062500
