0 0.289062 0.650391 0.050000 0.062500
0 0.301563 0.640625 0.050000 0.062500
0 0.307812 0.673828 0.050000 0.062500
0 0.317188 0.648438 0.050000 0.062500
0 0.328125 0.664062 0.050000 0.062500
0 0.337500 0.685547 0.050000 0.062500
0 0.310937 0.687500 0.050000 0.062500
0 0.326562 0.695312 0.050000 0.062500
0 0.392188 0.582031 0.050000 0.062500
0 0.415625 0.580078 0.050000 0.062500
0 0.562500 0.523438 0.050000 0.062500
0 0.543750 0.515625 0.050000 0.062500
0 0.290625 0.404297 0.050000 0.062500
0 0.270313 0.402344 0.050000 0.062500
0 0.243750 0.417969 0.050000 0.062500
0 0.240625 0.367188 0.050000 0.062500
0 0.242188 0.324219 0.050000 0.062500
0 0.259375 0.296875 0.050000 0.062500
0 0.254688 0.244141 0.050000 0.062500
0 0.164062 0.314453 0.050000 0.062500
0 0.193750 0.472656 0.050000 0.062500
0 0.189062 0.544922 0.050000 0.062500
0 0.168750 0.531250 0.050000 0.062500
0 0.173437 0.556641 0.050000 0.062500
0 0.118750 0.572266 0.050000 0.062500
0 0.106250 0.570312 0.050000 0.062500
0 0.085938 0.550781 0.050000 0.062500
0 0.054688 0.574219 0.050000 0.062500
0 0.090625 0.650391 0.050000 0.062500
0 0.085938 0.712891 0.050000 0.062500
0 0.064062 0.869141 0.050000 0.062500
0 0.060937 0.929688 0.050000 0.062500
0 0.021875 0.947266 0.043750 0.062500
0 0.854688 0.847656 0.050000 0.062500
0 0.746875 0.876953 0.050000 0.062500
0 0.675000 0.898438 0.050000 0.062500
0 0.696875 0.910156 0.050000 0.062500
0 0.692187 0.865234 0.050000 0.062500
0 0.540625 0.865234 0.050000 0.062500
0 0.531250 0.826172 0.050000 0.062500
0 0.554688 0.753906 0.050000 0.062500
0 0.614062 0.789062 0.050000 0.062500
0 0.600000 0.814453 0.050000 0.062500
0 0.603125 0.708984 0.050000 0.062500
0 0.675000 0.673828 0.050000 0.062500
0 0.337500 0.351562 0.050000 0.062500
0 0.331250 0.332031 0.050000 0.062500
0 0.335938 0.273438 0.050000 0.062500
0 0.393750 0.251953 0.050000 0.062500
0 0.379688 0.232422 0.050000 0.062500
0 0.368750 0.193359 0.050000 0.062500
0 0.287500 0.173828 0.050000 0.062500
0 0.246875 0.232422 0.050000 0.062500
0 0.335938 0.125000 0.050000 0.062500
0 0.326562 0.022461 0.050000 0.044922
0 0.260937 0.111328 0.050000 0.062500
0 0.412500 0.105469 0.050000 0.062500
0 0.421875 0.080078 0.050000 0.062500
0 0.442188 0.044922 0.050000 0.062500
0 0.518750 0.018555 0.050000 0.037109
0 0.546875 0.093750 0.050000 0.062500
0 0.642188 0.091797 0.050000 0.062500
0 0.629687 0.109375 0.050000 0.062500
0 0.626563 0.087891 0.050000 0.062500
0 0.609375 0.091797 0.050000 0.062500
0 0.587500 0.050781 0.050000 0.062500
0 0.757812 0.130859 0.050000 0.062500
0 0.721875 0.101562 0.050000 0.062500
0 0.825000 0.164062 0.050000 0.062500
0 0.793750 0.189453 0.050000 0.062500
0 0.696875 0.222656 0.050000 0.062500
0 0.685937 0.201172 0.050000 0.062500
0 0.548438 0.195312 0.050000 0.062500
0 0.492188 0.208984 0.050000 0.062500
0 0.428125 0.263672 0.050000 0.062500
0 0.407813 0.310547 0.050000 0.062500
0 0.815625 0.253906 0.050000 0.062500
0 0.904687 0.236328 0.050000 0.062500
0 0.831250 0.201172 0.050000 0.062500
0 0.843750 0.238281 0.050000 0.062500
0 0.864062 0.240234 0.050000 0.062500
0 0.939063 0.277344 0.050000 0.062500
0 0.853125 0.255859 0.050000 0.062500
0 0.953125 0.246094 0.050000 0.062500
0 0.964063 0.308594 0.050000 0.062500
0 0.959375 0.375000 0.050000 0.062500
0 0.956250 0.390625 0.050000 0.062500
0 0.954688 0.449219 0.050000 0.062500
0 0.929688 0.513672 0.050000 0.062500
0 0.914062 0.609375 0.050000 0.062500
0 0.901563 0.580078 0.050000 0.062500
0 0.832812 0.626953 0.050000 0.062500
0 0.825000 0.576172 0.050000 0.062500
0 0.785937 0.585938 0.050000 0.062500
0 0.890625 0.873047 0.050000 0.062500
0 0.870313 0.908203 0.050000 0.062500
0 0.893750 0.919922 0.050000 0.062500
0 0.967187 0.822266 0.050000 0.062500
0 0.404687 0.941406 0.050000 0.062500
0 0.389062 0.933594 0.050000 0.062500
0 0.367188 0.960938 0.050000 0.062500
0 0.373437 0.974609 0.050000 0.050781
0 0.860938 0.091797 0.050000 0.062500
0 0.846875 0.089844 0.050000 0.062500
0 0.934375 0.119141 0.050000 0.062500
0 0.948438 0.136719 0.050000 0.062500
0 0.928125 0.152344 0.050000 0.062500
0 0.731250 0.087891 0.050000 0.062500
0 0.737500 0.103516 0.050000 0.062500
0 0.798438 0.119141 0.050000 0.062500
0 0.928125 0.024414 0.050000 0.048828
0 0.775000 0.701172 0.050000 0.062500
0 0.435937 0.132812 0.050000 0.062500
0 0.448437 0.134766 0.050000 0.062500
0 0.467187 0.136719 0.050000 0.062500
0 0.492188 0.136719 0.050000 0.062500
