0 0.904687 0.935547 0.050000 0.062500
0 0.943750 0.843750 0.050000 0.062500
0 0.925000 0.796875 0.050000 0.062500
0 0.909375 0.751953 0.050000 0.062500
0 0.926562 0.771484 0.050000 0.062500
0 0.942187 0.746094 0.050000 0.062500
0 0.954688 0.716797 0.050000 0.062500
0 0.729688 0.705078 0.050000 0.062500
0 0.803125 0.675781 0.050000 0.062500
0 0.835938 0.656250 0.050000 0.062500
0 0.853125 0.576172 0.050000 0.062500
0 0.682813 0.685547 0.050000 0.062500
0 0.687500 0.716797 0.050000 0.062500
0 0.640625 0.712891 0.050000 0.062500
0 0.626563 0.693359 0.050000 0.062500
0 0.620313 0.667969 0.050000 0.062500
0 0.628125 0.652344 0.050000 0.062500
0 0.603125 0.607422 0.050000 0.062500
0 0.614062 0.591797 0.050000 0.062500
0 0.632812 0.582031 0.050000 0.062500
0 0.648438 0.562500 0.050000 0.062500
0 0.514062 0.652344 0.050000 0.062500
0 0.462500 0.667969 0.050000 0.062500
0 0.440625 0.634766 0.050000 0.062500
0 0.396875 0.732422 0.050000 0.062500
0 0.412500 0.742188 0.050000 0.062500
0 0.193750 0.800781 0.050000 0.062500
0 0.185938 0.861328 0.050000 0.062500
0 0.140625 0.849609 0.050000 0.062500
0 0.128125 0.835938 0.050000 0.062500
0 0.060937 0.925781 0.050000 0.062500
0 0.093750 0.953125 0.050000 0.062500
0 0.145313 0.973633 0.050000 0.052734
0 0.446875 0.482422 0.050000 0.062500
0 0.303125 0.607422 0.050000 0.062500
0 0.287500 0.607422 0.050000 0.062500
0 0.231250 0.564453 0.050000 0.062500
0 0.170313 0.607422 0.050000 0.062500
0 0.057813 0.640625 0.050000 0.062500
0 0.022656 0.388672 0.045312 0.062500
0 0.279687 0.394531 0.050000 0.062500
0 0.309375 0.412109 0.050000 0.062500
0 0.320312 0.443359 0.050000 0.062500
0 0.318750 0.466797 0.050000 0.062500
0 0.303125 0.474609 0.050000 0.062500
0 0.242188 0.462891 0.050000 0.062500
0 0.229687 0.443359 0.050000 0.062500
0 0.185938 0.478516 0.050000 0.062500
0 0.259375 0.509766 0.050000 0.062500
0 0.212500 0.533203 0.050000 0.062500
0 0.225000 0.501953 0.050000 0.062500
0 0.414062 0.392578 0.050000 0.062500
0 0.400000 0.396484 0.050000 0.062500
0 0.381250 0.449219 0.050000 0.062500
0 0.401562 0.541016 0.050000 0.062500
0 0.693750 0.378906 0.050000 0.062500
0 0.670312 0.375000 0.050000 0.062500
0 0.664062 0.421875 0.050000 0.062500
0 0.704688 0.398438 0.050000 0.062500
0 0.726562 0.367188 0.050000 0.062500
0 0.726562 0.320312 0.050000 0.062500
0 0.810937 0.373047 0.050000 0.062500
0 0.842187 0.351562 0.050000 0.062500
0 0.831250 0.343750 0.050000 0.062500
0 0.906250 0.263672 0.050000 0.062500
0 0.898438 0.240234 0.050000 0.062500
0 0.920312 0.277344 0.050000 0.062500
0 0.750000 0.394531 0.050000 0.062500
0 0.734375 0.390625 0.050000 0.062500
0 0.770312 0.347656 0.050000 0.062500
0 0.846875 0.335938 0.050000 0.062500
0 0.482812 0.529297 0.050000 0.062500
0 0.514062 0.519531 0.050000 0.062500
0 0.498437 0.519531 0.050000 0.062500
0 0.493750 0.568359 0.050000 0.062500
0 0.607812 0.525391 0.050000 0.062500
0 0.635938 0.515625 0.050000 0.062500
0 0.600000 0.494141 0.050000 0.062500
0 0.742188 0.500000 0.050000 0.062500
0 0.762500 0.490234 0.050000 0.062500
