0 0.020313 0.031250 0.040625 0.062500
0 0.037500 0.050781 0.050000 0.062500
0 0.021094 0.083984 0.042188 0.062500
0 0.053125 0.085938 0.050000 0.062500
0 0.096875 0.097656 0.050000 0.062500
0 0.103125 0.146484 0.050000 0.062500
0 0.075000 0.205078 0.050000 0.062500
0 0.043750 0.304688 0.050000 0.062500
0 0.118750 0.294922 0.050000 0.062500
0 0.093750 0.376953 0.050000 0.062500
0 0.150000 0.445312 0.050000 0.062500
0 0.173437 0.417969 0.050000 0.062500
0 0.153125 0.312500 0.050000 0.062500
0 0.167187 0.265625 0.050000 0.062500
0 0.095312 0.554688 0.050000 0.062500
0 0.070312 0.589844 0.050000 0.062500
0 0.071875 0.650391 0.050000 0.062500
0 0.085938 0.677734 0.050000 0.062500
0 0.128125 0.691406 0.050000 0.062500
0 0.135937 0.646484 0.050000 0.062500
0 0.189062 0.611328 0.050000 0.062500
0 0.268750 0.591797 0.050000 0.062500
0 0.204687 0.671875 0.050000 0.062500
0 0.182812 0.689453 0.050000 0.062500
0 0.307812 0.658203 0.050000 0.062500
0 0.240625 0.738281 0.050000 0.062500
0 0.198437 0.779297 0.050000 0.062500
0 0.154688 0.574219 0.050000 0.062500
0 0.235937 0.425781 0.050000 0.062500
0 0.264062 0.402344 0.050000 0.062500
0 0.290625 0.402344 0.050000 0.062500
0 0.312500 0.425781 0.050000 0.062500
0 0.351562 0.402344 0.050000 0.062500
0 0.325000 0.365234 0.050000 0.062500
0 0.295312 0.320312 0.050000 0.062500
0 0.271875 0.285156 0.050000 0.062500
0 0.234375 0.318359 0.050000 0.062500
0 0.193750 0.302734 0.050000 0.062500
0 0.218750 0.296875 0.050000 0.062500
0 0.250000 0.261719 0.050000 0.062500
0 0.225000 0.244141 0.050000 0.062500
0 0.223438 0.203125 0.050000 0.062500
0 0.184375 0.212891 0.050000 0.062500
0 0.135937 0.226562 0.050000 0.062500
0 0.162500 0.152344 0.050000 0.062500
0 0.198437 0.193359 0.050000 0.062500
0 0.109375 0.054688 0.050000 0.062500
0 0.157812 0.093750 0.050000 0.062500
0 0.390625 0.421875 0.050000 0.062500
0 0.406250 0.492188 0.050000 0.062500
0 0.473438 0.638672 0.050000 0.062500
0 0.506250 0.572266 0.050000 0.062500
0 0.528125 0.535156 0.050000 0.062500
0 0.548438 0.664062 0.050000 0.062500
0 0.620313 0.550781 0.050000 0.062500
0 0.582812 0.523438 0.050000 0.062500
0 0.564063 0.505859 0.050000 0.062500
0 0.443750 0.449219 0.050000 0.062500
0 0.425000 0.361328 0.050000 0.062500
0 0.460938 0.355469 0.050000 0.062500
0 0.504687 0.365234 0.050000 0.062500
0 0.481250 0.369141 0.050000 0.062500
0 0.518750 0.425781 0.050000 0.062500
0 0.550000 0.375000 0.050000 0.062500
0 0.575000 0.361328 0.050000 0.062500
0 0.539062 0.330078 0.050000 0.062500
0 0.535937 0.294922 0.050000 0.062500
0 0.484375 0.314453 0.050000 0.062500
0 0.470313 0.333984 0.050000 0.062500
0 0.601562 0.324219 0.050000 0.062500
0 0.765625 0.341797 0.050000 0.062500
0 0.596875 0.269531 0.050000 0.062500
0 0.637500 0.285156 0.050000 0.062500
0 0.620313 0.263672 0.050000 0.062500
0 0.651563 0.246094 0.050000 0.062500
0 0.653125 0.201172 0.050000 0.062500
0 0.682813 0.226562 0.050000 0.062500
0 0.715625 0.226562 0.050000 0.062500
0 0.775000 0.224609 0.050000 0.062500
0 0.739062 0.199219 0.050000 0.062500
0 0.710938 0.173828 0.050000 0.062500
0 0.681250 0.185547 0.050000 0.062500
0 0.740625 0.152344 0.050000 0.062500
0 0.739062 0.119141 0.050000 0.062500
0 0.785937 0.142578 0.050000 0.062500
0 0.784375 0.179688 0.050000 0.062500
0 0.803125 0.169922 0.050000 0.062500
0 0.817187 0.191406 0.050000 0.062500
0 0.851562 0.207031 0.050000 0.062500
0 0.884375 0.175781 0.050000 0.062500
0 0.857812 0.146484 0.050000 0.062500
0 0.831250 0.152344 0.050000 0.062500
0 0.923438 0.160156 0.050000 0.062500
0 0.821875 0.105469 0.050000 0.062500
0 0.806250 0.130859 0.050000 0.062500
0 0.764062 0.099609 0.050000 0.062500
0 0.790625 0.076172 0.050000 0.062500
0 0.920312 0.068359 0.050000 0.062500
0 0.950000 0.039062 0.050000 0.062500
0 0.979688 0.160156 0.040625 0.062500
0 0.909375 0.101562 0.050000 0.062500
0 0.977344 0.027344 0.045312 0.054688
0 0.934375 0.024414 0.050000 0.048828
0 0.909375 0.024414 0.050000 0.048828
0 0.889062 0.031250 0.050000 0.062500
0 0.865625 0.027344 0.050000 0.054688
0 0.209375 0.583984 0.050000 0.062500
0 0.368750 0.431641 0.050000 0.062500
0 0.329688 0.578125 0.050000 0.062500
0 0.978906 0.300781 0.042188 0.062500
0 0.081250 0.044922 0.050000 0.062500
0 0.115625 0.025391 0.050000 0.050781
0 0.065625 0.022461 0.050000 0.044922
0 0.406250 0.392578 0.050000 0.062500
0 0.195312 0.367188 0.050000 0.062500
0 0.226562 0.359375 0.050000 0.062500
0 0.701562 0.142578 0.050000 0.062500
0 0.893750 0.140625 0.050000 0.062500
