0 0.309375 0.568359 0.050000 0.062500
0 0.317188 0.556641 0.050000 0.062500
0 0.331250 0.576172 0.050000 0.062500
0 0.353125 0.589844 0.050000 0.062500
0 0.285938 0.677734 0.050000 0.062500
0 0.287500 0.697266 0.050000 0.062500
0 0.262500 0.685547 0.050000 0.062500
0 0.220312 0.777344 0.050000 0.062500
0 0.212500 0.789062 0.050000 0.062500
0 0.157812 0.781250 0.050000 0.062500
0 0.053125 0.921875 0.050000 0.062500
0 0.071875 0.927734 0.050000 0.062500
0 0.157812 0.972656 0.050000 0.054688
0 0.245312 0.980469 0.050000 0.039062
0 0.264062 0.978516 0.050000 0.042969
0 0.278125 0.972656 0.050000 0.054688
0 0.421875 0.875000 0.050000 0.062500
0 0.640625 0.603516 0.050000 0.062500
0 0.626563 0.585938 0.050000 0.062500
0 0.604688 0.578125 0.050000 0.062500
0 0.562500 0.490234 0.050000 0.062500
0 0.582812 0.468750 0.050000 0.062500
0 0.635938 0.361328 0.050000 0.062500
0 0.614062 0.314453 0.050000 0.062500
0 0.656250 0.347656 0.050000 0.062500
0 0.471875 0.552734 0.050000 0.062500
0 0.370312 0.474609 0.050000 0.062500
0 0.376563 0.457031 0.050000 0.062500
0 0.354687 0.478516 0.050000 0.062500
0 0.320312 0.378906 0.050000 0.062500
0 0.232813 0.343750 0.050000 0.062500
0 0.242188 0.333984 0.050000 0.062500
0 0.096875 0.316406 0.050000 0.062500
0 0.107813 0.308594 0.050000 0.062500
0 0.042188 0.289062 0.050000 0.062500
0 0.026562 0.285156 0.050000 0.062500
0 0.039062 0.406250 0.050000 0.062500
0 0.059375 0.523438 0.050000 0.062500
0 0.014844 0.173828 0.029687 0.062500
0 0.023438 0.082031 0.046875 0.062500
0 0.075000 0.029297 0.050000 0.058594
0 0.107813 0.029297 0.050000 0.058594
0 0.120313 0.027344 0.050000 0.054688
0 0.125000 0.162109 0.050000 0.062500
0 0.137500 0.128906 0.050000 0.062500
0 0.160938 0.142578 0.050000 0.062500
0 0.175000 0.144531 0.050000 0.062500
0 0.268750 0.107422 0.050000 0.062500
0 0.275000 0.136719 0.050000 0.062500
0 0.298438 0.125000 0.050000 0.062500
0 0.309375 0.107422 0.050000 0.062500
0 0.295312 0.089844 0.050000 0.062500
0 0.289062 0.078125 0.050000 0.062500
0 0.353125 0.030273 0.050000 0.060547
0 0.507812 0.018555 0.050000 0.037109
0 0.515625 0.023438 0.050000 0.046875
0 0.542188 0.027344 0.050000 0.054688
0 0.621875 0.027344 0.050000 0.054688
0 0.656250 0.066406 0.050000 0.062500
0 0.653125 0.083984 0.050000 0.062500
0 0.675000 0.095703 0.050000 0.062500
0 0.706250 0.152344 0.050000 0.062500
0 0.712500 0.142578 0.050000 0.062500
0 0.740625 0.134766 0.050000 0.062500
0 0.748437 0.183594 0.050000 0.062500
0 0.775000 0.175781 0.050000 0.062500
0 0.823438 0.068359 0.050000 0.062500
0 0.757812 0.031250 0.050000 0.062500
0 0.745313 0.029297 0.050000 0.058594
0 0.887500 0.113281 0.050000 0.062500
0 0.898438 0.111328 0.050000 0.062500
0 0.931250 0.111328 0.050000 0.062500
0 0.871875 0.212891 0.050000 0.062500
0 0.865625 0.218750 0.050000 0.062500
0 0.921875 0.230469 0.050000 0.062500
0 0.903125 0.289062 0.050000 0.062500
0 0.970313 0.318359 0.050000 0.062500
0 0.978906 0.292969 0.042188 0.062500
0 0.983594 0.500000 0.032813 0.062500
0 0.973437 0.505859 0.050000 0.062500
0 0.954688 0.517578 0.050000 0.062500
0 0.934375 0.513672 0.050000 0.062500
0 0.914062 0.513672 0.050000 0.062500
0 0.904687 0.513672 0.050000 0.062500
0 0.920312 0.535156 0.050000 0.062500
0 0.912500 0.541016 0.050000 0.062500
0 0.932813 0.550781 0.050000 0.062500
0 0.964063 0.539062 0.050000 0.062500
0 0.978906 0.546875 0.042188 0.062500
0 0.981250 0.603516 0.037500 0.062500
0 0.962500 0.623047 0.050000 0.062500
0 0.975781 0.632812 0.048438 0.062500
0 0.960938 0.660156 0.050000 0.062500
0 0.965625 0.675781 0.050000 0.062500
0 0.957812 0.687500 0.050000 0.062500
0 0.921875 0.710938 0.050000 0.062500
0 0.909375 0.722656 0.050000 0.062500
0 0.890625 0.687500 0.050000 0.062500
0 0.885938 0.675781 0.050000 0.062500
0 0.842187 0.648438 0.050000 0.062500
0 0.831250 0.634766 0.050000 0.062500
0 0.806250 0.607422 0.050000 0.062500
0 0.826562 0.597656 0.050000 0.062500
0 0.843750 0.558594 0.050000 0.062500
0 0.820312 0.554688 0.050000 0.062500
0 0.881250 0.574219 0.050000 0.062500
0 0.867188 0.589844 0.050000 0.062500
0 0.865625 0.576172 0.050000 0.062500
0 0.853125 0.613281 0.050000 0.062500
0 0.871875 0.621094 0.050000 0.062500
0 0.887500 0.615234 0.050000 0.062500
0 0.906250 0.585938 0.050000 0.062500
0 0.932813 0.580078 0.050000 0.062500
0 0.782813 0.720703 0.050000 0.062500
0 0.796875 0.687500 0.050000 0.062500
0 0.731250 0.710938 0.050000 0.062500
0 0.834375 0.841797 0.050000 0.062500
0 0.781250 0.929688 0.050000 0.062500
0 0.745313 0.966797 0.050000 0.062500
0 0.732812 0.975586 0.050000 0.048828
0 0.612500 0.724609 0.050000 0.062500
