0 0.420312 0.771484 0.050000 0.062500
0 0.281250 0.855469 0.050000 0.062500
0 0.267188 0.875000 0.050000 0.062500
0 0.246875 0.882812 0.050000 0.062500
0 0.162500 0.865234 0.050000 0.062500
0 0.034375 0.869141 0.050000 0.062500
0 0.023438 0.886719 0.046875 0.062500
0 0.282813 0.691406 0.050000 0.062500
0 0.195312 0.527344 0.050000 0.062500
0 0.062500 0.509766 0.050000 0.062500
0 0.039062 0.318359 0.050000 0.062500
0 0.062500 0.320312 0.050000 0.062500
0 0.056250 0.240234 0.050000 0.062500
0 0.043750 0.228516 0.050000 0.062500
0 0.112500 0.253906 0.050000 0.062500
0 0.121875 0.246094 0.050000 0.062500
0 0.128125 0.089844 0.050000 0.062500
0 0.148438 0.085938 0.050000 0.062500
0 0.157812 0.091797 0.050000 0.062500
0 0.185938 0.087891 0.050000 0.062500
0 0.045312 0.103516 0.050000 0.062500
0 0.060937 0.037109 0.050000 0.062500
0 0.282813 0.054688 0.050000 0.062500
0 0.292187 0.085938 0.050000 0.062500
0 0.306250 0.091797 0.050000 0.062500
0 0.303125 0.054688 0.050000 0.062500
0 0.321875 0.060547 0.050000 0.062500
0 0.323437 0.037109 0.050000 0.062500
0 0.262500 0.255859 0.050000 0.062500
0 0.278125 0.234375 0.050000 0.062500
0 0.326562 0.320312 0.050000 0.062500
0 0.354687 0.408203 0.050000 0.062500
0 0.375000 0.412109 0.050000 0.062500
0 0.379688 0.390625 0.050000 0.062500
0 0.339062 0.509766 0.050000 0.062500
0 0.325000 0.496094 0.050000 0.062500
0 0.312500 0.509766 0.050000 0.062500
0 0.379688 0.482422 0.050000 0.062500
0 0.482812 0.931641 0.050000 0.062500
0 0.492188 0.941406 0.050000 0.062500
0 0.498437 0.937500 0.050000 0.062500
0 0.529687 0.941406 0.050000 0.062500
0 0.714063 0.931641 0.050000 0.062500
0 0.725000 0.869141 0.050000 0.062500
0 0.737500 0.869141 0.050000 0.062500
0 0.771875 0.828125 0.050000 0.062500
0 0.821875 0.750000 0.050000 0.062500
0 0.781250 0.644531 0.050000 0.062500
0 0.785937 0.621094 0.050000 0.062500
0 0.778125 0.560547 0.050000 0.062500
0 0.745313 0.642578 0.050000 0.062500
0 0.726562 0.621094 0.050000 0.062500
0 0.654687 0.582031 0.050000 0.062500
0 0.651563 0.552734 0.050000 0.062500
0 0.610938 0.451172 0.050000 0.062500
0 0.582812 0.380859 0.050000 0.062500
0 0.595313 0.375000 0.050000 0.062500
0 0.512500 0.431641 0.050000 0.062500
0 0.654687 0.320312 0.050000 0.062500
0 0.648438 0.285156 0.050000 0.062500
0 0.643750 0.267578 0.050000 0.062500
0 0.656250 0.263672 0.050000 0.062500
0 0.664062 0.060547 0.050000 0.062500
0 0.646875 0.064453 0.050000 0.062500
0 0.625000 0.028320 0.050000 0.056641
0 0.600000 0.018555 0.050000 0.037109
0 0.698438 0.062500 0.050000 0.062500
0 0.018750 0.054688 0.037500 0.062500
0 0.017969 0.028320 0.035937 0.056641
0 0.754687 0.142578 0.050000 0.062500
0 0.781250 0.166016 0.050000 0.062500
0 0.810937 0.130859 0.050000 0.062500
0 0.814063 0.097656 0.050000 0.062500
0 0.815625 0.035156 0.050000 0.062500
0 0.879687 0.074219 0.050000 0.062500
0 0.885938 0.072266 0.050000 0.062500
0 0.915625 0.070312 0.050000 0.062500
0 0.917188 0.171875 0.050000 0.062500
0 0.915625 0.218750 0.050000 0.062500
0 0.846875 0.199219 0.050000 0.062500
0 0.968750 0.285156 0.050000 0.062500
0 0.984375 0.341797 0.031250 0.062500
0 0.971875 0.433594 0.050000 0.062500
0 0.945312 0.462891 0.050000 0.062500
0 0.948438 0.453125 0.050000 0.062500
0 0.975000 0.478516 0.050000 0.062500
0 0.976562 0.525391 0.046875 0.062500
0 0.960938 0.544922 0.050000 0.062500
0 0.951562 0.550781 0.050000 0.062500
0 0.951562 0.587891 0.050000 0.062500
0 0.950000 0.611328 0.050000 0.062500
0 0.903125 0.634766 0.050000 0.062500
0 0.909375 0.621094 0.050000 0.062500
0 0.900000 0.601562 0.050000 0.062500
0 0.871875 0.587891 0.050000 0.062500
0 0.862500 0.583984 0.050000 0.062500
0 0.881250 0.576172 0.050000 0.062500
0 0.871875 0.570312 0.050000 0.062500
0 0.887500 0.556641 0.050000 0.062500
0 0.896875 0.529297 0.050000 0.062500
0 0.885938 0.503906 0.050000 0.062500
0 0.871875 0.505859 0.050000 0.062500
0 0.856250 0.503906 0.050000 0.062500
0 0.843750 0.527344 0.050000 0.062500
0 0.825000 0.541016 0.050000 0.062500
0 0.815625 0.552734 0.050000 0.062500
0 0.829688 0.562500 0.050000 0.062500
0 0.798438 0.539062 0.050000 0.062500
0 0.823438 0.515625 0.050000 0.062500
0 0.829688 0.496094 0.050000 0.062500
0 0.860938 0.552734 0.050000 0.062500
0 0.870313 0.535156 0.050000 0.062500
0 0.921875 0.501953 0.050000 0.062500
0 0.920312 0.484375 0.050000 0.062500
0 0.920312 0.468750 0.050000 0.062500
0 0.901563 0.474609 0.050000 0.062500
0 0.900000 0.462891 0.050000 0.062500
0 0.893750 0.453125 0.050000 0.062500
0 0.596875 0.679688 0.050000 0.062500
