0 0.753125 0.398438 0.050000 0.062500
0 0.718750 0.408203 0.050000 0.062500
0 0.720313 0.384766 0.050000 0.062500
0 0.715625 0.382812 0.050000 0.062500
0 0.667188 0.369141 0.050000 0.062500
0 0.773438 0.978516 0.050000 0.042969
0 0.729688 0.976562 0.050000 0.046875
0 0.767188 0.947266 0.050000 0.062500
0 0.785937 0.953125 0.050000 0.062500
0 0.804688 0.957031 0.050000 0.062500
0 0.893750 0.921875 0.050000 0.062500
0 0.912500 0.882812 0.050000 0.062500
0 0.895312 0.882812 0.050000 0.062500
0 0.931250 0.955078 0.050000 0.062500
0 0.953125 0.972656 0.050000 0.054688
0 0.975781 0.969727 0.048438 0.060547
0 0.979688 0.923828 0.040625 0.062500
0 0.917188 0.820312 0.050000 0.062500
0 0.971875 0.720703 0.050000 0.062500
0 0.977344 0.503906 0.045312 0.062500
0 0.789062 0.492188 0.050000 0.062500
0 0.750000 0.552734 0.050000 0.062500
0 0.720313 0.589844 0.050000 0.062500
0 0.689063 0.595703 0.050000 0.062500
0 0.739062 0.667969 0.050000 0.062500
0 0.725000 0.802734 0.050000 0.062500
0 0.579688 0.787109 0.050000 0.062500
0 0.532813 0.677734 0.050000 0.062500
0 0.496875 0.632812 0.050000 0.062500
0 0.481250 0.623047 0.050000 0.062500
0 0.475000 0.646484 0.050000 0.062500
0 0.290625 0.589844 0.050000 0.062500
0 0.271875 0.603516 0.050000 0.062500
0 0.254688 0.617188 0.050000 0.062500
0 0.175000 0.595703 0.050000 0.062500
0 0.171875 0.544922 0.050000 0.062500
0 0.034375 0.667969 0.050000 0.062500
0 0.021094 0.679688 0.042188 0.062500
0 0.053125 0.802734 0.050000 0.062500
0 0.023438 0.835938 0.046875 0.062500
0 0.032813 0.906250 0.050000 0.062500
0 0.146875 0.931641 0.050000 0.062500
0 0.075000 0.978516 0.050000 0.042969
0 0.204687 0.773438 0.050000 0.062500
0 0.410938 0.849609 0.050000 0.062500
0 0.340625 0.750000 0.050000 0.062500
0 0.353125 0.730469 0.050000 0.062500
0 0.142187 0.046875 0.050000 0.062500
0 0.126562 0.046875 0.050000 0.062500
0 0.104688 0.070312 0.050000 0.062500
0 0.090625 0.076172 0.050000 0.062500
0 0.082812 0.050781 0.050000 0.062500
0 0.057813 0.031250 0.050000 0.062500
0 0.273438 0.024414 0.050000 0.048828
0 0.681250 0.078125 0.050000 0.062500
0 0.645312 0.138672 0.050000 0.062500
0 0.590625 0.146484 0.050000 0.062500
0 0.578125 0.164062 0.050000 0.062500
0 0.582812 0.203125 0.050000 0.062500
0 0.898438 0.035156 0.050000 0.062500
0 0.935937 0.054688 0.050000 0.062500
0 0.935937 0.097656 0.050000 0.062500
0 0.951562 0.062500 0.050000 0.062500
0 0.957812 0.138672 0.050000 0.062500
0 0.942187 0.205078 0.050000 0.062500
0 0.945312 0.253906 0.050000 0.062500
0 0.950000 0.296875 0.050000 0.062500
0 0.896875 0.279297 0.050000 0.062500
0 0.918750 0.253906 0.050000 0.062500
0 0.901563 0.242188 0.050000 0.062500
0 0.887500 0.236328 0.050000 0.062500
0 0.885938 0.261719 0.050000 0.062500
0 0.878125 0.250000 0.050000 0.062500
0 0.864062 0.240234 0.050000 0.062500
0 0.851562 0.224609 0.050000 0.062500
0 0.831250 0.269531 0.050000 0.062500
0 0.850000 0.271484 0.050000 0.062500
0 0.851562 0.292969 0.050000 0.062500
0 0.825000 0.285156 0.050000 0.062500
0 0.832812 0.306641 0.050000 0.062500
0 0.834375 0.330078 0.050000 0.062500
0 0.820312 0.332031 0.050000 0.062500
0 0.842187 0.345703 0.050000 0.062500
0 0.865625 0.361328 0.050000 0.062500
0 0.854688 0.361328 0.050000 0.062500
0 0.801562 0.310547 0.050000 0.062500
0 0.792188 0.308594 0.050000 0.062500
0 0.789062 0.285156 0.050000 0.062500
0 0.776563 0.300781 0.050000 0.062500
0 0.796875 0.373047 0.050000 0.062500
0 0.854688 0.398438 0.050000 0.062500
0 0.871875 0.384766 0.050000 0.062500
0 0.868750 0.404297 0.050000 0.062500
0 0.915625 0.359375 0.050000 0.062500
0 0.914062 0.320312 0.050000 0.062500
0 0.921875 0.314453 0.050000 0.062500
