0 0.123438 0.500000 0.050000 0.062500
0 0.106250 0.503906 0.050000 0.062500
0 0.132812 0.466797 0.050000 0.062500
0 0.118750 0.470703 0.050000 0.062500
0 0.067187 0.488281 0.050000 0.062500
0 0.731250 0.695312 0.050000 0.062500
0 0.728125 0.619141 0.050000 0.062500
0 0.695312 0.609375 0.050000 0.062500
0 0.726562 0.535156 0.050000 0.062500
0 0.768750 0.533203 0.050000 0.062500
0 0.760938 0.523438 0.050000 0.062500
0 0.751563 0.505859 0.050000 0.062500
0 0.754687 0.505859 0.050000 0.062500
0 0.951562 0.865234 0.050000 0.062500
0 0.942187 0.871094 0.050000 0.062500
0 0.932813 0.880859 0.050000 0.062500
0 0.943750 0.957031 0.050000 0.062500
0 0.865625 0.937500 0.050000 0.062500
0 0.851562 0.939453 0.050000 0.062500
0 0.854688 0.957031 0.050000 0.062500
0 0.620313 0.914062 0.050000 0.062500
0 0.606250 0.923828 0.050000 0.062500
0 0.470313 0.849609 0.050000 0.062500
0 0.456250 0.839844 0.050000 0.062500
0 0.410938 0.916016 0.050000 0.062500
0 0.406250 0.943359 0.050000 0.062500
0 0.398438 0.943359 0.050000 0.062500
0 0.389062 0.943359 0.050000 0.062500
0 0.348438 0.900391 0.050000 0.062500
0 0.326562 0.732422 0.050000 0.062500
0 0.315625 0.740234 0.050000 0.062500
0 0.256250 0.732422 0.050000 0.062500
0 0.246875 0.748047 0.050000 0.062500
0 0.229687 0.751953 0.050000 0.062500
0 0.207813 0.734375 0.050000 0.062500
0 0.178125 0.966797 0.050000 0.062500
0 0.151562 0.861328 0.050000 0.062500
0 0.121875 0.880859 0.050000 0.062500
0 0.085938 0.859375 0.050000 0.062500
0 0.067187 0.859375 0.050000 0.062500
0 0.046875 0.873047 0.050000 0.062500
0 0.128125 0.775391 0.050000 0.062500
0 0.110937 0.744141 0.050000 0.062500
0 0.065625 0.677734 0.050000 0.062500
0 0.100000 0.630859 0.050000 0.062500
0 0.017188 0.720703 0.034375 0.062500
0 0.250000 0.410156 0.050000 0.062500
0 0.229687 0.404297 0.050000 0.062500
0 0.237500 0.388672 0.050000 0.062500
0 0.226562 0.378906 0.050000 0.062500
0 0.403125 0.728516 0.050000 0.062500
0 0.396875 0.652344 0.050000 0.062500
0 0.478125 0.625000 0.050000 0.062500
0 0.493750 0.628906 0.050000 0.062500
0 0.520312 0.640625 0.050000 0.062500
0 0.501563 0.572266 0.050000 0.062500
0 0.492188 0.570312 0.050000 0.062500
0 0.484375 0.488281 0.050000 0.062500
0 0.471875 0.466797 0.050000 0.062500
0 0.467187 0.478516 0.050000 0.062500
0 0.451562 0.455078 0.050000 0.062500
0 0.493750 0.458984 0.050000 0.062500
0 0.571875 0.488281 0.050000 0.062500
0 0.559375 0.476562 0.050000 0.062500
0 0.560937 0.457031 0.050000 0.062500
0 0.553125 0.445312 0.050000 0.062500
0 0.545312 0.412109 0.050000 0.062500
0 0.531250 0.412109 0.050000 0.062500
0 0.520312 0.392578 0.050000 0.062500
0 0.573438 0.394531 0.050000 0.062500
0 0.596875 0.437500 0.050000 0.062500
0 0.579688 0.453125 0.050000 0.062500
0 0.617188 0.455078 0.050000 0.062500
0 0.637500 0.423828 0.050000 0.062500
0 0.656250 0.414062 0.050000 0.062500
0 0.651563 0.390625 0.050000 0.062500
0 0.676562 0.425781 0.050000 0.062500
0 0.657813 0.380859 0.050000 0.062500
0 0.648438 0.322266 0.050000 0.062500
0 0.645312 0.253906 0.050000 0.062500
0 0.867188 0.609375 0.050000 0.062500
0 0.859375 0.597656 0.050000 0.062500
0 0.851562 0.603516 0.050000 0.062500
0 0.878125 0.583984 0.050000 0.062500
0 0.893750 0.587891 0.050000 0.062500
0 0.903125 0.589844 0.050000 0.062500
0 0.921875 0.587891 0.050000 0.062500
0 0.931250 0.570312 0.050000 0.062500
0 0.906250 0.548828 0.050000 0.062500
0 0.943750 0.535156 0.050000 0.062500
0 0.951562 0.548828 0.050000 0.062500
0 0.964063 0.519531 0.050000 0.062500
0 0.971875 0.464844 0.050000 0.062500
0 0.980469 0.470703 0.039062 0.062500
0 0.975000 0.412109 0.050000 0.062500
0 0.926562 0.433594 0.050000 0.062500
0 0.896875 0.449219 0.050000 0.062500
0 0.887500 0.447266 0.050000 0.062500
0 0.843750 0.326172 0.050000 0.062500
0 0.828125 0.296875 0.050000 0.062500
0 0.803125 0.302734 0.050000 0.062500
0 0.803125 0.242188 0.050000 0.062500
0 0.781250 0.216797 0.050000 0.062500
0 0.768750 0.218750 0.050000 0.062500
0 0.771875 0.236328 0.050000 0.062500
0 0.765625 0.250000 0.050000 0.062500
0 0.757812 0.240234 0.050000 0.062500
0 0.745313 0.248047 0.050000 0.062500
0 0.739062 0.251953 0.050000 0.062500
0 0.731250 0.257812 0.050000 0.062500
0 0.746875 0.281250 0.050000 0.062500
0 0.742188 0.289062 0.050000 0.062500
0 0.825000 0.214844 0.050000 0.062500
0 0.814063 0.207031 0.050000 0.062500
0 0.785937 0.187500 0.050000 0.062500
0 0.620313 0.281250 0.050000 0.062500
0 0.593750 0.265625 0.050000 0.062500
0 0.596875 0.232422 0.050000 0.062500
0 0.585938 0.232422 0.050000 0.062500
0 0.595313 0.193359 0.050000 0.062500
0 0.629687 0.185547 0.050000 0.062500
0 0.643750 0.189453 0.050000 0.062500
0 0.650000 0.148438 0.050000 0.062500
0 0.390625 0.562500 0.050000 0.062500
0 0.368750 0.607422 0.050000 0.062500
0 0.360938 0.623047 0.050000 0.062500
0 0.385937 0.435547 0.050000 0.062500
0 0.359375 0.404297 0.050000 0.062500
0 0.315625 0.417969 0.050000 0.062500
0 0.423438 0.349609 0.050000 0.062500
0 0.353125 0.306641 0.050000 0.062500
0 0.412500 0.257812 0.050000 0.062500
0 0.465625 0.216797 0.050000 0.062500
0 0.593750 0.158203 0.050000 0.062500
0 0.601562 0.166016 0.050000 0.062500
0 0.584375 0.158203 0.050000 0.062500
0 0.570312 0.160156 0.050000 0.062500
0 0.565625 0.150391 0.050000 0.062500
0 0.570312 0.146484 0.050000 0.062500
0 0.584375 0.134766 0.050000 0.062500
0 0.596875 0.119141 0.050000 0.062500
0 0.604688 0.125000 0.050000 0.062500
0 0.609375 0.134766 0.050000 0.062500
0 0.618750 0.138672 0.050000 0.062500
0 0.629687 0.144531 0.050000 0.062500
0 0.629687 0.123047 0.050000 0.062500
0 0.623437 0.113281 0.050000 0.062500
0 0.628125 0.111328 0.050000 0.062500
0 0.639062 0.103516 0.050000 0.062500
0 0.646875 0.121094 0.050000 0.062500
0 0.651563 0.111328 0.050000 0.062500
0 0.656250 0.099609 0.050000 0.062500
0 0.667188 0.121094 0.050000 0.062500
0 0.664062 0.146484 0.050000 0.062500
0 0.685937 0.193359 0.050000 0.062500
0 0.682813 0.199219 0.050000 0.062500
0 0.639062 0.205078 0.050000 0.062500
0 0.634375 0.197266 0.050000 0.062500
0 0.710938 0.160156 0.050000 0.062500
0 0.721875 0.144531 0.050000 0.062500
0 0.754687 0.119141 0.050000 0.062500
0 0.743750 0.113281 0.050000 0.062500
0 0.628125 0.087891 0.050000 0.062500
0 0.620313 0.082031 0.050000 0.062500
0 0.631250 0.066406 0.050000 0.062500
0 0.621875 0.095703 0.050000 0.062500
0 0.615625 0.097656 0.050000 0.062500
0 0.606250 0.089844 0.050000 0.062500
0 0.593750 0.099609 0.050000 0.062500
0 0.578125 0.111328 0.050000 0.062500
0 0.567187 0.125000 0.050000 0.062500
0 0.564063 0.121094 0.050000 0.062500
0 0.490625 0.187500 0.050000 0.062500
0 0.482812 0.191406 0.050000 0.062500
0 0.509375 0.181641 0.050000 0.062500
0 0.537500 0.123047 0.050000 0.062500
0 0.517188 0.121094 0.050000 0.062500
0 0.518750 0.105469 0.050000 0.062500
0 0.515625 0.078125 0.050000 0.062500
0 0.493750 0.078125 0.050000 0.062500
0 0.490625 0.109375 0.050000 0.062500
0 0.567187 0.072266 0.050000 0.062500
0 0.540625 0.142578 0.050000 0.062500
0 0.450000 0.177734 0.050000 0.062500
0 0.440625 0.181641 0.050000 0.062500
0 0.434375 0.175781 0.050000 0.062500
0 0.410938 0.140625 0.050000 0.062500
0 0.412500 0.126953 0.050000 0.062500
0 0.392188 0.126953 0.050000 0.062500
0 0.385937 0.136719 0.050000 0.062500
0 0.315625 0.273438 0.050000 0.062500
0 0.306250 0.279297 0.050000 0.062500
0 0.289062 0.335938 0.050000 0.062500
0 0.457813 0.093750 0.050000 0.062500
0 0.475000 0.097656 0.050000 0.062500
0 0.434375 0.082031 0.050000 0.062500
0 0.465625 0.062500 0.050000 0.062500
0 0.392188 0.091797 0.050000 0.062500
0 0.384375 0.101562 0.050000 0.062500
0 0.367188 0.082031 0.050000 0.062500
0 0.356250 0.062500 0.050000 0.062500
0 0.309375 0.076172 0.050000 0.062500
0 0.307812 0.130859 0.050000 0.062500
0 0.328125 0.175781 0.050000 0.062500
0 0.078125 0.341797 0.050000 0.062500
0 0.054688 0.345703 0.050000 0.062500
0 0.039062 0.332031 0.050000 0.062500
0 0.031250 0.328125 0.050000 0.062500
0 0.016406 0.398438 0.032813 0.062500
0 0.013281 0.396484 0.026562 0.062500
0 0.165625 0.375000 0.050000 0.062500
0 0.200000 0.404297 0.050000 0.062500
0 0.193750 0.417969 0.050000 0.062500
0 0.201563 0.375000 0.050000 0.062500
0 0.270313 0.281250 0.050000 0.062500
0 0.173437 0.095703 0.050000 0.062500
0 0.164062 0.105469 0.050000 0.062500
0 0.140625 0.123047 0.050000 0.062500
0 0.126562 0.119141 0.050000 0.062500
0 0.120313 0.078125 0.050000 0.062500
0 0.106250 0.111328 0.050000 0.062500
0 0.087500 0.117188 0.050000 0.062500
0 0.093750 0.080078 0.050000 0.062500
0 0.103125 0.068359 0.050000 0.062500
0 0.109375 0.064453 0.050000 0.062500
0 0.118750 0.060547 0.050000 0.062500
0 0.071875 0.068359 0.050000 0.062500
0 0.056250 0.076172 0.050000 0.062500
0 0.037500 0.080078 0.050000 0.062500
0 0.016406 0.101562 0.032813 0.062500
0 0.024219 0.144531 0.048438 0.062500
0 0.034375 0.152344 0.050000 0.062500
0 0.059375 0.136719 0.050000 0.062500
0 0.278125 0.068359 0.050000 0.062500
0 0.234375 0.097656 0.050000 0.062500
0 0.289062 0.087891 0.050000 0.062500
0 0.281250 0.082031 0.050000 0.062500
0 0.226562 0.060547 0.050000 0.062500
0 0.189062 0.068359 0.050000 0.062500
0 0.732812 0.318359 0.050000 0.062500
0 0.701562 0.339844 0.050000 0.062500
0 0.901563 0.767578 0.050000 0.062500
0 0.665625 0.687500 0.050000 0.062500
0 0.656250 0.683594 0.050000 0.062500
0 0.604688 0.738281 0.050000 0.062500
0 0.593750 0.738281 0.050000 0.062500
0 0.965625 0.382812 0.050000 0.062500
0 0.981250 0.296875 0.037500 0.062500
0 0.842187 0.257812 0.050000 0.062500
0 0.915625 0.310547 0.050000 0.062500
0 0.664062 0.527344 0.050000 0.062500
0 0.568750 0.306641 0.050000 0.062500
0 0.564063 0.273438 0.050000 0.062500
0 0.521875 0.277344 0.050000 0.062500
0 0.521875 0.230469 0.050000 0.062500
0 0.506250 0.226562 0.050000 0.062500
0 0.509375 0.263672 0.050000 0.062500
0 0.521875 0.353516 0.050000 0.062500
0 0.534375 0.353516 0.050000 0.062500
0 0.254688 0.216797 0.050000 0.062500
0 0.279687 0.218750 0.050000 0.062500
0 0.257812 0.234375 0.050000 0.062500
0 0.412500 0.525391 0.050000 0.062500
