0 0.889062 0.912109 0.050000 0.062500
0 0.879687 0.921875 0.050000 0.062500
0 0.789062 0.980469 0.050000 0.039062
0 0.882812 0.943359 0.050000 0.062500
0 0.970313 0.861328 0.050000 0.062500
0 0.978906 0.861328 0.042188 0.062500
0 0.984375 0.845703 0.031250 0.062500
0 0.976562 0.855469 0.046875 0.062500
0 0.978906 0.941406 0.042188 0.062500
0 0.935937 0.738281 0.050000 0.062500
0 0.939063 0.568359 0.050000 0.062500
0 0.914062 0.570312 0.050000 0.062500
0 0.884375 0.544922 0.050000 0.062500
0 0.882812 0.558594 0.050000 0.062500
0 0.946875 0.578125 0.050000 0.062500
0 0.982031 0.589844 0.035937 0.062500
0 0.985156 0.580078 0.029687 0.062500
0 0.978906 0.515625 0.042188 0.062500
0 0.985938 0.533203 0.028125 0.062500
0 0.965625 0.492188 0.050000 0.062500
0 0.959375 0.488281 0.050000 0.062500
0 0.948438 0.535156 0.050000 0.062500
0 0.960938 0.441406 0.050000 0.062500
0 0.929688 0.441406 0.050000 0.062500
0 0.965625 0.416016 0.050000 0.062500
0 0.977344 0.421875 0.045312 0.062500
0 0.978906 0.402344 0.042188 0.062500
0 0.980469 0.378906 0.039062 0.062500
0 0.977344 0.369141 0.045312 0.062500
0 0.959375 0.332031 0.050000 0.062500
0 0.985156 0.421875 0.029687 0.062500
0 0.943750 0.287109 0.050000 0.062500
0 0.903125 0.259766 0.050000 0.062500
0 0.875000 0.246094 0.050000 0.062500
0 0.868750 0.232422 0.050000 0.062500
0 0.843750 0.285156 0.050000 0.062500
0 0.828125 0.269531 0.050000 0.062500
0 0.821875 0.246094 0.050000 0.062500
0 0.831250 0.218750 0.050000 0.062500
0 0.846875 0.212891 0.050000 0.062500
0 0.851562 0.191406 0.050000 0.062500
0 0.845313 0.187500 0.050000 0.062500
0 0.832812 0.189453 0.050000 0.062500
0 0.825000 0.191406 0.050000 0.062500
0 0.817187 0.191406 0.050000 0.062500
0 0.810937 0.191406 0.050000 0.062500
0 0.775000 0.207031 0.050000 0.062500
0 0.762500 0.214844 0.050000 0.062500
0 0.768750 0.187500 0.050000 0.062500
0 0.778125 0.234375 0.050000 0.062500
0 0.790625 0.253906 0.050000 0.062500
0 0.781250 0.259766 0.050000 0.062500
0 0.790625 0.287109 0.050000 0.062500
0 0.771875 0.298828 0.050000 0.062500
0 0.732812 0.210938 0.050000 0.062500
0 0.731250 0.197266 0.050000 0.062500
0 0.728125 0.187500 0.050000 0.062500
0 0.739062 0.199219 0.050000 0.062500
0 0.728125 0.287109 0.050000 0.062500
0 0.832812 0.466797 0.050000 0.062500
0 0.821875 0.488281 0.050000 0.062500
0 0.804688 0.484375 0.050000 0.062500
0 0.800000 0.496094 0.050000 0.062500
0 0.792188 0.503906 0.050000 0.062500
0 0.784375 0.484375 0.050000 0.062500
0 0.767188 0.513672 0.050000 0.062500
0 0.762500 0.527344 0.050000 0.062500
0 0.723437 0.566406 0.050000 0.062500
0 0.693750 0.503906 0.050000 0.062500
0 0.762500 0.683594 0.050000 0.062500
0 0.754687 0.691406 0.050000 0.062500
0 0.759375 0.695312 0.050000 0.062500
0 0.704688 0.669922 0.050000 0.062500
0 0.695312 0.666016 0.050000 0.062500
0 0.654687 0.699219 0.050000 0.062500
0 0.648438 0.691406 0.050000 0.062500
0 0.448437 0.927734 0.050000 0.062500
0 0.445312 0.910156 0.050000 0.062500
0 0.439063 0.921875 0.050000 0.062500
0 0.435937 0.931641 0.050000 0.062500
0 0.426563 0.880859 0.050000 0.062500
0 0.526563 0.802734 0.050000 0.062500
0 0.514062 0.794922 0.050000 0.062500
0 0.442188 0.708984 0.050000 0.062500
0 0.389062 0.656250 0.050000 0.062500
0 0.381250 0.648438 0.050000 0.062500
0 0.356250 0.673828 0.050000 0.062500
0 0.293750 0.744141 0.050000 0.062500
0 0.285938 0.718750 0.050000 0.062500
0 0.271875 0.730469 0.050000 0.062500
0 0.243750 0.716797 0.050000 0.062500
0 0.390625 0.607422 0.050000 0.062500
0 0.401562 0.591797 0.050000 0.062500
0 0.364063 0.611328 0.050000 0.062500
0 0.521875 0.591797 0.050000 0.062500
0 0.532813 0.591797 0.050000 0.062500
0 0.525000 0.546875 0.050000 0.062500
0 0.532813 0.552734 0.050000 0.062500
0 0.421875 0.519531 0.050000 0.062500
0 0.515625 0.458984 0.050000 0.062500
0 0.509375 0.466797 0.050000 0.062500
0 0.493750 0.441406 0.050000 0.062500
0 0.529687 0.453125 0.050000 0.062500
0 0.520312 0.412109 0.050000 0.062500
0 0.609375 0.447266 0.050000 0.062500
0 0.601562 0.441406 0.050000 0.062500
0 0.593750 0.408203 0.050000 0.062500
0 0.620313 0.406250 0.050000 0.062500
0 0.659375 0.443359 0.050000 0.062500
0 0.723437 0.375000 0.050000 0.062500
0 0.700000 0.369141 0.050000 0.062500
0 0.709375 0.349609 0.050000 0.062500
0 0.689063 0.326172 0.050000 0.062500
0 0.673438 0.324219 0.050000 0.062500
0 0.685937 0.376953 0.050000 0.062500
0 0.612500 0.343750 0.050000 0.062500
0 0.585938 0.359375 0.050000 0.062500
0 0.573438 0.365234 0.050000 0.062500
0 0.567187 0.343750 0.050000 0.062500
0 0.565625 0.304688 0.050000 0.062500
0 0.601562 0.265625 0.050000 0.062500
0 0.668750 0.195312 0.050000 0.062500
0 0.654687 0.230469 0.050000 0.062500
0 0.618750 0.224609 0.050000 0.062500
0 0.600000 0.228516 0.050000 0.062500
0 0.637500 0.177734 0.050000 0.062500
0 0.650000 0.166016 0.050000 0.062500
0 0.657813 0.162109 0.050000 0.062500
0 0.668750 0.158203 0.050000 0.062500
0 0.653125 0.142578 0.050000 0.062500
0 0.648438 0.125000 0.050000 0.062500
0 0.643750 0.111328 0.050000 0.062500
0 0.653125 0.087891 0.050000 0.062500
0 0.645312 0.082031 0.050000 0.062500
0 0.635938 0.087891 0.050000 0.062500
0 0.664062 0.076172 0.050000 0.062500
0 0.687500 0.082031 0.050000 0.062500
0 0.693750 0.093750 0.050000 0.062500
0 0.667188 0.107422 0.050000 0.062500
0 0.629687 0.125000 0.050000 0.062500
0 0.625000 0.103516 0.050000 0.062500
0 0.612500 0.119141 0.050000 0.062500
0 0.606250 0.113281 0.050000 0.062500
0 0.603125 0.080078 0.050000 0.062500
0 0.609375 0.080078 0.050000 0.062500
0 0.618750 0.048828 0.050000 0.062500
0 0.635938 0.025391 0.050000 0.050781
0 0.645312 0.025391 0.050000 0.050781
0 0.646875 0.048828 0.050000 0.062500
0 0.659375 0.046875 0.050000 0.062500
0 0.665625 0.046875 0.050000 0.062500
0 0.665625 0.052734 0.050000 0.062500
0 0.659375 0.058594 0.050000 0.062500
0 0.585938 0.101562 0.050000 0.062500
0 0.570312 0.115234 0.050000 0.062500
0 0.567187 0.080078 0.050000 0.062500
0 0.540625 0.060547 0.050000 0.062500
0 0.534375 0.060547 0.050000 0.062500
0 0.562500 0.023438 0.050000 0.046875
0 0.503125 0.046875 0.050000 0.062500
0 0.489063 0.046875 0.050000 0.062500
0 0.479687 0.074219 0.050000 0.062500
0 0.467187 0.058594 0.050000 0.062500
0 0.453125 0.068359 0.050000 0.062500
0 0.464062 0.029297 0.050000 0.058594
0 0.418750 0.048828 0.050000 0.062500
0 0.520312 0.076172 0.050000 0.062500
0 0.509375 0.087891 0.050000 0.062500
0 0.537500 0.082031 0.050000 0.062500
0 0.504687 0.146484 0.050000 0.062500
0 0.496875 0.185547 0.050000 0.062500
0 0.537500 0.156250 0.050000 0.062500
0 0.554688 0.185547 0.050000 0.062500
0 0.543750 0.205078 0.050000 0.062500
0 0.521875 0.216797 0.050000 0.062500
0 0.562500 0.228516 0.050000 0.062500
0 0.434375 0.160156 0.050000 0.062500
0 0.443750 0.115234 0.050000 0.062500
0 0.440625 0.097656 0.050000 0.062500
0 0.435937 0.236328 0.050000 0.062500
0 0.415625 0.117188 0.050000 0.062500
0 0.417187 0.097656 0.050000 0.062500
0 0.384375 0.046875 0.050000 0.062500
0 0.379688 0.030273 0.050000 0.060547
0 0.354687 0.062500 0.050000 0.062500
0 0.303125 0.056641 0.050000 0.062500
0 0.292187 0.026367 0.050000 0.052734
0 0.270313 0.060547 0.050000 0.062500
0 0.264062 0.030273 0.050000 0.060547
0 0.226562 0.019531 0.050000 0.039062
0 0.179688 0.019531 0.050000 0.039062
0 0.154688 0.023438 0.050000 0.046875
0 0.340625 0.111328 0.050000 0.062500
0 0.354687 0.144531 0.050000 0.062500
0 0.310937 0.195312 0.050000 0.062500
0 0.278125 0.193359 0.050000 0.062500
0 0.287500 0.212891 0.050000 0.062500
0 0.295312 0.257812 0.050000 0.062500
0 0.331250 0.251953 0.050000 0.062500
0 0.342187 0.259766 0.050000 0.062500
0 0.384375 0.279297 0.050000 0.062500
0 0.453125 0.326172 0.050000 0.062500
0 0.393750 0.361328 0.050000 0.062500
0 0.342187 0.406250 0.050000 0.062500
0 0.318750 0.308594 0.050000 0.062500
0 0.265625 0.376953 0.050000 0.062500
0 0.248438 0.394531 0.050000 0.062500
0 0.250000 0.349609 0.050000 0.062500
0 0.231250 0.347656 0.050000 0.062500
0 0.210938 0.376953 0.050000 0.062500
0 0.192188 0.353516 0.050000 0.062500
0 0.187500 0.345703 0.050000 0.062500
0 0.198437 0.066406 0.050000 0.062500
0 0.167187 0.052734 0.050000 0.062500
0 0.167187 0.068359 0.050000 0.062500
0 0.165625 0.095703 0.050000 0.062500
0 0.259375 0.068359 0.050000 0.062500
0 0.024219 0.144531 0.048438 0.062500
0 0.015625 0.072266 0.031250 0.062500
0 0.029687 0.060547 0.050000 0.062500
0 0.032813 0.080078 0.050000 0.062500
0 0.081250 0.052734 0.050000 0.062500
0 0.076563 0.031250 0.050000 0.062500
0 0.106250 0.056641 0.050000 0.062500
0 0.115625 0.048828 0.050000 0.062500
0 0.125000 0.042969 0.050000 0.062500
0 0.129688 0.039062 0.050000 0.062500
0 0.142187 0.031250 0.050000 0.062500
0 0.106250 0.064453 0.050000 0.062500
0 0.126562 0.085938 0.050000 0.062500
0 0.104688 0.109375 0.050000 0.062500
0 0.090625 0.107422 0.050000 0.062500
0 0.075000 0.095703 0.050000 0.062500
0 0.087500 0.291016 0.050000 0.062500
0 0.073438 0.308594 0.050000 0.062500
0 0.060937 0.298828 0.050000 0.062500
0 0.053125 0.316406 0.050000 0.062500
0 0.103125 0.314453 0.050000 0.062500
0 0.035937 0.380859 0.050000 0.062500
0 0.029687 0.371094 0.050000 0.062500
0 0.023438 0.365234 0.046875 0.062500
0 0.028125 0.376953 0.050000 0.062500
0 0.021875 0.373047 0.043750 0.062500
0 0.017188 0.371094 0.034375 0.062500
0 0.012500 0.375000 0.025000 0.062500
0 0.156250 0.447266 0.050000 0.062500
0 0.151562 0.466797 0.050000 0.062500
0 0.048438 0.464844 0.050000 0.062500
0 0.168750 0.675781 0.050000 0.062500
0 0.164062 0.748047 0.050000 0.062500
0 0.110937 0.691406 0.050000 0.062500
0 0.028125 0.652344 0.050000 0.062500
0 0.021094 0.660156 0.042188 0.062500
0 0.026562 0.675781 0.050000 0.062500
0 0.024219 0.753906 0.048438 0.062500
0 0.032813 0.753906 0.050000 0.062500
0 0.062500 0.855469 0.050000 0.062500
0 0.220312 0.876953 0.050000 0.062500
0 0.192188 0.914062 0.050000 0.062500
0 0.110937 0.900391 0.050000 0.062500
0 0.157812 0.906250 0.050000 0.062500
0 0.129688 0.892578 0.050000 0.062500
