0 0.982812 0.951172 0.034375 0.062500
0 0.873437 0.716797 0.050000 0.062500
0 0.873437 0.707031 0.050000 0.062500
0 0.859375 0.708984 0.050000 0.062500
0 0.815625 0.699219 0.050000 0.062500
0 0.806250 0.693359 0.050000 0.062500
0 0.765625 0.691406 0.050000 0.062500
0 0.759375 0.687500 0.050000 0.062500
0 0.900000 0.585938 0.050000 0.062500
0 0.867188 0.544922 0.050000 0.062500
0 0.859375 0.539062 0.050000 0.062500
0 0.893750 0.498047 0.050000 0.062500
0 0.887500 0.507812 0.050000 0.062500
0 0.903125 0.484375 0.050000 0.062500
0 0.917188 0.496094 0.050000 0.062500
0 0.901563 0.492188 0.050000 0.062500
0 0.939063 0.509766 0.050000 0.062500
0 0.977344 0.539062 0.045312 0.062500
0 0.792188 0.511719 0.050000 0.062500
0 0.821875 0.558594 0.050000 0.062500
0 0.760938 0.472656 0.050000 0.062500
0 0.709375 0.439453 0.050000 0.062500
0 0.698438 0.435547 0.050000 0.062500
0 0.689063 0.412109 0.050000 0.062500
0 0.684375 0.408203 0.050000 0.062500
0 0.728125 0.402344 0.050000 0.062500
0 0.750000 0.390625 0.050000 0.062500
0 0.779687 0.371094 0.050000 0.062500
0 0.795312 0.375000 0.050000 0.062500
0 0.823438 0.365234 0.050000 0.062500
0 0.825000 0.378906 0.050000 0.062500
0 0.709375 0.333984 0.050000 0.062500
0 0.676562 0.359375 0.050000 0.062500
0 0.670312 0.353516 0.050000 0.062500
0 0.671875 0.333984 0.050000 0.062500
0 0.659375 0.291016 0.050000 0.062500
0 0.665625 0.292969 0.050000 0.062500
0 0.696875 0.253906 0.050000 0.062500
0 0.543750 0.347656 0.050000 0.062500
0 0.521875 0.253906 0.050000 0.062500
0 0.754687 0.300781 0.050000 0.062500
0 0.801562 0.279297 0.050000 0.062500
0 0.878125 0.275391 0.050000 0.062500
0 0.871875 0.285156 0.050000 0.062500
0 0.907813 0.279297 0.050000 0.062500
0 0.893750 0.261719 0.050000 0.062500
0 0.981250 0.273438 0.037500 0.062500
0 0.957812 0.251953 0.050000 0.062500
0 0.932813 0.234375 0.050000 0.062500
0 0.946875 0.201172 0.050000 0.062500
0 0.942187 0.205078 0.050000 0.062500
0 0.937500 0.205078 0.050000 0.062500
0 0.929688 0.201172 0.050000 0.062500
0 0.917188 0.205078 0.050000 0.062500
0 0.917188 0.224609 0.050000 0.062500
0 0.898438 0.207031 0.050000 0.062500
0 0.906250 0.197266 0.050000 0.062500
0 0.904687 0.183594 0.050000 0.062500
0 0.884375 0.216797 0.050000 0.062500
0 0.871875 0.232422 0.050000 0.062500
0 0.848437 0.203125 0.050000 0.062500
0 0.829688 0.207031 0.050000 0.062500
0 0.829688 0.216797 0.050000 0.062500
0 0.815625 0.207031 0.050000 0.062500
0 0.806250 0.208984 0.050000 0.062500
0 0.795312 0.210938 0.050000 0.062500
0 0.790625 0.187500 0.050000 0.062500
0 0.784375 0.191406 0.050000 0.062500
0 0.820312 0.177734 0.050000 0.062500
0 0.812500 0.162109 0.050000 0.062500
0 0.820312 0.154297 0.050000 0.062500
0 0.832812 0.136719 0.050000 0.062500
0 0.798438 0.138672 0.050000 0.062500
0 0.792188 0.128906 0.050000 0.062500
0 0.776563 0.107422 0.050000 0.062500
0 0.743750 0.128906 0.050000 0.062500
0 0.740625 0.132812 0.050000 0.062500
0 0.729688 0.128906 0.050000 0.062500
0 0.745313 0.162109 0.050000 0.062500
0 0.728125 0.171875 0.050000 0.062500
0 0.750000 0.181641 0.050000 0.062500
0 0.743750 0.208984 0.050000 0.062500
0 0.739062 0.224609 0.050000 0.062500
0 0.695312 0.226562 0.050000 0.062500
0 0.689063 0.216797 0.050000 0.062500
0 0.701562 0.144531 0.050000 0.062500
0 0.706250 0.126953 0.050000 0.062500
0 0.667188 0.107422 0.050000 0.062500
0 0.640625 0.167969 0.050000 0.062500
0 0.626563 0.164062 0.050000 0.062500
0 0.615625 0.191406 0.050000 0.062500
0 0.657813 0.210938 0.050000 0.062500
0 0.600000 0.250000 0.050000 0.062500
0 0.565625 0.152344 0.050000 0.062500
0 0.559375 0.164062 0.050000 0.062500
0 0.554688 0.171875 0.050000 0.062500
0 0.546875 0.167969 0.050000 0.062500
0 0.540625 0.169922 0.050000 0.062500
0 0.621875 0.111328 0.050000 0.062500
0 0.628125 0.101562 0.050000 0.062500
0 0.635938 0.095703 0.050000 0.062500
0 0.610938 0.082031 0.050000 0.062500
0 0.615625 0.056641 0.050000 0.062500
0 0.604688 0.058594 0.050000 0.062500
0 0.637500 0.030273 0.050000 0.060547
0 0.732812 0.080078 0.050000 0.062500
0 0.725000 0.074219 0.050000 0.062500
0 0.721875 0.103516 0.050000 0.062500
0 0.715625 0.095703 0.050000 0.062500
0 0.698438 0.103516 0.050000 0.062500
0 0.684375 0.095703 0.050000 0.062500
0 0.679688 0.080078 0.050000 0.062500
0 0.735938 0.105469 0.050000 0.062500
0 0.710938 0.030273 0.050000 0.060547
0 0.720313 0.052734 0.050000 0.062500
0 0.729688 0.050781 0.050000 0.062500
0 0.737500 0.050781 0.050000 0.062500
0 0.745313 0.052734 0.050000 0.062500
0 0.581250 0.078125 0.050000 0.062500
0 0.573438 0.076172 0.050000 0.062500
0 0.571875 0.023438 0.050000 0.046875
0 0.565625 0.021484 0.050000 0.042969
0 0.612500 0.022461 0.050000 0.044922
0 0.539062 0.056641 0.050000 0.062500
0 0.529687 0.048828 0.050000 0.062500
0 0.521875 0.078125 0.050000 0.062500
0 0.523438 0.123047 0.050000 0.062500
0 0.509375 0.197266 0.050000 0.062500
0 0.495312 0.113281 0.050000 0.062500
0 0.503125 0.062500 0.050000 0.062500
0 0.495312 0.072266 0.050000 0.062500
0 0.521875 0.027344 0.050000 0.054688
0 0.506250 0.021484 0.050000 0.042969
0 0.479687 0.017578 0.050000 0.035156
0 0.454688 0.033203 0.050000 0.062500
0 0.450000 0.037109 0.050000 0.062500
0 0.434375 0.072266 0.050000 0.062500
0 0.403125 0.054688 0.050000 0.062500
0 0.390625 0.024414 0.050000 0.048828
0 0.392188 0.072266 0.050000 0.062500
0 0.348438 0.064453 0.050000 0.062500
0 0.329688 0.082031 0.050000 0.062500
0 0.309375 0.076172 0.050000 0.062500
0 0.303125 0.074219 0.050000 0.062500
0 0.303125 0.060547 0.050000 0.062500
0 0.293750 0.022461 0.050000 0.044922
0 0.287500 0.076172 0.050000 0.062500
0 0.270313 0.050781 0.050000 0.062500
0 0.223438 0.027344 0.050000 0.054688
0 0.189062 0.019531 0.050000 0.039062
0 0.181250 0.058594 0.050000 0.062500
0 0.148438 0.064453 0.050000 0.062500
0 0.162500 0.052734 0.050000 0.062500
0 0.095312 0.078125 0.050000 0.062500
0 0.089063 0.085938 0.050000 0.062500
0 0.112500 0.128906 0.050000 0.062500
0 0.123438 0.142578 0.050000 0.062500
0 0.162500 0.117188 0.050000 0.062500
0 0.156250 0.105469 0.050000 0.062500
0 0.151562 0.095703 0.050000 0.062500
0 0.195312 0.076172 0.050000 0.062500
0 0.206250 0.091797 0.050000 0.062500
0 0.232813 0.109375 0.050000 0.062500
0 0.404687 0.216797 0.050000 0.062500
0 0.432812 0.146484 0.050000 0.062500
0 0.401562 0.142578 0.050000 0.062500
0 0.396875 0.236328 0.050000 0.062500
0 0.367188 0.203125 0.050000 0.062500
0 0.143750 0.287109 0.050000 0.062500
0 0.134375 0.312500 0.050000 0.062500
0 0.137500 0.320312 0.050000 0.062500
0 0.153125 0.328125 0.050000 0.062500
0 0.204687 0.320312 0.050000 0.062500
0 0.190625 0.273438 0.050000 0.062500
0 0.414062 0.273438 0.050000 0.062500
0 0.428125 0.281250 0.050000 0.062500
0 0.381250 0.275391 0.050000 0.062500
0 0.470313 0.296875 0.050000 0.062500
0 0.478125 0.369141 0.050000 0.062500
0 0.398438 0.347656 0.050000 0.062500
0 0.434375 0.421875 0.050000 0.062500
0 0.482812 0.470703 0.050000 0.062500
0 0.359375 0.406250 0.050000 0.062500
0 0.345313 0.394531 0.050000 0.062500
0 0.335938 0.388672 0.050000 0.062500
0 0.337500 0.367188 0.050000 0.062500
0 0.326562 0.398438 0.050000 0.062500
0 0.314063 0.365234 0.050000 0.062500
0 0.298438 0.402344 0.050000 0.062500
0 0.276562 0.378906 0.050000 0.062500
0 0.270313 0.365234 0.050000 0.062500
0 0.117188 0.402344 0.050000 0.062500
0 0.107813 0.398438 0.050000 0.062500
0 0.104688 0.388672 0.050000 0.062500
0 0.100000 0.384766 0.050000 0.062500
0 0.096875 0.392578 0.050000 0.062500
0 0.085938 0.388672 0.050000 0.062500
0 0.079687 0.398438 0.050000 0.062500
0 0.059375 0.345703 0.050000 0.062500
0 0.020313 0.365234 0.040625 0.062500
0 0.014063 0.363281 0.028125 0.062500
0 0.024219 0.281250 0.048438 0.062500
0 0.021875 0.244141 0.043750 0.062500
0 0.018750 0.244141 0.037500 0.062500
0 0.032813 0.234375 0.050000 0.062500
0 0.043750 0.201172 0.050000 0.062500
0 0.076563 0.087891 0.050000 0.062500
0 0.032813 0.085938 0.050000 0.062500
0 0.035937 0.103516 0.050000 0.062500
0 0.023438 0.111328 0.046875 0.062500
0 0.079687 0.109375 0.050000 0.062500
0 0.048438 0.123047 0.050000 0.062500
0 0.037500 0.125000 0.050000 0.062500
0 0.015625 0.140625 0.031250 0.062500
0 0.012500 0.148438 0.025000 0.062500
0 0.251563 0.470703 0.050000 0.062500
0 0.243750 0.474609 0.050000 0.062500
0 0.239063 0.468750 0.050000 0.062500
0 0.243750 0.492188 0.050000 0.062500
0 0.232813 0.498047 0.050000 0.062500
0 0.079687 0.498047 0.050000 0.062500
0 0.060937 0.613281 0.050000 0.062500
0 0.048438 0.605469 0.050000 0.062500
0 0.039062 0.625000 0.050000 0.062500
0 0.022656 0.556641 0.045312 0.062500
0 0.016406 0.570312 0.032813 0.062500
0 0.014063 0.578125 0.028125 0.062500
0 0.045312 0.666016 0.050000 0.062500
0 0.096875 0.695312 0.050000 0.062500
0 0.085938 0.673828 0.050000 0.062500
0 0.095312 0.669922 0.050000 0.062500
0 0.125000 0.652344 0.050000 0.062500
0 0.389062 0.755859 0.050000 0.062500
0 0.387500 0.775391 0.050000 0.062500
0 0.379688 0.767578 0.050000 0.062500
0 0.348438 0.753906 0.050000 0.062500
0 0.318750 0.787109 0.050000 0.062500
0 0.264062 0.777344 0.050000 0.062500
0 0.246875 0.775391 0.050000 0.062500
0 0.167187 0.718750 0.050000 0.062500
0 0.150000 0.816406 0.050000 0.062500
0 0.140625 0.820312 0.050000 0.062500
0 0.065625 0.728516 0.050000 0.062500
0 0.189062 0.871094 0.050000 0.062500
0 0.450000 0.707031 0.050000 0.062500
0 0.442188 0.695312 0.050000 0.062500
0 0.448437 0.652344 0.050000 0.062500
0 0.457813 0.646484 0.050000 0.062500
0 0.495312 0.638672 0.050000 0.062500
0 0.503125 0.623047 0.050000 0.062500
0 0.487500 0.648438 0.050000 0.062500
0 0.546875 0.742188 0.050000 0.062500
0 0.653125 0.804688 0.050000 0.062500
0 0.642188 0.800781 0.050000 0.062500
0 0.648438 0.603516 0.050000 0.062500
0 0.664062 0.578125 0.050000 0.062500
0 0.642188 0.576172 0.050000 0.062500
0 0.628125 0.576172 0.050000 0.062500
0 0.635938 0.601562 0.050000 0.062500
0 0.545312 0.529297 0.050000 0.062500
0 0.515625 0.531250 0.050000 0.062500
0 0.609375 0.494141 0.050000 0.062500
0 0.617188 0.484375 0.050000 0.062500
0 0.626563 0.453125 0.050000 0.062500
0 0.610938 0.429688 0.050000 0.062500
0 0.601562 0.478516 0.050000 0.062500
0 0.581250 0.910156 0.050000 0.062500
0 0.560937 0.943359 0.050000 0.062500
0 0.565625 0.957031 0.050000 0.062500
0 0.559375 0.968750 0.050000 0.062500
0 0.550000 0.971680 0.050000 0.056641
0 0.371875 0.964844 0.050000 0.062500
0 0.256250 0.978516 0.050000 0.042969
