0 0.904687 0.720703 0.050000 0.062500
0 0.910937 0.738281 0.050000 0.062500
0 0.846875 0.710938 0.050000 0.062500
0 0.839063 0.705078 0.050000 0.062500
0 0.809375 0.677734 0.050000 0.062500
0 0.798438 0.671875 0.050000 0.062500
0 0.792188 0.679688 0.050000 0.062500
0 0.940625 0.583984 0.050000 0.062500
0 0.885938 0.552734 0.050000 0.062500
0 0.846875 0.544922 0.050000 0.062500
0 0.925000 0.513672 0.050000 0.062500
0 0.903125 0.474609 0.050000 0.062500
0 0.906250 0.468750 0.050000 0.062500
0 0.881250 0.464844 0.050000 0.062500
0 0.982031 0.500000 0.035937 0.062500
0 0.978906 0.519531 0.042188 0.062500
0 0.867188 0.365234 0.050000 0.062500
0 0.856250 0.363281 0.050000 0.062500
0 0.823438 0.349609 0.050000 0.062500
0 0.832812 0.369141 0.050000 0.062500
0 0.959375 0.320312 0.050000 0.062500
0 0.980469 0.302734 0.039062 0.062500
0 0.726562 0.320312 0.050000 0.062500
0 0.768750 0.378906 0.050000 0.062500
0 0.742188 0.388672 0.050000 0.062500
0 0.793750 0.414062 0.050000 0.062500
0 0.726562 0.427734 0.050000 0.062500
0 0.717187 0.423828 0.050000 0.062500
0 0.703125 0.404297 0.050000 0.062500
0 0.695312 0.400391 0.050000 0.062500
0 0.690625 0.337891 0.050000 0.062500
0 0.682813 0.337891 0.050000 0.062500
0 0.687500 0.310547 0.050000 0.062500
0 0.681250 0.285156 0.050000 0.062500
0 0.670312 0.283203 0.050000 0.062500
0 0.701562 0.240234 0.050000 0.062500
0 0.709375 0.226562 0.050000 0.062500
0 0.692187 0.207031 0.050000 0.062500
0 0.681250 0.226562 0.050000 0.062500
0 0.667188 0.197266 0.050000 0.062500
0 0.643750 0.177734 0.050000 0.062500
0 0.643750 0.156250 0.050000 0.062500
0 0.657813 0.126953 0.050000 0.062500
0 0.665625 0.101562 0.050000 0.062500
0 0.659375 0.076172 0.050000 0.062500
0 0.645312 0.093750 0.050000 0.062500
0 0.610938 0.099609 0.050000 0.062500
0 0.603125 0.091797 0.050000 0.062500
0 0.592187 0.101562 0.050000 0.062500
0 0.567187 0.074219 0.050000 0.062500
0 0.593750 0.050781 0.050000 0.062500
0 0.603125 0.048828 0.050000 0.062500
0 0.614062 0.039062 0.050000 0.062500
0 0.576562 0.033203 0.050000 0.062500
0 0.585938 0.022461 0.050000 0.044922
0 0.635938 0.029297 0.050000 0.058594
0 0.635938 0.033203 0.050000 0.062500
0 0.539062 0.078125 0.050000 0.062500
0 0.534375 0.082031 0.050000 0.062500
0 0.518750 0.128906 0.050000 0.062500
0 0.515625 0.136719 0.050000 0.062500
0 0.471875 0.134766 0.050000 0.062500
0 0.476562 0.080078 0.050000 0.062500
0 0.487500 0.056641 0.050000 0.062500
0 0.512500 0.046875 0.050000 0.062500
0 0.507812 0.031250 0.050000 0.062500
0 0.459375 0.082031 0.050000 0.062500
0 0.534375 0.273438 0.050000 0.062500
0 0.528125 0.261719 0.050000 0.062500
0 0.501563 0.226562 0.050000 0.062500
0 0.600000 0.283203 0.050000 0.062500
0 0.550000 0.361328 0.050000 0.062500
0 0.609375 0.179688 0.050000 0.062500
0 0.559375 0.167969 0.050000 0.062500
0 0.548438 0.175781 0.050000 0.062500
0 0.542188 0.185547 0.050000 0.062500
0 0.560937 0.181641 0.050000 0.062500
0 0.496875 0.123047 0.050000 0.062500
0 0.768750 0.173828 0.050000 0.062500
0 0.759375 0.177734 0.050000 0.062500
0 0.754687 0.177734 0.050000 0.062500
0 0.779687 0.167969 0.050000 0.062500
0 0.789062 0.158203 0.050000 0.062500
0 0.756250 0.148438 0.050000 0.062500
0 0.739062 0.160156 0.050000 0.062500
0 0.732812 0.160156 0.050000 0.062500
0 0.726562 0.160156 0.050000 0.062500
0 0.698438 0.156250 0.050000 0.062500
0 0.700000 0.119141 0.050000 0.062500
0 0.704688 0.105469 0.050000 0.062500
0 0.704688 0.082031 0.050000 0.062500
0 0.726562 0.064453 0.050000 0.062500
0 0.721875 0.095703 0.050000 0.062500
0 0.729688 0.125000 0.050000 0.062500
0 0.717187 0.093750 0.050000 0.062500
0 0.712500 0.035156 0.050000 0.062500
0 0.740625 0.070312 0.050000 0.062500
0 0.732812 0.058594 0.050000 0.062500
0 0.787500 0.136719 0.050000 0.062500
0 0.775000 0.113281 0.050000 0.062500
0 0.770312 0.111328 0.050000 0.062500
0 0.767188 0.097656 0.050000 0.062500
0 0.832812 0.134766 0.050000 0.062500
0 0.903125 0.208984 0.050000 0.062500
0 0.910937 0.205078 0.050000 0.062500
0 0.917188 0.208984 0.050000 0.062500
0 0.931250 0.210938 0.050000 0.062500
0 0.940625 0.212891 0.050000 0.062500
0 0.946875 0.214844 0.050000 0.062500
0 0.920312 0.224609 0.050000 0.062500
0 0.889062 0.218750 0.050000 0.062500
0 0.903125 0.187500 0.050000 0.062500
0 0.939063 0.236328 0.050000 0.062500
0 0.885938 0.267578 0.050000 0.062500
0 0.885938 0.287109 0.050000 0.062500
0 0.873437 0.244141 0.050000 0.062500
0 0.846875 0.244141 0.050000 0.062500
0 0.843750 0.250000 0.050000 0.062500
0 0.834375 0.214844 0.050000 0.062500
0 0.815625 0.191406 0.050000 0.062500
0 0.804688 0.191406 0.050000 0.062500
0 0.775000 0.199219 0.050000 0.062500
0 0.771875 0.230469 0.050000 0.062500
0 0.737500 0.214844 0.050000 0.062500
0 0.790625 0.257812 0.050000 0.062500
0 0.753125 0.275391 0.050000 0.062500
0 0.478125 0.314453 0.050000 0.062500
0 0.820312 0.515625 0.050000 0.062500
0 0.778125 0.474609 0.050000 0.062500
0 0.642188 0.451172 0.050000 0.062500
0 0.621875 0.431641 0.050000 0.062500
0 0.642188 0.503906 0.050000 0.062500
0 0.634375 0.511719 0.050000 0.062500
0 0.621875 0.498047 0.050000 0.062500
0 0.568750 0.552734 0.050000 0.062500
0 0.535937 0.531250 0.050000 0.062500
0 0.490625 0.494141 0.050000 0.062500
0 0.656250 0.589844 0.050000 0.062500
0 0.675000 0.599609 0.050000 0.062500
0 0.687500 0.603516 0.050000 0.062500
0 0.700000 0.558594 0.050000 0.062500
0 0.646875 0.589844 0.050000 0.062500
0 0.985938 0.515625 0.028125 0.062500
0 0.698438 0.783203 0.050000 0.062500
0 0.685937 0.783203 0.050000 0.062500
0 0.659375 0.969727 0.050000 0.060547
0 0.615625 0.979492 0.050000 0.041016
0 0.603125 0.970703 0.050000 0.058594
0 0.590625 0.973633 0.050000 0.052734
0 0.587500 0.748047 0.050000 0.062500
0 0.531250 0.654297 0.050000 0.062500
0 0.562500 0.689453 0.050000 0.062500
0 0.517188 0.667969 0.050000 0.062500
0 0.512500 0.652344 0.050000 0.062500
0 0.489063 0.625000 0.050000 0.062500
0 0.479687 0.626953 0.050000 0.062500
0 0.421875 0.794922 0.050000 0.062500
0 0.412500 0.787109 0.050000 0.062500
0 0.429688 0.742188 0.050000 0.062500
0 0.423438 0.738281 0.050000 0.062500
0 0.379688 0.781250 0.050000 0.062500
0 0.400000 0.910156 0.050000 0.062500
0 0.293750 0.810547 0.050000 0.062500
0 0.281250 0.804688 0.050000 0.062500
0 0.265625 0.957031 0.050000 0.062500
0 0.451562 0.443359 0.050000 0.062500
0 0.490625 0.369141 0.050000 0.062500
0 0.437500 0.300781 0.050000 0.062500
0 0.421875 0.294922 0.050000 0.062500
0 0.398438 0.380859 0.050000 0.062500
0 0.356250 0.423828 0.050000 0.062500
0 0.353125 0.414062 0.050000 0.062500
0 0.345313 0.410156 0.050000 0.062500
0 0.334375 0.417969 0.050000 0.062500
0 0.335938 0.396484 0.050000 0.062500
0 0.309375 0.421875 0.050000 0.062500
0 0.285938 0.400391 0.050000 0.062500
0 0.279687 0.390625 0.050000 0.062500
0 0.260937 0.521484 0.050000 0.062500
0 0.251563 0.523438 0.050000 0.062500
0 0.259375 0.500000 0.050000 0.062500
0 0.251563 0.492188 0.050000 0.062500
0 0.212500 0.345703 0.050000 0.062500
0 0.070312 0.621094 0.050000 0.062500
0 0.048438 0.626953 0.050000 0.062500
0 0.040625 0.628906 0.050000 0.062500
0 0.032813 0.619141 0.050000 0.062500
0 0.035937 0.533203 0.050000 0.062500
0 0.123438 0.427734 0.050000 0.062500
0 0.115625 0.427734 0.050000 0.062500
0 0.104688 0.429688 0.050000 0.062500
0 0.104688 0.412109 0.050000 0.062500
0 0.093750 0.416016 0.050000 0.062500
0 0.085938 0.423828 0.050000 0.062500
0 0.021875 0.421875 0.043750 0.062500
0 0.016406 0.417969 0.032813 0.062500
0 0.084375 0.357422 0.050000 0.062500
0 0.146875 0.333984 0.050000 0.062500
0 0.157812 0.326172 0.050000 0.062500
0 0.118750 0.294922 0.050000 0.062500
0 0.021875 0.326172 0.043750 0.062500
0 0.017969 0.283203 0.035937 0.062500
0 0.012500 0.275391 0.025000 0.062500
0 0.082812 0.187500 0.050000 0.062500
0 0.073438 0.173828 0.050000 0.062500
0 0.050000 0.173828 0.050000 0.062500
0 0.062500 0.105469 0.050000 0.062500
0 0.079687 0.097656 0.050000 0.062500
0 0.023438 0.050781 0.046875 0.062500
0 0.029687 0.066406 0.050000 0.062500
0 0.025000 0.128906 0.050000 0.062500
0 0.019531 0.125000 0.039062 0.062500
0 0.034375 0.125000 0.050000 0.062500
0 0.024219 0.148438 0.048438 0.062500
0 0.017188 0.158203 0.034375 0.062500
0 0.040625 0.140625 0.050000 0.062500
0 0.078125 0.117188 0.050000 0.062500
0 0.098437 0.125000 0.050000 0.062500
0 0.125000 0.123047 0.050000 0.062500
0 0.117188 0.125000 0.050000 0.062500
0 0.142187 0.111328 0.050000 0.062500
0 0.121875 0.156250 0.050000 0.062500
0 0.170313 0.119141 0.050000 0.062500
0 0.382812 0.238281 0.050000 0.062500
0 0.404687 0.232422 0.050000 0.062500
0 0.428125 0.162109 0.050000 0.062500
0 0.379688 0.228516 0.050000 0.062500
0 0.400000 0.082031 0.050000 0.062500
0 0.406250 0.070312 0.050000 0.062500
0 0.439063 0.052734 0.050000 0.062500
0 0.446875 0.052734 0.050000 0.062500
0 0.426563 0.029297 0.050000 0.058594
0 0.360938 0.046875 0.050000 0.062500
0 0.356250 0.076172 0.050000 0.062500
0 0.346875 0.087891 0.050000 0.062500
0 0.325000 0.097656 0.050000 0.062500
0 0.310937 0.087891 0.050000 0.062500
0 0.300000 0.080078 0.050000 0.062500
0 0.282813 0.035156 0.050000 0.062500
0 0.254688 0.107422 0.050000 0.062500
0 0.265625 0.099609 0.050000 0.062500
0 0.229687 0.125000 0.050000 0.062500
0 0.226562 0.125000 0.050000 0.062500
0 0.137500 0.076172 0.050000 0.062500
0 0.146875 0.062500 0.050000 0.062500
0 0.173437 0.019531 0.050000 0.039062
0 0.153125 0.018555 0.050000 0.037109
0 0.165625 0.022461 0.050000 0.044922
0 0.164062 0.082031 0.050000 0.062500
0 0.173437 0.078125 0.050000 0.062500
0 0.195312 0.060547 0.050000 0.062500
0 0.201563 0.054688 0.050000 0.062500
0 0.115625 0.078125 0.050000 0.062500
0 0.209375 0.035156 0.050000 0.062500
0 0.215625 0.030273 0.050000 0.060547
0 0.232813 0.029297 0.050000 0.058594
