0 0.981250 0.828125 0.037500 0.062500
0 0.932813 0.822266 0.050000 0.062500
0 0.920312 0.810547 0.050000 0.062500
0 0.887500 0.751953 0.050000 0.062500
0 0.876563 0.746094 0.050000 0.062500
0 0.798438 0.869141 0.050000 0.062500
0 0.789062 0.865234 0.050000 0.062500
0 0.676562 0.849609 0.050000 0.062500
0 0.645312 0.800781 0.050000 0.062500
0 0.612500 0.767578 0.050000 0.062500
0 0.598437 0.767578 0.050000 0.062500
0 0.567187 0.695312 0.050000 0.062500
0 0.571875 0.693359 0.050000 0.062500
0 0.606250 0.623047 0.050000 0.062500
0 0.562500 0.609375 0.050000 0.062500
0 0.518750 0.560547 0.050000 0.062500
0 0.520312 0.916016 0.050000 0.062500
0 0.512500 0.914062 0.050000 0.062500
0 0.467187 0.892578 0.050000 0.062500
0 0.726562 0.689453 0.050000 0.062500
0 0.759375 0.697266 0.050000 0.062500
0 0.771875 0.695312 0.050000 0.062500
0 0.784375 0.632812 0.050000 0.062500
0 0.715625 0.623047 0.050000 0.062500
0 0.695312 0.611328 0.050000 0.062500
0 0.643750 0.671875 0.050000 0.062500
0 0.823438 0.462891 0.050000 0.062500
0 0.790625 0.517578 0.050000 0.062500
0 0.782813 0.511719 0.050000 0.062500
0 0.707812 0.548828 0.050000 0.062500
0 0.675000 0.535156 0.050000 0.062500
0 0.748437 0.492188 0.050000 0.062500
0 0.798438 0.466797 0.050000 0.062500
0 0.871875 0.431641 0.050000 0.062500
0 0.917188 0.457031 0.050000 0.062500
0 0.939063 0.451172 0.050000 0.062500
0 0.929688 0.447266 0.050000 0.062500
0 0.935937 0.392578 0.050000 0.062500
0 0.910937 0.347656 0.050000 0.062500
0 0.937500 0.326172 0.050000 0.062500
0 0.948438 0.318359 0.050000 0.062500
0 0.968750 0.335938 0.050000 0.062500
0 0.965625 0.314453 0.050000 0.062500
0 0.977344 0.312500 0.045312 0.062500
0 0.982031 0.312500 0.035937 0.062500
0 0.985156 0.316406 0.029687 0.062500
0 0.983594 0.345703 0.032813 0.062500
0 0.946875 0.292969 0.050000 0.062500
0 0.742188 0.425781 0.050000 0.062500
0 0.750000 0.423828 0.050000 0.062500
0 0.740625 0.396484 0.050000 0.062500
0 0.787500 0.406250 0.050000 0.062500
0 0.842187 0.351562 0.050000 0.062500
0 0.821875 0.343750 0.050000 0.062500
0 0.792188 0.349609 0.050000 0.062500
0 0.746875 0.322266 0.050000 0.062500
0 0.737500 0.291016 0.050000 0.062500
0 0.721875 0.316406 0.050000 0.062500
0 0.782813 0.310547 0.050000 0.062500
0 0.798438 0.294922 0.050000 0.062500
0 0.820312 0.283203 0.050000 0.062500
0 0.829688 0.285156 0.050000 0.062500
0 0.842187 0.302734 0.050000 0.062500
0 0.853125 0.269531 0.050000 0.062500
0 0.871875 0.269531 0.050000 0.062500
0 0.793750 0.248047 0.050000 0.062500
0 0.778125 0.250000 0.050000 0.062500
0 0.768750 0.250000 0.050000 0.062500
0 0.765625 0.261719 0.050000 0.062500
0 0.759375 0.263672 0.050000 0.062500
0 0.748437 0.248047 0.050000 0.062500
0 0.703125 0.255859 0.050000 0.062500
0 0.692187 0.238281 0.050000 0.062500
0 0.778125 0.222656 0.050000 0.062500
0 0.757812 0.218750 0.050000 0.062500
0 0.746875 0.218750 0.050000 0.062500
0 0.809375 0.207031 0.050000 0.062500
0 0.814063 0.222656 0.050000 0.062500
0 0.795312 0.226562 0.050000 0.062500
0 0.831250 0.244141 0.050000 0.062500
0 0.878125 0.244141 0.050000 0.062500
0 0.651563 0.425781 0.050000 0.062500
0 0.604688 0.476562 0.050000 0.062500
0 0.564063 0.458984 0.050000 0.062500
0 0.535937 0.427734 0.050000 0.062500
0 0.585938 0.390625 0.050000 0.062500
0 0.581250 0.371094 0.050000 0.062500
0 0.548438 0.367188 0.050000 0.062500
0 0.482812 0.421875 0.050000 0.062500
0 0.478125 0.416016 0.050000 0.062500
0 0.606250 0.300781 0.050000 0.062500
0 0.598437 0.292969 0.050000 0.062500
0 0.589063 0.298828 0.050000 0.062500
0 0.614062 0.279297 0.050000 0.062500
0 0.601562 0.271484 0.050000 0.062500
0 0.645312 0.261719 0.050000 0.062500
0 0.614062 0.191406 0.050000 0.062500
0 0.603125 0.207031 0.050000 0.062500
0 0.600000 0.212891 0.050000 0.062500
0 0.625000 0.183594 0.050000 0.062500
0 0.645312 0.187500 0.050000 0.062500
0 0.559375 0.255859 0.050000 0.062500
0 0.565625 0.234375 0.050000 0.062500
0 0.545312 0.232422 0.050000 0.062500
0 0.526563 0.244141 0.050000 0.062500
0 0.534375 0.187500 0.050000 0.062500
0 0.546875 0.177734 0.050000 0.062500
0 0.567187 0.173828 0.050000 0.062500
0 0.648438 0.144531 0.050000 0.062500
0 0.639062 0.158203 0.050000 0.062500
0 0.626563 0.146484 0.050000 0.062500
0 0.670312 0.125000 0.050000 0.062500
0 0.682813 0.169922 0.050000 0.062500
0 0.484375 0.169922 0.050000 0.062500
0 0.490625 0.158203 0.050000 0.062500
0 0.476562 0.160156 0.050000 0.062500
0 0.471875 0.191406 0.050000 0.062500
0 0.465625 0.189453 0.050000 0.062500
0 0.784375 0.169922 0.050000 0.062500
0 0.781250 0.160156 0.050000 0.062500
0 0.773438 0.162109 0.050000 0.062500
0 0.768750 0.166016 0.050000 0.062500
0 0.760938 0.160156 0.050000 0.062500
0 0.753125 0.185547 0.050000 0.062500
0 0.735938 0.195312 0.050000 0.062500
0 0.459375 0.177734 0.050000 0.062500
0 0.362500 0.208984 0.050000 0.062500
0 0.351562 0.195312 0.050000 0.062500
0 0.360938 0.185547 0.050000 0.062500
0 0.409375 0.199219 0.050000 0.062500
0 0.407813 0.185547 0.050000 0.062500
0 0.423438 0.173828 0.050000 0.062500
0 0.450000 0.152344 0.050000 0.062500
0 0.328125 0.082031 0.050000 0.062500
0 0.381250 0.085938 0.050000 0.062500
0 0.370312 0.033203 0.050000 0.062500
0 0.307812 0.042969 0.050000 0.062500
0 0.262500 0.082031 0.050000 0.062500
0 0.251563 0.093750 0.050000 0.062500
0 0.225000 0.107422 0.050000 0.062500
0 0.203125 0.123047 0.050000 0.062500
0 0.193750 0.121094 0.050000 0.062500
0 0.182812 0.111328 0.050000 0.062500
0 0.196875 0.154297 0.050000 0.062500
0 0.209375 0.195312 0.050000 0.062500
0 0.203125 0.193359 0.050000 0.062500
0 0.228125 0.167969 0.050000 0.062500
0 0.223438 0.179688 0.050000 0.062500
0 0.212500 0.173828 0.050000 0.062500
0 0.260937 0.138672 0.050000 0.062500
0 0.282813 0.152344 0.050000 0.062500
0 0.304688 0.130859 0.050000 0.062500
0 0.318750 0.152344 0.050000 0.062500
0 0.314063 0.166016 0.050000 0.062500
0 0.318750 0.208984 0.050000 0.062500
0 0.268750 0.240234 0.050000 0.062500
0 0.265625 0.238281 0.050000 0.062500
0 0.257812 0.228516 0.050000 0.062500
0 0.253125 0.185547 0.050000 0.062500
0 0.184375 0.183594 0.050000 0.062500
0 0.148438 0.189453 0.050000 0.062500
0 0.115625 0.205078 0.050000 0.062500
0 0.096875 0.224609 0.050000 0.062500
0 0.146875 0.386719 0.050000 0.062500
0 0.457813 0.351562 0.050000 0.062500
0 0.442188 0.337891 0.050000 0.062500
0 0.429688 0.345703 0.050000 0.062500
0 0.412500 0.289062 0.050000 0.062500
0 0.475000 0.273438 0.050000 0.062500
0 0.456250 0.490234 0.050000 0.062500
0 0.414062 0.533203 0.050000 0.062500
0 0.396875 0.525391 0.050000 0.062500
0 0.392188 0.511719 0.050000 0.062500
0 0.384375 0.509766 0.050000 0.062500
0 0.370312 0.542969 0.050000 0.062500
0 0.346875 0.517578 0.050000 0.062500
0 0.340625 0.505859 0.050000 0.062500
0 0.270313 0.466797 0.050000 0.062500
0 0.237500 0.417969 0.050000 0.062500
0 0.204687 0.468750 0.050000 0.062500
0 0.196875 0.468750 0.050000 0.062500
0 0.175000 0.533203 0.050000 0.062500
0 0.176563 0.544922 0.050000 0.062500
0 0.167187 0.546875 0.050000 0.062500
0 0.154688 0.535156 0.050000 0.062500
0 0.145313 0.546875 0.050000 0.062500
0 0.185938 0.548828 0.050000 0.062500
0 0.329688 0.638672 0.050000 0.062500
0 0.329688 0.619141 0.050000 0.062500
0 0.146875 0.755859 0.050000 0.062500
0 0.137500 0.783203 0.050000 0.062500
0 0.142187 0.781250 0.050000 0.062500
0 0.129688 0.791016 0.050000 0.062500
0 0.206250 0.828125 0.050000 0.062500
0 0.192188 0.828125 0.050000 0.062500
0 0.154688 0.822266 0.050000 0.062500
0 0.385937 0.939453 0.050000 0.062500
0 0.370312 0.935547 0.050000 0.062500
0 0.264062 0.980469 0.050000 0.039062
0 0.096875 0.335938 0.050000 0.062500
0 0.132812 0.302734 0.050000 0.062500
0 0.134375 0.253906 0.050000 0.062500
0 0.110937 0.259766 0.050000 0.062500
0 0.070312 0.232422 0.050000 0.062500
0 0.059375 0.244141 0.050000 0.062500
0 0.050000 0.248047 0.050000 0.062500
0 0.071875 0.179688 0.050000 0.062500
0 0.051562 0.191406 0.050000 0.062500
0 0.032813 0.195312 0.050000 0.062500
0 0.025000 0.166016 0.050000 0.062500
0 0.014063 0.191406 0.028125 0.062500
0 0.018750 0.310547 0.037500 0.062500
0 0.057813 0.439453 0.050000 0.062500
0 0.039062 0.449219 0.050000 0.062500
0 0.022656 0.445312 0.045312 0.062500
0 0.029687 0.488281 0.050000 0.062500
0 0.021094 0.501953 0.042188 0.062500
0 0.015625 0.521484 0.031250 0.062500
0 0.065625 0.480469 0.050000 0.062500
0 0.081250 0.570312 0.050000 0.062500
0 0.070312 0.570312 0.050000 0.062500
0 0.048438 0.650391 0.050000 0.062500
0 0.040625 0.677734 0.050000 0.062500
0 0.076563 0.708984 0.050000 0.062500
0 0.015625 0.679688 0.031250 0.062500
0 0.021875 0.585938 0.043750 0.062500
0 0.014063 0.597656 0.028125 0.062500
0 0.050000 0.750000 0.050000 0.062500
0 0.042188 0.751953 0.050000 0.062500
0 0.075000 0.769531 0.050000 0.062500
0 0.226562 0.931641 0.050000 0.062500
