0 0.279687 0.283203 0.050000 0.062500
0 0.296875 0.320312 0.050000 0.062500
0 0.239063 0.322266 0.050000 0.062500
0 0.223438 0.291016 0.050000 0.062500
0 0.193750 0.296875 0.050000 0.062500
0 0.167187 0.269531 0.050000 0.062500
0 0.128125 0.218750 0.050000 0.062500
0 0.320312 0.357422 0.050000 0.062500
0 0.296875 0.402344 0.050000 0.062500
0 0.187500 0.617188 0.050000 0.062500
0 0.206250 0.583984 0.050000 0.062500
0 0.157812 0.576172 0.050000 0.062500
0 0.101562 0.556641 0.050000 0.062500
0 0.073438 0.578125 0.050000 0.062500
0 0.078125 0.638672 0.050000 0.062500
0 0.096875 0.671875 0.050000 0.062500
0 0.126562 0.699219 0.050000 0.062500
0 0.134375 0.644531 0.050000 0.062500
0 0.443750 0.449219 0.050000 0.062500
0 0.484375 0.429688 0.050000 0.062500
0 0.510938 0.429688 0.050000 0.062500
0 0.412500 0.490234 0.050000 0.062500
0 0.409375 0.394531 0.050000 0.062500
0 0.431250 0.359375 0.050000 0.062500
0 0.775000 0.212891 0.050000 0.062500
0 0.818750 0.189453 0.050000 0.062500
0 0.779687 0.179688 0.050000 0.062500
0 0.803125 0.160156 0.050000 0.062500
0 0.889062 0.173828 0.050000 0.062500
0 0.856250 0.201172 0.050000 0.062500
0 0.726562 0.218750 0.050000 0.062500
0 0.681250 0.218750 0.050000 0.062500
0 0.654687 0.240234 0.050000 0.062500
0 0.646875 0.281250 0.050000 0.062500
0 0.596875 0.261719 0.050000 0.062500
0 0.231250 0.248047 0.050000 0.062500
0 0.248438 0.267578 0.050000 0.062500
0 0.064062 0.193359 0.050000 0.062500
0 0.042188 0.287109 0.050000 0.062500
0 0.118750 0.287109 0.050000 0.062500
0 0.193750 0.775391 0.050000 0.062500
0 0.290625 0.755859 0.050000 0.062500
0 0.304688 0.738281 0.050000 0.062500
0 0.481250 0.656250 0.050000 0.062500
0 0.510938 0.576172 0.050000 0.062500
0 0.535937 0.535156 0.050000 0.062500
0 0.557813 0.498047 0.050000 0.062500
0 0.582812 0.527344 0.050000 0.062500
0 0.684375 0.173828 0.050000 0.062500
0 0.654687 0.187500 0.050000 0.062500
0 0.476562 0.375000 0.050000 0.062500
0 0.451562 0.355469 0.050000 0.062500
0 0.059375 0.091797 0.050000 0.062500
0 0.020313 0.085938 0.040625 0.062500
0 0.106250 0.093750 0.050000 0.062500
0 0.106250 0.058594 0.050000 0.062500
0 0.156250 0.093750 0.050000 0.062500
0 0.171875 0.148438 0.050000 0.062500
0 0.179688 0.220703 0.050000 0.062500
0 0.189062 0.185547 0.050000 0.062500
0 0.231250 0.214844 0.050000 0.062500
0 0.498437 0.314453 0.050000 0.062500
0 0.475000 0.326172 0.050000 0.062500
0 0.767188 0.341797 0.050000 0.062500
0 0.559375 0.375000 0.050000 0.062500
0 0.979688 0.160156 0.040625 0.062500
0 0.807813 0.039062 0.050000 0.062500
0 0.767188 0.076172 0.050000 0.062500
0 0.735938 0.109375 0.050000 0.062500
0 0.743750 0.144531 0.050000 0.062500
0 0.781250 0.130859 0.050000 0.062500
0 0.807813 0.123047 0.050000 0.062500
0 0.106250 0.152344 0.050000 0.062500
0 0.137500 0.183594 0.050000 0.062500
0 0.343750 0.406250 0.050000 0.062500
0 0.371875 0.425781 0.050000 0.062500
0 0.179688 0.416016 0.050000 0.062500
0 0.070312 0.035156 0.050000 0.062500
0 0.851562 0.101562 0.050000 0.062500
0 0.914062 0.097656 0.050000 0.062500
0 0.923438 0.054688 0.050000 0.062500
0 0.962500 0.030273 0.050000 0.060547
0 0.193750 0.679688 0.050000 0.062500
0 0.215625 0.675781 0.050000 0.062500
0 0.278125 0.591797 0.050000 0.062500
0 0.310937 0.658203 0.050000 0.062500
0 0.231250 0.738281 0.050000 0.062500
0 0.250000 0.736328 0.050000 0.062500
0 0.071875 0.919922 0.050000 0.062500
0 0.715625 0.181641 0.050000 0.062500
0 0.740625 0.191406 0.050000 0.062500
0 0.571875 0.656250 0.050000 0.062500
0 0.948438 0.048828 0.050000 0.062500
0 0.706250 0.142578 0.050000 0.062500
0 0.150000 0.445312 0.050000 0.062500
0 0.145313 0.830078 0.050000 0.062500
0 0.853125 0.033203 0.050000 0.062500
0 0.901563 0.027344 0.050000 0.054688
0 0.620313 0.259766 0.050000 0.062500
0 0.517188 0.347656 0.050000 0.062500
0 0.212500 0.171875 0.050000 0.062500
0 0.623437 0.542969 0.050000 0.062500
0 0.328125 0.578125 0.050000 0.062500
0 0.315625 0.425781 0.050000 0.062500
0 0.151562 0.308594 0.050000 0.062500
0 0.240625 0.419922 0.050000 0.062500
0 0.196875 0.371094 0.050000 0.062500
0 0.021875 0.028320 0.043750 0.056641
0 0.928125 0.132812 0.050000 0.062500
0 0.835938 0.148438 0.050000 0.062500
0 0.873437 0.138672 0.050000 0.062500
0 0.898438 0.136719 0.050000 0.062500
0 0.828125 0.107422 0.050000 0.062500
0 0.889062 0.103516 0.050000 0.062500
