0 0.587500 0.916016 0.050000 0.062500
0 0.581250 0.910156 0.050000 0.062500
0 0.540625 0.898438 0.050000 0.062500
0 0.487500 0.916016 0.050000 0.062500
0 0.476562 0.902344 0.050000 0.062500
0 0.446875 0.939453 0.050000 0.062500
0 0.437500 0.937500 0.050000 0.062500
0 0.339062 0.972656 0.050000 0.054688
0 0.735938 0.841797 0.050000 0.062500
0 0.692187 0.785156 0.050000 0.062500
0 0.678125 0.783203 0.050000 0.062500
0 0.664062 0.759766 0.050000 0.062500
0 0.650000 0.765625 0.050000 0.062500
0 0.818750 0.664062 0.050000 0.062500
0 0.779687 0.666016 0.050000 0.062500
0 0.776563 0.669922 0.050000 0.062500
0 0.767188 0.675781 0.050000 0.062500
0 0.754687 0.611328 0.050000 0.062500
0 0.751563 0.626953 0.050000 0.062500
0 0.732812 0.605469 0.050000 0.062500
0 0.643750 0.595703 0.050000 0.062500
0 0.626563 0.642578 0.050000 0.062500
0 0.617188 0.644531 0.050000 0.062500
0 0.604688 0.615234 0.050000 0.062500
0 0.864062 0.826172 0.050000 0.062500
0 0.854688 0.824219 0.050000 0.062500
0 0.931250 0.707031 0.050000 0.062500
0 0.926562 0.710938 0.050000 0.062500
0 0.945312 0.626953 0.050000 0.062500
0 0.931250 0.566406 0.050000 0.062500
0 0.900000 0.607422 0.050000 0.062500
0 0.950000 0.533203 0.050000 0.062500
0 0.954688 0.521484 0.050000 0.062500
0 0.818750 0.591797 0.050000 0.062500
0 0.814063 0.480469 0.050000 0.062500
0 0.806250 0.480469 0.050000 0.062500
0 0.765625 0.458984 0.050000 0.062500
0 0.812500 0.441406 0.050000 0.062500
0 0.831250 0.429688 0.050000 0.062500
0 0.873437 0.400391 0.050000 0.062500
0 0.892188 0.330078 0.050000 0.062500
0 0.881250 0.335938 0.050000 0.062500
0 0.857812 0.347656 0.050000 0.062500
0 0.810937 0.373047 0.050000 0.062500
0 0.929688 0.357422 0.050000 0.062500
0 0.946875 0.376953 0.050000 0.062500
0 0.951562 0.380859 0.050000 0.062500
0 0.948438 0.310547 0.050000 0.062500
0 0.957812 0.304688 0.050000 0.062500
0 0.859375 0.287109 0.050000 0.062500
0 0.876563 0.316406 0.050000 0.062500
0 0.881250 0.240234 0.050000 0.062500
0 0.854688 0.250000 0.050000 0.062500
0 0.839063 0.238281 0.050000 0.062500
0 0.825000 0.218750 0.050000 0.062500
0 0.820312 0.212891 0.050000 0.062500
0 0.812500 0.197266 0.050000 0.062500
0 0.798438 0.212891 0.050000 0.062500
0 0.810937 0.220703 0.050000 0.062500
0 0.779687 0.214844 0.050000 0.062500
0 0.767188 0.216797 0.050000 0.062500
0 0.756250 0.230469 0.050000 0.062500
0 0.745313 0.232422 0.050000 0.062500
0 0.740625 0.240234 0.050000 0.062500
0 0.734375 0.242188 0.050000 0.062500
0 0.717187 0.261719 0.050000 0.062500
0 0.707812 0.263672 0.050000 0.062500
0 0.725000 0.269531 0.050000 0.062500
0 0.742188 0.267578 0.050000 0.062500
0 0.754687 0.255859 0.050000 0.062500
0 0.771875 0.250000 0.050000 0.062500
0 0.790625 0.255859 0.050000 0.062500
0 0.781250 0.273438 0.050000 0.062500
0 0.790625 0.285156 0.050000 0.062500
0 0.809375 0.283203 0.050000 0.062500
0 0.806250 0.261719 0.050000 0.062500
0 0.798438 0.265625 0.050000 0.062500
0 0.826562 0.251953 0.050000 0.062500
0 0.832812 0.281250 0.050000 0.062500
0 0.900000 0.197266 0.050000 0.062500
0 0.895312 0.179688 0.050000 0.062500
0 0.870313 0.175781 0.050000 0.062500
0 0.778125 0.187500 0.050000 0.062500
0 0.767188 0.179688 0.050000 0.062500
0 0.753125 0.181641 0.050000 0.062500
0 0.743750 0.181641 0.050000 0.062500
0 0.750000 0.195312 0.050000 0.062500
0 0.782813 0.158203 0.050000 0.062500
0 0.750000 0.142578 0.050000 0.062500
0 0.712500 0.179688 0.050000 0.062500
0 0.690625 0.152344 0.050000 0.062500
0 0.675000 0.162109 0.050000 0.062500
0 0.648438 0.152344 0.050000 0.062500
0 0.642188 0.140625 0.050000 0.062500
0 0.668750 0.125000 0.050000 0.062500
0 0.637500 0.156250 0.050000 0.062500
0 0.629687 0.156250 0.050000 0.062500
0 0.718750 0.220703 0.050000 0.062500
0 0.707812 0.214844 0.050000 0.062500
0 0.723437 0.296875 0.050000 0.062500
0 0.753125 0.298828 0.050000 0.062500
0 0.753125 0.335938 0.050000 0.062500
0 0.745313 0.335938 0.050000 0.062500
0 0.787500 0.308594 0.050000 0.062500
0 0.746875 0.359375 0.050000 0.062500
0 0.754687 0.390625 0.050000 0.062500
0 0.762500 0.386719 0.050000 0.062500
0 0.670312 0.447266 0.050000 0.062500
0 0.692187 0.519531 0.050000 0.062500
0 0.743750 0.519531 0.050000 0.062500
0 0.607812 0.480469 0.050000 0.062500
0 0.590625 0.441406 0.050000 0.062500
0 0.564063 0.433594 0.050000 0.062500
0 0.560937 0.390625 0.050000 0.062500
0 0.601562 0.376953 0.050000 0.062500
0 0.609375 0.386719 0.050000 0.062500
0 0.626563 0.283203 0.050000 0.062500
0 0.610938 0.281250 0.050000 0.062500
0 0.606250 0.285156 0.050000 0.062500
0 0.617188 0.296875 0.050000 0.062500
0 0.634375 0.236328 0.050000 0.062500
0 0.573438 0.259766 0.050000 0.062500
0 0.578125 0.240234 0.050000 0.062500
0 0.543750 0.248047 0.050000 0.062500
0 0.548438 0.232422 0.050000 0.062500
0 0.501563 0.193359 0.050000 0.062500
0 0.481250 0.169922 0.050000 0.062500
0 0.485938 0.166016 0.050000 0.062500
0 0.518750 0.183594 0.050000 0.062500
0 0.535937 0.177734 0.050000 0.062500
0 0.545312 0.162109 0.050000 0.062500
0 0.576562 0.150391 0.050000 0.062500
0 0.553125 0.130859 0.050000 0.062500
0 0.443750 0.183594 0.050000 0.062500
0 0.440625 0.193359 0.050000 0.062500
0 0.437500 0.207031 0.050000 0.062500
0 0.425000 0.193359 0.050000 0.062500
0 0.387500 0.191406 0.050000 0.062500
0 0.390625 0.208984 0.050000 0.062500
0 0.368750 0.222656 0.050000 0.062500
0 0.353125 0.197266 0.050000 0.062500
0 0.314063 0.212891 0.050000 0.062500
0 0.317188 0.152344 0.050000 0.062500
0 0.470313 0.107422 0.050000 0.062500
0 0.392188 0.097656 0.050000 0.062500
0 0.379688 0.076172 0.050000 0.062500
0 0.375000 0.115234 0.050000 0.062500
0 0.339062 0.089844 0.050000 0.062500
0 0.335938 0.089844 0.050000 0.062500
0 0.328125 0.091797 0.050000 0.062500
0 0.331250 0.066406 0.050000 0.062500
0 0.471875 0.353516 0.050000 0.062500
0 0.437500 0.359375 0.050000 0.062500
0 0.495312 0.412109 0.050000 0.062500
0 0.487500 0.265625 0.050000 0.062500
0 0.414062 0.291016 0.050000 0.062500
0 0.476562 0.501953 0.050000 0.062500
0 0.465625 0.533203 0.050000 0.062500
0 0.551562 0.554688 0.050000 0.062500
0 0.432812 0.509766 0.050000 0.062500
0 0.421875 0.513672 0.050000 0.062500
0 0.409375 0.509766 0.050000 0.062500
0 0.406250 0.548828 0.050000 0.062500
0 0.398438 0.554688 0.050000 0.062500
0 0.371875 0.515625 0.050000 0.062500
0 0.373437 0.628906 0.050000 0.062500
0 0.368750 0.644531 0.050000 0.062500
0 0.365625 0.636719 0.050000 0.062500
0 0.373437 0.660156 0.050000 0.062500
0 0.214062 0.808594 0.050000 0.062500
0 0.210938 0.824219 0.050000 0.062500
0 0.209375 0.830078 0.050000 0.062500
0 0.226562 0.822266 0.050000 0.062500
0 0.165625 0.796875 0.050000 0.062500
0 0.157812 0.796875 0.050000 0.062500
0 0.143750 0.804688 0.050000 0.062500
0 0.142187 0.761719 0.050000 0.062500
0 0.153125 0.751953 0.050000 0.062500
0 0.185938 0.759766 0.050000 0.062500
0 0.117188 0.697266 0.050000 0.062500
0 0.109375 0.697266 0.050000 0.062500
0 0.123438 0.667969 0.050000 0.062500
0 0.092188 0.660156 0.050000 0.062500
0 0.056250 0.660156 0.050000 0.062500
0 0.068750 0.625000 0.050000 0.062500
0 0.059375 0.630859 0.050000 0.062500
0 0.046875 0.615234 0.050000 0.062500
0 0.040625 0.626953 0.050000 0.062500
0 0.028125 0.615234 0.050000 0.062500
0 0.019531 0.613281 0.039062 0.062500
0 0.014063 0.597656 0.028125 0.062500
0 0.117188 0.617188 0.050000 0.062500
0 0.126562 0.619141 0.050000 0.062500
0 0.178125 0.560547 0.050000 0.062500
0 0.184375 0.554688 0.050000 0.062500
0 0.217188 0.564453 0.050000 0.062500
0 0.209375 0.562500 0.050000 0.062500
0 0.204687 0.548828 0.050000 0.062500
0 0.196875 0.548828 0.050000 0.062500
0 0.200000 0.562500 0.050000 0.062500
0 0.092188 0.519531 0.050000 0.062500
0 0.215625 0.474609 0.050000 0.062500
0 0.231250 0.457031 0.050000 0.062500
0 0.296875 0.478516 0.050000 0.062500
0 0.270313 0.427734 0.050000 0.062500
0 0.196875 0.453125 0.050000 0.062500
0 0.054688 0.542969 0.050000 0.062500
0 0.040625 0.550781 0.050000 0.062500
0 0.029687 0.535156 0.050000 0.062500
0 0.032813 0.496094 0.050000 0.062500
0 0.017969 0.492188 0.035937 0.062500
0 0.060937 0.470703 0.050000 0.062500
0 0.079687 0.480469 0.050000 0.062500
0 0.137500 0.382812 0.050000 0.062500
0 0.096875 0.375000 0.050000 0.062500
0 0.085938 0.371094 0.050000 0.062500
0 0.117188 0.333984 0.050000 0.062500
0 0.165625 0.281250 0.050000 0.062500
0 0.129688 0.291016 0.050000 0.062500
0 0.114062 0.287109 0.050000 0.062500
0 0.092188 0.298828 0.050000 0.062500
0 0.015625 0.390625 0.031250 0.062500
0 0.019531 0.423828 0.039062 0.062500
0 0.017969 0.335938 0.035937 0.062500
0 0.022656 0.314453 0.045312 0.062500
0 0.029687 0.310547 0.050000 0.062500
0 0.067187 0.255859 0.050000 0.062500
0 0.057813 0.214844 0.050000 0.062500
0 0.023438 0.228516 0.046875 0.062500
0 0.018750 0.226562 0.037500 0.062500
0 0.101562 0.236328 0.050000 0.062500
0 0.115625 0.248047 0.050000 0.062500
0 0.123438 0.226562 0.050000 0.062500
0 0.117188 0.226562 0.050000 0.062500
0 0.295312 0.226562 0.050000 0.062500
0 0.275000 0.246094 0.050000 0.062500
0 0.253125 0.248047 0.050000 0.062500
0 0.234375 0.255859 0.050000 0.062500
0 0.253125 0.216797 0.050000 0.062500
0 0.240625 0.222656 0.050000 0.062500
0 0.234375 0.216797 0.050000 0.062500
0 0.210938 0.199219 0.050000 0.062500
0 0.221875 0.197266 0.050000 0.062500
0 0.232813 0.185547 0.050000 0.062500
0 0.195312 0.158203 0.050000 0.062500
0 0.187500 0.134766 0.050000 0.062500
0 0.167187 0.140625 0.050000 0.062500
0 0.153125 0.201172 0.050000 0.062500
0 0.185938 0.193359 0.050000 0.062500
0 0.176563 0.207031 0.050000 0.062500
0 0.251563 0.111328 0.050000 0.062500
0 0.278125 0.080078 0.050000 0.062500
0 0.271875 0.054688 0.050000 0.062500
0 0.285938 0.167969 0.050000 0.062500
0 0.254688 0.148438 0.050000 0.062500
