0 0.464062 0.917969 0.050000 0.062500
0 0.453125 0.923828 0.050000 0.062500
0 0.404687 0.916016 0.050000 0.062500
0 0.326562 0.953125 0.050000 0.062500
0 0.315625 0.955078 0.050000 0.062500
0 0.312500 0.958984 0.050000 0.062500
0 0.118750 0.865234 0.050000 0.062500
0 0.103125 0.865234 0.050000 0.062500
0 0.046875 0.822266 0.050000 0.062500
0 0.039062 0.822266 0.050000 0.062500
0 0.028125 0.771484 0.050000 0.062500
0 0.019531 0.736328 0.039062 0.062500
0 0.017188 0.765625 0.034375 0.062500
0 0.014063 0.812500 0.028125 0.062500
0 0.021094 0.835938 0.042188 0.062500
0 0.031250 0.849609 0.050000 0.062500
0 0.903125 0.794922 0.050000 0.062500
0 0.829688 0.787109 0.050000 0.062500
0 0.807813 0.775391 0.050000 0.062500
0 0.735938 0.785156 0.050000 0.062500
0 0.723437 0.783203 0.050000 0.062500
0 0.598437 0.835938 0.050000 0.062500
0 0.564063 0.789062 0.050000 0.062500
0 0.553125 0.791016 0.050000 0.062500
0 0.526563 0.761719 0.050000 0.062500
0 0.514062 0.767578 0.050000 0.062500
0 0.675000 0.636719 0.050000 0.062500
0 0.667188 0.634766 0.050000 0.062500
0 0.784375 0.658203 0.050000 0.062500
0 0.768750 0.658203 0.050000 0.062500
0 0.770312 0.595703 0.050000 0.062500
0 0.803125 0.580078 0.050000 0.062500
0 0.853125 0.619141 0.050000 0.062500
0 0.842187 0.572266 0.050000 0.062500
0 0.820312 0.554688 0.050000 0.062500
0 0.904687 0.619141 0.050000 0.062500
0 0.873437 0.578125 0.050000 0.062500
0 0.959375 0.556641 0.050000 0.062500
0 0.960938 0.572266 0.050000 0.062500
0 0.967187 0.556641 0.050000 0.062500
0 0.975781 0.566406 0.048438 0.062500
0 0.983594 0.640625 0.032813 0.062500
0 0.985156 0.664062 0.029687 0.062500
0 0.982812 0.482422 0.034375 0.062500
0 0.957812 0.441406 0.050000 0.062500
0 0.978125 0.414062 0.043750 0.062500
0 0.898438 0.414062 0.050000 0.062500
0 0.887500 0.421875 0.050000 0.062500
0 0.862500 0.408203 0.050000 0.062500
0 0.851562 0.404297 0.050000 0.062500
0 0.851562 0.386719 0.050000 0.062500
0 0.853125 0.367188 0.050000 0.062500
0 0.865625 0.365234 0.050000 0.062500
0 0.834375 0.361328 0.050000 0.062500
0 0.812500 0.306641 0.050000 0.062500
0 0.839063 0.287109 0.050000 0.062500
0 0.821875 0.285156 0.050000 0.062500
0 0.800000 0.281250 0.050000 0.062500
0 0.787500 0.285156 0.050000 0.062500
0 0.779687 0.289062 0.050000 0.062500
0 0.768750 0.306641 0.050000 0.062500
0 0.784375 0.349609 0.050000 0.062500
0 0.768750 0.355469 0.050000 0.062500
0 0.739062 0.341797 0.050000 0.062500
0 0.717187 0.306641 0.050000 0.062500
0 0.698438 0.341797 0.050000 0.062500
0 0.698438 0.363281 0.050000 0.062500
0 0.657813 0.400391 0.050000 0.062500
0 0.637500 0.416016 0.050000 0.062500
0 0.628125 0.644531 0.050000 0.062500
0 0.615625 0.646484 0.050000 0.062500
0 0.606250 0.611328 0.050000 0.062500
0 0.598437 0.617188 0.050000 0.062500
0 0.589063 0.605469 0.050000 0.062500
0 0.540625 0.662109 0.050000 0.062500
0 0.484375 0.583984 0.050000 0.062500
0 0.471875 0.605469 0.050000 0.062500
0 0.467187 0.605469 0.050000 0.062500
0 0.451562 0.617188 0.050000 0.062500
0 0.401562 0.574219 0.050000 0.062500
0 0.396875 0.566406 0.050000 0.062500
0 0.428125 0.496094 0.050000 0.062500
0 0.523438 0.509766 0.050000 0.062500
0 0.506250 0.468750 0.050000 0.062500
0 0.585938 0.496094 0.050000 0.062500
0 0.660937 0.544922 0.050000 0.062500
0 0.768750 0.501953 0.050000 0.062500
0 0.771875 0.492188 0.050000 0.062500
0 0.648438 0.449219 0.050000 0.062500
0 0.639062 0.449219 0.050000 0.062500
0 0.600000 0.435547 0.050000 0.062500
0 0.590625 0.361328 0.050000 0.062500
0 0.578125 0.369141 0.050000 0.062500
0 0.642188 0.337891 0.050000 0.062500
0 0.693750 0.298828 0.050000 0.062500
0 0.678125 0.289062 0.050000 0.062500
0 0.695312 0.281250 0.050000 0.062500
0 0.703125 0.251953 0.050000 0.062500
0 0.785937 0.265625 0.050000 0.062500
0 0.570312 0.333984 0.050000 0.062500
0 0.575000 0.306641 0.050000 0.062500
0 0.568750 0.304688 0.050000 0.062500
0 0.610938 0.261719 0.050000 0.062500
0 0.603125 0.251953 0.050000 0.062500
0 0.603125 0.246094 0.050000 0.062500
0 0.609375 0.240234 0.050000 0.062500
0 0.621875 0.238281 0.050000 0.062500
0 0.662500 0.232422 0.050000 0.062500
0 0.710938 0.234375 0.050000 0.062500
0 0.648438 0.210938 0.050000 0.062500
0 0.640625 0.193359 0.050000 0.062500
0 0.600000 0.171875 0.050000 0.062500
0 0.601562 0.156250 0.050000 0.062500
0 0.568750 0.201172 0.050000 0.062500
0 0.560937 0.203125 0.050000 0.062500
0 0.548438 0.197266 0.050000 0.062500
0 0.542188 0.214844 0.050000 0.062500
0 0.526563 0.230469 0.050000 0.062500
0 0.568750 0.240234 0.050000 0.062500
0 0.560937 0.236328 0.050000 0.062500
0 0.557813 0.259766 0.050000 0.062500
0 0.546875 0.269531 0.050000 0.062500
0 0.532813 0.283203 0.050000 0.062500
0 0.576562 0.259766 0.050000 0.062500
0 0.571875 0.269531 0.050000 0.062500
0 0.451562 0.287109 0.050000 0.062500
0 0.446875 0.294922 0.050000 0.062500
0 0.439063 0.281250 0.050000 0.062500
0 0.439063 0.292969 0.050000 0.062500
0 0.450000 0.218750 0.050000 0.062500
0 0.485938 0.214844 0.050000 0.062500
0 0.393750 0.271484 0.050000 0.062500
0 0.407813 0.255859 0.050000 0.062500
0 0.379688 0.250000 0.050000 0.062500
0 0.373437 0.259766 0.050000 0.062500
0 0.370312 0.208984 0.050000 0.062500
0 0.384375 0.183594 0.050000 0.062500
0 0.392188 0.164062 0.050000 0.062500
0 0.418750 0.132812 0.050000 0.062500
0 0.443750 0.150391 0.050000 0.062500
0 0.485938 0.164062 0.050000 0.062500
0 0.529687 0.158203 0.050000 0.062500
0 0.510938 0.169922 0.050000 0.062500
0 0.318750 0.197266 0.050000 0.062500
0 0.312500 0.203125 0.050000 0.062500
0 0.307812 0.181641 0.050000 0.062500
0 0.287500 0.214844 0.050000 0.062500
0 0.354687 0.142578 0.050000 0.062500
0 0.345313 0.160156 0.050000 0.062500
0 0.289062 0.123047 0.050000 0.062500
0 0.317188 0.099609 0.050000 0.062500
0 0.329688 0.097656 0.050000 0.062500
0 0.210938 0.115234 0.050000 0.062500
0 0.196875 0.097656 0.050000 0.062500
0 0.192188 0.111328 0.050000 0.062500
0 0.179688 0.054688 0.050000 0.062500
0 0.154688 0.128906 0.050000 0.062500
0 0.184375 0.142578 0.050000 0.062500
0 0.185938 0.119141 0.050000 0.062500
0 0.231250 0.208984 0.050000 0.062500
0 0.243750 0.185547 0.050000 0.062500
0 0.225000 0.201172 0.050000 0.062500
0 0.254688 0.162109 0.050000 0.062500
0 0.218750 0.230469 0.050000 0.062500
0 0.210938 0.226562 0.050000 0.062500
0 0.196875 0.242188 0.050000 0.062500
0 0.184375 0.236328 0.050000 0.062500
0 0.160938 0.232422 0.050000 0.062500
0 0.312500 0.371094 0.050000 0.062500
0 0.307812 0.382812 0.050000 0.062500
0 0.271875 0.375000 0.050000 0.062500
0 0.262500 0.333984 0.050000 0.062500
0 0.307812 0.298828 0.050000 0.062500
0 0.320312 0.431641 0.050000 0.062500
0 0.323437 0.447266 0.050000 0.062500
0 0.393750 0.416016 0.050000 0.062500
0 0.437500 0.386719 0.050000 0.062500
0 0.443750 0.396484 0.050000 0.062500
0 0.431250 0.433594 0.050000 0.062500
0 0.401562 0.439453 0.050000 0.062500
0 0.335938 0.501953 0.050000 0.062500
0 0.293750 0.515625 0.050000 0.062500
0 0.296875 0.531250 0.050000 0.062500
0 0.310937 0.537109 0.050000 0.062500
0 0.331250 0.535156 0.050000 0.062500
0 0.218750 0.542969 0.050000 0.062500
0 0.214062 0.595703 0.050000 0.062500
0 0.228125 0.552734 0.050000 0.062500
0 0.260937 0.529297 0.050000 0.062500
0 0.237500 0.675781 0.050000 0.062500
0 0.225000 0.671875 0.050000 0.062500
0 0.225000 0.652344 0.050000 0.062500
0 0.215625 0.648438 0.050000 0.062500
0 0.104688 0.279297 0.050000 0.062500
0 0.092188 0.267578 0.050000 0.062500
0 0.107813 0.250000 0.050000 0.062500
0 0.132812 0.199219 0.050000 0.062500
0 0.143750 0.185547 0.050000 0.062500
0 0.145313 0.123047 0.050000 0.062500
0 0.087500 0.115234 0.050000 0.062500
0 0.075000 0.146484 0.050000 0.062500
0 0.053125 0.128906 0.050000 0.062500
0 0.073438 0.082031 0.050000 0.062500
0 0.067187 0.072266 0.050000 0.062500
0 0.028125 0.164062 0.050000 0.062500
0 0.019531 0.181641 0.039062 0.062500
0 0.022656 0.193359 0.045312 0.062500
0 0.035937 0.236328 0.050000 0.062500
0 0.021094 0.230469 0.042188 0.062500
0 0.056250 0.267578 0.050000 0.062500
0 0.042188 0.255859 0.050000 0.062500
0 0.043750 0.234375 0.050000 0.062500
0 0.053125 0.232422 0.050000 0.062500
0 0.059375 0.228516 0.050000 0.062500
0 0.070312 0.220703 0.050000 0.062500
0 0.029687 0.314453 0.050000 0.062500
0 0.065625 0.468750 0.050000 0.062500
0 0.060937 0.509766 0.050000 0.062500
0 0.075000 0.515625 0.050000 0.062500
0 0.081250 0.492188 0.050000 0.062500
0 0.095312 0.458984 0.050000 0.062500
0 0.107813 0.458984 0.050000 0.062500
0 0.140625 0.505859 0.050000 0.062500
0 0.068750 0.601562 0.050000 0.062500
0 0.053125 0.583984 0.050000 0.062500
0 0.043750 0.583984 0.050000 0.062500
0 0.032813 0.587891 0.050000 0.062500
0 0.026562 0.599609 0.050000 0.062500
