0 0.779687 0.847656 0.050000 0.062500
0 0.796875 0.826172 0.050000 0.062500
0 0.807813 0.810547 0.050000 0.062500
0 0.756250 0.865234 0.050000 0.062500
0 0.720313 0.804688 0.050000 0.062500
0 0.714063 0.802734 0.050000 0.062500
0 0.773438 0.761719 0.050000 0.062500
0 0.795312 0.751953 0.050000 0.062500
0 0.865625 0.720703 0.050000 0.062500
0 0.892188 0.691406 0.050000 0.062500
0 0.900000 0.650391 0.050000 0.062500
0 0.890625 0.677734 0.050000 0.062500
0 0.926562 0.677734 0.050000 0.062500
0 0.951562 0.722656 0.050000 0.062500
0 0.943750 0.724609 0.050000 0.062500
0 0.962500 0.734375 0.050000 0.062500
0 0.971875 0.722656 0.050000 0.062500
0 0.504687 0.820312 0.050000 0.062500
0 0.496875 0.794922 0.050000 0.062500
0 0.423438 0.826172 0.050000 0.062500
0 0.412500 0.779297 0.050000 0.062500
0 0.323437 0.802734 0.050000 0.062500
0 0.318750 0.771484 0.050000 0.062500
0 0.339062 0.771484 0.050000 0.062500
0 0.356250 0.755859 0.050000 0.062500
0 0.364063 0.753906 0.050000 0.062500
0 0.265625 0.767578 0.050000 0.062500
0 0.260937 0.732422 0.050000 0.062500
0 0.190625 0.763672 0.050000 0.062500
0 0.143750 0.759766 0.050000 0.062500
0 0.182812 0.562500 0.050000 0.062500
0 0.282813 0.548828 0.050000 0.062500
0 0.275000 0.541016 0.050000 0.062500
0 0.298438 0.537109 0.050000 0.062500
0 0.371875 0.591797 0.050000 0.062500
0 0.460938 0.501953 0.050000 0.062500
0 0.350000 0.437500 0.050000 0.062500
0 0.343750 0.439453 0.050000 0.062500
0 0.307812 0.361328 0.050000 0.062500
0 0.295312 0.359375 0.050000 0.062500
0 0.220312 0.357422 0.050000 0.062500
0 0.209375 0.351562 0.050000 0.062500
0 0.193750 0.318359 0.050000 0.062500
0 0.187500 0.396484 0.050000 0.062500
0 0.178125 0.398438 0.050000 0.062500
0 0.131250 0.410156 0.050000 0.062500
0 0.298438 0.214844 0.050000 0.062500
0 0.356250 0.050781 0.050000 0.062500
0 0.323437 0.037109 0.050000 0.062500
0 0.331250 0.022461 0.050000 0.044922
0 0.215625 0.023438 0.050000 0.046875
0 0.231250 0.016602 0.050000 0.033203
0 0.421875 0.023438 0.050000 0.046875
0 0.389062 0.041016 0.050000 0.062500
0 0.398438 0.052734 0.050000 0.062500
0 0.450000 0.023438 0.050000 0.046875
0 0.482812 0.058594 0.050000 0.062500
0 0.512500 0.070312 0.050000 0.062500
0 0.423438 0.109375 0.050000 0.062500
0 0.509375 0.126953 0.050000 0.062500
0 0.535937 0.171875 0.050000 0.062500
0 0.539062 0.152344 0.050000 0.062500
0 0.545312 0.156250 0.050000 0.062500
0 0.560937 0.167969 0.050000 0.062500
0 0.562500 0.179688 0.050000 0.062500
0 0.560937 0.195312 0.050000 0.062500
0 0.553125 0.214844 0.050000 0.062500
0 0.532813 0.226562 0.050000 0.062500
0 0.517188 0.236328 0.050000 0.062500
0 0.510938 0.216797 0.050000 0.062500
0 0.554688 0.240234 0.050000 0.062500
0 0.571875 0.234375 0.050000 0.062500
0 0.587500 0.214844 0.050000 0.062500
0 0.584375 0.195312 0.050000 0.062500
0 0.573438 0.185547 0.050000 0.062500
0 0.581250 0.166016 0.050000 0.062500
0 0.581250 0.140625 0.050000 0.062500
0 0.593750 0.132812 0.050000 0.062500
0 0.578125 0.103516 0.050000 0.062500
0 0.609375 0.162109 0.050000 0.062500
0 0.601562 0.162109 0.050000 0.062500
0 0.615625 0.177734 0.050000 0.062500
0 0.664062 0.470703 0.050000 0.062500
0 0.654687 0.439453 0.050000 0.062500
0 0.639062 0.458984 0.050000 0.062500
0 0.614062 0.453125 0.050000 0.062500
0 0.640625 0.373047 0.050000 0.062500
0 0.809375 0.539062 0.050000 0.062500
0 0.825000 0.525391 0.050000 0.062500
0 0.832812 0.501953 0.050000 0.062500
0 0.818750 0.462891 0.050000 0.062500
0 0.798438 0.433594 0.050000 0.062500
0 0.765625 0.406250 0.050000 0.062500
0 0.781250 0.402344 0.050000 0.062500
0 0.739062 0.443359 0.050000 0.062500
0 0.814063 0.416016 0.050000 0.062500
0 0.810937 0.390625 0.050000 0.062500
0 0.814063 0.349609 0.050000 0.062500
0 0.784375 0.345703 0.050000 0.062500
0 0.760938 0.273438 0.050000 0.062500
0 0.787500 0.273438 0.050000 0.062500
0 0.795312 0.251953 0.050000 0.062500
0 0.795312 0.226562 0.050000 0.062500
0 0.779687 0.216797 0.050000 0.062500
0 0.735938 0.220703 0.050000 0.062500
0 0.712500 0.187500 0.050000 0.062500
0 0.728125 0.177734 0.050000 0.062500
0 0.739062 0.169922 0.050000 0.062500
0 0.701562 0.117188 0.050000 0.062500
0 0.687500 0.148438 0.050000 0.062500
0 0.682813 0.166016 0.050000 0.062500
0 0.668750 0.136719 0.050000 0.062500
0 0.668750 0.109375 0.050000 0.062500
0 0.632812 0.083984 0.050000 0.062500
0 0.625000 0.103516 0.050000 0.062500
0 0.654687 0.042969 0.050000 0.062500
0 0.693750 0.056641 0.050000 0.062500
0 0.756250 0.029297 0.050000 0.058594
0 0.745313 0.031250 0.050000 0.062500
0 0.746875 0.062500 0.050000 0.062500
0 0.789062 0.093750 0.050000 0.062500
0 0.823438 0.072266 0.050000 0.062500
0 0.803125 0.046875 0.050000 0.062500
0 0.854688 0.335938 0.050000 0.062500
0 0.848437 0.343750 0.050000 0.062500
0 0.839063 0.335938 0.050000 0.062500
0 0.856250 0.349609 0.050000 0.062500
0 0.864062 0.341797 0.050000 0.062500
0 0.867188 0.349609 0.050000 0.062500
0 0.862500 0.292969 0.050000 0.062500
0 0.885938 0.302734 0.050000 0.062500
0 0.893750 0.330078 0.050000 0.062500
0 0.929688 0.388672 0.050000 0.062500
0 0.929688 0.369141 0.050000 0.062500
0 0.956250 0.367188 0.050000 0.062500
0 0.890625 0.414062 0.050000 0.062500
0 0.898438 0.414062 0.050000 0.062500
0 0.870313 0.398438 0.050000 0.062500
0 0.848437 0.390625 0.050000 0.062500
0 0.829688 0.406250 0.050000 0.062500
0 0.832812 0.269531 0.050000 0.062500
0 0.814063 0.222656 0.050000 0.062500
0 0.867188 0.230469 0.050000 0.062500
0 0.871875 0.251953 0.050000 0.062500
0 0.857812 0.230469 0.050000 0.062500
0 0.896875 0.539062 0.050000 0.062500
0 0.887500 0.531250 0.050000 0.062500
0 0.878125 0.525391 0.050000 0.062500
0 0.865625 0.523438 0.050000 0.062500
0 0.853125 0.521484 0.050000 0.062500
0 0.848437 0.474609 0.050000 0.062500
0 0.862500 0.482422 0.050000 0.062500
0 0.879687 0.501953 0.050000 0.062500
0 0.912500 0.562500 0.050000 0.062500
0 0.868750 0.615234 0.050000 0.062500
0 0.809375 0.580078 0.050000 0.062500
0 0.970313 0.517578 0.050000 0.062500
0 0.967187 0.537109 0.050000 0.062500
0 0.967187 0.478516 0.050000 0.062500
0 0.942187 0.548828 0.050000 0.062500
0 0.946875 0.580078 0.050000 0.062500
0 0.650000 0.644531 0.050000 0.062500
0 0.575000 0.748047 0.050000 0.062500
0 0.603125 0.783203 0.050000 0.062500
0 0.528125 0.744141 0.050000 0.062500
0 0.512500 0.722656 0.050000 0.062500
0 0.556250 0.650391 0.050000 0.062500
0 0.078125 0.785156 0.050000 0.062500
0 0.068750 0.771484 0.050000 0.062500
0 0.084375 0.744141 0.050000 0.062500
0 0.107813 0.716797 0.050000 0.062500
0 0.095312 0.654297 0.050000 0.062500
0 0.039062 0.701172 0.050000 0.062500
0 0.107813 0.660156 0.050000 0.062500
0 0.107813 0.333984 0.050000 0.062500
0 0.068750 0.482422 0.050000 0.062500
0 0.062500 0.125000 0.050000 0.062500
0 0.050000 0.093750 0.050000 0.062500
0 0.050000 0.082031 0.050000 0.062500
0 0.039062 0.076172 0.050000 0.062500
0 0.035937 0.140625 0.050000 0.062500
0 0.024219 0.136719 0.048438 0.062500
0 0.021875 0.136719 0.043750 0.062500
0 0.017188 0.156250 0.034375 0.062500
0 0.110937 0.023438 0.050000 0.046875
0 0.101562 0.058594 0.050000 0.062500
0 0.128125 0.068359 0.050000 0.062500
0 0.032813 0.018555 0.050000 0.037109
0 0.021094 0.018555 0.042188 0.037109
