0 0.957812 0.960938 0.050000 0.062500
0 0.895312 0.837891 0.050000 0.062500
0 0.915625 0.839844 0.050000 0.062500
0 0.937500 0.808594 0.050000 0.062500
0 0.964063 0.779297 0.050000 0.062500
0 0.954688 0.791016 0.050000 0.062500
0 0.946875 0.792969 0.050000 0.062500
0 0.950000 0.775391 0.050000 0.062500
0 0.946875 0.759766 0.050000 0.062500
0 0.954688 0.744141 0.050000 0.062500
0 0.956250 0.724609 0.050000 0.062500
0 0.793750 0.810547 0.050000 0.062500
0 0.768750 0.820312 0.050000 0.062500
0 0.760938 0.843750 0.050000 0.062500
0 0.778125 0.828125 0.050000 0.062500
0 0.801562 0.798828 0.050000 0.062500
0 0.796875 0.730469 0.050000 0.062500
0 0.790625 0.712891 0.050000 0.062500
0 0.771875 0.736328 0.050000 0.062500
0 0.748437 0.714844 0.050000 0.062500
0 0.781250 0.707031 0.050000 0.062500
0 0.807813 0.699219 0.050000 0.062500
0 0.840625 0.660156 0.050000 0.062500
0 0.857812 0.660156 0.050000 0.062500
0 0.867188 0.669922 0.050000 0.062500
0 0.884375 0.644531 0.050000 0.062500
0 0.895312 0.628906 0.050000 0.062500
0 0.865625 0.625000 0.050000 0.062500
0 0.895312 0.525391 0.050000 0.062500
0 0.889062 0.509766 0.050000 0.062500
0 0.875000 0.482422 0.050000 0.062500
0 0.862500 0.462891 0.050000 0.062500
0 0.843750 0.451172 0.050000 0.062500
0 0.848437 0.490234 0.050000 0.062500
0 0.839063 0.486328 0.050000 0.062500
0 0.821875 0.464844 0.050000 0.062500
0 0.814063 0.458984 0.050000 0.062500
0 0.850000 0.408203 0.050000 0.062500
0 0.825000 0.417969 0.050000 0.062500
0 0.818750 0.398438 0.050000 0.062500
0 0.821875 0.380859 0.050000 0.062500
0 0.832812 0.371094 0.050000 0.062500
0 0.845313 0.369141 0.050000 0.062500
0 0.828125 0.359375 0.050000 0.062500
0 0.817187 0.355469 0.050000 0.062500
0 0.809375 0.349609 0.050000 0.062500
0 0.801562 0.351562 0.050000 0.062500
0 0.793750 0.349609 0.050000 0.062500
0 0.789062 0.361328 0.050000 0.062500
0 0.779687 0.337891 0.050000 0.062500
0 0.654687 0.447266 0.050000 0.062500
0 0.635938 0.472656 0.050000 0.062500
0 0.629687 0.437500 0.050000 0.062500
0 0.645312 0.412109 0.050000 0.062500
0 0.654687 0.376953 0.050000 0.062500
0 0.717187 0.787109 0.050000 0.062500
0 0.710938 0.775391 0.050000 0.062500
0 0.675000 0.769531 0.050000 0.062500
0 0.639062 0.744141 0.050000 0.062500
0 0.615625 0.740234 0.050000 0.062500
0 0.629687 0.697266 0.050000 0.062500
0 0.618750 0.671875 0.050000 0.062500
0 0.596875 0.656250 0.050000 0.062500
0 0.535937 0.777344 0.050000 0.062500
0 0.531250 0.771484 0.050000 0.062500
0 0.534375 0.750000 0.050000 0.062500
0 0.465625 0.744141 0.050000 0.062500
0 0.459375 0.791016 0.050000 0.062500
0 0.370312 0.800781 0.050000 0.062500
0 0.373437 0.777344 0.050000 0.062500
0 0.382812 0.742188 0.050000 0.062500
0 0.346875 0.753906 0.050000 0.062500
0 0.315625 0.753906 0.050000 0.062500
0 0.309375 0.728516 0.050000 0.062500
0 0.300000 0.736328 0.050000 0.062500
0 0.242188 0.755859 0.050000 0.062500
0 0.193750 0.744141 0.050000 0.062500
0 0.264062 0.695312 0.050000 0.062500
0 0.276562 0.531250 0.050000 0.062500
0 0.276562 0.521484 0.050000 0.062500
0 0.292187 0.521484 0.050000 0.062500
0 0.342187 0.421875 0.050000 0.062500
0 0.332813 0.421875 0.050000 0.062500
0 0.317188 0.347656 0.050000 0.062500
0 0.295312 0.345703 0.050000 0.062500
0 0.282813 0.333984 0.050000 0.062500
0 0.203125 0.355469 0.050000 0.062500
0 0.203125 0.328125 0.050000 0.062500
0 0.185938 0.292969 0.050000 0.062500
0 0.300000 0.222656 0.050000 0.062500
0 0.389062 0.095703 0.050000 0.062500
0 0.464062 0.109375 0.050000 0.062500
0 0.485938 0.072266 0.050000 0.062500
0 0.481250 0.037109 0.050000 0.062500
0 0.440625 0.031250 0.050000 0.062500
0 0.425000 0.029297 0.050000 0.058594
0 0.743750 0.439453 0.050000 0.062500
0 0.626563 0.238281 0.050000 0.062500
0 0.615625 0.199219 0.050000 0.062500
0 0.604688 0.224609 0.050000 0.062500
0 0.595313 0.226562 0.050000 0.062500
0 0.582812 0.203125 0.050000 0.062500
0 0.593750 0.181641 0.050000 0.062500
0 0.576562 0.169922 0.050000 0.062500
0 0.559375 0.162109 0.050000 0.062500
0 0.548438 0.148438 0.050000 0.062500
0 0.542188 0.134766 0.050000 0.062500
0 0.532813 0.140625 0.050000 0.062500
0 0.567187 0.226562 0.050000 0.062500
0 0.564063 0.210938 0.050000 0.062500
0 0.550000 0.216797 0.050000 0.062500
0 0.550000 0.191406 0.050000 0.062500
0 0.554688 0.179688 0.050000 0.062500
0 0.542188 0.173828 0.050000 0.062500
0 0.534375 0.156250 0.050000 0.062500
0 0.521875 0.179688 0.050000 0.062500
0 0.509375 0.187500 0.050000 0.062500
0 0.509375 0.199219 0.050000 0.062500
0 0.506250 0.212891 0.050000 0.062500
0 0.525000 0.222656 0.050000 0.062500
0 0.542188 0.205078 0.050000 0.062500
0 0.532813 0.216797 0.050000 0.062500
0 0.528125 0.203125 0.050000 0.062500
0 0.342187 0.030273 0.050000 0.060547
0 0.321875 0.031250 0.050000 0.062500
0 0.298438 0.019531 0.050000 0.039062
0 0.371875 0.018555 0.050000 0.037109
0 0.821875 0.042969 0.050000 0.062500
0 0.806250 0.033203 0.050000 0.062500
0 0.754687 0.021484 0.050000 0.042969
0 0.743750 0.024414 0.050000 0.048828
0 0.775000 0.019531 0.050000 0.039062
0 0.735938 0.035156 0.050000 0.062500
0 0.703125 0.037109 0.050000 0.062500
0 0.671875 0.039062 0.050000 0.062500
0 0.665625 0.080078 0.050000 0.062500
0 0.648438 0.093750 0.050000 0.062500
0 0.635938 0.074219 0.050000 0.062500
0 0.606250 0.070312 0.050000 0.062500
0 0.759375 0.230469 0.050000 0.062500
0 0.745313 0.228516 0.050000 0.062500
0 0.710938 0.171875 0.050000 0.062500
0 0.689063 0.144531 0.050000 0.062500
0 0.696875 0.128906 0.050000 0.062500
0 0.707812 0.128906 0.050000 0.062500
0 0.660937 0.119141 0.050000 0.062500
0 0.653125 0.123047 0.050000 0.062500
0 0.643750 0.113281 0.050000 0.062500
0 0.629687 0.097656 0.050000 0.062500
0 0.770312 0.166016 0.050000 0.062500
0 0.756250 0.169922 0.050000 0.062500
0 0.743750 0.169922 0.050000 0.062500
0 0.784375 0.160156 0.050000 0.062500
0 0.787500 0.187500 0.050000 0.062500
0 0.826562 0.234375 0.050000 0.062500
0 0.845313 0.201172 0.050000 0.062500
0 0.867188 0.224609 0.050000 0.062500
0 0.896875 0.230469 0.050000 0.062500
0 0.907813 0.207031 0.050000 0.062500
0 0.918750 0.167969 0.050000 0.062500
0 0.914062 0.166016 0.050000 0.062500
0 0.945312 0.230469 0.050000 0.062500
0 0.926562 0.300781 0.050000 0.062500
0 0.926562 0.355469 0.050000 0.062500
0 0.923438 0.380859 0.050000 0.062500
0 0.895312 0.394531 0.050000 0.062500
0 0.885938 0.388672 0.050000 0.062500
0 0.870313 0.373047 0.050000 0.062500
0 0.864062 0.349609 0.050000 0.062500
0 0.864062 0.332031 0.050000 0.062500
0 0.857812 0.314453 0.050000 0.062500
0 0.839063 0.306641 0.050000 0.062500
0 0.835938 0.271484 0.050000 0.062500
0 0.854688 0.257812 0.050000 0.062500
0 0.964063 0.494141 0.050000 0.062500
0 0.460938 0.484375 0.050000 0.062500
0 0.376563 0.607422 0.050000 0.062500
0 0.370312 0.582031 0.050000 0.062500
0 0.370312 0.566406 0.050000 0.062500
0 0.676562 0.591797 0.050000 0.062500
0 0.120313 0.769531 0.050000 0.062500
0 0.132812 0.730469 0.050000 0.062500
0 0.070312 0.701172 0.050000 0.062500
0 0.112500 0.634766 0.050000 0.062500
0 0.096875 0.605469 0.050000 0.062500
0 0.187500 0.515625 0.050000 0.062500
0 0.107813 0.476562 0.050000 0.062500
0 0.032813 0.427734 0.050000 0.062500
0 0.150000 0.404297 0.050000 0.062500
0 0.176563 0.384766 0.050000 0.062500
0 0.179688 0.380859 0.050000 0.062500
0 0.101562 0.318359 0.050000 0.062500
0 0.021875 0.121094 0.043750 0.062500
0 0.014063 0.138672 0.028125 0.062500
0 0.045312 0.072266 0.050000 0.062500
0 0.054688 0.072266 0.050000 0.062500
0 0.042188 0.062500 0.050000 0.062500
0 0.032813 0.056641 0.050000 0.062500
0 0.064062 0.039062 0.050000 0.062500
0 0.048438 0.023438 0.050000 0.046875
0 0.054688 0.103516 0.050000 0.062500
0 0.192188 0.015625 0.050000 0.031250
0 0.559375 0.062500 0.050000 0.062500
0 0.584375 0.099609 0.050000 0.062500
0 0.581250 0.113281 0.050000 0.062500
0 0.568750 0.105469 0.050000 0.062500
0 0.604688 0.146484 0.050000 0.062500
0 0.595313 0.152344 0.050000 0.062500
0 0.576562 0.152344 0.050000 0.062500
0 0.614062 0.167969 0.050000 0.062500
0 0.675000 0.158203 0.050000 0.062500
