0 0.965625 0.750000 0.050000 0.062500
0 0.948438 0.746094 0.050000 0.062500
0 0.946875 0.753906 0.050000 0.062500
0 0.945312 0.763672 0.050000 0.062500
0 0.921875 0.740234 0.050000 0.062500
0 0.932813 0.751953 0.050000 0.062500
0 0.940625 0.712891 0.050000 0.062500
0 0.939063 0.701172 0.050000 0.062500
0 0.929688 0.693359 0.050000 0.062500
0 0.968750 0.679688 0.050000 0.062500
0 0.959375 0.681641 0.050000 0.062500
0 0.964063 0.701172 0.050000 0.062500
0 0.965625 0.712891 0.050000 0.062500
0 0.960938 0.712891 0.050000 0.062500
0 0.926562 0.675781 0.050000 0.062500
0 0.893750 0.652344 0.050000 0.062500
0 0.878125 0.636719 0.050000 0.062500
0 0.890625 0.623047 0.050000 0.062500
0 0.885938 0.671875 0.050000 0.062500
0 0.860938 0.669922 0.050000 0.062500
0 0.857812 0.656250 0.050000 0.062500
0 0.956250 0.507812 0.050000 0.062500
0 0.970313 0.500000 0.050000 0.062500
0 0.960938 0.490234 0.050000 0.062500
0 0.967187 0.464844 0.050000 0.062500
0 0.939063 0.478516 0.050000 0.062500
0 0.934375 0.523438 0.050000 0.062500
0 0.903125 0.533203 0.050000 0.062500
0 0.882812 0.503906 0.050000 0.062500
0 0.875000 0.533203 0.050000 0.062500
0 0.873437 0.500000 0.050000 0.062500
0 0.870313 0.482422 0.050000 0.062500
0 0.854688 0.460938 0.050000 0.062500
0 0.856250 0.498047 0.050000 0.062500
0 0.842187 0.488281 0.050000 0.062500
0 0.831250 0.480469 0.050000 0.062500
0 0.839063 0.447266 0.050000 0.062500
0 0.834375 0.457031 0.050000 0.062500
0 0.845313 0.406250 0.050000 0.062500
0 0.818750 0.410156 0.050000 0.062500
0 0.826562 0.380859 0.050000 0.062500
0 0.817187 0.375000 0.050000 0.062500
0 0.806250 0.378906 0.050000 0.062500
0 0.839063 0.373047 0.050000 0.062500
0 0.837500 0.380859 0.050000 0.062500
0 0.848437 0.367188 0.050000 0.062500
0 0.859375 0.347656 0.050000 0.062500
0 0.923438 0.347656 0.050000 0.062500
0 0.915625 0.382812 0.050000 0.062500
0 0.907813 0.398438 0.050000 0.062500
0 0.903125 0.396484 0.050000 0.062500
0 0.890625 0.388672 0.050000 0.062500
0 0.879687 0.388672 0.050000 0.062500
0 0.956250 0.347656 0.050000 0.062500
0 0.982031 0.447266 0.035937 0.062500
0 0.898438 0.466797 0.050000 0.062500
0 0.843750 0.246094 0.050000 0.062500
0 0.843750 0.291016 0.050000 0.062500
0 0.846875 0.304688 0.050000 0.062500
0 0.834375 0.294922 0.050000 0.062500
0 0.825000 0.292969 0.050000 0.062500
0 0.806250 0.289062 0.050000 0.062500
0 0.804688 0.308594 0.050000 0.062500
0 0.804688 0.333984 0.050000 0.062500
0 0.817187 0.332031 0.050000 0.062500
0 0.821875 0.335938 0.050000 0.062500
0 0.785937 0.328125 0.050000 0.062500
0 0.779687 0.302734 0.050000 0.062500
0 0.784375 0.269531 0.050000 0.062500
0 0.764062 0.283203 0.050000 0.062500
0 0.729688 0.462891 0.050000 0.062500
0 0.703125 0.564453 0.050000 0.062500
0 0.662500 0.494141 0.050000 0.062500
0 0.629687 0.427734 0.050000 0.062500
0 0.643750 0.431641 0.050000 0.062500
0 0.645312 0.412109 0.050000 0.062500
0 0.673438 0.396484 0.050000 0.062500
0 0.934375 0.283203 0.050000 0.062500
0 0.892188 0.292969 0.050000 0.062500
0 0.892188 0.265625 0.050000 0.062500
0 0.895312 0.236328 0.050000 0.062500
0 0.873437 0.238281 0.050000 0.062500
0 0.867188 0.236328 0.050000 0.062500
0 0.859375 0.208984 0.050000 0.062500
0 0.846875 0.210938 0.050000 0.062500
0 0.832812 0.224609 0.050000 0.062500
0 0.825000 0.236328 0.050000 0.062500
0 0.818750 0.228516 0.050000 0.062500
0 0.962500 0.238281 0.050000 0.062500
0 0.975781 0.255859 0.048438 0.062500
0 0.964063 0.291016 0.050000 0.062500
0 0.945312 0.330078 0.050000 0.062500
0 0.907813 0.220703 0.050000 0.062500
0 0.917188 0.152344 0.050000 0.062500
0 0.906250 0.156250 0.050000 0.062500
0 0.760938 0.158203 0.050000 0.062500
0 0.720313 0.199219 0.050000 0.062500
0 0.753125 0.130859 0.050000 0.062500
0 0.734375 0.126953 0.050000 0.062500
0 0.725000 0.138672 0.050000 0.062500
0 0.776563 0.064453 0.050000 0.062500
0 0.795312 0.027344 0.050000 0.054688
0 0.817187 0.037109 0.050000 0.062500
0 0.740625 0.022461 0.050000 0.044922
0 0.735938 0.024414 0.050000 0.048828
0 0.728125 0.031250 0.050000 0.062500
0 0.775000 0.015625 0.050000 0.031250
0 0.767188 0.016602 0.050000 0.033203
0 0.695312 0.033203 0.050000 0.062500
0 0.679688 0.054688 0.050000 0.062500
0 0.673438 0.093750 0.050000 0.062500
0 0.659375 0.105469 0.050000 0.062500
0 0.662500 0.119141 0.050000 0.062500
0 0.681250 0.146484 0.050000 0.062500
0 0.696875 0.146484 0.050000 0.062500
0 0.685937 0.105469 0.050000 0.062500
0 0.639062 0.125000 0.050000 0.062500
0 0.626563 0.095703 0.050000 0.062500
0 0.617188 0.095703 0.050000 0.062500
0 0.621875 0.052734 0.050000 0.062500
0 0.603125 0.056641 0.050000 0.062500
0 0.598437 0.082031 0.050000 0.062500
0 0.582812 0.070312 0.050000 0.062500
0 0.565625 0.037109 0.050000 0.062500
0 0.532813 0.064453 0.050000 0.062500
0 0.542188 0.091797 0.050000 0.062500
0 0.576562 0.111328 0.050000 0.062500
0 0.596875 0.142578 0.050000 0.062500
0 0.568750 0.148438 0.050000 0.062500
0 0.570312 0.166016 0.050000 0.062500
0 0.578125 0.195312 0.050000 0.062500
0 0.589063 0.181641 0.050000 0.062500
0 0.606250 0.199219 0.050000 0.062500
0 0.620313 0.236328 0.050000 0.062500
0 0.598437 0.224609 0.050000 0.062500
0 0.589063 0.218750 0.050000 0.062500
0 0.585938 0.208984 0.050000 0.062500
0 0.557813 0.216797 0.050000 0.062500
0 0.548438 0.216797 0.050000 0.062500
0 0.535937 0.216797 0.050000 0.062500
0 0.535937 0.173828 0.050000 0.062500
0 0.550000 0.164062 0.050000 0.062500
0 0.543750 0.146484 0.050000 0.062500
0 0.535937 0.132812 0.050000 0.062500
0 0.532813 0.132812 0.050000 0.062500
0 0.526563 0.150391 0.050000 0.062500
0 0.517188 0.179688 0.050000 0.062500
0 0.503125 0.183594 0.050000 0.062500
0 0.501563 0.199219 0.050000 0.062500
0 0.518750 0.210938 0.050000 0.062500
0 0.500000 0.212891 0.050000 0.062500
0 0.489063 0.042969 0.050000 0.062500
0 0.718750 0.664062 0.050000 0.062500
0 0.742188 0.712891 0.050000 0.062500
0 0.765625 0.697266 0.050000 0.062500
0 0.779687 0.736328 0.050000 0.062500
0 0.787500 0.712891 0.050000 0.062500
0 0.800000 0.716797 0.050000 0.062500
0 0.803125 0.697266 0.050000 0.062500
0 0.806250 0.662109 0.050000 0.062500
0 0.667188 0.656250 0.050000 0.062500
0 0.693750 0.603516 0.050000 0.062500
0 0.673438 0.718750 0.050000 0.062500
0 0.640625 0.691406 0.050000 0.062500
0 0.707812 0.771484 0.050000 0.062500
0 0.710938 0.781250 0.050000 0.062500
0 0.571875 0.746094 0.050000 0.062500
0 0.565625 0.730469 0.050000 0.062500
0 0.495312 0.769531 0.050000 0.062500
0 0.518750 0.710938 0.050000 0.062500
0 0.425000 0.773438 0.050000 0.062500
0 0.423438 0.761719 0.050000 0.062500
0 0.423438 0.726562 0.050000 0.062500
0 0.378125 0.732422 0.050000 0.062500
0 0.382812 0.742188 0.050000 0.062500
0 0.365625 0.753906 0.050000 0.062500
0 0.406250 0.671875 0.050000 0.062500
0 0.354687 0.656250 0.050000 0.062500
0 0.295312 0.753906 0.050000 0.062500
0 0.253125 0.724609 0.050000 0.062500
0 0.237500 0.738281 0.050000 0.062500
0 0.259375 0.683594 0.050000 0.062500
0 0.359375 0.550781 0.050000 0.062500
0 0.365625 0.576172 0.050000 0.062500
0 0.454688 0.478516 0.050000 0.062500
0 0.448437 0.474609 0.050000 0.062500
0 0.340625 0.419922 0.050000 0.062500
0 0.328125 0.419922 0.050000 0.062500
0 0.287500 0.513672 0.050000 0.062500
0 0.270313 0.515625 0.050000 0.062500
0 0.267188 0.529297 0.050000 0.062500
0 0.210938 0.367188 0.050000 0.062500
0 0.314063 0.335938 0.050000 0.062500
0 0.293750 0.341797 0.050000 0.062500
0 0.298438 0.250000 0.050000 0.062500
0 0.425000 0.117188 0.050000 0.062500
0 0.353125 0.105469 0.050000 0.062500
0 0.390625 0.056641 0.050000 0.062500
0 0.400000 0.030273 0.050000 0.060547
0 0.420312 0.026367 0.050000 0.052734
0 0.328125 0.016602 0.050000 0.033203
0 0.287500 0.026367 0.050000 0.052734
0 0.200000 0.312500 0.050000 0.062500
0 0.196875 0.332031 0.050000 0.062500
0 0.179688 0.296875 0.050000 0.062500
0 0.171875 0.380859 0.050000 0.062500
0 0.178125 0.402344 0.050000 0.062500
0 0.093750 0.316406 0.050000 0.062500
0 0.020313 0.130859 0.040625 0.062500
0 0.045312 0.097656 0.050000 0.062500
0 0.040625 0.060547 0.050000 0.062500
0 0.043750 0.048828 0.050000 0.062500
0 0.024219 0.048828 0.048438 0.062500
0 0.029687 0.070312 0.050000 0.062500
0 0.026562 0.037109 0.050000 0.062500
0 0.081250 0.445312 0.050000 0.062500
0 0.140625 0.472656 0.050000 0.062500
0 0.159375 0.515625 0.050000 0.062500
0 0.101562 0.605469 0.050000 0.062500
0 0.076563 0.593750 0.050000 0.062500
0 0.060937 0.679688 0.050000 0.062500
0 0.185938 0.740234 0.050000 0.062500
0 0.165625 0.771484 0.050000 0.062500
0 0.142187 0.767578 0.050000 0.062500
0 0.204687 0.900391 0.050000 0.062500
0 0.168750 0.890625 0.050000 0.062500
0 0.029687 0.730469 0.050000 0.062500
0 0.024219 0.750000 0.048438 0.062500
