0 0.906250 0.527344 0.050000 0.062500
0 0.904687 0.517578 0.050000 0.062500
0 0.914062 0.484375 0.050000 0.062500
0 0.895312 0.482422 0.050000 0.062500
0 0.801562 0.503906 0.050000 0.062500
0 0.785937 0.498047 0.050000 0.062500
0 0.843750 0.398438 0.050000 0.062500
0 0.890625 0.414062 0.050000 0.062500
0 0.851562 0.345703 0.050000 0.062500
0 0.862500 0.328125 0.050000 0.062500
0 0.909375 0.322266 0.050000 0.062500
0 0.920312 0.328125 0.050000 0.062500
0 0.942187 0.330078 0.050000 0.062500
0 0.959375 0.166016 0.050000 0.062500
0 0.934375 0.169922 0.050000 0.062500
0 0.925000 0.166016 0.050000 0.062500
0 0.776563 0.423828 0.050000 0.062500
0 0.801562 0.375000 0.050000 0.062500
0 0.767188 0.394531 0.050000 0.062500
0 0.757812 0.396484 0.050000 0.062500
0 0.745313 0.462891 0.050000 0.062500
0 0.664062 0.474609 0.050000 0.062500
0 0.654687 0.474609 0.050000 0.062500
0 0.606250 0.412109 0.050000 0.062500
0 0.600000 0.404297 0.050000 0.062500
0 0.595313 0.408203 0.050000 0.062500
0 0.584375 0.410156 0.050000 0.062500
0 0.626563 0.525391 0.050000 0.062500
0 0.585938 0.554688 0.050000 0.062500
0 0.576562 0.533203 0.050000 0.062500
0 0.567187 0.568359 0.050000 0.062500
0 0.568750 0.578125 0.050000 0.062500
0 0.487500 0.500000 0.050000 0.062500
0 0.657813 0.318359 0.050000 0.062500
0 0.740625 0.246094 0.050000 0.062500
0 0.909375 0.203125 0.050000 0.062500
0 0.901563 0.189453 0.050000 0.062500
0 0.903125 0.130859 0.050000 0.062500
0 0.889062 0.126953 0.050000 0.062500
0 0.889062 0.111328 0.050000 0.062500
0 0.889062 0.095703 0.050000 0.062500
0 0.934375 0.103516 0.050000 0.062500
0 0.918750 0.082031 0.050000 0.062500
0 0.907813 0.058594 0.050000 0.062500
0 0.901563 0.056641 0.050000 0.062500
0 0.964063 0.054688 0.050000 0.062500
0 0.965625 0.070312 0.050000 0.062500
0 0.981250 0.083984 0.037500 0.062500
0 0.957812 0.091797 0.050000 0.062500
0 0.932813 0.060547 0.050000 0.062500
0 0.932813 0.054688 0.050000 0.062500
0 0.928125 0.035156 0.050000 0.062500
0 0.906250 0.022461 0.050000 0.044922
0 0.889062 0.026367 0.050000 0.052734
0 0.834375 0.033203 0.050000 0.062500
0 0.803125 0.027344 0.050000 0.054688
0 0.796875 0.027344 0.050000 0.054688
0 0.807813 0.082031 0.050000 0.062500
0 0.814063 0.117188 0.050000 0.062500
0 0.821875 0.115234 0.050000 0.062500
0 0.840625 0.128906 0.050000 0.062500
0 0.743750 0.023438 0.050000 0.046875
0 0.709375 0.017578 0.050000 0.035156
0 0.693750 0.020508 0.050000 0.041016
0 0.625000 0.068359 0.050000 0.062500
0 0.601562 0.076172 0.050000 0.062500
0 0.562500 0.082031 0.050000 0.062500
0 0.554688 0.083984 0.050000 0.062500
0 0.785937 0.191406 0.050000 0.062500
0 0.775000 0.183594 0.050000 0.062500
0 0.765625 0.179688 0.050000 0.062500
0 0.743750 0.179688 0.050000 0.062500
0 0.728125 0.169922 0.050000 0.062500
0 0.726562 0.152344 0.050000 0.062500
0 0.723437 0.144531 0.050000 0.062500
0 0.707812 0.152344 0.050000 0.062500
0 0.700000 0.150391 0.050000 0.062500
0 0.687500 0.134766 0.050000 0.062500
0 0.664062 0.119141 0.050000 0.062500
0 0.653125 0.121094 0.050000 0.062500
0 0.626563 0.119141 0.050000 0.062500
0 0.659375 0.144531 0.050000 0.062500
0 0.651563 0.158203 0.050000 0.062500
0 0.675000 0.156250 0.050000 0.062500
0 0.660937 0.171875 0.050000 0.062500
0 0.667188 0.181641 0.050000 0.062500
0 0.693750 0.167969 0.050000 0.062500
0 0.689063 0.187500 0.050000 0.062500
0 0.684375 0.201172 0.050000 0.062500
0 0.676562 0.197266 0.050000 0.062500
0 0.700000 0.197266 0.050000 0.062500
0 0.706250 0.197266 0.050000 0.062500
0 0.714063 0.201172 0.050000 0.062500
0 0.721875 0.191406 0.050000 0.062500
0 0.740625 0.191406 0.050000 0.062500
0 0.440625 0.128906 0.050000 0.062500
0 0.471875 0.099609 0.050000 0.062500
0 0.492188 0.105469 0.050000 0.062500
0 0.510938 0.091797 0.050000 0.062500
0 0.339062 0.177734 0.050000 0.062500
0 0.390625 0.101562 0.050000 0.062500
0 0.307812 0.121094 0.050000 0.062500
0 0.470313 0.027344 0.050000 0.054688
0 0.304688 0.253906 0.050000 0.062500
0 0.326562 0.228516 0.050000 0.062500
0 0.284375 0.183594 0.050000 0.062500
0 0.246875 0.517578 0.050000 0.062500
0 0.250000 0.564453 0.050000 0.062500
0 0.092188 0.494141 0.050000 0.062500
0 0.109375 0.406250 0.050000 0.062500
0 0.082812 0.515625 0.050000 0.062500
0 0.217188 0.376953 0.050000 0.062500
0 0.229687 0.363281 0.050000 0.062500
0 0.225000 0.359375 0.050000 0.062500
0 0.221875 0.349609 0.050000 0.062500
0 0.206250 0.349609 0.050000 0.062500
0 0.198437 0.294922 0.050000 0.062500
0 0.193750 0.296875 0.050000 0.062500
0 0.187500 0.296875 0.050000 0.062500
0 0.179688 0.300781 0.050000 0.062500
0 0.132812 0.275391 0.050000 0.062500
0 0.157812 0.250000 0.050000 0.062500
0 0.160938 0.244141 0.050000 0.062500
0 0.168750 0.226562 0.050000 0.062500
0 0.159375 0.226562 0.050000 0.062500
0 0.179688 0.208984 0.050000 0.062500
0 0.214062 0.205078 0.050000 0.062500
0 0.257812 0.187500 0.050000 0.062500
0 0.259375 0.177734 0.050000 0.062500
0 0.264062 0.169922 0.050000 0.062500
0 0.223438 0.171875 0.050000 0.062500
0 0.089063 0.224609 0.050000 0.062500
0 0.081250 0.236328 0.050000 0.062500
0 0.067187 0.238281 0.050000 0.062500
0 0.054688 0.238281 0.050000 0.062500
0 0.048438 0.273438 0.050000 0.062500
0 0.026562 0.292969 0.050000 0.062500
0 0.024219 0.273438 0.048438 0.062500
0 0.059375 0.316406 0.050000 0.062500
0 0.059375 0.337891 0.050000 0.062500
0 0.107813 0.265625 0.050000 0.062500
0 0.095312 0.242188 0.050000 0.062500
0 0.210938 0.080078 0.050000 0.062500
0 0.253125 0.138672 0.050000 0.062500
0 0.245312 0.142578 0.050000 0.062500
0 0.165625 0.175781 0.050000 0.062500
0 0.151562 0.179688 0.050000 0.062500
0 0.173437 0.167969 0.050000 0.062500
0 0.103125 0.187500 0.050000 0.062500
0 0.020313 0.187500 0.040625 0.062500
0 0.518750 0.028320 0.050000 0.056641
0 0.487500 0.021484 0.050000 0.042969
0 0.396875 0.021484 0.050000 0.042969
0 0.404687 0.082031 0.050000 0.062500
0 0.364063 0.097656 0.050000 0.062500
0 0.326562 0.669922 0.050000 0.062500
0 0.503125 0.761719 0.050000 0.062500
0 0.487500 0.771484 0.050000 0.062500
0 0.620313 0.693359 0.050000 0.062500
0 0.626563 0.695312 0.050000 0.062500
0 0.514062 0.626953 0.050000 0.062500
0 0.651563 0.820312 0.050000 0.062500
0 0.617188 0.859375 0.050000 0.062500
0 0.606250 0.853516 0.050000 0.062500
0 0.592187 0.914062 0.050000 0.062500
0 0.531250 0.888672 0.050000 0.062500
0 0.510938 0.919922 0.050000 0.062500
0 0.485938 0.953125 0.050000 0.062500
0 0.489063 0.968750 0.050000 0.062500
0 0.554688 0.949219 0.050000 0.062500
0 0.378125 0.892578 0.050000 0.062500
0 0.364063 0.892578 0.050000 0.062500
0 0.373437 0.910156 0.050000 0.062500
0 0.135937 0.843750 0.050000 0.062500
0 0.070312 0.929688 0.050000 0.062500
0 0.281250 0.683594 0.050000 0.062500
0 0.273438 0.695312 0.050000 0.062500
