0 0.812500 0.560547 0.050000 0.062500
0 0.792188 0.511719 0.050000 0.062500
0 0.781250 0.511719 0.050000 0.062500
0 0.753125 0.496094 0.050000 0.062500
0 0.740625 0.474609 0.050000 0.062500
0 0.706250 0.431641 0.050000 0.062500
0 0.731250 0.406250 0.050000 0.062500
0 0.937500 0.810547 0.050000 0.062500
0 0.973437 0.783203 0.050000 0.062500
0 0.960938 0.484375 0.050000 0.062500
0 0.981250 0.462891 0.037500 0.062500
0 0.977344 0.392578 0.045312 0.062500
0 0.978906 0.380859 0.042188 0.062500
0 0.946875 0.326172 0.050000 0.062500
0 0.915625 0.396484 0.050000 0.062500
0 0.910937 0.378906 0.050000 0.062500
0 0.848437 0.447266 0.050000 0.062500
0 0.839063 0.431641 0.050000 0.062500
0 0.843750 0.410156 0.050000 0.062500
0 0.871875 0.382812 0.050000 0.062500
0 0.804688 0.414062 0.050000 0.062500
0 0.859375 0.474609 0.050000 0.062500
0 0.710938 0.640625 0.050000 0.062500
0 0.718750 0.660156 0.050000 0.062500
0 0.709375 0.683594 0.050000 0.062500
0 0.696875 0.644531 0.050000 0.062500
0 0.687500 0.732422 0.050000 0.062500
0 0.646875 0.699219 0.050000 0.062500
0 0.668750 0.658203 0.050000 0.062500
0 0.681250 0.615234 0.050000 0.062500
0 0.668750 0.603516 0.050000 0.062500
0 0.729688 0.939453 0.050000 0.062500
0 0.720313 0.958984 0.050000 0.062500
0 0.709375 0.958984 0.050000 0.062500
0 0.726562 0.904297 0.050000 0.062500
0 0.715625 0.892578 0.050000 0.062500
0 0.706250 0.890625 0.050000 0.062500
0 0.642188 0.623047 0.050000 0.062500
0 0.529687 0.757812 0.050000 0.062500
0 0.440625 0.705078 0.050000 0.062500
0 0.457813 0.701172 0.050000 0.062500
0 0.406250 0.632812 0.050000 0.062500
0 0.387500 0.601562 0.050000 0.062500
0 0.359375 0.650391 0.050000 0.062500
0 0.364063 0.728516 0.050000 0.062500
0 0.368750 0.785156 0.050000 0.062500
0 0.431250 0.662109 0.050000 0.062500
0 0.481250 0.634766 0.050000 0.062500
0 0.571875 0.619141 0.050000 0.062500
0 0.582812 0.578125 0.050000 0.062500
0 0.587500 0.472656 0.050000 0.062500
0 0.528125 0.490234 0.050000 0.062500
0 0.571875 0.433594 0.050000 0.062500
0 0.581250 0.414062 0.050000 0.062500
0 0.575000 0.388672 0.050000 0.062500
0 0.656250 0.349609 0.050000 0.062500
0 0.656250 0.324219 0.050000 0.062500
0 0.664062 0.365234 0.050000 0.062500
0 0.631250 0.275391 0.050000 0.062500
0 0.609375 0.255859 0.050000 0.062500
0 0.596875 0.289062 0.050000 0.062500
0 0.600000 0.250000 0.050000 0.062500
0 0.531250 0.304688 0.050000 0.062500
0 0.526563 0.289062 0.050000 0.062500
0 0.545312 0.294922 0.050000 0.062500
