0 0.320312 0.460938 0.050000 0.062500
0 0.678125 0.546875 0.050000 0.062500
0 0.700000 0.550781 0.050000 0.062500
0 0.707812 0.562500 0.050000 0.062500
0 0.782813 0.576172 0.050000 0.062500
0 0.775000 0.580078 0.050000 0.062500
0 0.781250 0.605469 0.050000 0.062500
0 0.759375 0.599609 0.050000 0.062500
0 0.764062 0.607422 0.050000 0.062500
0 0.746875 0.630859 0.050000 0.062500
0 0.735938 0.628906 0.050000 0.062500
0 0.756250 0.552734 0.050000 0.062500
0 0.795312 0.498047 0.050000 0.062500
0 0.853125 0.406250 0.050000 0.062500
0 0.860938 0.402344 0.050000 0.062500
0 0.875000 0.314453 0.050000 0.062500
0 0.887500 0.314453 0.050000 0.062500
0 0.865625 0.082031 0.050000 0.062500
0 0.781250 0.082031 0.050000 0.062500
0 0.771875 0.068359 0.050000 0.062500
0 0.768750 0.082031 0.050000 0.062500
0 0.742188 0.164062 0.050000 0.062500
0 0.737500 0.148438 0.050000 0.062500
0 0.525000 0.080078 0.050000 0.062500
0 0.510938 0.076172 0.050000 0.062500
0 0.532813 0.018555 0.050000 0.037109
0 0.725000 0.017578 0.050000 0.035156
0 0.681250 0.016602 0.050000 0.033203
0 0.650000 0.016602 0.050000 0.033203
0 0.409375 0.046875 0.050000 0.062500
0 0.157812 0.835938 0.050000 0.062500
0 0.140625 0.828125 0.050000 0.062500
0 0.437500 0.974609 0.050000 0.050781
0 0.589063 0.748047 0.050000 0.062500
0 0.640625 0.722656 0.050000 0.062500
0 0.770312 0.781250 0.050000 0.062500
0 0.637500 0.455078 0.050000 0.062500
0 0.646875 0.445312 0.050000 0.062500
0 0.664062 0.394531 0.050000 0.062500
0 0.576562 0.279297 0.050000 0.062500
0 0.529687 0.222656 0.050000 0.062500
0 0.518750 0.203125 0.050000 0.062500
0 0.506250 0.222656 0.050000 0.062500
0 0.575000 0.150391 0.050000 0.062500
0 0.567187 0.144531 0.050000 0.062500
0 0.537500 0.539062 0.050000 0.062500
