0 0.326562 0.777344 0.050000 0.062500
0 0.354687 0.734375 0.050000 0.062500
0 0.395313 0.751953 0.050000 0.062500
0 0.590625 0.837891 0.050000 0.062500
0 0.645312 0.792969 0.050000 0.062500
0 0.800000 0.845703 0.050000 0.062500
0 0.926562 0.800781 0.050000 0.062500
0 0.753125 0.757812 0.050000 0.062500
0 0.668750 0.605469 0.050000 0.062500
0 0.603125 0.564453 0.050000 0.062500
0 0.592187 0.523438 0.050000 0.062500
0 0.764062 0.505859 0.050000 0.062500
0 0.742188 0.353516 0.050000 0.062500
0 0.956250 0.091797 0.050000 0.062500
0 0.631250 0.021484 0.050000 0.042969
