0 0.209375 0.591797 0.050000 0.062500
0 0.189062 0.609375 0.050000 0.062500
0 0.128125 0.703125 0.050000 0.062500
0 0.096875 0.677734 0.050000 0.062500
0 0.076563 0.640625 0.050000 0.062500
0 0.107813 0.556641 0.050000 0.062500
0 0.156250 0.578125 0.050000 0.062500
0 0.193750 0.785156 0.050000 0.062500
0 0.246875 0.740234 0.050000 0.062500
0 0.485938 0.671875 0.050000 0.062500
0 0.485938 0.550781 0.050000 0.062500
0 0.540625 0.542969 0.050000 0.062500
0 0.520312 0.578125 0.050000 0.062500
0 0.564063 0.509766 0.050000 0.062500
0 0.587500 0.527344 0.050000 0.062500
0 0.350000 0.695312 0.050000 0.062500
0 0.139063 0.648438 0.050000 0.062500
0 0.150000 0.830078 0.050000 0.062500
0 0.046875 0.292969 0.050000 0.062500
0 0.412500 0.498047 0.050000 0.062500
0 0.443750 0.449219 0.050000 0.062500
0 0.482812 0.435547 0.050000 0.062500
0 0.517188 0.431641 0.050000 0.062500
0 0.506250 0.369141 0.050000 0.062500
0 0.512500 0.343750 0.050000 0.062500
0 0.484375 0.371094 0.050000 0.062500
0 0.429688 0.369141 0.050000 0.062500
0 0.412500 0.388672 0.050000 0.062500
0 0.404687 0.421875 0.050000 0.062500
0 0.451562 0.361328 0.050000 0.062500
0 0.479687 0.332031 0.050000 0.062500
0 0.500000 0.314453 0.050000 0.062500
0 0.371875 0.435547 0.050000 0.062500
0 0.553125 0.388672 0.050000 0.062500
0 0.585938 0.335938 0.050000 0.062500
0 0.550000 0.330078 0.050000 0.062500
0 0.543750 0.306641 0.050000 0.062500
0 0.600000 0.271484 0.050000 0.062500
0 0.767188 0.343750 0.050000 0.062500
0 0.626563 0.257812 0.050000 0.062500
0 0.662500 0.240234 0.050000 0.062500
0 0.642188 0.281250 0.050000 0.062500
0 0.653125 0.201172 0.050000 0.062500
0 0.690625 0.224609 0.050000 0.062500
0 0.689063 0.173828 0.050000 0.062500
0 0.710938 0.146484 0.050000 0.062500
0 0.856250 0.205078 0.050000 0.062500
0 0.778125 0.218750 0.050000 0.062500
0 0.728125 0.218750 0.050000 0.062500
0 0.746875 0.146484 0.050000 0.062500
0 0.743750 0.119141 0.050000 0.062500
0 0.768750 0.085938 0.050000 0.062500
0 0.781250 0.138672 0.050000 0.062500
0 0.737500 0.189453 0.050000 0.062500
0 0.718750 0.177734 0.050000 0.062500
0 0.801562 0.083984 0.050000 0.062500
0 0.812500 0.058594 0.050000 0.062500
0 0.829688 0.105469 0.050000 0.062500
0 0.810937 0.128906 0.050000 0.062500
0 0.804688 0.167969 0.050000 0.062500
0 0.781250 0.179688 0.050000 0.062500
0 0.825000 0.181641 0.050000 0.062500
0 0.840625 0.152344 0.050000 0.062500
0 0.868750 0.152344 0.050000 0.062500
0 0.853125 0.128906 0.050000 0.062500
0 0.856250 0.095703 0.050000 0.062500
0 0.926562 0.130859 0.050000 0.062500
0 0.920312 0.097656 0.050000 0.062500
0 0.977344 0.166016 0.045312 0.062500
0 0.870313 0.031250 0.050000 0.062500
0 0.896875 0.031250 0.050000 0.062500
0 0.914062 0.023438 0.050000 0.046875
0 0.920312 0.068359 0.050000 0.062500
0 0.957812 0.035156 0.050000 0.062500
0 0.975000 0.026367 0.050000 0.052734
0 0.937500 0.024414 0.050000 0.048828
0 0.348438 0.406250 0.050000 0.062500
0 0.312500 0.425781 0.050000 0.062500
0 0.290625 0.396484 0.050000 0.062500
0 0.325000 0.361328 0.050000 0.062500
0 0.265625 0.402344 0.050000 0.062500
0 0.245312 0.421875 0.050000 0.062500
0 0.150000 0.443359 0.050000 0.062500
0 0.182812 0.421875 0.050000 0.062500
0 0.231250 0.365234 0.050000 0.062500
0 0.157812 0.382812 0.050000 0.062500
0 0.298438 0.316406 0.050000 0.062500
0 0.273438 0.285156 0.050000 0.062500
0 0.256250 0.255859 0.050000 0.062500
0 0.228125 0.250000 0.050000 0.062500
0 0.228125 0.218750 0.050000 0.062500
0 0.220312 0.300781 0.050000 0.062500
0 0.234375 0.330078 0.050000 0.062500
0 0.192188 0.306641 0.050000 0.062500
0 0.153125 0.322266 0.050000 0.062500
0 0.118750 0.296875 0.050000 0.062500
0 0.167187 0.267578 0.050000 0.062500
0 0.139063 0.228516 0.050000 0.062500
0 0.162500 0.236328 0.050000 0.062500
0 0.181250 0.222656 0.050000 0.062500
0 0.200000 0.193359 0.050000 0.062500
0 0.212500 0.173828 0.050000 0.062500
0 0.162500 0.146484 0.050000 0.062500
0 0.134375 0.181641 0.050000 0.062500
0 0.073438 0.197266 0.050000 0.062500
0 0.057813 0.089844 0.050000 0.062500
0 0.098437 0.093750 0.050000 0.062500
0 0.020313 0.085938 0.040625 0.062500
0 0.020313 0.031250 0.040625 0.062500
0 0.037500 0.044922 0.050000 0.062500
0 0.104688 0.152344 0.050000 0.062500
0 0.142187 0.136719 0.050000 0.062500
0 0.160938 0.105469 0.050000 0.062500
0 0.140625 0.064453 0.050000 0.062500
0 0.112500 0.058594 0.050000 0.062500
0 0.112500 0.026367 0.050000 0.052734
0 0.079687 0.033203 0.050000 0.062500
0 0.590625 0.634766 0.050000 0.062500
0 0.079687 0.578125 0.050000 0.062500
0 0.317188 0.656250 0.050000 0.062500
0 0.282813 0.587891 0.050000 0.062500
0 0.334375 0.576172 0.050000 0.062500
0 0.209375 0.673828 0.050000 0.062500
0 0.192188 0.687500 0.050000 0.062500
0 0.898438 0.132812 0.050000 0.062500
0 0.887500 0.171875 0.050000 0.062500
0 0.818750 0.039062 0.050000 0.062500
