0 0.334375 0.509766 0.050000 0.062500
0 0.323437 0.500000 0.050000 0.062500
0 0.470313 0.611328 0.050000 0.062500
0 0.523438 0.531250 0.050000 0.062500
0 0.512500 0.525391 0.050000 0.062500
0 0.535937 0.441406 0.050000 0.062500
0 0.521875 0.441406 0.050000 0.062500
0 0.504687 0.142578 0.050000 0.062500
0 0.515625 0.148438 0.050000 0.062500
0 0.532813 0.148438 0.050000 0.062500
0 0.523438 0.158203 0.050000 0.062500
0 0.523438 0.185547 0.050000 0.062500
0 0.517188 0.185547 0.050000 0.062500
0 0.771875 0.291016 0.050000 0.062500
0 0.720313 0.527344 0.050000 0.062500
0 0.739062 0.533203 0.050000 0.062500
0 0.721875 0.607422 0.050000 0.062500
0 0.715625 0.603516 0.050000 0.062500
0 0.764062 0.617188 0.050000 0.062500
0 0.778125 0.617188 0.050000 0.062500
0 0.618750 0.771484 0.050000 0.062500
0 0.607812 0.789062 0.050000 0.062500
0 0.609375 0.824219 0.050000 0.062500
0 0.546875 0.841797 0.050000 0.062500
0 0.532813 0.839844 0.050000 0.062500
0 0.821875 0.781250 0.050000 0.062500
0 0.885938 0.671875 0.050000 0.062500
0 0.867188 0.417969 0.050000 0.062500
0 0.856250 0.406250 0.050000 0.062500
0 0.837500 0.152344 0.050000 0.062500
0 0.828125 0.146484 0.050000 0.062500
0 0.592187 0.046875 0.050000 0.062500
0 0.587500 0.041016 0.050000 0.062500
0 0.576562 0.078125 0.050000 0.062500
0 0.560937 0.082031 0.050000 0.062500
0 0.462500 0.080078 0.050000 0.062500
0 0.446875 0.074219 0.050000 0.062500
0 0.360938 0.029297 0.050000 0.058594
0 0.370312 0.033203 0.050000 0.062500
0 0.304688 0.068359 0.050000 0.062500
0 0.285938 0.427734 0.050000 0.062500
0 0.275000 0.406250 0.050000 0.062500
0 0.259375 0.408203 0.050000 0.062500
0 0.421875 0.240234 0.050000 0.062500
0 0.407813 0.250000 0.050000 0.062500
0 0.450000 0.767578 0.050000 0.062500
0 0.423438 0.455078 0.050000 0.062500
0 0.417187 0.445312 0.050000 0.062500
0 0.468750 0.568359 0.050000 0.062500
0 0.665625 0.628906 0.050000 0.062500
0 0.653125 0.634766 0.050000 0.062500
0 0.514062 0.847656 0.050000 0.062500
0 0.606250 0.257812 0.050000 0.062500
0 0.718750 0.052734 0.050000 0.062500
0 0.745313 0.095703 0.050000 0.062500
0 0.754687 0.097656 0.050000 0.062500
0 0.720313 0.074219 0.050000 0.062500
