0 0.060937 0.677734 0.050000 0.062500
0 0.071875 0.708984 0.050000 0.062500
0 0.078125 0.843750 0.050000 0.062500
0 0.159375 0.933594 0.050000 0.062500
0 0.184375 0.917969 0.050000 0.062500
0 0.425000 0.798828 0.050000 0.062500
0 0.412500 0.779297 0.050000 0.062500
0 0.350000 0.957031 0.050000 0.062500
0 0.315625 0.964844 0.050000 0.062500
0 0.304688 0.964844 0.050000 0.062500
0 0.339062 0.964844 0.050000 0.062500
0 0.340625 0.981445 0.050000 0.037109
0 0.370312 0.980469 0.050000 0.039062
0 0.396875 0.976562 0.050000 0.046875
0 0.456250 0.972656 0.050000 0.054688
0 0.465625 0.974609 0.050000 0.050781
0 0.496875 0.966797 0.050000 0.062500
0 0.510938 0.969727 0.050000 0.060547
0 0.534375 0.937500 0.050000 0.062500
0 0.523438 0.921875 0.050000 0.062500
0 0.570312 0.888672 0.050000 0.062500
0 0.585938 0.904297 0.050000 0.062500
0 0.642188 0.816406 0.050000 0.062500
0 0.651563 0.806641 0.050000 0.062500
0 0.657813 0.818359 0.050000 0.062500
0 0.609375 0.648438 0.050000 0.062500
0 0.585938 0.656250 0.050000 0.062500
0 0.553125 0.691406 0.050000 0.062500
0 0.517188 0.732422 0.050000 0.062500
0 0.482812 0.648438 0.050000 0.062500
0 0.468750 0.644531 0.050000 0.062500
0 0.421875 0.562500 0.050000 0.062500
0 0.404687 0.562500 0.050000 0.062500
0 0.392188 0.558594 0.050000 0.062500
0 0.379688 0.548828 0.050000 0.062500
0 0.210938 0.476562 0.050000 0.062500
0 0.212500 0.251953 0.050000 0.062500
0 0.196875 0.251953 0.050000 0.062500
0 0.176563 0.216797 0.050000 0.062500
0 0.162500 0.195312 0.050000 0.062500
0 0.170313 0.134766 0.050000 0.062500
0 0.148438 0.132812 0.050000 0.062500
0 0.307812 0.111328 0.050000 0.062500
0 0.300000 0.113281 0.050000 0.062500
0 0.428125 0.107422 0.050000 0.062500
0 0.423438 0.138672 0.050000 0.062500
0 0.401562 0.181641 0.050000 0.062500
0 0.392188 0.171875 0.050000 0.062500
0 0.364063 0.203125 0.050000 0.062500
0 0.354687 0.253906 0.050000 0.062500
0 0.635938 0.111328 0.050000 0.062500
0 0.443750 0.089844 0.050000 0.062500
0 0.437500 0.026367 0.050000 0.052734
0 0.457813 0.015625 0.050000 0.031250
0 0.715625 0.259766 0.050000 0.062500
0 0.626563 0.390625 0.050000 0.062500
0 0.609375 0.384766 0.050000 0.062500
0 0.585938 0.421875 0.050000 0.062500
0 0.501563 0.416016 0.050000 0.062500
0 0.489063 0.416016 0.050000 0.062500
0 0.470313 0.441406 0.050000 0.062500
0 0.462500 0.457031 0.050000 0.062500
0 0.581250 0.296875 0.050000 0.062500
0 0.568750 0.281250 0.050000 0.062500
0 0.556250 0.300781 0.050000 0.062500
0 0.703125 0.720703 0.050000 0.062500
0 0.693750 0.556641 0.050000 0.062500
0 0.654687 0.527344 0.050000 0.062500
0 0.637500 0.546875 0.050000 0.062500
0 0.618750 0.759766 0.050000 0.062500
0 0.607812 0.753906 0.050000 0.062500
0 0.464062 0.841797 0.050000 0.062500
