0 0.553125 0.523438 0.050000 0.062500
0 0.562500 0.513672 0.050000 0.062500
0 0.528125 0.441406 0.050000 0.062500
0 0.571875 0.402344 0.050000 0.062500
0 0.590625 0.384766 0.050000 0.062500
0 0.606250 0.669922 0.050000 0.062500
0 0.598437 0.660156 0.050000 0.062500
0 0.592187 0.669922 0.050000 0.062500
0 0.535937 0.652344 0.050000 0.062500
0 0.517188 0.640625 0.050000 0.062500
0 0.478125 0.720703 0.050000 0.062500
0 0.465625 0.705078 0.050000 0.062500
0 0.456250 0.750000 0.050000 0.062500
0 0.443750 0.748047 0.050000 0.062500
0 0.414062 0.769531 0.050000 0.062500
0 0.401562 0.765625 0.050000 0.062500
0 0.354687 0.777344 0.050000 0.062500
0 0.318750 0.775391 0.050000 0.062500
0 0.298438 0.761719 0.050000 0.062500
0 0.287500 0.710938 0.050000 0.062500
0 0.270313 0.710938 0.050000 0.062500
0 0.259375 0.718750 0.050000 0.062500
0 0.181250 0.683594 0.050000 0.062500
0 0.154688 0.701172 0.050000 0.062500
0 0.142187 0.716797 0.050000 0.062500
0 0.062500 0.582031 0.050000 0.062500
0 0.043750 0.525391 0.050000 0.062500
0 0.039062 0.498047 0.050000 0.062500
0 0.035937 0.478516 0.050000 0.062500
0 0.125000 0.318359 0.050000 0.062500
0 0.181250 0.128906 0.050000 0.062500
0 0.171875 0.130859 0.050000 0.062500
0 0.162500 0.134766 0.050000 0.062500
0 0.137500 0.091797 0.050000 0.062500
0 0.128125 0.019531 0.050000 0.039062
0 0.143750 0.018555 0.050000 0.037109
0 0.143750 0.900391 0.050000 0.062500
0 0.087500 0.962891 0.050000 0.062500
0 0.215625 0.849609 0.050000 0.062500
0 0.267188 0.824219 0.050000 0.062500
0 0.253125 0.826172 0.050000 0.062500
0 0.289062 0.742188 0.050000 0.062500
0 0.281250 0.728516 0.050000 0.062500
0 0.410938 0.835938 0.050000 0.062500
0 0.431250 0.832031 0.050000 0.062500
0 0.431250 0.814453 0.050000 0.062500
0 0.432812 0.804688 0.050000 0.062500
0 0.451562 0.767578 0.050000 0.062500
0 0.460938 0.804688 0.050000 0.062500
0 0.465625 0.826172 0.050000 0.062500
0 0.470313 0.841797 0.050000 0.062500
0 0.445312 0.855469 0.050000 0.062500
0 0.410938 0.914062 0.050000 0.062500
0 0.396875 0.917969 0.050000 0.062500
0 0.504687 0.916016 0.050000 0.062500
0 0.492188 0.933594 0.050000 0.062500
0 0.573438 0.818359 0.050000 0.062500
0 0.585938 0.820312 0.050000 0.062500
0 0.570312 0.810547 0.050000 0.062500
0 0.579688 0.750000 0.050000 0.062500
0 0.576562 0.972656 0.050000 0.054688
0 0.604688 0.968750 0.050000 0.062500
0 0.539062 0.611328 0.050000 0.062500
0 0.481250 0.619141 0.050000 0.062500
0 0.442188 0.593750 0.050000 0.062500
0 0.423438 0.664062 0.050000 0.062500
0 0.371875 0.539062 0.050000 0.062500
0 0.365625 0.521484 0.050000 0.062500
0 0.356250 0.412109 0.050000 0.062500
0 0.340625 0.406250 0.050000 0.062500
0 0.407813 0.349609 0.050000 0.062500
0 0.401562 0.337891 0.050000 0.062500
0 0.431250 0.468750 0.050000 0.062500
0 0.432812 0.453125 0.050000 0.062500
0 0.423438 0.457031 0.050000 0.062500
0 0.439063 0.296875 0.050000 0.062500
0 0.456250 0.296875 0.050000 0.062500
0 0.418750 0.289062 0.050000 0.062500
0 0.420312 0.277344 0.050000 0.062500
0 0.509375 0.132812 0.050000 0.062500
0 0.517188 0.146484 0.050000 0.062500
0 0.510938 0.068359 0.050000 0.062500
0 0.582812 0.023438 0.050000 0.046875
0 0.559375 0.265625 0.050000 0.062500
0 0.576562 0.265625 0.050000 0.062500
0 0.526563 0.222656 0.050000 0.062500
0 0.660937 0.222656 0.050000 0.062500
0 0.664062 0.066406 0.050000 0.062500
0 0.639062 0.525391 0.050000 0.062500
0 0.685937 0.740234 0.050000 0.062500
0 0.643750 0.841797 0.050000 0.062500
0 0.637500 0.781250 0.050000 0.062500
0 0.523438 0.904297 0.050000 0.062500
