0 0.192188 0.488281 0.050000 0.062500
0 0.170313 0.472656 0.050000 0.062500
0 0.170313 0.462891 0.050000 0.062500
0 0.160938 0.443359 0.050000 0.062500
0 0.470313 0.406250 0.050000 0.062500
0 0.482812 0.441406 0.050000 0.062500
0 0.496875 0.449219 0.050000 0.062500
0 0.548438 0.425781 0.050000 0.062500
0 0.534375 0.423828 0.050000 0.062500
0 0.637500 0.392578 0.050000 0.062500
0 0.657813 0.441406 0.050000 0.062500
0 0.670312 0.445312 0.050000 0.062500
0 0.710938 0.394531 0.050000 0.062500
0 0.687500 0.308594 0.050000 0.062500
0 0.682813 0.287109 0.050000 0.062500
0 0.676562 0.271484 0.050000 0.062500
0 0.575000 0.302734 0.050000 0.062500
0 0.554688 0.304688 0.050000 0.062500
0 0.554688 0.267578 0.050000 0.062500
0 0.543750 0.263672 0.050000 0.062500
0 0.534375 0.255859 0.050000 0.062500
0 0.518750 0.261719 0.050000 0.062500
0 0.509375 0.175781 0.050000 0.062500
0 0.498437 0.175781 0.050000 0.062500
0 0.285938 0.128906 0.050000 0.062500
0 0.275000 0.105469 0.050000 0.062500
0 0.229687 0.089844 0.050000 0.062500
0 0.187500 0.292969 0.050000 0.062500
0 0.606250 0.099609 0.050000 0.062500
0 0.623437 0.109375 0.050000 0.062500
0 0.639062 0.164062 0.050000 0.062500
0 0.453125 0.024414 0.050000 0.048828
0 0.617188 0.018555 0.050000 0.037109
0 0.779687 0.199219 0.050000 0.062500
0 0.746875 0.148438 0.050000 0.062500
0 0.804688 0.683594 0.050000 0.062500
0 0.735938 0.679688 0.050000 0.062500
0 0.726562 0.669922 0.050000 0.062500
0 0.712500 0.675781 0.050000 0.062500
0 0.690625 0.648438 0.050000 0.062500
0 0.710938 0.712891 0.050000 0.062500
0 0.696875 0.712891 0.050000 0.062500
0 0.689063 0.701172 0.050000 0.062500
0 0.603125 0.796875 0.050000 0.062500
0 0.598437 0.769531 0.050000 0.062500
0 0.596875 0.751953 0.050000 0.062500
0 0.587500 0.720703 0.050000 0.062500
0 0.582812 0.705078 0.050000 0.062500
0 0.573438 0.699219 0.050000 0.062500
0 0.598437 0.687500 0.050000 0.062500
0 0.606250 0.675781 0.050000 0.062500
0 0.593750 0.662109 0.050000 0.062500
0 0.564063 0.650391 0.050000 0.062500
0 0.520312 0.667969 0.050000 0.062500
0 0.546875 0.712891 0.050000 0.062500
0 0.531250 0.712891 0.050000 0.062500
0 0.492188 0.710938 0.050000 0.062500
0 0.479687 0.722656 0.050000 0.062500
0 0.453125 0.730469 0.050000 0.062500
0 0.464062 0.746094 0.050000 0.062500
0 0.425000 0.742188 0.050000 0.062500
0 0.400000 0.781250 0.050000 0.062500
0 0.389062 0.771484 0.050000 0.062500
0 0.421875 0.673828 0.050000 0.062500
0 0.421875 0.648438 0.050000 0.062500
0 0.407813 0.632812 0.050000 0.062500
0 0.390625 0.626953 0.050000 0.062500
0 0.334375 0.634766 0.050000 0.062500
0 0.315625 0.652344 0.050000 0.062500
0 0.304688 0.658203 0.050000 0.062500
0 0.273438 0.937500 0.050000 0.062500
0 0.254688 0.958984 0.050000 0.062500
0 0.346875 0.832031 0.050000 0.062500
0 0.565625 0.820312 0.050000 0.062500
0 0.542188 0.779297 0.050000 0.062500
0 0.579688 0.802734 0.050000 0.062500
0 0.539062 0.859375 0.050000 0.062500
0 0.521875 0.855469 0.050000 0.062500
0 0.525000 0.960938 0.050000 0.062500
0 0.657813 0.861328 0.050000 0.062500
0 0.623437 0.878906 0.050000 0.062500
0 0.701562 0.841797 0.050000 0.062500
0 0.718750 0.841797 0.050000 0.062500
0 0.662500 0.574219 0.050000 0.062500
0 0.648438 0.562500 0.050000 0.062500
0 0.635938 0.552734 0.050000 0.062500
