0 0.182812 0.488281 0.050000 0.062500
0 0.153125 0.431641 0.050000 0.062500
0 0.128125 0.429688 0.050000 0.062500
0 0.114062 0.392578 0.050000 0.062500
0 0.082812 0.654297 0.050000 0.062500
0 0.015625 0.599609 0.031250 0.062500
0 0.664062 0.142578 0.050000 0.062500
0 0.690625 0.138672 0.050000 0.062500
0 0.712500 0.119141 0.050000 0.062500
0 0.631250 0.187500 0.050000 0.062500
0 0.576562 0.197266 0.050000 0.062500
0 0.895312 0.138672 0.050000 0.062500
0 0.778125 0.234375 0.050000 0.062500
0 0.035937 0.166016 0.050000 0.062500
0 0.082812 0.082031 0.050000 0.062500
0 0.032813 0.361328 0.050000 0.062500
0 0.568750 0.792969 0.050000 0.062500
0 0.534375 0.763672 0.050000 0.062500
