0 0.960938 0.078125 0.050000 0.062500
0 0.942187 0.080078 0.050000 0.062500
0 0.050000 0.347656 0.050000 0.062500
0 0.112500 0.074219 0.050000 0.062500
0 0.148438 0.082031 0.050000 0.062500
0 0.065625 0.261719 0.050000 0.062500
0 0.060937 0.316406 0.050000 0.062500
0 0.887500 0.142578 0.050000 0.062500
0 0.860938 0.119141 0.050000 0.062500
0 0.848437 0.085938 0.050000 0.062500
0 0.806250 0.068359 0.050000 0.062500
0 0.803125 0.097656 0.050000 0.062500
0 0.817187 0.111328 0.050000 0.062500
0 0.892188 0.236328 0.050000 0.062500
0 0.915625 0.236328 0.050000 0.062500
0 0.900000 0.408203 0.050000 0.062500
0 0.895312 0.388672 0.050000 0.062500
0 0.787500 0.416016 0.050000 0.062500
0 0.801562 0.347656 0.050000 0.062500
0 0.618750 0.074219 0.050000 0.062500
0 0.746875 0.443359 0.050000 0.062500
0 0.089063 0.111328 0.050000 0.062500
0 0.175000 0.408203 0.050000 0.062500
0 0.185938 0.437500 0.050000 0.062500
0 0.032813 0.425781 0.050000 0.062500
0 0.079687 0.423828 0.050000 0.062500
0 0.048438 0.476562 0.050000 0.062500
0 0.090625 0.476562 0.050000 0.062500
0 0.031250 0.269531 0.050000 0.062500
0 0.043750 0.250000 0.050000 0.062500
0 0.023438 0.292969 0.046875 0.062500
0 0.032813 0.294922 0.050000 0.062500
0 0.064062 0.232422 0.050000 0.062500
0 0.085938 0.302734 0.050000 0.062500
0 0.117188 0.296875 0.050000 0.062500
0 0.134375 0.292969 0.050000 0.062500
