0 0.959375 0.164062 0.050000 0.062500
0 0.937500 0.140625 0.050000 0.062500
0 0.901563 0.164062 0.050000 0.062500
0 0.890625 0.191406 0.050000 0.062500
0 0.923438 0.197266 0.050000 0.062500
0 0.900000 0.216797 0.050000 0.062500
0 0.760938 0.261719 0.050000 0.062500
0 0.764062 0.232422 0.050000 0.062500
0 0.885938 0.378906 0.050000 0.062500
0 0.862500 0.375000 0.050000 0.062500
0 0.960938 0.398438 0.050000 0.062500
0 0.890625 0.552734 0.050000 0.062500
0 0.887500 0.535156 0.050000 0.062500
0 0.792188 0.501953 0.050000 0.062500
0 0.790625 0.523438 0.050000 0.062500
0 0.790625 0.566406 0.050000 0.062500
0 0.750000 0.611328 0.050000 0.062500
0 0.551562 0.326172 0.050000 0.062500
0 0.554688 0.300781 0.050000 0.062500
0 0.579688 0.267578 0.050000 0.062500
0 0.590625 0.259766 0.050000 0.062500
0 0.076563 0.599609 0.050000 0.062500
0 0.054688 0.617188 0.050000 0.062500
0 0.039062 0.568359 0.050000 0.062500
0 0.057813 0.541016 0.050000 0.062500
0 0.050000 0.533203 0.050000 0.062500
0 0.065625 0.544922 0.050000 0.062500
0 0.053125 0.566406 0.050000 0.062500
0 0.023438 0.576172 0.046875 0.062500
0 0.046875 0.656250 0.050000 0.062500
0 0.039062 0.722656 0.050000 0.062500
0 0.092188 0.755859 0.050000 0.062500
0 0.068750 0.775391 0.050000 0.062500
0 0.187500 0.708984 0.050000 0.062500
0 0.173437 0.677734 0.050000 0.062500
0 0.125000 0.580078 0.050000 0.062500
0 0.095312 0.582031 0.050000 0.062500
0 0.078125 0.365234 0.050000 0.062500
0 0.076563 0.306641 0.050000 0.062500
0 0.046875 0.396484 0.050000 0.062500
