0 0.318750 0.751953 0.050000 0.062500
0 0.348438 0.738281 0.050000 0.062500
0 0.451562 0.746094 0.050000 0.062500
0 0.470313 0.812500 0.050000 0.062500
0 0.496875 0.851562 0.050000 0.062500
0 0.532813 0.849609 0.050000 0.062500
0 0.578125 0.973633 0.050000 0.052734
0 0.607812 0.904297 0.050000 0.062500
0 0.651563 0.867188 0.050000 0.062500
0 0.676562 0.816406 0.050000 0.062500
0 0.587500 0.716797 0.050000 0.062500
0 0.484375 0.707031 0.050000 0.062500
0 0.164062 0.501953 0.050000 0.062500
0 0.032813 0.474609 0.050000 0.062500
0 0.064062 0.753906 0.050000 0.062500
0 0.098437 0.716797 0.050000 0.062500
0 0.125000 0.738281 0.050000 0.062500
0 0.220312 0.054688 0.050000 0.062500
0 0.307812 0.042969 0.050000 0.062500
0 0.329688 0.031250 0.050000 0.062500
0 0.329688 0.021484 0.050000 0.042969
0 0.307812 0.101562 0.050000 0.062500
0 0.339062 0.136719 0.050000 0.062500
0 0.343750 0.277344 0.050000 0.062500
0 0.296875 0.294922 0.050000 0.062500
0 0.384375 0.226562 0.050000 0.062500
0 0.392188 0.269531 0.050000 0.062500
0 0.390625 0.382812 0.050000 0.062500
0 0.481250 0.421875 0.050000 0.062500
0 0.507812 0.591797 0.050000 0.062500
0 0.534375 0.558594 0.050000 0.062500
0 0.584375 0.544922 0.050000 0.062500
0 0.639062 0.503906 0.050000 0.062500
0 0.612500 0.519531 0.050000 0.062500
0 0.570312 0.462891 0.050000 0.062500
0 0.521875 0.441406 0.050000 0.062500
0 0.539062 0.429688 0.050000 0.062500
0 0.450000 0.458984 0.050000 0.062500
0 0.437500 0.384766 0.050000 0.062500
0 0.435937 0.341797 0.050000 0.062500
0 0.484375 0.367188 0.050000 0.062500
0 0.500000 0.333984 0.050000 0.062500
0 0.507812 0.314453 0.050000 0.062500
0 0.462500 0.335938 0.050000 0.062500
0 0.467187 0.306641 0.050000 0.062500
0 0.450000 0.257812 0.050000 0.062500
0 0.403125 0.322266 0.050000 0.062500
0 0.432812 0.287109 0.050000 0.062500
0 0.417187 0.230469 0.050000 0.062500
0 0.351562 0.210938 0.050000 0.062500
0 0.368750 0.191406 0.050000 0.062500
0 0.531250 0.382812 0.050000 0.062500
0 0.560937 0.392578 0.050000 0.062500
0 0.582812 0.402344 0.050000 0.062500
0 0.614062 0.423828 0.050000 0.062500
0 0.648438 0.466797 0.050000 0.062500
0 0.662500 0.521484 0.050000 0.062500
0 0.682813 0.490234 0.050000 0.062500
0 0.712500 0.517578 0.050000 0.062500
0 0.765625 0.562500 0.050000 0.062500
0 0.742188 0.492188 0.050000 0.062500
0 0.750000 0.460938 0.050000 0.062500
0 0.790625 0.509766 0.050000 0.062500
0 0.762500 0.421875 0.050000 0.062500
0 0.812500 0.416016 0.050000 0.062500
0 0.784375 0.421875 0.050000 0.062500
0 0.846875 0.416016 0.050000 0.062500
0 0.835938 0.384766 0.050000 0.062500
0 0.815625 0.361328 0.050000 0.062500
0 0.796875 0.382812 0.050000 0.062500
0 0.878125 0.361328 0.050000 0.062500
0 0.864062 0.335938 0.050000 0.062500
0 0.904687 0.281250 0.050000 0.062500
0 0.956250 0.279297 0.050000 0.062500
0 0.967187 0.234375 0.050000 0.062500
0 0.950000 0.201172 0.050000 0.062500
0 0.977344 0.166016 0.045312 0.062500
0 0.981250 0.212891 0.037500 0.062500
0 0.981250 0.134766 0.037500 0.062500
0 0.931250 0.261719 0.050000 0.062500
0 0.906250 0.341797 0.050000 0.062500
0 0.909375 0.378906 0.050000 0.062500
0 0.884375 0.408203 0.050000 0.062500
0 0.818750 0.476562 0.050000 0.062500
0 0.862500 0.462891 0.050000 0.062500
0 0.107813 0.048828 0.050000 0.062500
0 0.022656 0.054688 0.045312 0.062500
0 0.021094 0.115234 0.042188 0.062500
0 0.889062 0.609375 0.050000 0.062500
0 0.904687 0.568359 0.050000 0.062500
0 0.920312 0.515625 0.050000 0.062500
0 0.843750 0.587891 0.050000 0.062500
0 0.532813 0.794922 0.050000 0.062500
0 0.565625 0.769531 0.050000 0.062500
0 0.957812 0.539062 0.050000 0.062500
0 0.376563 0.484375 0.050000 0.062500
0 0.653125 0.693359 0.050000 0.062500
0 0.592187 0.812500 0.050000 0.062500
0 0.606250 0.794922 0.050000 0.062500
0 0.314063 0.154297 0.050000 0.062500
0 0.307812 0.232422 0.050000 0.062500
0 0.273438 0.044922 0.050000 0.062500
0 0.292187 0.022461 0.050000 0.044922
0 0.287500 0.074219 0.050000 0.062500
0 0.393750 0.197266 0.050000 0.062500
0 0.529687 0.332031 0.050000 0.062500
0 0.542188 0.357422 0.050000 0.062500
