0 0.756250 0.078125 0.050000 0.062500
0 0.729688 0.134766 0.050000 0.062500
0 0.665625 0.171875 0.050000 0.062500
0 0.654687 0.199219 0.050000 0.062500
0 0.592187 0.154297 0.050000 0.062500
0 0.560937 0.193359 0.050000 0.062500
0 0.543750 0.193359 0.050000 0.062500
0 0.528125 0.171875 0.050000 0.062500
0 0.515625 0.189453 0.050000 0.062500
0 0.507812 0.152344 0.050000 0.062500
0 0.496875 0.189453 0.050000 0.062500
0 0.515625 0.208984 0.050000 0.062500
0 0.495312 0.218750 0.050000 0.062500
0 0.439063 0.175781 0.050000 0.062500
0 0.573438 0.072266 0.050000 0.062500
0 0.589063 0.033203 0.050000 0.062500
0 0.556250 0.042969 0.050000 0.062500
0 0.545312 0.027344 0.050000 0.054688
0 0.534375 0.044922 0.050000 0.062500
0 0.518750 0.046875 0.050000 0.062500
0 0.523438 0.027344 0.050000 0.054688
0 0.475000 0.020508 0.050000 0.041016
0 0.754687 0.281250 0.050000 0.062500
0 0.768750 0.289062 0.050000 0.062500
0 0.121875 0.923828 0.050000 0.062500
0 0.109375 0.931641 0.050000 0.062500
0 0.118750 0.968750 0.050000 0.062500
0 0.024219 0.943359 0.048438 0.062500
0 0.389062 0.394531 0.050000 0.062500
0 0.429688 0.382812 0.050000 0.062500
0 0.395313 0.439453 0.050000 0.062500
