0 0.265625 0.343750 0.050000 0.062500
0 0.239063 0.392578 0.050000 0.062500
0 0.210938 0.421875 0.050000 0.062500
0 0.243750 0.468750 0.050000 0.062500
0 0.225000 0.490234 0.050000 0.062500
0 0.210938 0.468750 0.050000 0.062500
0 0.134375 0.462891 0.050000 0.062500
0 0.168750 0.523438 0.050000 0.062500
0 0.129688 0.636719 0.050000 0.062500
0 0.114062 0.669922 0.050000 0.062500
0 0.142187 0.671875 0.050000 0.062500
0 0.179688 0.634766 0.050000 0.062500
0 0.193750 0.601562 0.050000 0.062500
0 0.214062 0.611328 0.050000 0.062500
0 0.201563 0.623047 0.050000 0.062500
0 0.223438 0.628906 0.050000 0.062500
0 0.210938 0.648438 0.050000 0.062500
0 0.185938 0.667969 0.050000 0.062500
0 0.260937 0.623047 0.050000 0.062500
0 0.270313 0.582031 0.050000 0.062500
0 0.434375 0.474609 0.050000 0.062500
0 0.404687 0.521484 0.050000 0.062500
0 0.350000 0.583984 0.050000 0.062500
0 0.339062 0.611328 0.050000 0.062500
0 0.471875 0.671875 0.050000 0.062500
0 0.453125 0.667969 0.050000 0.062500
0 0.445312 0.376953 0.050000 0.062500
0 0.165625 0.041016 0.050000 0.062500
0 0.895312 0.597656 0.050000 0.062500
0 0.879687 0.593750 0.050000 0.062500
0 0.932813 0.511719 0.050000 0.062500
0 0.945312 0.482422 0.050000 0.062500
0 0.982812 0.494141 0.034375 0.062500
0 0.043750 0.195312 0.050000 0.062500
0 0.150000 0.024414 0.050000 0.048828
0 0.389062 0.091797 0.050000 0.062500
0 0.390625 0.119141 0.050000 0.062500
0 0.104688 0.902344 0.050000 0.062500
0 0.115625 0.859375 0.050000 0.062500
0 0.489063 0.939453 0.050000 0.062500
