0 0.800000 0.591797 0.050000 0.062500
0 0.860938 0.599609 0.050000 0.062500
0 0.871875 0.517578 0.050000 0.062500
0 0.817187 0.501953 0.050000 0.062500
0 0.785937 0.519531 0.050000 0.062500
0 0.732812 0.527344 0.050000 0.062500
0 0.682813 0.525391 0.050000 0.062500
0 0.676562 0.455078 0.050000 0.062500
0 0.743750 0.435547 0.050000 0.062500
0 0.782813 0.398438 0.050000 0.062500
0 0.798438 0.445312 0.050000 0.062500
0 0.809375 0.363281 0.050000 0.062500
0 0.865625 0.300781 0.050000 0.062500
0 0.748437 0.312500 0.050000 0.062500
0 0.679688 0.355469 0.050000 0.062500
0 0.679688 0.251953 0.050000 0.062500
0 0.603125 0.552734 0.050000 0.062500
0 0.560937 0.544922 0.050000 0.062500
0 0.543750 0.568359 0.050000 0.062500
0 0.517188 0.623047 0.050000 0.062500
0 0.500000 0.644531 0.050000 0.062500
0 0.560937 0.677734 0.050000 0.062500
0 0.685937 0.710938 0.050000 0.062500
0 0.906250 0.585938 0.050000 0.062500
0 0.937500 0.515625 0.050000 0.062500
0 0.928125 0.435547 0.050000 0.062500
0 0.931250 0.351562 0.050000 0.062500
0 0.878125 0.414062 0.050000 0.062500
0 0.050000 0.417969 0.050000 0.062500
0 0.175000 0.024414 0.050000 0.048828
0 0.045312 0.533203 0.050000 0.062500
0 0.020313 0.583984 0.040625 0.062500
0 0.064062 0.724609 0.050000 0.062500
0 0.079687 0.728516 0.050000 0.062500
