0 0.454688 0.275391 0.050000 0.062500
0 0.453125 0.199219 0.050000 0.062500
0 0.514062 0.250000 0.050000 0.062500
0 0.581250 0.316406 0.050000 0.062500
0 0.542188 0.341797 0.050000 0.062500
0 0.562500 0.390625 0.050000 0.062500
0 0.500000 0.390625 0.050000 0.062500
0 0.595313 0.455078 0.050000 0.062500
0 0.581250 0.457031 0.050000 0.062500
0 0.554688 0.476562 0.050000 0.062500
0 0.493750 0.474609 0.050000 0.062500
0 0.464062 0.468750 0.050000 0.062500
0 0.443750 0.550781 0.050000 0.062500
0 0.376563 0.511719 0.050000 0.062500
0 0.328125 0.501953 0.050000 0.062500
0 0.312500 0.515625 0.050000 0.062500
0 0.276562 0.542969 0.050000 0.062500
0 0.271875 0.591797 0.050000 0.062500
0 0.301563 0.599609 0.050000 0.062500
0 0.454688 0.671875 0.050000 0.062500
0 0.637500 0.472656 0.050000 0.062500
0 0.703125 0.455078 0.050000 0.062500
0 0.690625 0.382812 0.050000 0.062500
0 0.640625 0.349609 0.050000 0.062500
0 0.632812 0.251953 0.050000 0.062500
0 0.698438 0.310547 0.050000 0.062500
0 0.923438 0.343750 0.050000 0.062500
0 0.973437 0.277344 0.050000 0.062500
0 0.929688 0.087891 0.050000 0.062500
0 0.842187 0.701172 0.050000 0.062500
