0 0.250000 0.867188 0.050000 0.062500
0 0.223438 0.826172 0.050000 0.062500
0 0.287500 0.798828 0.050000 0.062500
0 0.296875 0.775391 0.050000 0.062500
0 0.346875 0.794922 0.050000 0.062500
0 0.418750 0.826172 0.050000 0.062500
0 0.428125 0.951172 0.050000 0.062500
0 0.365625 0.966797 0.050000 0.062500
0 0.460938 0.962891 0.050000 0.062500
0 0.540625 0.816406 0.050000 0.062500
0 0.514062 0.750000 0.050000 0.062500
0 0.476562 0.738281 0.050000 0.062500
0 0.417187 0.750000 0.050000 0.062500
0 0.431250 0.765625 0.050000 0.062500
0 0.406250 0.669922 0.050000 0.062500
0 0.078125 0.214844 0.050000 0.062500
0 0.429688 0.550781 0.050000 0.062500
0 0.484375 0.519531 0.050000 0.062500
0 0.457813 0.457031 0.050000 0.062500
0 0.503125 0.320312 0.050000 0.062500
0 0.604688 0.529297 0.050000 0.062500
0 0.553125 0.595703 0.050000 0.062500
0 0.515625 0.619141 0.050000 0.062500
0 0.490625 0.666016 0.050000 0.062500
0 0.539062 0.664062 0.050000 0.062500
0 0.539062 0.718750 0.050000 0.062500
0 0.612500 0.757812 0.050000 0.062500
0 0.603125 0.744141 0.050000 0.062500
0 0.551562 0.728516 0.050000 0.062500
0 0.532813 0.822266 0.050000 0.062500
0 0.592187 0.820312 0.050000 0.062500
0 0.601562 0.826172 0.050000 0.062500
0 0.671875 0.738281 0.050000 0.062500
0 0.665625 0.650391 0.050000 0.062500
0 0.662500 0.578125 0.050000 0.062500
0 0.606250 0.628906 0.050000 0.062500
0 0.596875 0.621094 0.050000 0.062500
0 0.935937 0.511719 0.050000 0.062500
0 0.896875 0.642578 0.050000 0.062500
0 0.965625 0.349609 0.050000 0.062500
0 0.896875 0.320312 0.050000 0.062500
0 0.903125 0.220703 0.050000 0.062500
0 0.931250 0.126953 0.050000 0.062500
0 0.918750 0.052734 0.050000 0.062500
0 0.970313 0.056641 0.050000 0.062500
0 0.810937 0.977539 0.050000 0.044922
0 0.546875 0.974609 0.050000 0.050781
