0 0.409375 0.732422 0.050000 0.062500
0 0.398438 0.822266 0.050000 0.062500
0 0.390625 0.822266 0.050000 0.062500
0 0.342187 0.867188 0.050000 0.062500
0 0.392188 0.971680 0.050000 0.056641
0 0.431250 0.923828 0.050000 0.062500
0 0.446875 0.970703 0.050000 0.058594
0 0.515625 0.847656 0.050000 0.062500
0 0.454688 0.896484 0.050000 0.062500
0 0.525000 0.933594 0.050000 0.062500
0 0.368750 0.957031 0.050000 0.062500
0 0.342187 0.914062 0.050000 0.062500
0 0.575000 0.890625 0.050000 0.062500
0 0.578125 0.951172 0.050000 0.062500
0 0.835938 0.892578 0.050000 0.062500
0 0.859375 0.802734 0.050000 0.062500
0 0.875000 0.664062 0.050000 0.062500
0 0.810937 0.558594 0.050000 0.062500
0 0.870313 0.472656 0.050000 0.062500
0 0.937500 0.503906 0.050000 0.062500
0 0.826562 0.365234 0.050000 0.062500
0 0.690625 0.076172 0.050000 0.062500
0 0.642188 0.072266 0.050000 0.062500
0 0.084375 0.533203 0.050000 0.062500
