0 0.331250 0.396484 0.050000 0.062500
0 0.256250 0.435547 0.050000 0.062500
0 0.185938 0.441406 0.050000 0.062500
0 0.022656 0.576172 0.045312 0.062500
0 0.837500 0.476562 0.050000 0.062500
0 0.826562 0.519531 0.050000 0.062500
0 0.696875 0.632812 0.050000 0.062500
0 0.665625 0.687500 0.050000 0.062500
0 0.632812 0.767578 0.050000 0.062500
0 0.807813 0.341797 0.050000 0.062500
0 0.826562 0.020508 0.050000 0.041016
0 0.243750 0.552734 0.050000 0.062500
0 0.231250 0.599609 0.050000 0.062500
0 0.223438 0.658203 0.050000 0.062500
0 0.184375 0.660156 0.050000 0.062500
0 0.187500 0.562500 0.050000 0.062500
0 0.350000 0.539062 0.050000 0.062500
0 0.320312 0.619141 0.050000 0.062500
0 0.395313 0.607422 0.050000 0.062500
0 0.350000 0.677734 0.050000 0.062500
0 0.321875 0.751953 0.050000 0.062500
0 0.332813 0.794922 0.050000 0.062500
0 0.264062 0.708984 0.050000 0.062500
0 0.032813 0.785156 0.050000 0.062500
0 0.035937 0.757812 0.050000 0.062500
0 0.019531 0.753906 0.039062 0.062500
0 0.103125 0.587891 0.050000 0.062500
0 0.165625 0.501953 0.050000 0.062500
0 0.135937 0.464844 0.050000 0.062500
