0 0.465625 0.369141 0.050000 0.062500
0 0.387500 0.373047 0.050000 0.062500
0 0.370312 0.445312 0.050000 0.062500
0 0.271875 0.427734 0.050000 0.062500
0 0.292187 0.343750 0.050000 0.062500
0 0.226562 0.330078 0.050000 0.062500
0 0.242188 0.240234 0.050000 0.062500
0 0.290625 0.240234 0.050000 0.062500
0 0.320312 0.277344 0.050000 0.062500
0 0.357812 0.269531 0.050000 0.062500
0 0.404687 0.250000 0.050000 0.062500
0 0.490625 0.216797 0.050000 0.062500
0 0.542188 0.308594 0.050000 0.062500
0 0.437500 0.142578 0.050000 0.062500
0 0.379688 0.134766 0.050000 0.062500
0 0.371875 0.195312 0.050000 0.062500
0 0.315625 0.175781 0.050000 0.062500
0 0.318750 0.119141 0.050000 0.062500
0 0.284375 0.024414 0.050000 0.048828
0 0.237500 0.021484 0.050000 0.042969
0 0.525000 0.785156 0.050000 0.062500
0 0.468750 0.812500 0.050000 0.062500
0 0.651563 0.900391 0.050000 0.062500
0 0.717187 0.888672 0.050000 0.062500
0 0.789062 0.798828 0.050000 0.062500
0 0.706250 0.068359 0.050000 0.062500
0 0.137500 0.093750 0.050000 0.062500
0 0.112500 0.128906 0.050000 0.062500
0 0.057813 0.562500 0.050000 0.062500
