0 0.490625 0.712891 0.050000 0.062500
0 0.454688 0.751953 0.050000 0.062500
0 0.473438 0.812500 0.050000 0.062500
0 0.498437 0.847656 0.050000 0.062500
0 0.531250 0.849609 0.050000 0.062500
0 0.532813 0.791016 0.050000 0.062500
0 0.562500 0.763672 0.050000 0.062500
0 0.593750 0.720703 0.050000 0.062500
0 0.542188 0.728516 0.050000 0.062500
0 0.882812 0.607422 0.050000 0.062500
0 0.904687 0.566406 0.050000 0.062500
0 0.921875 0.517578 0.050000 0.062500
0 0.954688 0.542969 0.050000 0.062500
0 0.842187 0.587891 0.050000 0.062500
0 0.800000 0.572266 0.050000 0.062500
0 0.770312 0.566406 0.050000 0.062500
0 0.796875 0.509766 0.050000 0.062500
0 0.814063 0.476562 0.050000 0.062500
0 0.750000 0.457031 0.050000 0.062500
0 0.739062 0.496094 0.050000 0.062500
0 0.656250 0.462891 0.050000 0.062500
0 0.684375 0.486328 0.050000 0.062500
0 0.715625 0.513672 0.050000 0.062500
0 0.662500 0.525391 0.050000 0.062500
0 0.639062 0.511719 0.050000 0.062500
0 0.614062 0.423828 0.050000 0.062500
0 0.592187 0.404297 0.050000 0.062500
0 0.559375 0.388672 0.050000 0.062500
0 0.532813 0.380859 0.050000 0.062500
0 0.531250 0.343750 0.050000 0.062500
0 0.487500 0.369141 0.050000 0.062500
0 0.498437 0.332031 0.050000 0.062500
0 0.464062 0.306641 0.050000 0.062500
0 0.462500 0.335938 0.050000 0.062500
0 0.420312 0.224609 0.050000 0.062500
0 0.451562 0.257812 0.050000 0.062500
0 0.456250 0.464844 0.050000 0.062500
0 0.437500 0.382812 0.050000 0.062500
0 0.398438 0.382812 0.050000 0.062500
0 0.379688 0.490234 0.050000 0.062500
0 0.350000 0.281250 0.050000 0.062500
0 0.303125 0.296875 0.050000 0.062500
0 0.393750 0.197266 0.050000 0.062500
0 0.343750 0.142578 0.050000 0.062500
0 0.309375 0.099609 0.050000 0.062500
0 0.314063 0.048828 0.050000 0.062500
0 0.329688 0.024414 0.050000 0.048828
0 0.220312 0.064453 0.050000 0.062500
0 0.906250 0.281250 0.050000 0.062500
0 0.848437 0.416016 0.050000 0.062500
0 0.809375 0.421875 0.050000 0.062500
0 0.765625 0.429688 0.050000 0.062500
0 0.871875 0.365234 0.050000 0.062500
0 0.903125 0.339844 0.050000 0.062500
0 0.882812 0.416016 0.050000 0.062500
0 0.906250 0.376953 0.050000 0.062500
0 0.960938 0.277344 0.050000 0.062500
0 0.940625 0.265625 0.050000 0.062500
0 0.964063 0.240234 0.050000 0.062500
0 0.962500 0.208984 0.050000 0.062500
0 0.971875 0.160156 0.050000 0.062500
0 0.982812 0.542969 0.034375 0.062500
0 0.656250 0.705078 0.050000 0.062500
0 0.673438 0.832031 0.050000 0.062500
0 0.653125 0.857422 0.050000 0.062500
0 0.614062 0.908203 0.050000 0.062500
0 0.578125 0.974609 0.050000 0.050781
0 0.348438 0.742188 0.050000 0.062500
0 0.312500 0.751953 0.050000 0.062500
0 0.164062 0.593750 0.050000 0.062500
0 0.118750 0.585938 0.050000 0.062500
0 0.082812 0.550781 0.050000 0.062500
0 0.059375 0.748047 0.050000 0.062500
0 0.096875 0.712891 0.050000 0.062500
0 0.120313 0.761719 0.050000 0.062500
0 0.165625 0.498047 0.050000 0.062500
0 0.856250 0.470703 0.050000 0.062500
0 0.103125 0.050781 0.050000 0.062500
0 0.023438 0.072266 0.046875 0.062500
0 0.015625 0.126953 0.031250 0.062500
0 0.365625 0.160156 0.050000 0.062500
0 0.387500 0.226562 0.050000 0.062500
0 0.390625 0.269531 0.050000 0.062500
0 0.439063 0.345703 0.050000 0.062500
0 0.473438 0.388672 0.050000 0.062500
0 0.482812 0.417969 0.050000 0.062500
0 0.537500 0.429688 0.050000 0.062500
0 0.570312 0.462891 0.050000 0.062500
0 0.512500 0.449219 0.050000 0.062500
0 0.528125 0.558594 0.050000 0.062500
0 0.587500 0.542969 0.050000 0.062500
0 0.607812 0.519531 0.050000 0.062500
0 0.537500 0.505859 0.050000 0.062500
0 0.565625 0.496094 0.050000 0.062500
0 0.785937 0.416016 0.050000 0.062500
0 0.798438 0.382812 0.050000 0.062500
0 0.818750 0.363281 0.050000 0.062500
0 0.843750 0.382812 0.050000 0.062500
0 0.942187 0.439453 0.050000 0.062500
0 0.978125 0.134766 0.043750 0.062500
0 0.553125 0.882812 0.050000 0.062500
0 0.587500 0.826172 0.050000 0.062500
0 0.609375 0.800781 0.050000 0.062500
0 0.065625 0.421875 0.050000 0.062500
0 0.042188 0.470703 0.050000 0.062500
0 0.275000 0.048828 0.050000 0.062500
0 0.292187 0.025391 0.050000 0.050781
0 0.284375 0.072266 0.050000 0.062500
0 0.364063 0.197266 0.050000 0.062500
0 0.307812 0.240234 0.050000 0.062500
0 0.354687 0.226562 0.050000 0.062500
0 0.339062 0.201172 0.050000 0.062500
0 0.312500 0.152344 0.050000 0.062500
