0 0.420312 0.412109 0.050000 0.062500
0 0.448437 0.390625 0.050000 0.062500
0 0.432812 0.304688 0.050000 0.062500
0 0.410938 0.310547 0.050000 0.062500
0 0.390625 0.283203 0.050000 0.062500
0 0.418750 0.267578 0.050000 0.062500
0 0.415625 0.480469 0.050000 0.062500
0 0.326562 0.480469 0.050000 0.062500
0 0.470313 0.478516 0.050000 0.062500
0 0.475000 0.542969 0.050000 0.062500
0 0.482812 0.603516 0.050000 0.062500
0 0.425000 0.621094 0.050000 0.062500
0 0.425000 0.701172 0.050000 0.062500
0 0.485938 0.705078 0.050000 0.062500
0 0.498437 0.640625 0.050000 0.062500
0 0.498437 0.792969 0.050000 0.062500
0 0.559375 0.791016 0.050000 0.062500
0 0.584375 0.722656 0.050000 0.062500
0 0.543750 0.617188 0.050000 0.062500
0 0.543750 0.554688 0.050000 0.062500
0 0.532813 0.468750 0.050000 0.062500
0 0.614062 0.476562 0.050000 0.062500
0 0.584375 0.595703 0.050000 0.062500
0 0.610938 0.640625 0.050000 0.062500
0 0.646875 0.556641 0.050000 0.062500
0 0.651563 0.708984 0.050000 0.062500
0 0.621875 0.785156 0.050000 0.062500
0 0.829688 0.625000 0.050000 0.062500
0 0.798438 0.527344 0.050000 0.062500
0 0.615625 0.902344 0.050000 0.062500
0 0.301563 0.966797 0.050000 0.062500
0 0.459375 0.074219 0.050000 0.062500
0 0.040625 0.910156 0.050000 0.062500
0 0.024219 0.929688 0.048438 0.062500
