0 0.462500 0.119141 0.050000 0.062500
0 0.425000 0.070312 0.050000 0.062500
0 0.435937 0.048828 0.050000 0.062500
0 0.392188 0.028320 0.050000 0.056641
0 0.376563 0.030273 0.050000 0.060547
0 0.385937 0.058594 0.050000 0.062500
0 0.400000 0.078125 0.050000 0.062500
0 0.417187 0.107422 0.050000 0.062500
0 0.439063 0.244141 0.050000 0.062500
0 0.417187 0.226562 0.050000 0.062500
0 0.482812 0.304688 0.050000 0.062500
0 0.517188 0.345703 0.050000 0.062500
0 0.368750 0.365234 0.050000 0.062500
0 0.368750 0.390625 0.050000 0.062500
0 0.625000 0.703125 0.050000 0.062500
0 0.510938 0.955078 0.050000 0.062500
0 0.489063 0.969727 0.050000 0.060547
0 0.467187 0.960938 0.050000 0.062500
0 0.434375 0.941406 0.050000 0.062500
0 0.980469 0.154297 0.039062 0.062500
0 0.832812 0.294922 0.050000 0.062500
0 0.812500 0.294922 0.050000 0.062500
0 0.878125 0.020508 0.050000 0.041016
0 0.670312 0.318359 0.050000 0.062500
0 0.568750 0.058594 0.050000 0.062500
0 0.568750 0.076172 0.050000 0.062500
0 0.532813 0.099609 0.050000 0.062500
0 0.535937 0.128906 0.050000 0.062500
