0 0.704688 0.312500 0.050000 0.062500
0 0.675000 0.212891 0.050000 0.062500
0 0.707812 0.169922 0.050000 0.062500
0 0.746875 0.097656 0.050000 0.062500
0 0.798438 0.144531 0.050000 0.062500
0 0.821875 0.031250 0.050000 0.062500
0 0.817187 0.019531 0.050000 0.039062
0 0.862500 0.160156 0.050000 0.062500
0 0.870313 0.222656 0.050000 0.062500
0 0.757812 0.246094 0.050000 0.062500
0 0.981250 0.316406 0.037500 0.062500
0 0.829688 0.546875 0.050000 0.062500
0 0.832812 0.845703 0.050000 0.062500
0 0.795312 0.849609 0.050000 0.062500
0 0.895312 0.835938 0.050000 0.062500
0 0.907813 0.916016 0.050000 0.062500
0 0.823438 0.906250 0.050000 0.062500
0 0.053125 0.500000 0.050000 0.062500
0 0.076563 0.144531 0.050000 0.062500
0 0.345313 0.054688 0.050000 0.062500
0 0.410938 0.068359 0.050000 0.062500
0 0.518750 0.050781 0.050000 0.062500
0 0.514062 0.072266 0.050000 0.062500
0 0.510938 0.134766 0.050000 0.062500
0 0.457813 0.125000 0.050000 0.062500
0 0.420312 0.140625 0.050000 0.062500
0 0.412500 0.105469 0.050000 0.062500
