0 0.076563 0.416016 0.050000 0.062500
0 0.118750 0.408203 0.050000 0.062500
0 0.353125 0.322266 0.050000 0.062500
0 0.431250 0.365234 0.050000 0.062500
0 0.415625 0.390625 0.050000 0.062500
0 0.389062 0.351562 0.050000 0.062500
0 0.457813 0.378906 0.050000 0.062500
0 0.514062 0.335938 0.050000 0.062500
0 0.509375 0.390625 0.050000 0.062500
0 0.520312 0.318359 0.050000 0.062500
0 0.612500 0.087891 0.050000 0.062500
0 0.628125 0.089844 0.050000 0.062500
0 0.531250 0.054688 0.050000 0.062500
0 0.507812 0.052734 0.050000 0.062500
0 0.746875 0.179688 0.050000 0.062500
0 0.732812 0.177734 0.050000 0.062500
0 0.657813 0.083984 0.050000 0.062500
0 0.696875 0.024414 0.050000 0.048828
0 0.593750 0.021484 0.050000 0.042969
0 0.787500 0.024414 0.050000 0.048828
0 0.776563 0.044922 0.050000 0.062500
0 0.778125 0.138672 0.050000 0.062500
0 0.787500 0.164062 0.050000 0.062500
0 0.895312 0.085938 0.050000 0.062500
0 0.879687 0.085938 0.050000 0.062500
0 0.826562 0.250000 0.050000 0.062500
0 0.759375 0.343750 0.050000 0.062500
0 0.743750 0.355469 0.050000 0.062500
0 0.706250 0.427734 0.050000 0.062500
0 0.678125 0.474609 0.050000 0.062500
0 0.668750 0.498047 0.050000 0.062500
0 0.684375 0.544922 0.050000 0.062500
0 0.693750 0.572266 0.050000 0.062500
0 0.745313 0.498047 0.050000 0.062500
0 0.750000 0.472656 0.050000 0.062500
0 0.807813 0.400391 0.050000 0.062500
0 0.857812 0.417969 0.050000 0.062500
0 0.796875 0.410156 0.050000 0.062500
0 0.864062 0.429688 0.050000 0.062500
0 0.932813 0.433594 0.050000 0.062500
0 0.918750 0.445312 0.050000 0.062500
0 0.900000 0.476562 0.050000 0.062500
0 0.921875 0.476562 0.050000 0.062500
0 0.982812 0.566406 0.034375 0.062500
