0 0.104688 0.392578 0.050000 0.062500
0 0.353125 0.568359 0.050000 0.062500
0 0.379688 0.617188 0.050000 0.062500
0 0.414062 0.646484 0.050000 0.062500
0 0.435937 0.607422 0.050000 0.062500
0 0.456250 0.626953 0.050000 0.062500
0 0.507812 0.578125 0.050000 0.062500
0 0.521875 0.558594 0.050000 0.062500
0 0.510938 0.642578 0.050000 0.062500
0 0.612500 0.701172 0.050000 0.062500
0 0.681250 0.732422 0.050000 0.062500
0 0.706250 0.673828 0.050000 0.062500
0 0.823438 0.507812 0.050000 0.062500
0 0.814063 0.507812 0.050000 0.062500
0 0.798438 0.404297 0.050000 0.062500
0 0.720313 0.421875 0.050000 0.062500
0 0.721875 0.404297 0.050000 0.062500
0 0.629687 0.341797 0.050000 0.062500
0 0.617188 0.345703 0.050000 0.062500
0 0.628125 0.291016 0.050000 0.062500
0 0.665625 0.333984 0.050000 0.062500
0 0.782813 0.292969 0.050000 0.062500
0 0.790625 0.271484 0.050000 0.062500
0 0.876563 0.333984 0.050000 0.062500
0 0.901563 0.345703 0.050000 0.062500
0 0.967187 0.615234 0.050000 0.062500
0 0.965625 0.591797 0.050000 0.062500
0 0.921875 0.691406 0.050000 0.062500
0 0.929688 0.677734 0.050000 0.062500
0 0.862500 0.669922 0.050000 0.062500
0 0.795312 0.632812 0.050000 0.062500
0 0.704688 0.093750 0.050000 0.062500
0 0.685937 0.103516 0.050000 0.062500
0 0.646875 0.140625 0.050000 0.062500
0 0.617188 0.134766 0.050000 0.062500
0 0.312500 0.044922 0.050000 0.062500
