0 0.507812 0.564453 0.050000 0.062500
0 0.532813 0.515625 0.050000 0.062500
0 0.559375 0.617188 0.050000 0.062500
0 0.596875 0.623047 0.050000 0.062500
0 0.606250 0.562500 0.050000 0.062500
0 0.654687 0.406250 0.050000 0.062500
0 0.614062 0.343750 0.050000 0.062500
0 0.635938 0.396484 0.050000 0.062500
0 0.876563 0.384766 0.050000 0.062500
0 0.817187 0.185547 0.050000 0.062500
0 0.960938 0.453125 0.050000 0.062500
0 0.926562 0.535156 0.050000 0.062500
0 0.965625 0.541016 0.050000 0.062500
0 0.451562 0.857422 0.050000 0.062500
0 0.203125 0.902344 0.050000 0.062500
