0 0.806250 0.755859 0.050000 0.062500
0 0.826562 0.775391 0.050000 0.062500
0 0.826562 0.726562 0.050000 0.062500
0 0.804688 0.679688 0.050000 0.062500
0 0.773438 0.712891 0.050000 0.062500
0 0.767188 0.693359 0.050000 0.062500
0 0.762500 0.718750 0.050000 0.062500
0 0.776563 0.650391 0.050000 0.062500
0 0.792188 0.654297 0.050000 0.062500
0 0.787500 0.603516 0.050000 0.062500
0 0.753125 0.617188 0.050000 0.062500
0 0.712500 0.746094 0.050000 0.062500
0 0.670312 0.666016 0.050000 0.062500
0 0.678125 0.619141 0.050000 0.062500
0 0.635938 0.617188 0.050000 0.062500
0 0.645312 0.642578 0.050000 0.062500
0 0.620313 0.685547 0.050000 0.062500
0 0.350000 0.908203 0.050000 0.062500
0 0.368750 0.964844 0.050000 0.062500
0 0.312500 0.969727 0.050000 0.060547
0 0.264062 0.962891 0.050000 0.062500
0 0.270313 0.894531 0.050000 0.062500
0 0.228125 0.753906 0.050000 0.062500
0 0.332813 0.707031 0.050000 0.062500
0 0.310937 0.808594 0.050000 0.062500
0 0.785937 0.451172 0.050000 0.062500
0 0.767188 0.501953 0.050000 0.062500
0 0.760938 0.529297 0.050000 0.062500
0 0.789062 0.548828 0.050000 0.062500
0 0.629687 0.455078 0.050000 0.062500
0 0.462500 0.496094 0.050000 0.062500
0 0.570312 0.125000 0.050000 0.062500
0 0.903125 0.226562 0.050000 0.062500
0 0.840625 0.306641 0.050000 0.062500
0 0.840625 0.410156 0.050000 0.062500
0 0.839063 0.443359 0.050000 0.062500
0 0.935937 0.437500 0.050000 0.062500
0 0.942187 0.451172 0.050000 0.062500
0 0.839063 0.617188 0.050000 0.062500
0 0.709375 0.259766 0.050000 0.062500
