0 0.648438 0.505859 0.050000 0.062500
0 0.620313 0.492188 0.050000 0.062500
0 0.587500 0.484375 0.050000 0.062500
0 0.570312 0.482422 0.050000 0.062500
0 0.593750 0.400391 0.050000 0.062500
0 0.623437 0.380859 0.050000 0.062500
0 0.620313 0.326172 0.050000 0.062500
0 0.579688 0.333984 0.050000 0.062500
0 0.565625 0.275391 0.050000 0.062500
0 0.520312 0.253906 0.050000 0.062500
0 0.490625 0.232422 0.050000 0.062500
0 0.429688 0.251953 0.050000 0.062500
0 0.476562 0.320312 0.050000 0.062500
0 0.209375 0.292969 0.050000 0.062500
0 0.187500 0.175781 0.050000 0.062500
0 0.234375 0.148438 0.050000 0.062500
0 0.281250 0.169922 0.050000 0.062500
0 0.428125 0.128906 0.050000 0.062500
0 0.401562 0.195312 0.050000 0.062500
0 0.460938 0.207031 0.050000 0.062500
0 0.512500 0.199219 0.050000 0.062500
0 0.554688 0.220703 0.050000 0.062500
0 0.565625 0.138672 0.050000 0.062500
0 0.603125 0.076172 0.050000 0.062500
0 0.559375 0.064453 0.050000 0.062500
0 0.501563 0.064453 0.050000 0.062500
0 0.442188 0.068359 0.050000 0.062500
0 0.703125 0.322266 0.050000 0.062500
0 0.417187 0.697266 0.050000 0.062500
0 0.242188 0.892578 0.050000 0.062500
0 0.226562 0.908203 0.050000 0.062500
0 0.207813 0.925781 0.050000 0.062500
0 0.196875 0.916016 0.050000 0.062500
0 0.271875 0.931641 0.050000 0.062500
0 0.715625 0.916016 0.050000 0.062500
0 0.775000 0.806641 0.050000 0.062500
0 0.726562 0.292969 0.050000 0.062500
