0 0.264062 0.490234 0.050000 0.062500
0 0.215625 0.562500 0.050000 0.062500
0 0.226562 0.703125 0.050000 0.062500
0 0.356250 0.455078 0.050000 0.062500
0 0.500000 0.439453 0.050000 0.062500
0 0.475000 0.492188 0.050000 0.062500
0 0.439063 0.566406 0.050000 0.062500
0 0.464062 0.644531 0.050000 0.062500
0 0.532813 0.617188 0.050000 0.062500
0 0.562500 0.654297 0.050000 0.062500
0 0.570312 0.589844 0.050000 0.062500
0 0.506250 0.578125 0.050000 0.062500
0 0.535937 0.509766 0.050000 0.062500
0 0.565625 0.441406 0.050000 0.062500
0 0.623437 0.451172 0.050000 0.062500
0 0.673438 0.490234 0.050000 0.062500
0 0.687500 0.531250 0.050000 0.062500
0 0.625000 0.533203 0.050000 0.062500
0 0.604688 0.609375 0.050000 0.062500
0 0.601562 0.687500 0.050000 0.062500
0 0.506250 0.712891 0.050000 0.062500
0 0.548438 0.728516 0.050000 0.062500
0 0.617188 0.746094 0.050000 0.062500
0 0.662500 0.751953 0.050000 0.062500
0 0.601562 0.810547 0.050000 0.062500
0 0.665625 0.822266 0.050000 0.062500
0 0.585938 0.916016 0.050000 0.062500
0 0.603125 0.916016 0.050000 0.062500
0 0.628125 0.931641 0.050000 0.062500
0 0.665625 0.947266 0.050000 0.062500
0 0.750000 0.769531 0.050000 0.062500
0 0.676562 0.214844 0.050000 0.062500
0 0.564063 0.279297 0.050000 0.062500
0 0.460938 0.150391 0.050000 0.062500
0 0.468750 0.099609 0.050000 0.062500
0 0.389062 0.080078 0.050000 0.062500
0 0.292187 0.024414 0.050000 0.048828
0 0.237500 0.097656 0.050000 0.062500
0 0.381250 0.103516 0.050000 0.062500
0 0.289062 0.363281 0.050000 0.062500
0 0.821875 0.333984 0.050000 0.062500
0 0.789062 0.585938 0.050000 0.062500
0 0.746875 0.720703 0.050000 0.062500
