0 0.517188 0.394531 0.050000 0.062500
0 0.504687 0.394531 0.050000 0.062500
0 0.506250 0.421875 0.050000 0.062500
0 0.423438 0.308594 0.050000 0.062500
0 0.382812 0.349609 0.050000 0.062500
0 0.378125 0.404297 0.050000 0.062500
0 0.040625 0.404297 0.050000 0.062500
0 0.018750 0.460938 0.037500 0.062500
0 0.018750 0.480469 0.037500 0.062500
0 0.550000 0.421875 0.050000 0.062500
0 0.310937 0.787109 0.050000 0.062500
0 0.221875 0.919922 0.050000 0.062500
0 0.431250 0.777344 0.050000 0.062500
0 0.509375 0.843750 0.050000 0.062500
0 0.462500 0.919922 0.050000 0.062500
0 0.551562 0.794922 0.050000 0.062500
0 0.620313 0.839844 0.050000 0.062500
0 0.576562 0.886719 0.050000 0.062500
0 0.537500 0.960938 0.050000 0.062500
0 0.596875 0.979492 0.050000 0.041016
0 0.662500 0.943359 0.050000 0.062500
0 0.706250 0.906250 0.050000 0.062500
0 0.687500 0.861328 0.050000 0.062500
0 0.657813 0.652344 0.050000 0.062500
0 0.773438 0.619141 0.050000 0.062500
0 0.732812 0.973633 0.050000 0.052734
0 0.909375 0.802734 0.050000 0.062500
