0 0.443750 0.705078 0.050000 0.062500
0 0.534375 0.691406 0.050000 0.062500
0 0.282813 0.826172 0.050000 0.062500
0 0.548438 0.841797 0.050000 0.062500
0 0.592187 0.785156 0.050000 0.062500
0 0.646875 0.750000 0.050000 0.062500
0 0.548438 0.919922 0.050000 0.062500
0 0.601562 0.873047 0.050000 0.062500
0 0.626563 0.939453 0.050000 0.062500
0 0.629687 0.981445 0.050000 0.037109
0 0.657813 0.941406 0.050000 0.062500
0 0.693750 0.968750 0.050000 0.062500
0 0.657813 0.826172 0.050000 0.062500
0 0.700000 0.777344 0.050000 0.062500
0 0.765625 0.830078 0.050000 0.062500
0 0.734375 0.896484 0.050000 0.062500
0 0.798438 0.853516 0.050000 0.062500
0 0.809375 0.945312 0.050000 0.062500
0 0.893750 0.615234 0.050000 0.062500
0 0.767188 0.615234 0.050000 0.062500
0 0.673438 0.394531 0.050000 0.062500
0 0.656250 0.343750 0.050000 0.062500
0 0.653125 0.365234 0.050000 0.062500
0 0.668750 0.343750 0.050000 0.062500
0 0.576562 0.261719 0.050000 0.062500
0 0.529687 0.238281 0.050000 0.062500
0 0.206250 0.265625 0.050000 0.062500
0 0.171875 0.312500 0.050000 0.062500
