0 0.609375 0.269531 0.050000 0.062500
0 0.570312 0.322266 0.050000 0.062500
0 0.660937 0.240234 0.050000 0.062500
0 0.704688 0.273438 0.050000 0.062500
0 0.551562 0.189453 0.050000 0.062500
0 0.501563 0.210938 0.050000 0.062500
0 0.271875 0.337891 0.050000 0.062500
0 0.225000 0.666016 0.050000 0.062500
0 0.217188 0.650391 0.050000 0.062500
0 0.207813 0.636719 0.050000 0.062500
0 0.198437 0.638672 0.050000 0.062500
0 0.250000 0.701172 0.050000 0.062500
0 0.365625 0.773438 0.050000 0.062500
0 0.617188 0.740234 0.050000 0.062500
0 0.642188 0.728516 0.050000 0.062500
0 0.607812 0.697266 0.050000 0.062500
0 0.573438 0.666016 0.050000 0.062500
0 0.620313 0.597656 0.050000 0.062500
0 0.685937 0.642578 0.050000 0.062500
0 0.703125 0.587891 0.050000 0.062500
0 0.653125 0.544922 0.050000 0.062500
0 0.614062 0.513672 0.050000 0.062500
0 0.570312 0.476562 0.050000 0.062500
0 0.565625 0.404297 0.050000 0.062500
0 0.640625 0.460938 0.050000 0.062500
0 0.629687 0.414062 0.050000 0.062500
0 0.629687 0.371094 0.050000 0.062500
0 0.665625 0.408203 0.050000 0.062500
0 0.704688 0.441406 0.050000 0.062500
0 0.678125 0.498047 0.050000 0.062500
0 0.787500 0.642578 0.050000 0.062500
0 0.789062 0.609375 0.050000 0.062500
0 0.801562 0.591797 0.050000 0.062500
0 0.806250 0.408203 0.050000 0.062500
0 0.743750 0.369141 0.050000 0.062500
0 0.670312 0.316406 0.050000 0.062500
0 0.775000 0.306641 0.050000 0.062500
0 0.809375 0.345703 0.050000 0.062500
0 0.895312 0.121094 0.050000 0.062500
0 0.779687 0.128906 0.050000 0.062500
0 0.042188 0.783203 0.050000 0.062500
