0 0.265625 0.386719 0.050000 0.062500
0 0.279687 0.359375 0.050000 0.062500
0 0.543750 0.310547 0.050000 0.062500
0 0.450000 0.130859 0.050000 0.062500
0 0.432812 0.128906 0.050000 0.062500
0 0.412500 0.152344 0.050000 0.062500
0 0.401562 0.169922 0.050000 0.062500
0 0.453125 0.091797 0.050000 0.062500
0 0.448437 0.054688 0.050000 0.062500
0 0.456250 0.041016 0.050000 0.062500
0 0.212500 0.115234 0.050000 0.062500
0 0.785937 0.615234 0.050000 0.062500
0 0.884375 0.603516 0.050000 0.062500
0 0.818750 0.806641 0.050000 0.062500
0 0.818750 0.859375 0.050000 0.062500
0 0.746875 0.822266 0.050000 0.062500
0 0.782813 0.773438 0.050000 0.062500
0 0.725000 0.722656 0.050000 0.062500
0 0.673438 0.705078 0.050000 0.062500
0 0.629687 0.734375 0.050000 0.062500
0 0.590625 0.785156 0.050000 0.062500
0 0.564063 0.849609 0.050000 0.062500
0 0.595313 0.925781 0.050000 0.062500
0 0.642188 0.849609 0.050000 0.062500
0 0.673438 0.832031 0.050000 0.062500
0 0.654687 0.904297 0.050000 0.062500
0 0.637500 0.949219 0.050000 0.062500
0 0.670312 0.973633 0.050000 0.052734
0 0.695312 0.931641 0.050000 0.062500
0 0.710938 0.892578 0.050000 0.062500
0 0.976562 0.628906 0.046875 0.062500
