0 0.557813 0.609375 0.050000 0.062500
0 0.582812 0.664062 0.050000 0.062500
0 0.620313 0.705078 0.050000 0.062500
0 0.665625 0.722656 0.050000 0.062500
0 0.714063 0.759766 0.050000 0.062500
0 0.690625 0.798828 0.050000 0.062500
0 0.635938 0.767578 0.050000 0.062500
0 0.626563 0.851562 0.050000 0.062500
0 0.656250 0.884766 0.050000 0.062500
0 0.634375 0.902344 0.050000 0.062500
0 0.632812 0.953125 0.050000 0.062500
0 0.590625 0.830078 0.050000 0.062500
0 0.403125 0.919922 0.050000 0.062500
0 0.318750 0.761719 0.050000 0.062500
0 0.304688 0.751953 0.050000 0.062500
0 0.298438 0.724609 0.050000 0.062500
0 0.282813 0.738281 0.050000 0.062500
0 0.184375 0.837891 0.050000 0.062500
0 0.192188 0.857422 0.050000 0.062500
0 0.556250 0.494141 0.050000 0.062500
0 0.582812 0.548828 0.050000 0.062500
0 0.617188 0.507812 0.050000 0.062500
0 0.665625 0.480469 0.050000 0.062500
0 0.668750 0.529297 0.050000 0.062500
0 0.715625 0.509766 0.050000 0.062500
0 0.767188 0.548828 0.050000 0.062500
0 0.796875 0.566406 0.050000 0.062500
0 0.776563 0.609375 0.050000 0.062500
0 0.731250 0.576172 0.050000 0.062500
0 0.706250 0.636719 0.050000 0.062500
0 0.665625 0.582031 0.050000 0.062500
0 0.628125 0.597656 0.050000 0.062500
0 0.648438 0.654297 0.050000 0.062500
0 0.681250 0.673828 0.050000 0.062500
0 0.868750 0.394531 0.050000 0.062500
0 0.789062 0.421875 0.050000 0.062500
0 0.670312 0.248047 0.050000 0.062500
0 0.639062 0.218750 0.050000 0.062500
0 0.606250 0.154297 0.050000 0.062500
0 0.551562 0.119141 0.050000 0.062500
0 0.296875 0.185547 0.050000 0.062500
0 0.279687 0.195312 0.050000 0.062500
