0 0.385937 0.785156 0.050000 0.062500
0 0.348438 0.806641 0.050000 0.062500
0 0.070312 0.712891 0.050000 0.062500
0 0.123438 0.736328 0.050000 0.062500
0 0.162500 0.724609 0.050000 0.062500
0 0.017969 0.658203 0.035937 0.062500
0 0.022656 0.623047 0.045312 0.062500
0 0.139063 0.642578 0.050000 0.062500
0 0.215625 0.378906 0.050000 0.062500
0 0.253125 0.349609 0.050000 0.062500
0 0.107813 0.212891 0.050000 0.062500
0 0.170313 0.201172 0.050000 0.062500
0 0.167187 0.138672 0.050000 0.062500
0 0.137500 0.066406 0.050000 0.062500
0 0.168750 0.062500 0.050000 0.062500
0 0.192188 0.031250 0.050000 0.062500
0 0.145313 0.039062 0.050000 0.062500
0 0.098437 0.087891 0.050000 0.062500
0 0.246875 0.292969 0.050000 0.062500
0 0.228125 0.275391 0.050000 0.062500
0 0.273438 0.283203 0.050000 0.062500
0 0.248438 0.259766 0.050000 0.062500
0 0.290625 0.324219 0.050000 0.062500
0 0.323437 0.369141 0.050000 0.062500
0 0.328125 0.429688 0.050000 0.062500
0 0.373437 0.408203 0.050000 0.062500
0 0.364063 0.373047 0.050000 0.062500
0 0.312500 0.275391 0.050000 0.062500
0 0.343750 0.291016 0.050000 0.062500
0 0.371875 0.328125 0.050000 0.062500
0 0.387500 0.359375 0.050000 0.062500
0 0.553125 0.378906 0.050000 0.062500
0 0.515625 0.365234 0.050000 0.062500
0 0.487500 0.355469 0.050000 0.062500
0 0.462500 0.369141 0.050000 0.062500
0 0.442188 0.339844 0.050000 0.062500
0 0.478125 0.404297 0.050000 0.062500
0 0.506250 0.396484 0.050000 0.062500
0 0.510938 0.423828 0.050000 0.062500
0 0.493750 0.578125 0.050000 0.062500
0 0.501563 0.525391 0.050000 0.062500
0 0.556250 0.500000 0.050000 0.062500
0 0.562500 0.462891 0.050000 0.062500
0 0.590625 0.439453 0.050000 0.062500
0 0.625000 0.453125 0.050000 0.062500
0 0.629687 0.404297 0.050000 0.062500
0 0.660937 0.408203 0.050000 0.062500
0 0.687500 0.384766 0.050000 0.062500
0 0.682813 0.353516 0.050000 0.062500
0 0.689063 0.314453 0.050000 0.062500
0 0.706250 0.255859 0.050000 0.062500
0 0.721875 0.226562 0.050000 0.062500
0 0.729688 0.287109 0.050000 0.062500
0 0.739062 0.376953 0.050000 0.062500
0 0.726562 0.433594 0.050000 0.062500
0 0.759375 0.343750 0.050000 0.062500
0 0.853125 0.429688 0.050000 0.062500
0 0.857812 0.382812 0.050000 0.062500
0 0.860938 0.335938 0.050000 0.062500
0 0.898438 0.337891 0.050000 0.062500
0 0.937500 0.328125 0.050000 0.062500
0 0.921875 0.191406 0.050000 0.062500
0 0.915625 0.113281 0.050000 0.062500
0 0.959375 0.052734 0.050000 0.062500
0 0.979688 0.138672 0.040625 0.062500
0 0.609375 0.656250 0.050000 0.062500
0 0.556250 0.685547 0.050000 0.062500
0 0.484375 0.705078 0.050000 0.062500
0 0.487500 0.765625 0.050000 0.062500
0 0.510938 0.806641 0.050000 0.062500
0 0.546875 0.820312 0.050000 0.062500
0 0.578125 0.812500 0.050000 0.062500
0 0.565625 0.759766 0.050000 0.062500
0 0.698438 0.763672 0.050000 0.062500
0 0.715625 0.734375 0.050000 0.062500
0 0.707812 0.712891 0.050000 0.062500
0 0.710938 0.687500 0.050000 0.062500
0 0.678125 0.824219 0.050000 0.062500
0 0.662500 0.910156 0.050000 0.062500
0 0.590625 0.878906 0.050000 0.062500
0 0.210938 0.220703 0.050000 0.062500
0 0.342187 0.535156 0.050000 0.062500
0 0.403125 0.476562 0.050000 0.062500
0 0.431250 0.466797 0.050000 0.062500
0 0.425000 0.416016 0.050000 0.062500
0 0.406250 0.406250 0.050000 0.062500
0 0.523438 0.460938 0.050000 0.062500
0 0.500000 0.482422 0.050000 0.062500
0 0.593750 0.396484 0.050000 0.062500
0 0.803125 0.427734 0.050000 0.062500
0 0.840625 0.021484 0.050000 0.042969
0 0.823438 0.048828 0.050000 0.062500
0 0.828125 0.089844 0.050000 0.062500
0 0.782813 0.117188 0.050000 0.062500
0 0.800000 0.095703 0.050000 0.062500
0 0.800000 0.023438 0.050000 0.046875
0 0.209375 0.326172 0.050000 0.062500
0 0.182812 0.244141 0.050000 0.062500
0 0.126562 0.126953 0.050000 0.062500
0 0.123438 0.160156 0.050000 0.062500
0 0.139063 0.183594 0.050000 0.062500
0 0.145313 0.105469 0.050000 0.062500
0 0.270313 0.251953 0.050000 0.062500
0 0.667188 0.611328 0.050000 0.062500
0 0.703125 0.570312 0.050000 0.062500
0 0.112500 0.912109 0.050000 0.062500
0 0.134375 0.861328 0.050000 0.062500
0 0.067187 0.783203 0.050000 0.062500
0 0.062500 0.955078 0.050000 0.062500
0 0.070312 0.981445 0.050000 0.037109
0 0.173437 0.024414 0.050000 0.048828
0 0.420312 0.308594 0.050000 0.062500
0 0.412500 0.367188 0.050000 0.062500
0 0.764062 0.267578 0.050000 0.062500
0 0.750000 0.244141 0.050000 0.062500
0 0.751563 0.181641 0.050000 0.062500
0 0.776563 0.205078 0.050000 0.062500
0 0.809375 0.201172 0.050000 0.062500
