0 0.428125 0.509766 0.050000 0.062500
0 0.292187 0.917969 0.050000 0.062500
0 0.281250 0.906250 0.050000 0.062500
0 0.356250 0.958984 0.050000 0.062500
0 0.401562 0.977539 0.050000 0.044922
0 0.412500 0.900391 0.050000 0.062500
0 0.440625 0.867188 0.050000 0.062500
0 0.509375 0.779297 0.050000 0.062500
0 0.557813 0.765625 0.050000 0.062500
0 0.648438 0.488281 0.050000 0.062500
0 0.635938 0.496094 0.050000 0.062500
0 0.635938 0.458984 0.050000 0.062500
0 0.635938 0.390625 0.050000 0.062500
0 0.346875 0.341797 0.050000 0.062500
0 0.346875 0.326172 0.050000 0.062500
0 0.335938 0.308594 0.050000 0.062500
0 0.318750 0.326172 0.050000 0.062500
0 0.329688 0.333984 0.050000 0.062500
0 0.251563 0.400391 0.050000 0.062500
0 0.562500 0.234375 0.050000 0.062500
0 0.571875 0.285156 0.050000 0.062500
0 0.631250 0.244141 0.050000 0.062500
0 0.634375 0.269531 0.050000 0.062500
0 0.735938 0.835938 0.050000 0.062500
0 0.742188 0.814453 0.050000 0.062500
0 0.814063 0.654297 0.050000 0.062500
0 0.681250 0.400391 0.050000 0.062500
0 0.656250 0.333984 0.050000 0.062500
0 0.625000 0.312500 0.050000 0.062500
0 0.675000 0.300781 0.050000 0.062500
0 0.696875 0.263672 0.050000 0.062500
0 0.671875 0.232422 0.050000 0.062500
0 0.623437 0.210938 0.050000 0.062500
0 0.585938 0.189453 0.050000 0.062500
0 0.618750 0.158203 0.050000 0.062500
0 0.662500 0.146484 0.050000 0.062500
0 0.698438 0.154297 0.050000 0.062500
0 0.659375 0.173828 0.050000 0.062500
0 0.748437 0.189453 0.050000 0.062500
0 0.718750 0.212891 0.050000 0.062500
0 0.789062 0.212891 0.050000 0.062500
0 0.768750 0.234375 0.050000 0.062500
0 0.734375 0.275391 0.050000 0.062500
0 0.803125 0.093750 0.050000 0.062500
0 0.850000 0.054688 0.050000 0.062500
0 0.925000 0.066406 0.050000 0.062500
0 0.548438 0.126953 0.050000 0.062500
