0 0.651563 0.826172 0.050000 0.062500
0 0.784375 0.628906 0.050000 0.062500
0 0.221875 0.359375 0.050000 0.062500
0 0.170313 0.390625 0.050000 0.062500
0 0.196875 0.419922 0.050000 0.062500
0 0.134375 0.347656 0.050000 0.062500
0 0.171875 0.306641 0.050000 0.062500
0 0.034375 0.580078 0.050000 0.062500
0 0.315625 0.236328 0.050000 0.062500
0 0.250000 0.269531 0.050000 0.062500
0 0.251563 0.289062 0.050000 0.062500
0 0.798438 0.208984 0.050000 0.062500
0 0.792188 0.031250 0.050000 0.062500
0 0.729688 0.392578 0.050000 0.062500
0 0.712500 0.417969 0.050000 0.062500
0 0.645312 0.458984 0.050000 0.062500
0 0.676562 0.500000 0.050000 0.062500
0 0.620313 0.505859 0.050000 0.062500
0 0.571875 0.451172 0.050000 0.062500
0 0.551562 0.449219 0.050000 0.062500
0 0.587500 0.392578 0.050000 0.062500
0 0.562500 0.371094 0.050000 0.062500
0 0.606250 0.408203 0.050000 0.062500
0 0.553125 0.527344 0.050000 0.062500
0 0.562500 0.599609 0.050000 0.062500
0 0.509375 0.484375 0.050000 0.062500
0 0.512500 0.525391 0.050000 0.062500
0 0.870313 0.333984 0.050000 0.062500
0 0.812500 0.330078 0.050000 0.062500
0 0.698438 0.208984 0.050000 0.062500
