0 0.835938 0.818359 0.050000 0.062500
0 0.835938 0.849609 0.050000 0.062500
0 0.715625 0.794922 0.050000 0.062500
0 0.229687 0.876953 0.050000 0.062500
0 0.578125 0.861328 0.050000 0.062500
0 0.550000 0.830078 0.050000 0.062500
0 0.607812 0.779297 0.050000 0.062500
0 0.595313 0.791016 0.050000 0.062500
0 0.573438 0.875000 0.050000 0.062500
0 0.748437 0.839844 0.050000 0.062500
0 0.731250 0.857422 0.050000 0.062500
0 0.840625 0.937500 0.050000 0.062500
0 0.828125 0.931641 0.050000 0.062500
0 0.815625 0.929688 0.050000 0.062500
0 0.765625 0.970703 0.050000 0.058594
0 0.370312 0.771484 0.050000 0.062500
0 0.367188 0.796875 0.050000 0.062500
