0 0.370312 0.281250 0.050000 0.062500
0 0.390625 0.259766 0.050000 0.062500
0 0.592187 0.457031 0.050000 0.062500
0 0.565625 0.468750 0.050000 0.062500
0 0.517188 0.447266 0.050000 0.062500
0 0.437500 0.414062 0.050000 0.062500
0 0.398438 0.396484 0.050000 0.062500
0 0.385937 0.380859 0.050000 0.062500
0 0.326562 0.375000 0.050000 0.062500
0 0.320312 0.378906 0.050000 0.062500
0 0.314063 0.380859 0.050000 0.062500
0 0.307812 0.371094 0.050000 0.062500
0 0.289062 0.458984 0.050000 0.062500
0 0.267188 0.457031 0.050000 0.062500
0 0.221875 0.892578 0.050000 0.062500
0 0.237500 0.908203 0.050000 0.062500
0 0.254688 0.898438 0.050000 0.062500
0 0.187500 0.845703 0.050000 0.062500
0 0.184375 0.861328 0.050000 0.062500
0 0.393750 0.763672 0.050000 0.062500
0 0.385937 0.785156 0.050000 0.062500
0 0.393750 0.822266 0.050000 0.062500
0 0.407813 0.822266 0.050000 0.062500
0 0.378125 0.906250 0.050000 0.062500
0 0.398438 0.925781 0.050000 0.062500
0 0.407813 0.910156 0.050000 0.062500
0 0.473438 0.789062 0.050000 0.062500
0 0.453125 0.726562 0.050000 0.062500
0 0.445312 0.714844 0.050000 0.062500
0 0.370312 0.562500 0.050000 0.062500
0 0.479687 0.371094 0.050000 0.062500
0 0.417187 0.351562 0.050000 0.062500
0 0.226562 0.484375 0.050000 0.062500
0 0.504687 0.367188 0.050000 0.062500
0 0.501563 0.357422 0.050000 0.062500
0 0.539062 0.330078 0.050000 0.062500
0 0.523438 0.302734 0.050000 0.062500
0 0.560937 0.337891 0.050000 0.062500
0 0.581250 0.289062 0.050000 0.062500
0 0.639062 0.273438 0.050000 0.062500
0 0.671875 0.269531 0.050000 0.062500
0 0.656250 0.275391 0.050000 0.062500
0 0.553125 0.201172 0.050000 0.062500
0 0.531250 0.148438 0.050000 0.062500
0 0.545312 0.148438 0.050000 0.062500
0 0.559375 0.152344 0.050000 0.062500
0 0.567187 0.138672 0.050000 0.062500
0 0.632812 0.097656 0.050000 0.062500
0 0.643750 0.126953 0.050000 0.062500
0 0.632812 0.138672 0.050000 0.062500
0 0.690625 0.093750 0.050000 0.062500
0 0.682813 0.041016 0.050000 0.062500
0 0.673438 0.048828 0.050000 0.062500
0 0.707812 0.078125 0.050000 0.062500
0 0.718750 0.091797 0.050000 0.062500
0 0.781250 0.054688 0.050000 0.062500
0 0.757812 0.148438 0.050000 0.062500
0 0.773438 0.156250 0.050000 0.062500
0 0.854688 0.048828 0.050000 0.062500
0 0.873437 0.044922 0.050000 0.062500
0 0.857812 0.020508 0.050000 0.041016
0 0.782813 0.020508 0.050000 0.041016
0 0.790625 0.255859 0.050000 0.062500
0 0.806250 0.273438 0.050000 0.062500
0 0.818750 0.269531 0.050000 0.062500
0 0.873437 0.259766 0.050000 0.062500
0 0.890625 0.150391 0.050000 0.062500
0 0.865625 0.115234 0.050000 0.062500
0 0.865625 0.099609 0.050000 0.062500
0 0.851562 0.449219 0.050000 0.062500
0 0.837500 0.449219 0.050000 0.062500
0 0.771875 0.546875 0.050000 0.062500
0 0.757812 0.544922 0.050000 0.062500
0 0.671875 0.546875 0.050000 0.062500
0 0.668750 0.519531 0.050000 0.062500
0 0.657813 0.513672 0.050000 0.062500
0 0.667188 0.611328 0.050000 0.062500
0 0.668750 0.623047 0.050000 0.062500
0 0.659375 0.636719 0.050000 0.062500
0 0.648438 0.753906 0.050000 0.062500
0 0.642188 0.800781 0.050000 0.062500
0 0.625000 0.791016 0.050000 0.062500
0 0.609375 0.798828 0.050000 0.062500
0 0.603125 0.785156 0.050000 0.062500
0 0.603125 0.763672 0.050000 0.062500
0 0.595313 0.750000 0.050000 0.062500
0 0.579688 0.814453 0.050000 0.062500
0 0.554688 0.828125 0.050000 0.062500
0 0.759375 0.775391 0.050000 0.062500
0 0.765625 0.765625 0.050000 0.062500
0 0.757812 0.751953 0.050000 0.062500
0 0.851562 0.828125 0.050000 0.062500
0 0.835938 0.958984 0.050000 0.062500
0 0.825000 0.970703 0.050000 0.058594
0 0.651563 0.431641 0.050000 0.062500
0 0.621875 0.421875 0.050000 0.062500
0 0.618750 0.412109 0.050000 0.062500
0 0.606250 0.417969 0.050000 0.062500
0 0.595313 0.390625 0.050000 0.062500
0 0.584375 0.380859 0.050000 0.062500
0 0.598437 0.341797 0.050000 0.062500
0 0.629687 0.330078 0.050000 0.062500
