0 0.334375 0.394531 0.050000 0.062500
0 0.321875 0.384766 0.050000 0.062500
0 0.315625 0.380859 0.050000 0.062500
0 0.304688 0.380859 0.050000 0.062500
0 0.289062 0.378906 0.050000 0.062500
0 0.367188 0.287109 0.050000 0.062500
0 0.407813 0.285156 0.050000 0.062500
0 0.420312 0.292969 0.050000 0.062500
0 0.423438 0.330078 0.050000 0.062500
0 0.381250 0.347656 0.050000 0.062500
0 0.232813 0.468750 0.050000 0.062500
0 0.239063 0.496094 0.050000 0.062500
0 0.398438 0.474609 0.050000 0.062500
0 0.404687 0.697266 0.050000 0.062500
0 0.409375 0.710938 0.050000 0.062500
0 0.439063 0.744141 0.050000 0.062500
0 0.426563 0.757812 0.050000 0.062500
0 0.471875 0.779297 0.050000 0.062500
0 0.407813 0.857422 0.050000 0.062500
0 0.384375 0.857422 0.050000 0.062500
0 0.343750 0.904297 0.050000 0.062500
0 0.329688 0.904297 0.050000 0.062500
0 0.256250 0.876953 0.050000 0.062500
0 0.268750 0.971680 0.050000 0.056641
0 0.385937 0.955078 0.050000 0.062500
0 0.400000 0.969727 0.050000 0.060547
0 0.414062 0.958984 0.050000 0.062500
0 0.585938 0.794922 0.050000 0.062500
0 0.564063 0.800781 0.050000 0.062500
0 0.620313 0.750000 0.050000 0.062500
0 0.648438 0.728516 0.050000 0.062500
0 0.648438 0.746094 0.050000 0.062500
0 0.648438 0.767578 0.050000 0.062500
0 0.650000 0.785156 0.050000 0.062500
0 0.640625 0.796875 0.050000 0.062500
0 0.646875 0.654297 0.050000 0.062500
0 0.651563 0.566406 0.050000 0.062500
0 0.571875 0.449219 0.050000 0.062500
0 0.520312 0.429688 0.050000 0.062500
0 0.475000 0.378906 0.050000 0.062500
0 0.504687 0.330078 0.050000 0.062500
0 0.501563 0.312500 0.050000 0.062500
0 0.515625 0.318359 0.050000 0.062500
0 0.551562 0.322266 0.050000 0.062500
0 0.534375 0.119141 0.050000 0.062500
0 0.543750 0.070312 0.050000 0.062500
0 0.557813 0.068359 0.050000 0.062500
0 0.567187 0.072266 0.050000 0.062500
0 0.576562 0.082031 0.050000 0.062500
0 0.579688 0.074219 0.050000 0.062500
0 0.646875 0.072266 0.050000 0.062500
0 0.631250 0.078125 0.050000 0.062500
0 0.650000 0.109375 0.050000 0.062500
0 0.651563 0.123047 0.050000 0.062500
0 0.642188 0.117188 0.050000 0.062500
0 0.635938 0.333984 0.050000 0.062500
0 0.634375 0.400391 0.050000 0.062500
0 0.623437 0.398438 0.050000 0.062500
0 0.600000 0.435547 0.050000 0.062500
0 0.660937 0.408203 0.050000 0.062500
0 0.681250 0.500000 0.050000 0.062500
0 0.693750 0.300781 0.050000 0.062500
0 0.684375 0.310547 0.050000 0.062500
0 0.662500 0.306641 0.050000 0.062500
0 0.654687 0.326172 0.050000 0.062500
0 0.770312 0.480469 0.050000 0.062500
0 0.839063 0.371094 0.050000 0.062500
0 0.825000 0.210938 0.050000 0.062500
0 0.812500 0.222656 0.050000 0.062500
0 0.800000 0.207031 0.050000 0.062500
0 0.781250 0.103516 0.050000 0.062500
0 0.775000 0.085938 0.050000 0.062500
0 0.793750 0.042969 0.050000 0.062500
0 0.685937 0.041016 0.050000 0.062500
0 0.689063 0.031250 0.050000 0.062500
0 0.703125 0.017578 0.050000 0.035156
0 0.884375 0.041016 0.050000 0.062500
0 0.867188 0.076172 0.050000 0.062500
0 0.873437 0.087891 0.050000 0.062500
0 0.876563 0.181641 0.050000 0.062500
0 0.901563 0.205078 0.050000 0.062500
0 0.870313 0.285156 0.050000 0.062500
0 0.859375 0.371094 0.050000 0.062500
0 0.771875 0.744141 0.050000 0.062500
0 0.771875 0.763672 0.050000 0.062500
0 0.871875 0.875000 0.050000 0.062500
0 0.803125 0.945312 0.050000 0.062500
0 0.889062 0.501953 0.050000 0.062500
