0 0.301563 0.425781 0.050000 0.062500
0 0.289062 0.417969 0.050000 0.062500
0 0.317188 0.537109 0.050000 0.062500
0 0.310937 0.531250 0.050000 0.062500
0 0.301563 0.519531 0.050000 0.062500
0 0.340625 0.458984 0.050000 0.062500
0 0.204687 0.427734 0.050000 0.062500
0 0.226562 0.572266 0.050000 0.062500
0 0.376563 0.542969 0.050000 0.062500
0 0.404687 0.513672 0.050000 0.062500
0 0.354687 0.820312 0.050000 0.062500
0 0.362500 0.839844 0.050000 0.062500
0 0.357812 0.832031 0.050000 0.062500
0 0.467187 0.873047 0.050000 0.062500
0 0.468750 0.857422 0.050000 0.062500
0 0.446875 0.916016 0.050000 0.062500
0 0.557813 0.919922 0.050000 0.062500
0 0.568750 0.914062 0.050000 0.062500
0 0.593750 0.910156 0.050000 0.062500
0 0.660937 0.853516 0.050000 0.062500
0 0.650000 0.902344 0.050000 0.062500
0 0.642188 0.912109 0.050000 0.062500
0 0.689063 0.902344 0.050000 0.062500
0 0.687500 0.892578 0.050000 0.062500
0 0.693750 0.878906 0.050000 0.062500
0 0.706250 0.855469 0.050000 0.062500
0 0.692187 0.839844 0.050000 0.062500
0 0.689063 0.822266 0.050000 0.062500
0 0.689063 0.789062 0.050000 0.062500
0 0.689063 0.773438 0.050000 0.062500
0 0.689063 0.757812 0.050000 0.062500
0 0.676562 0.740234 0.050000 0.062500
0 0.676562 0.722656 0.050000 0.062500
0 0.678125 0.703125 0.050000 0.062500
0 0.676562 0.609375 0.050000 0.062500
0 0.603125 0.554688 0.050000 0.062500
0 0.604688 0.541016 0.050000 0.062500
0 0.571875 0.560547 0.050000 0.062500
0 0.553125 0.501953 0.050000 0.062500
0 0.512500 0.527344 0.050000 0.062500
0 0.426563 0.435547 0.050000 0.062500
0 0.426563 0.337891 0.050000 0.062500
0 0.425000 0.314453 0.050000 0.062500
0 0.404687 0.056641 0.050000 0.062500
0 0.393750 0.050781 0.050000 0.062500
0 0.382812 0.054688 0.050000 0.062500
0 0.373437 0.037109 0.050000 0.062500
0 0.360938 0.037109 0.050000 0.062500
0 0.473438 0.095703 0.050000 0.062500
0 0.532813 0.148438 0.050000 0.062500
0 0.518750 0.033203 0.050000 0.062500
0 0.528125 0.033203 0.050000 0.062500
0 0.548438 0.107422 0.050000 0.062500
0 0.567187 0.103516 0.050000 0.062500
0 0.575000 0.115234 0.050000 0.062500
0 0.584375 0.109375 0.050000 0.062500
0 0.673438 0.091797 0.050000 0.062500
0 0.684375 0.083984 0.050000 0.062500
0 0.668750 0.037109 0.050000 0.062500
0 0.678125 0.033203 0.050000 0.062500
0 0.703125 0.044922 0.050000 0.062500
0 0.725000 0.031250 0.050000 0.062500
0 0.739062 0.041016 0.050000 0.062500
0 0.750000 0.037109 0.050000 0.062500
0 0.781250 0.140625 0.050000 0.062500
0 0.787500 0.156250 0.050000 0.062500
0 0.775000 0.144531 0.050000 0.062500
0 0.868750 0.128906 0.050000 0.062500
0 0.875000 0.160156 0.050000 0.062500
0 0.878125 0.187500 0.050000 0.062500
0 0.903125 0.189453 0.050000 0.062500
0 0.829688 0.189453 0.050000 0.062500
0 0.817187 0.189453 0.050000 0.062500
0 0.875000 0.226562 0.050000 0.062500
0 0.828125 0.261719 0.050000 0.062500
0 0.817187 0.271484 0.050000 0.062500
0 0.804688 0.265625 0.050000 0.062500
0 0.715625 0.404297 0.050000 0.062500
0 0.715625 0.394531 0.050000 0.062500
0 0.696875 0.449219 0.050000 0.062500
0 0.692187 0.458984 0.050000 0.062500
0 0.668750 0.447266 0.050000 0.062500
0 0.639062 0.472656 0.050000 0.062500
0 0.634375 0.498047 0.050000 0.062500
0 0.617188 0.503906 0.050000 0.062500
0 0.609375 0.496094 0.050000 0.062500
0 0.664062 0.519531 0.050000 0.062500
0 0.782813 0.546875 0.050000 0.062500
0 0.778125 0.876953 0.050000 0.062500
0 0.778125 0.871094 0.050000 0.062500
0 0.651563 0.773438 0.050000 0.062500
0 0.656250 0.816406 0.050000 0.062500
0 0.603125 0.726562 0.050000 0.062500
0 0.606250 0.750000 0.050000 0.062500
0 0.628125 0.841797 0.050000 0.062500
0 0.796875 0.979492 0.050000 0.041016
0 0.892188 0.607422 0.050000 0.062500
0 0.921875 0.375000 0.050000 0.062500
0 0.845313 0.423828 0.050000 0.062500
0 0.853125 0.417969 0.050000 0.062500
0 0.876563 0.537109 0.050000 0.062500
