0 0.218750 0.652344 0.050000 0.062500
0 0.235937 0.654297 0.050000 0.062500
0 0.142187 0.595703 0.050000 0.062500
0 0.132812 0.458984 0.050000 0.062500
0 0.251563 0.333984 0.050000 0.062500
0 0.267188 0.341797 0.050000 0.062500
0 0.368750 0.167969 0.050000 0.062500
0 0.359375 0.166016 0.050000 0.062500
0 0.343750 0.167969 0.050000 0.062500
0 0.321875 0.089844 0.050000 0.062500
0 0.306250 0.074219 0.050000 0.062500
0 0.396875 0.220703 0.050000 0.062500
0 0.345313 0.207031 0.050000 0.062500
0 0.329688 0.203125 0.050000 0.062500
0 0.490625 0.195312 0.050000 0.062500
0 0.506250 0.107422 0.050000 0.062500
0 0.256250 0.800781 0.050000 0.062500
0 0.142187 0.851562 0.050000 0.062500
0 0.159375 0.865234 0.050000 0.062500
0 0.457813 0.771484 0.050000 0.062500
0 0.420312 0.929688 0.050000 0.062500
0 0.423438 0.945312 0.050000 0.062500
0 0.429688 0.968750 0.050000 0.062500
0 0.300000 0.978516 0.050000 0.042969
0 0.432812 0.974609 0.050000 0.050781
0 0.504687 0.943359 0.050000 0.062500
0 0.546875 0.976562 0.050000 0.046875
0 0.557813 0.974609 0.050000 0.050781
0 0.520312 0.980469 0.050000 0.039062
0 0.576562 0.964844 0.050000 0.062500
0 0.589063 0.976562 0.050000 0.046875
0 0.632812 0.980469 0.050000 0.039062
0 0.654687 0.980469 0.050000 0.039062
0 0.654687 0.974609 0.050000 0.050781
0 0.681250 0.625000 0.050000 0.062500
0 0.570312 0.615234 0.050000 0.062500
0 0.557813 0.607422 0.050000 0.062500
0 0.546875 0.589844 0.050000 0.062500
0 0.540625 0.576172 0.050000 0.062500
0 0.515625 0.636719 0.050000 0.062500
0 0.485938 0.640625 0.050000 0.062500
0 0.451562 0.712891 0.050000 0.062500
0 0.610938 0.562500 0.050000 0.062500
0 0.598437 0.554688 0.050000 0.062500
0 0.537500 0.445312 0.050000 0.062500
0 0.612500 0.298828 0.050000 0.062500
0 0.600000 0.289062 0.050000 0.062500
0 0.553125 0.068359 0.050000 0.062500
0 0.590625 0.085938 0.050000 0.062500
0 0.771875 0.197266 0.050000 0.062500
0 0.762500 0.175781 0.050000 0.062500
0 0.760938 0.296875 0.050000 0.062500
0 0.779687 0.300781 0.050000 0.062500
0 0.810937 0.285156 0.050000 0.062500
0 0.828125 0.228516 0.050000 0.062500
0 0.775000 0.408203 0.050000 0.062500
0 0.762500 0.431641 0.050000 0.062500
0 0.754687 0.394531 0.050000 0.062500
0 0.746875 0.380859 0.050000 0.062500
0 0.856250 0.673828 0.050000 0.062500
0 0.812500 0.496094 0.050000 0.062500
0 0.864062 0.435547 0.050000 0.062500
0 0.668750 0.024414 0.050000 0.048828
0 0.696875 0.046875 0.050000 0.062500
0 0.706250 0.056641 0.050000 0.062500
0 0.714063 0.037109 0.050000 0.062500
0 0.721875 0.020508 0.050000 0.041016
