0 0.037500 0.312500 0.050000 0.062500
0 0.042188 0.248047 0.050000 0.062500
0 0.032813 0.279297 0.050000 0.062500
0 0.028125 0.357422 0.050000 0.062500
0 0.085938 0.328125 0.050000 0.062500
0 0.059375 0.328125 0.050000 0.062500
0 0.075000 0.275391 0.050000 0.062500
0 0.026562 0.189453 0.050000 0.062500
0 0.031250 0.212891 0.050000 0.062500
0 0.060937 0.201172 0.050000 0.062500
0 0.070312 0.160156 0.050000 0.062500
0 0.059375 0.105469 0.050000 0.062500
0 0.035937 0.152344 0.050000 0.062500
0 0.039062 0.121094 0.050000 0.062500
0 0.028125 0.089844 0.050000 0.062500
0 0.022656 0.052734 0.045312 0.062500
0 0.057813 0.037109 0.050000 0.062500
0 0.059375 0.017578 0.050000 0.035156
0 0.139063 0.333984 0.050000 0.062500
0 0.281250 0.433594 0.050000 0.062500
0 0.317188 0.421875 0.050000 0.062500
0 0.331250 0.457031 0.050000 0.062500
0 0.373437 0.439453 0.050000 0.062500
0 0.434375 0.410156 0.050000 0.062500
0 0.457813 0.388672 0.050000 0.062500
0 0.479687 0.414062 0.050000 0.062500
0 0.534375 0.431641 0.050000 0.062500
0 0.557813 0.402344 0.050000 0.062500
0 0.464062 0.347656 0.050000 0.062500
0 0.435937 0.347656 0.050000 0.062500
0 0.415625 0.375000 0.050000 0.062500
0 0.212500 0.371094 0.050000 0.062500
0 0.204687 0.343750 0.050000 0.062500
0 0.185938 0.486328 0.050000 0.062500
0 0.206250 0.443359 0.050000 0.062500
0 0.243750 0.402344 0.050000 0.062500
0 0.246875 0.347656 0.050000 0.062500
0 0.260937 0.330078 0.050000 0.062500
0 0.275000 0.347656 0.050000 0.062500
0 0.312500 0.369141 0.050000 0.062500
0 0.329688 0.394531 0.050000 0.062500
0 0.364063 0.400391 0.050000 0.062500
0 0.350000 0.375000 0.050000 0.062500
0 0.387500 0.357422 0.050000 0.062500
0 0.584375 0.402344 0.050000 0.062500
0 0.615625 0.605469 0.050000 0.062500
0 0.656250 0.638672 0.050000 0.062500
0 0.610938 0.712891 0.050000 0.062500
0 0.637500 0.750000 0.050000 0.062500
0 0.604688 0.781250 0.050000 0.062500
0 0.570312 0.773438 0.050000 0.062500
0 0.440625 0.802734 0.050000 0.062500
0 0.417187 0.833984 0.050000 0.062500
0 0.337500 0.587891 0.050000 0.062500
0 0.667188 0.691406 0.050000 0.062500
0 0.629687 0.666016 0.050000 0.062500
0 0.673438 0.656250 0.050000 0.062500
0 0.734375 0.630859 0.050000 0.062500
0 0.732812 0.667969 0.050000 0.062500
0 0.734375 0.595703 0.050000 0.062500
0 0.662500 0.541016 0.050000 0.062500
0 0.690625 0.478516 0.050000 0.062500
0 0.720313 0.556641 0.050000 0.062500
0 0.723437 0.740234 0.050000 0.062500
0 0.732812 0.820312 0.050000 0.062500
0 0.678125 0.285156 0.050000 0.062500
0 0.617188 0.240234 0.050000 0.062500
0 0.651563 0.207031 0.050000 0.062500
0 0.584375 0.357422 0.050000 0.062500
0 0.618750 0.283203 0.050000 0.062500
0 0.631250 0.318359 0.050000 0.062500
0 0.796875 0.294922 0.050000 0.062500
0 0.790625 0.250000 0.050000 0.062500
0 0.784375 0.199219 0.050000 0.062500
0 0.823438 0.185547 0.050000 0.062500
0 0.859375 0.024414 0.050000 0.048828
0 0.665625 0.097656 0.050000 0.062500
0 0.759375 0.023438 0.050000 0.046875
0 0.706250 0.250000 0.050000 0.062500
0 0.710938 0.207031 0.050000 0.062500
0 0.657813 0.154297 0.050000 0.062500
0 0.673438 0.179688 0.050000 0.062500
0 0.618750 0.177734 0.050000 0.062500
0 0.632812 0.220703 0.050000 0.062500
0 0.626563 0.146484 0.050000 0.062500
0 0.662500 0.026367 0.050000 0.052734
0 0.707812 0.130859 0.050000 0.062500
0 0.193750 0.394531 0.050000 0.062500
0 0.162500 0.382812 0.050000 0.062500
0 0.182812 0.357422 0.050000 0.062500
0 0.118750 0.369141 0.050000 0.062500
0 0.215625 0.833984 0.050000 0.062500
0 0.182812 0.857422 0.050000 0.062500
0 0.173437 0.767578 0.050000 0.062500
0 0.059375 0.773438 0.050000 0.062500
0 0.051562 0.833984 0.050000 0.062500
0 0.579688 0.658203 0.050000 0.062500
0 0.515625 0.677734 0.050000 0.062500
0 0.845313 0.917969 0.050000 0.062500
0 0.851562 0.160156 0.050000 0.062500
0 0.804688 0.039062 0.050000 0.062500
0 0.150000 0.445312 0.050000 0.062500
0 0.376563 0.503906 0.050000 0.062500
0 0.409375 0.490234 0.050000 0.062500
0 0.473438 0.474609 0.050000 0.062500
0 0.528125 0.468750 0.050000 0.062500
0 0.490625 0.533203 0.050000 0.062500
0 0.542188 0.355469 0.050000 0.062500
0 0.500000 0.355469 0.050000 0.062500
0 0.681250 0.347656 0.050000 0.062500
0 0.715625 0.335938 0.050000 0.062500
0 0.760938 0.314453 0.050000 0.062500
0 0.689063 0.240234 0.050000 0.062500
0 0.290625 0.490234 0.050000 0.062500
0 0.128125 0.859375 0.050000 0.062500
0 0.017969 0.261719 0.035937 0.062500
0 0.534375 0.751953 0.050000 0.062500
