0 0.385937 0.611328 0.050000 0.062500
0 0.375000 0.609375 0.050000 0.062500
0 0.367188 0.599609 0.050000 0.062500
0 0.354687 0.814453 0.050000 0.062500
0 0.301563 0.970703 0.050000 0.058594
0 0.204687 0.914062 0.050000 0.062500
0 0.390625 0.925781 0.050000 0.062500
0 0.539062 0.947266 0.050000 0.062500
0 0.570312 0.906250 0.050000 0.062500
0 0.631250 0.921875 0.050000 0.062500
0 0.625000 0.972656 0.050000 0.054688
0 0.621875 0.980469 0.050000 0.039062
0 0.601562 0.979492 0.050000 0.041016
0 0.590625 0.977539 0.050000 0.044922
0 0.571875 0.960938 0.050000 0.062500
0 0.646875 0.968750 0.050000 0.062500
0 0.665625 0.843750 0.050000 0.062500
0 0.618750 0.917969 0.050000 0.062500
0 0.642188 0.623047 0.050000 0.062500
0 0.626563 0.603516 0.050000 0.062500
0 0.671875 0.615234 0.050000 0.062500
0 0.717187 0.630859 0.050000 0.062500
0 0.739062 0.603516 0.050000 0.062500
0 0.725000 0.701172 0.050000 0.062500
0 0.773438 0.558594 0.050000 0.062500
0 0.765625 0.552734 0.050000 0.062500
0 0.707812 0.558594 0.050000 0.062500
0 0.701562 0.580078 0.050000 0.062500
0 0.807813 0.605469 0.050000 0.062500
0 0.923438 0.541016 0.050000 0.062500
0 0.929688 0.421875 0.050000 0.062500
0 0.973437 0.357422 0.050000 0.062500
0 0.979688 0.316406 0.040625 0.062500
0 0.975000 0.308594 0.050000 0.062500
0 0.960938 0.296875 0.050000 0.062500
0 0.980469 0.207031 0.039062 0.062500
0 0.970313 0.187500 0.050000 0.062500
0 0.840625 0.322266 0.050000 0.062500
0 0.812500 0.306641 0.050000 0.062500
0 0.795312 0.292969 0.050000 0.062500
0 0.814063 0.287109 0.050000 0.062500
0 0.835938 0.052734 0.050000 0.062500
0 0.815625 0.060547 0.050000 0.062500
0 0.801562 0.070312 0.050000 0.062500
0 0.881250 0.080078 0.050000 0.062500
0 0.901563 0.074219 0.050000 0.062500
0 0.918750 0.046875 0.050000 0.062500
0 0.939063 0.074219 0.050000 0.062500
0 0.954688 0.078125 0.050000 0.062500
0 0.921875 0.150391 0.050000 0.062500
0 0.934375 0.171875 0.050000 0.062500
0 0.631250 0.179688 0.050000 0.062500
0 0.632812 0.162109 0.050000 0.062500
0 0.645312 0.121094 0.050000 0.062500
0 0.656250 0.115234 0.050000 0.062500
0 0.617188 0.027344 0.050000 0.054688
0 0.607812 0.026367 0.050000 0.052734
0 0.746875 0.035156 0.050000 0.062500
0 0.517188 0.097656 0.050000 0.062500
0 0.528125 0.093750 0.050000 0.062500
0 0.546875 0.148438 0.050000 0.062500
0 0.559375 0.148438 0.050000 0.062500
0 0.570312 0.150391 0.050000 0.062500
0 0.537500 0.216797 0.050000 0.062500
0 0.520312 0.220703 0.050000 0.062500
0 0.479687 0.226562 0.050000 0.062500
0 0.462500 0.216797 0.050000 0.062500
0 0.584375 0.214844 0.050000 0.062500
0 0.571875 0.212891 0.050000 0.062500
0 0.560937 0.320312 0.050000 0.062500
0 0.553125 0.478516 0.050000 0.062500
0 0.653125 0.425781 0.050000 0.062500
0 0.714063 0.427734 0.050000 0.062500
0 0.303125 0.507812 0.050000 0.062500
0 0.325000 0.359375 0.050000 0.062500
0 0.612500 0.474609 0.050000 0.062500
0 0.593750 0.494141 0.050000 0.062500
0 0.970313 0.822266 0.050000 0.062500
0 0.756250 0.975586 0.050000 0.048828
0 0.700000 0.957031 0.050000 0.062500
0 0.690625 0.953125 0.050000 0.062500
0 0.706250 0.802734 0.050000 0.062500
0 0.706250 0.791016 0.050000 0.062500
0 0.828125 0.865234 0.050000 0.062500
0 0.982031 0.759766 0.035937 0.062500
