0 0.921875 0.195312 0.050000 0.062500
0 0.929688 0.201172 0.050000 0.062500
0 0.965625 0.140625 0.050000 0.062500
0 0.900000 0.050781 0.050000 0.062500
0 0.881250 0.056641 0.050000 0.062500
0 0.890625 0.068359 0.050000 0.062500
0 0.765625 0.074219 0.050000 0.062500
0 0.789062 0.091797 0.050000 0.062500
0 0.695312 0.216797 0.050000 0.062500
0 0.696875 0.193359 0.050000 0.062500
0 0.682813 0.222656 0.050000 0.062500
0 0.675000 0.201172 0.050000 0.062500
0 0.685937 0.177734 0.050000 0.062500
0 0.651563 0.205078 0.050000 0.062500
0 0.607812 0.083984 0.050000 0.062500
0 0.592187 0.085938 0.050000 0.062500
0 0.635938 0.024414 0.050000 0.048828
0 0.434375 0.070312 0.050000 0.062500
0 0.409375 0.208984 0.050000 0.062500
0 0.421875 0.357422 0.050000 0.062500
0 0.434375 0.347656 0.050000 0.062500
0 0.471875 0.539062 0.050000 0.062500
0 0.453125 0.544922 0.050000 0.062500
0 0.446875 0.597656 0.050000 0.062500
0 0.382812 0.597656 0.050000 0.062500
0 0.375000 0.595703 0.050000 0.062500
0 0.360938 0.593750 0.050000 0.062500
0 0.298438 0.578125 0.050000 0.062500
0 0.292187 0.519531 0.050000 0.062500
0 0.289062 0.697266 0.050000 0.062500
0 0.367188 0.677734 0.050000 0.062500
0 0.248438 0.810547 0.050000 0.062500
0 0.239063 0.794922 0.050000 0.062500
0 0.232813 0.919922 0.050000 0.062500
0 0.617188 0.605469 0.050000 0.062500
0 0.626563 0.597656 0.050000 0.062500
0 0.645312 0.585938 0.050000 0.062500
0 0.640625 0.603516 0.050000 0.062500
0 0.706250 0.585938 0.050000 0.062500
0 0.696875 0.603516 0.050000 0.062500
0 0.687500 0.626953 0.050000 0.062500
0 0.673438 0.638672 0.050000 0.062500
0 0.690625 0.667969 0.050000 0.062500
0 0.631250 0.712891 0.050000 0.062500
0 0.509375 0.769531 0.050000 0.062500
0 0.743750 0.546875 0.050000 0.062500
0 0.720313 0.644531 0.050000 0.062500
0 0.734375 0.644531 0.050000 0.062500
0 0.764062 0.656250 0.050000 0.062500
0 0.762500 0.636719 0.050000 0.062500
0 0.778125 0.509766 0.050000 0.062500
0 0.778125 0.496094 0.050000 0.062500
0 0.859375 0.677734 0.050000 0.062500
0 0.829688 0.671875 0.050000 0.062500
0 0.818750 0.689453 0.050000 0.062500
0 0.884375 0.677734 0.050000 0.062500
0 0.837500 0.746094 0.050000 0.062500
0 0.818750 0.861328 0.050000 0.062500
0 0.803125 0.845703 0.050000 0.062500
0 0.959375 0.402344 0.050000 0.062500
0 0.892188 0.255859 0.050000 0.062500
0 0.862500 0.283203 0.050000 0.062500
0 0.846875 0.289062 0.050000 0.062500
0 0.825000 0.337891 0.050000 0.062500
0 0.798438 0.310547 0.050000 0.062500
0 0.784375 0.302734 0.050000 0.062500
0 0.757812 0.330078 0.050000 0.062500
0 0.726562 0.337891 0.050000 0.062500
0 0.795312 0.371094 0.050000 0.062500
0 0.762500 0.355469 0.050000 0.062500
0 0.803125 0.412109 0.050000 0.062500
0 0.814063 0.408203 0.050000 0.062500
0 0.967187 0.242188 0.050000 0.062500
