0 0.545312 0.259766 0.050000 0.062500
0 0.532813 0.257812 0.050000 0.062500
0 0.443750 0.310547 0.050000 0.062500
0 0.442188 0.326172 0.050000 0.062500
0 0.456250 0.445312 0.050000 0.062500
0 0.332813 0.417969 0.050000 0.062500
0 0.404687 0.585938 0.050000 0.062500
0 0.317188 0.769531 0.050000 0.062500
0 0.325000 0.783203 0.050000 0.062500
0 0.315625 0.718750 0.050000 0.062500
0 0.375000 0.736328 0.050000 0.062500
0 0.406250 0.742188 0.050000 0.062500
0 0.176563 0.910156 0.050000 0.062500
0 0.409375 0.808594 0.050000 0.062500
0 0.353125 0.839844 0.050000 0.062500
0 0.234375 0.978516 0.050000 0.042969
0 0.529687 0.626953 0.050000 0.062500
0 0.562500 0.632812 0.050000 0.062500
0 0.707812 0.412109 0.050000 0.062500
0 0.564063 0.324219 0.050000 0.062500
0 0.657813 0.314453 0.050000 0.062500
0 0.665625 0.322266 0.050000 0.062500
0 0.673438 0.302734 0.050000 0.062500
0 0.714063 0.312500 0.050000 0.062500
0 0.721875 0.306641 0.050000 0.062500
0 0.678125 0.115234 0.050000 0.062500
0 0.667188 0.119141 0.050000 0.062500
0 0.685937 0.058594 0.050000 0.062500
0 0.698438 0.105469 0.050000 0.062500
0 0.560937 0.019531 0.050000 0.039062
0 0.479687 0.050781 0.050000 0.062500
0 0.467187 0.050781 0.050000 0.062500
0 0.718750 0.024414 0.050000 0.048828
0 0.707812 0.020508 0.050000 0.041016
0 0.698438 0.035156 0.050000 0.062500
0 0.714063 0.041016 0.050000 0.062500
0 0.742188 0.046875 0.050000 0.062500
0 0.734375 0.103516 0.050000 0.062500
0 0.751563 0.126953 0.050000 0.062500
0 0.765625 0.123047 0.050000 0.062500
0 0.825000 0.019531 0.050000 0.039062
0 0.809375 0.020508 0.050000 0.041016
0 0.754687 0.208984 0.050000 0.062500
0 0.739062 0.253906 0.050000 0.062500
0 0.754687 0.339844 0.050000 0.062500
0 0.743750 0.337891 0.050000 0.062500
0 0.750000 0.386719 0.050000 0.062500
0 0.743750 0.386719 0.050000 0.062500
0 0.703125 0.453125 0.050000 0.062500
0 0.773438 0.351562 0.050000 0.062500
0 0.795312 0.347656 0.050000 0.062500
0 0.768750 0.285156 0.050000 0.062500
0 0.768750 0.296875 0.050000 0.062500
0 0.854688 0.203125 0.050000 0.062500
0 0.846875 0.205078 0.050000 0.062500
0 0.903125 0.171875 0.050000 0.062500
0 0.862500 0.347656 0.050000 0.062500
0 0.856250 0.335938 0.050000 0.062500
0 0.832812 0.367188 0.050000 0.062500
0 0.792188 0.330078 0.050000 0.062500
0 0.893750 0.328125 0.050000 0.062500
0 0.921875 0.500000 0.050000 0.062500
0 0.928125 0.591797 0.050000 0.062500
0 0.912500 0.591797 0.050000 0.062500
0 0.978125 0.662109 0.043750 0.062500
0 0.983594 0.667969 0.032813 0.062500
0 0.517188 0.896484 0.050000 0.062500
0 0.484375 0.898438 0.050000 0.062500
0 0.496875 0.970703 0.050000 0.058594
0 0.567187 0.894531 0.050000 0.062500
0 0.618750 0.969727 0.050000 0.060547
0 0.653125 0.974609 0.050000 0.050781
0 0.528125 0.876953 0.050000 0.062500
0 0.514062 0.851562 0.050000 0.062500
0 0.504687 0.830078 0.050000 0.062500
0 0.528125 0.830078 0.050000 0.062500
