0 0.606250 0.330078 0.050000 0.062500
0 0.595313 0.330078 0.050000 0.062500
0 0.628125 0.265625 0.050000 0.062500
0 0.639062 0.265625 0.050000 0.062500
0 0.617188 0.216797 0.050000 0.062500
0 0.635938 0.175781 0.050000 0.062500
0 0.628125 0.175781 0.050000 0.062500
0 0.618750 0.166016 0.050000 0.062500
0 0.612500 0.148438 0.050000 0.062500
0 0.595313 0.154297 0.050000 0.062500
0 0.587500 0.173828 0.050000 0.062500
0 0.579688 0.169922 0.050000 0.062500
0 0.553125 0.169922 0.050000 0.062500
0 0.539062 0.183594 0.050000 0.062500
0 0.531250 0.189453 0.050000 0.062500
0 0.439063 0.128906 0.050000 0.062500
0 0.428125 0.128906 0.050000 0.062500
0 0.342187 0.052734 0.050000 0.062500
0 0.329688 0.056641 0.050000 0.062500
0 0.317188 0.189453 0.050000 0.062500
0 0.312500 0.207031 0.050000 0.062500
0 0.398438 0.269531 0.050000 0.062500
0 0.342187 0.380859 0.050000 0.062500
0 0.487500 0.312500 0.050000 0.062500
0 0.401562 0.451172 0.050000 0.062500
0 0.332813 0.525391 0.050000 0.062500
0 0.340625 0.576172 0.050000 0.062500
0 0.265625 0.671875 0.050000 0.062500
0 0.237500 0.771484 0.050000 0.062500
0 0.231250 0.748047 0.050000 0.062500
0 0.154688 0.892578 0.050000 0.062500
0 0.287500 0.869141 0.050000 0.062500
0 0.321875 0.785156 0.050000 0.062500
0 0.360938 0.669922 0.050000 0.062500
0 0.446875 0.808594 0.050000 0.062500
0 0.475000 0.886719 0.050000 0.062500
0 0.546875 0.818359 0.050000 0.062500
0 0.493750 0.798828 0.050000 0.062500
0 0.492188 0.781250 0.050000 0.062500
0 0.468750 0.734375 0.050000 0.062500
0 0.450000 0.716797 0.050000 0.062500
0 0.520312 0.761719 0.050000 0.062500
0 0.637500 0.869141 0.050000 0.062500
0 0.642188 0.849609 0.050000 0.062500
0 0.629687 0.847656 0.050000 0.062500
0 0.800000 0.863281 0.050000 0.062500
0 0.807813 0.882812 0.050000 0.062500
0 0.834375 0.812500 0.050000 0.062500
0 0.678125 0.973633 0.050000 0.052734
0 0.918750 0.970703 0.050000 0.058594
0 0.904687 0.966797 0.050000 0.062500
0 0.976562 0.969727 0.046875 0.060547
0 0.851562 0.498047 0.050000 0.062500
0 0.851562 0.455078 0.050000 0.062500
0 0.845313 0.378906 0.050000 0.062500
0 0.684375 0.224609 0.050000 0.062500
0 0.676562 0.234375 0.050000 0.062500
0 0.676562 0.212891 0.050000 0.062500
0 0.650000 0.220703 0.050000 0.062500
0 0.739062 0.205078 0.050000 0.062500
0 0.742188 0.183594 0.050000 0.062500
0 0.760938 0.222656 0.050000 0.062500
0 0.770312 0.087891 0.050000 0.062500
0 0.851562 0.029297 0.050000 0.058594
0 0.690625 0.027344 0.050000 0.054688
0 0.682813 0.024414 0.050000 0.048828
0 0.614062 0.019531 0.050000 0.039062
0 0.606250 0.025391 0.050000 0.050781
0 0.551562 0.019531 0.050000 0.039062
0 0.900000 0.425781 0.050000 0.062500
0 0.885938 0.429688 0.050000 0.062500
0 0.893750 0.351562 0.050000 0.062500
