0 0.546875 0.345703 0.050000 0.062500
0 0.537500 0.312500 0.050000 0.062500
0 0.515625 0.291016 0.050000 0.062500
0 0.518750 0.261719 0.050000 0.062500
0 0.507812 0.261719 0.050000 0.062500
0 0.479687 0.283203 0.050000 0.062500
0 0.464062 0.296875 0.050000 0.062500
0 0.453125 0.298828 0.050000 0.062500
0 0.204687 0.031250 0.050000 0.062500
0 0.190625 0.030273 0.050000 0.060547
0 0.185938 0.107422 0.050000 0.062500
0 0.164062 0.193359 0.050000 0.062500
0 0.231250 0.277344 0.050000 0.062500
0 0.220312 0.287109 0.050000 0.062500
0 0.264062 0.255859 0.050000 0.062500
0 0.273438 0.250000 0.050000 0.062500
0 0.317188 0.064453 0.050000 0.062500
0 0.367188 0.056641 0.050000 0.062500
0 0.387500 0.056641 0.050000 0.062500
0 0.404687 0.097656 0.050000 0.062500
0 0.421875 0.097656 0.050000 0.062500
0 0.428125 0.093750 0.050000 0.062500
0 0.450000 0.089844 0.050000 0.062500
0 0.456250 0.068359 0.050000 0.062500
0 0.470313 0.056641 0.050000 0.062500
0 0.509375 0.062500 0.050000 0.062500
0 0.587500 0.089844 0.050000 0.062500
0 0.575000 0.089844 0.050000 0.062500
0 0.532813 0.126953 0.050000 0.062500
0 0.525000 0.134766 0.050000 0.062500
0 0.521875 0.152344 0.050000 0.062500
0 0.612500 0.101562 0.050000 0.062500
0 0.798438 0.185547 0.050000 0.062500
0 0.785937 0.210938 0.050000 0.062500
0 0.717187 0.246094 0.050000 0.062500
0 0.670312 0.304688 0.050000 0.062500
0 0.676562 0.320312 0.050000 0.062500
0 0.603125 0.349609 0.050000 0.062500
0 0.593750 0.369141 0.050000 0.062500
0 0.585938 0.341797 0.050000 0.062500
0 0.554688 0.390625 0.050000 0.062500
0 0.546875 0.464844 0.050000 0.062500
0 0.526563 0.472656 0.050000 0.062500
0 0.339062 0.603516 0.050000 0.062500
0 0.279687 0.464844 0.050000 0.062500
0 0.256250 0.527344 0.050000 0.062500
0 0.168750 0.541016 0.050000 0.062500
0 0.285938 0.669922 0.050000 0.062500
0 0.265625 0.687500 0.050000 0.062500
0 0.212500 0.843750 0.050000 0.062500
0 0.187500 0.900391 0.050000 0.062500
0 0.132812 0.955078 0.050000 0.062500
0 0.139063 0.971680 0.050000 0.056641
0 0.290625 0.888672 0.050000 0.062500
0 0.306250 0.871094 0.050000 0.062500
0 0.321875 0.875000 0.050000 0.062500
0 0.403125 0.973633 0.050000 0.052734
0 0.442188 0.943359 0.050000 0.062500
0 0.450000 0.964844 0.050000 0.062500
0 0.457813 0.953125 0.050000 0.062500
0 0.646875 0.910156 0.050000 0.062500
0 0.803125 0.921875 0.050000 0.062500
0 0.773438 0.966797 0.050000 0.062500
0 0.800000 0.587891 0.050000 0.062500
0 0.803125 0.601562 0.050000 0.062500
0 0.773438 0.574219 0.050000 0.062500
0 0.807813 0.539062 0.050000 0.062500
0 0.825000 0.494141 0.050000 0.062500
0 0.821875 0.484375 0.050000 0.062500
0 0.734375 0.310547 0.050000 0.062500
0 0.312500 0.025391 0.050000 0.050781
0 0.309375 0.031250 0.050000 0.062500
0 0.296875 0.037109 0.050000 0.062500
0 0.342187 0.078125 0.050000 0.062500
0 0.387500 0.208984 0.050000 0.062500
0 0.478125 0.130859 0.050000 0.062500
0 0.871875 0.546875 0.050000 0.062500
