0 0.192188 0.548828 0.050000 0.062500
0 0.178125 0.550781 0.050000 0.062500
0 0.181250 0.687500 0.050000 0.062500
0 0.232813 0.865234 0.050000 0.062500
0 0.260937 0.785156 0.050000 0.062500
0 0.278125 0.755859 0.050000 0.062500
0 0.312500 0.896484 0.050000 0.062500
0 0.296875 0.900391 0.050000 0.062500
0 0.289062 0.902344 0.050000 0.062500
0 0.339062 0.865234 0.050000 0.062500
0 0.353125 0.839844 0.050000 0.062500
0 0.359375 0.822266 0.050000 0.062500
0 0.376563 0.830078 0.050000 0.062500
0 0.381250 0.791016 0.050000 0.062500
0 0.145313 0.746094 0.050000 0.062500
0 0.453125 0.556641 0.050000 0.062500
0 0.453125 0.542969 0.050000 0.062500
0 0.431250 0.417969 0.050000 0.062500
0 0.409375 0.423828 0.050000 0.062500
0 0.389062 0.408203 0.050000 0.062500
0 0.384375 0.394531 0.050000 0.062500
0 0.401562 0.302734 0.050000 0.062500
0 0.387500 0.298828 0.050000 0.062500
0 0.354687 0.318359 0.050000 0.062500
0 0.353125 0.353516 0.050000 0.062500
0 0.312500 0.355469 0.050000 0.062500
0 0.293750 0.355469 0.050000 0.062500
0 0.317188 0.298828 0.050000 0.062500
0 0.306250 0.244141 0.050000 0.062500
0 0.275000 0.263672 0.050000 0.062500
0 0.254688 0.269531 0.050000 0.062500
0 0.229687 0.263672 0.050000 0.062500
0 0.215625 0.283203 0.050000 0.062500
0 0.226562 0.238281 0.050000 0.062500
0 0.235937 0.214844 0.050000 0.062500
0 0.265625 0.205078 0.050000 0.062500
0 0.278125 0.175781 0.050000 0.062500
0 0.267188 0.175781 0.050000 0.062500
0 0.240625 0.115234 0.050000 0.062500
0 0.221875 0.119141 0.050000 0.062500
0 0.259375 0.085938 0.050000 0.062500
0 0.225000 0.037109 0.050000 0.062500
0 0.192188 0.087891 0.050000 0.062500
0 0.021094 0.074219 0.042188 0.062500
0 0.015625 0.082031 0.031250 0.062500
0 0.082812 0.271484 0.050000 0.062500
0 0.040625 0.271484 0.050000 0.062500
0 0.024219 0.273438 0.048438 0.062500
0 0.019531 0.298828 0.039062 0.062500
0 0.039062 0.351562 0.050000 0.062500
0 0.026562 0.386719 0.050000 0.062500
0 0.150000 0.244141 0.050000 0.062500
0 0.203125 0.189453 0.050000 0.062500
0 0.203125 0.207031 0.050000 0.062500
0 0.354687 0.216797 0.050000 0.062500
0 0.360938 0.236328 0.050000 0.062500
0 0.320312 0.134766 0.050000 0.062500
0 0.320312 0.101562 0.050000 0.062500
0 0.310937 0.107422 0.050000 0.062500
0 0.337500 0.019531 0.050000 0.039062
0 0.500000 0.267578 0.050000 0.062500
0 0.554688 0.205078 0.050000 0.062500
0 0.529687 0.347656 0.050000 0.062500
0 0.542188 0.365234 0.050000 0.062500
0 0.548438 0.396484 0.050000 0.062500
0 0.470313 0.414062 0.050000 0.062500
0 0.673438 0.384766 0.050000 0.062500
0 0.671875 0.306641 0.050000 0.062500
0 0.637500 0.474609 0.050000 0.062500
0 0.673438 0.396484 0.050000 0.062500
0 0.732812 0.556641 0.050000 0.062500
0 0.704688 0.568359 0.050000 0.062500
0 0.792188 0.835938 0.050000 0.062500
0 0.809375 0.855469 0.050000 0.062500
0 0.790625 0.927734 0.050000 0.062500
0 0.787500 0.969727 0.050000 0.060547
0 0.792188 0.962891 0.050000 0.062500
0 0.800000 0.982422 0.050000 0.035156
0 0.840625 0.652344 0.050000 0.062500
0 0.837500 0.816406 0.050000 0.062500
0 0.978125 0.759766 0.043750 0.062500
