0 0.271875 0.337891 0.050000 0.062500
0 0.270313 0.322266 0.050000 0.062500
0 0.159375 0.320312 0.050000 0.062500
0 0.454688 0.841797 0.050000 0.062500
0 0.385937 0.814453 0.050000 0.062500
0 0.434375 0.722656 0.050000 0.062500
0 0.479687 0.677734 0.050000 0.062500
0 0.448437 0.673828 0.050000 0.062500
0 0.531250 0.593750 0.050000 0.062500
0 0.496875 0.580078 0.050000 0.062500
0 0.573438 0.662109 0.050000 0.062500
0 0.614062 0.666016 0.050000 0.062500
0 0.245312 0.890625 0.050000 0.062500
0 0.246875 0.925781 0.050000 0.062500
0 0.106250 0.597656 0.050000 0.062500
0 0.960938 0.941406 0.050000 0.062500
0 0.948438 0.929688 0.050000 0.062500
0 0.576562 0.937500 0.050000 0.062500
0 0.578125 0.876953 0.050000 0.062500
0 0.562500 0.904297 0.050000 0.062500
0 0.523438 0.937500 0.050000 0.062500
0 0.848437 0.738281 0.050000 0.062500
0 0.857812 0.849609 0.050000 0.062500
0 0.868750 0.849609 0.050000 0.062500
0 0.840625 0.878906 0.050000 0.062500
0 0.775000 0.373047 0.050000 0.062500
0 0.618750 0.453125 0.050000 0.062500
0 0.606250 0.457031 0.050000 0.062500
0 0.582812 0.236328 0.050000 0.062500
0 0.609375 0.144531 0.050000 0.062500
0 0.582812 0.087891 0.050000 0.062500
0 0.576562 0.056641 0.050000 0.062500
0 0.565625 0.035156 0.050000 0.062500
0 0.564063 0.220703 0.050000 0.062500
0 0.545312 0.201172 0.050000 0.062500
0 0.484375 0.251953 0.050000 0.062500
0 0.543750 0.275391 0.050000 0.062500
0 0.553125 0.269531 0.050000 0.062500
0 0.595313 0.255859 0.050000 0.062500
0 0.603125 0.253906 0.050000 0.062500
0 0.814063 0.216797 0.050000 0.062500
0 0.910937 0.478516 0.050000 0.062500
