0 0.032813 0.521484 0.050000 0.062500
0 0.014844 0.613281 0.029687 0.062500
0 0.035937 0.570312 0.050000 0.062500
0 0.048438 0.591797 0.050000 0.062500
0 0.078125 0.621094 0.050000 0.062500
0 0.100000 0.632812 0.050000 0.062500
0 0.100000 0.609375 0.050000 0.062500
0 0.126562 0.636719 0.050000 0.062500
0 0.053125 0.718750 0.050000 0.062500
0 0.035937 0.722656 0.050000 0.062500
0 0.035937 0.751953 0.050000 0.062500
0 0.017969 0.714844 0.035937 0.062500
0 0.026562 0.683594 0.050000 0.062500
0 0.271875 0.708984 0.050000 0.062500
0 0.256250 0.718750 0.050000 0.062500
0 0.235937 0.646484 0.050000 0.062500
0 0.203125 0.521484 0.050000 0.062500
0 0.181250 0.492188 0.050000 0.062500
0 0.157812 0.523438 0.050000 0.062500
0 0.159375 0.492188 0.050000 0.062500
0 0.200000 0.412109 0.050000 0.062500
0 0.185938 0.410156 0.050000 0.062500
0 0.245312 0.318359 0.050000 0.062500
0 0.025000 0.355469 0.050000 0.062500
0 0.021875 0.341797 0.043750 0.062500
0 0.498437 0.320312 0.050000 0.062500
0 0.507812 0.308594 0.050000 0.062500
0 0.553125 0.373047 0.050000 0.062500
0 0.579688 0.361328 0.050000 0.062500
0 0.643750 0.457031 0.050000 0.062500
0 0.657813 0.478516 0.050000 0.062500
0 0.640625 0.474609 0.050000 0.062500
0 0.593750 0.449219 0.050000 0.062500
0 0.625000 0.490234 0.050000 0.062500
0 0.759375 0.611328 0.050000 0.062500
0 0.701562 0.683594 0.050000 0.062500
0 0.689063 0.683594 0.050000 0.062500
0 0.685937 0.662109 0.050000 0.062500
0 0.668750 0.664062 0.050000 0.062500
0 0.657813 0.664062 0.050000 0.062500
0 0.668750 0.697266 0.050000 0.062500
0 0.673438 0.845703 0.050000 0.062500
0 0.615625 0.826172 0.050000 0.062500
0 0.598437 0.812500 0.050000 0.062500
0 0.595313 0.964844 0.050000 0.062500
0 0.584375 0.966797 0.050000 0.062500
0 0.546875 0.982422 0.050000 0.035156
0 0.804688 0.896484 0.050000 0.062500
0 0.795312 0.914062 0.050000 0.062500
0 0.762500 0.951172 0.050000 0.062500
0 0.831250 0.673828 0.050000 0.062500
0 0.787500 0.697266 0.050000 0.062500
0 0.781250 0.679688 0.050000 0.062500
0 0.771875 0.230469 0.050000 0.062500
0 0.765625 0.230469 0.050000 0.062500
0 0.795312 0.187500 0.050000 0.062500
0 0.781250 0.156250 0.050000 0.062500
0 0.776563 0.136719 0.050000 0.062500
0 0.696875 0.255859 0.050000 0.062500
0 0.687500 0.294922 0.050000 0.062500
0 0.678125 0.283203 0.050000 0.062500
0 0.714063 0.277344 0.050000 0.062500
0 0.804688 0.947266 0.050000 0.062500
0 0.776563 0.923828 0.050000 0.062500
0 0.792188 0.900391 0.050000 0.062500
