0 0.293750 0.603516 0.050000 0.062500
0 0.314063 0.589844 0.050000 0.062500
0 0.325000 0.589844 0.050000 0.062500
0 0.346875 0.589844 0.050000 0.062500
0 0.326562 0.517578 0.050000 0.062500
0 0.273438 0.535156 0.050000 0.062500
0 0.257812 0.500000 0.050000 0.062500
0 0.237500 0.505859 0.050000 0.062500
0 0.248438 0.523438 0.050000 0.062500
0 0.181250 0.556641 0.050000 0.062500
0 0.181250 0.570312 0.050000 0.062500
0 0.140625 0.595703 0.050000 0.062500
0 0.129688 0.580078 0.050000 0.062500
0 0.037500 0.576172 0.050000 0.062500
0 0.031250 0.453125 0.050000 0.062500
0 0.046875 0.441406 0.050000 0.062500
0 0.109375 0.332031 0.050000 0.062500
0 0.164062 0.361328 0.050000 0.062500
0 0.160938 0.482422 0.050000 0.062500
0 0.171875 0.603516 0.050000 0.062500
0 0.170313 0.628906 0.050000 0.062500
0 0.143750 0.613281 0.050000 0.062500
0 0.209375 0.595703 0.050000 0.062500
0 0.189062 0.595703 0.050000 0.062500
0 0.196875 0.574219 0.050000 0.062500
0 0.192188 0.634766 0.050000 0.062500
0 0.229687 0.623047 0.050000 0.062500
0 0.285938 0.613281 0.050000 0.062500
0 0.298438 0.615234 0.050000 0.062500
0 0.300000 0.652344 0.050000 0.062500
0 0.307812 0.699219 0.050000 0.062500
0 0.267188 0.640625 0.050000 0.062500
0 0.142187 0.708984 0.050000 0.062500
0 0.131250 0.710938 0.050000 0.062500
0 0.115625 0.693359 0.050000 0.062500
0 0.092188 0.662109 0.050000 0.062500
0 0.087500 0.677734 0.050000 0.062500
0 0.114062 0.738281 0.050000 0.062500
0 0.126562 0.738281 0.050000 0.062500
0 0.121875 0.757812 0.050000 0.062500
0 0.129688 0.779297 0.050000 0.062500
0 0.232813 0.837891 0.050000 0.062500
0 0.221875 0.859375 0.050000 0.062500
0 0.207813 0.845703 0.050000 0.062500
0 0.257812 0.871094 0.050000 0.062500
0 0.346875 0.785156 0.050000 0.062500
0 0.354687 0.759766 0.050000 0.062500
0 0.396875 0.775391 0.050000 0.062500
0 0.401562 0.746094 0.050000 0.062500
0 0.589063 0.710938 0.050000 0.062500
0 0.618750 0.789062 0.050000 0.062500
0 0.564063 0.609375 0.050000 0.062500
0 0.387500 0.322266 0.050000 0.062500
0 0.465625 0.416016 0.050000 0.062500
0 0.448437 0.417969 0.050000 0.062500
0 0.462500 0.527344 0.050000 0.062500
0 0.460938 0.542969 0.050000 0.062500
0 0.448437 0.580078 0.050000 0.062500
0 0.443750 0.494141 0.050000 0.062500
0 0.423438 0.537109 0.050000 0.062500
0 0.743750 0.318359 0.050000 0.062500
0 0.725000 0.320312 0.050000 0.062500
0 0.657813 0.341797 0.050000 0.062500
0 0.657813 0.324219 0.050000 0.062500
0 0.971875 0.306641 0.050000 0.062500
0 0.973437 0.328125 0.050000 0.062500
0 0.867188 0.314453 0.050000 0.062500
0 0.854688 0.304688 0.050000 0.062500
0 0.959375 0.275391 0.050000 0.062500
0 0.917188 0.808594 0.050000 0.062500
0 0.900000 0.847656 0.050000 0.062500
0 0.900000 0.876953 0.050000 0.062500
0 0.906250 0.892578 0.050000 0.062500
0 0.971875 0.701172 0.050000 0.062500
0 0.980469 0.693359 0.039062 0.062500
0 0.975000 0.871094 0.050000 0.062500
0 0.023438 0.337891 0.046875 0.062500
0 0.079687 0.281250 0.050000 0.062500
