0 0.367188 0.513672 0.050000 0.062500
0 0.318750 0.533203 0.050000 0.062500
0 0.307812 0.562500 0.050000 0.062500
0 0.307812 0.601562 0.050000 0.062500
0 0.323437 0.609375 0.050000 0.062500
0 0.328125 0.650391 0.050000 0.062500
0 0.251563 0.578125 0.050000 0.062500
0 0.231250 0.576172 0.050000 0.062500
0 0.228125 0.554688 0.050000 0.062500
0 0.210938 0.548828 0.050000 0.062500
0 0.184375 0.558594 0.050000 0.062500
0 0.214062 0.474609 0.050000 0.062500
0 0.140625 0.570312 0.050000 0.062500
0 0.129688 0.558594 0.050000 0.062500
0 0.095312 0.431641 0.050000 0.062500
0 0.078125 0.437500 0.050000 0.062500
0 0.070312 0.455078 0.050000 0.062500
0 0.098437 0.343750 0.050000 0.062500
0 0.104688 0.320312 0.050000 0.062500
0 0.114062 0.320312 0.050000 0.062500
0 0.129688 0.283203 0.050000 0.062500
0 0.078125 0.576172 0.050000 0.062500
0 0.129688 0.671875 0.050000 0.062500
0 0.140625 0.644531 0.050000 0.062500
0 0.215625 0.607422 0.050000 0.062500
0 0.217188 0.638672 0.050000 0.062500
0 0.273438 0.619141 0.050000 0.062500
0 0.281250 0.640625 0.050000 0.062500
0 0.240625 0.640625 0.050000 0.062500
0 0.193750 0.707031 0.050000 0.062500
0 0.178125 0.710938 0.050000 0.062500
0 0.178125 0.679688 0.050000 0.062500
0 0.135937 0.724609 0.050000 0.062500
0 0.118750 0.738281 0.050000 0.062500
0 0.132812 0.759766 0.050000 0.062500
0 0.248438 0.830078 0.050000 0.062500
0 0.264062 0.847656 0.050000 0.062500
0 0.284375 0.835938 0.050000 0.062500
0 0.309375 0.882812 0.050000 0.062500
0 0.429688 0.794922 0.050000 0.062500
0 0.434375 0.775391 0.050000 0.062500
0 0.489063 0.773438 0.050000 0.062500
0 0.496875 0.771484 0.050000 0.062500
0 0.487500 0.751953 0.050000 0.062500
0 0.493750 0.746094 0.050000 0.062500
0 0.445312 0.677734 0.050000 0.062500
0 0.376563 0.585938 0.050000 0.062500
0 0.360938 0.585938 0.050000 0.062500
0 0.307812 0.636719 0.050000 0.062500
0 0.350000 0.630859 0.050000 0.062500
0 0.504687 0.552734 0.050000 0.062500
0 0.514062 0.503906 0.050000 0.062500
0 0.507812 0.531250 0.050000 0.062500
0 0.475000 0.529297 0.050000 0.062500
0 0.487500 0.492188 0.050000 0.062500
0 0.520312 0.414062 0.050000 0.062500
0 0.501563 0.414062 0.050000 0.062500
0 0.376563 0.330078 0.050000 0.062500
0 0.178125 0.363281 0.050000 0.062500
0 0.173437 0.347656 0.050000 0.062500
0 0.121875 0.259766 0.050000 0.062500
0 0.396875 0.390625 0.050000 0.062500
0 0.426563 0.439453 0.050000 0.062500
0 0.418750 0.447266 0.050000 0.062500
0 0.382812 0.519531 0.050000 0.062500
0 0.642188 0.349609 0.050000 0.062500
0 0.643750 0.333984 0.050000 0.062500
0 0.687500 0.328125 0.050000 0.062500
0 0.785937 0.357422 0.050000 0.062500
0 0.857812 0.324219 0.050000 0.062500
0 0.846875 0.304688 0.050000 0.062500
0 0.903125 0.376953 0.050000 0.062500
0 0.954688 0.890625 0.050000 0.062500
0 0.957812 0.849609 0.050000 0.062500
0 0.923438 0.820312 0.050000 0.062500
0 0.707812 0.833984 0.050000 0.062500
0 0.693750 0.835938 0.050000 0.062500
0 0.671875 0.740234 0.050000 0.062500
0 0.668750 0.730469 0.050000 0.062500
0 0.612500 0.611328 0.050000 0.062500
0 0.382812 0.843750 0.050000 0.062500
