0 0.095312 0.421875 0.050000 0.062500
0 0.062500 0.390625 0.050000 0.062500
0 0.062500 0.363281 0.050000 0.062500
0 0.210938 0.449219 0.050000 0.062500
0 0.196875 0.460938 0.050000 0.062500
0 0.189062 0.449219 0.050000 0.062500
0 0.137500 0.519531 0.050000 0.062500
0 0.135937 0.550781 0.050000 0.062500
0 0.085938 0.476562 0.050000 0.062500
0 0.396875 0.728516 0.050000 0.062500
0 0.389062 0.744141 0.050000 0.062500
0 0.385937 0.777344 0.050000 0.062500
0 0.403125 0.640625 0.050000 0.062500
0 0.403125 0.625000 0.050000 0.062500
0 0.337500 0.580078 0.050000 0.062500
0 0.340625 0.566406 0.050000 0.062500
0 0.326562 0.562500 0.050000 0.062500
0 0.440625 0.519531 0.050000 0.062500
0 0.467187 0.503906 0.050000 0.062500
0 0.451562 0.490234 0.050000 0.062500
0 0.353125 0.398438 0.050000 0.062500
0 0.390625 0.376953 0.050000 0.062500
0 0.400000 0.347656 0.050000 0.062500
0 0.500000 0.318359 0.050000 0.062500
0 0.501563 0.337891 0.050000 0.062500
0 0.575000 0.410156 0.050000 0.062500
0 0.562500 0.421875 0.050000 0.062500
0 0.546875 0.416016 0.050000 0.062500
0 0.568750 0.419922 0.050000 0.062500
0 0.854688 0.400391 0.050000 0.062500
0 0.714063 0.554688 0.050000 0.062500
0 0.703125 0.572266 0.050000 0.062500
0 0.693750 0.572266 0.050000 0.062500
0 0.651563 0.613281 0.050000 0.062500
0 0.662500 0.636719 0.050000 0.062500
0 0.639062 0.632812 0.050000 0.062500
0 0.634375 0.619141 0.050000 0.062500
0 0.612500 0.615234 0.050000 0.062500
0 0.604688 0.623047 0.050000 0.062500
0 0.609375 0.539062 0.050000 0.062500
0 0.581250 0.595703 0.050000 0.062500
0 0.617188 0.480469 0.050000 0.062500
0 0.690625 0.556641 0.050000 0.062500
0 0.725000 0.593750 0.050000 0.062500
0 0.676562 0.650391 0.050000 0.062500
0 0.659375 0.673828 0.050000 0.062500
0 0.625000 0.673828 0.050000 0.062500
0 0.631250 0.695312 0.050000 0.062500
0 0.609375 0.746094 0.050000 0.062500
0 0.612500 0.769531 0.050000 0.062500
0 0.593750 0.755859 0.050000 0.062500
0 0.571875 0.767578 0.050000 0.062500
0 0.571875 0.734375 0.050000 0.062500
0 0.534375 0.755859 0.050000 0.062500
0 0.523438 0.763672 0.050000 0.062500
0 0.509375 0.763672 0.050000 0.062500
0 0.639062 0.761719 0.050000 0.062500
0 0.682813 0.761719 0.050000 0.062500
0 0.690625 0.718750 0.050000 0.062500
0 0.704688 0.705078 0.050000 0.062500
0 0.723437 0.701172 0.050000 0.062500
0 0.715625 0.681641 0.050000 0.062500
0 0.714063 0.626953 0.050000 0.062500
0 0.771875 0.654297 0.050000 0.062500
0 0.781250 0.658203 0.050000 0.062500
0 0.743750 0.675781 0.050000 0.062500
0 0.751563 0.703125 0.050000 0.062500
0 0.770312 0.761719 0.050000 0.062500
0 0.704688 0.910156 0.050000 0.062500
0 0.690625 0.906250 0.050000 0.062500
0 0.959375 0.910156 0.050000 0.062500
0 0.970313 0.882812 0.050000 0.062500
0 0.742188 0.949219 0.050000 0.062500
0 0.921875 0.623047 0.050000 0.062500
0 0.921875 0.599609 0.050000 0.062500
0 0.923438 0.570312 0.050000 0.062500
0 0.917188 0.476562 0.050000 0.062500
0 0.881250 0.601562 0.050000 0.062500
0 0.834375 0.496094 0.050000 0.062500
0 0.889062 0.261719 0.050000 0.062500
0 0.785937 0.578125 0.050000 0.062500
