0 0.326562 0.664062 0.050000 0.062500
0 0.315625 0.703125 0.050000 0.062500
0 0.356250 0.613281 0.050000 0.062500
0 0.348438 0.599609 0.050000 0.062500
0 0.353125 0.542969 0.050000 0.062500
0 0.371875 0.533203 0.050000 0.062500
0 0.415625 0.486328 0.050000 0.062500
0 0.425000 0.455078 0.050000 0.062500
0 0.307812 0.380859 0.050000 0.062500
0 0.326562 0.345703 0.050000 0.062500
0 0.315625 0.337891 0.050000 0.062500
0 0.232813 0.371094 0.050000 0.062500
0 0.223438 0.417969 0.050000 0.062500
0 0.232813 0.449219 0.050000 0.062500
0 0.207813 0.466797 0.050000 0.062500
0 0.092188 0.539062 0.050000 0.062500
0 0.078125 0.494141 0.050000 0.062500
0 0.050000 0.357422 0.050000 0.062500
0 0.035937 0.337891 0.050000 0.062500
0 0.059375 0.626953 0.050000 0.062500
0 0.517188 0.369141 0.050000 0.062500
0 0.517188 0.347656 0.050000 0.062500
0 0.525000 0.332031 0.050000 0.062500
0 0.470313 0.300781 0.050000 0.062500
0 0.665625 0.398438 0.050000 0.062500
0 0.593750 0.392578 0.050000 0.062500
0 0.581250 0.396484 0.050000 0.062500
0 0.776563 0.361328 0.050000 0.062500
0 0.765625 0.371094 0.050000 0.062500
0 0.765625 0.386719 0.050000 0.062500
0 0.742188 0.537109 0.050000 0.062500
0 0.725000 0.533203 0.050000 0.062500
0 0.732812 0.548828 0.050000 0.062500
0 0.720313 0.548828 0.050000 0.062500
0 0.639062 0.519531 0.050000 0.062500
0 0.659375 0.576172 0.050000 0.062500
0 0.659375 0.593750 0.050000 0.062500
0 0.642188 0.589844 0.050000 0.062500
0 0.590625 0.611328 0.050000 0.062500
0 0.573438 0.707031 0.050000 0.062500
0 0.573438 0.761719 0.050000 0.062500
0 0.628125 0.742188 0.050000 0.062500
0 0.634375 0.714844 0.050000 0.062500
0 0.646875 0.779297 0.050000 0.062500
0 0.675000 0.730469 0.050000 0.062500
0 0.709375 0.726562 0.050000 0.062500
0 0.725000 0.746094 0.050000 0.062500
0 0.735938 0.744141 0.050000 0.062500
0 0.746875 0.677734 0.050000 0.062500
0 0.754687 0.669922 0.050000 0.062500
0 0.765625 0.660156 0.050000 0.062500
0 0.710938 0.658203 0.050000 0.062500
0 0.685937 0.646484 0.050000 0.062500
0 0.654687 0.650391 0.050000 0.062500
0 0.659375 0.677734 0.050000 0.062500
0 0.690625 0.615234 0.050000 0.062500
0 0.668750 0.613281 0.050000 0.062500
0 0.765625 0.585938 0.050000 0.062500
0 0.735938 0.603516 0.050000 0.062500
0 0.810937 0.562500 0.050000 0.062500
0 0.859375 0.480469 0.050000 0.062500
0 0.926562 0.464844 0.050000 0.062500
0 0.948438 0.457031 0.050000 0.062500
0 0.953125 0.552734 0.050000 0.062500
0 0.946875 0.568359 0.050000 0.062500
0 0.950000 0.587891 0.050000 0.062500
0 0.945312 0.595703 0.050000 0.062500
0 0.914062 0.580078 0.050000 0.062500
0 0.821875 0.654297 0.050000 0.062500
0 0.801562 0.742188 0.050000 0.062500
0 0.814063 0.642578 0.050000 0.062500
0 0.804688 0.632812 0.050000 0.062500
0 0.779687 0.929688 0.050000 0.062500
0 0.732812 0.886719 0.050000 0.062500
0 0.982031 0.347656 0.035937 0.062500
0 0.980469 0.330078 0.039062 0.062500
0 0.915625 0.255859 0.050000 0.062500
