0 0.403125 0.892578 0.050000 0.062500
0 0.426563 0.943359 0.050000 0.062500
0 0.392188 0.953125 0.050000 0.062500
0 0.296875 0.941406 0.050000 0.062500
0 0.346875 0.908203 0.050000 0.062500
0 0.328125 0.869141 0.050000 0.062500
0 0.289062 0.892578 0.050000 0.062500
0 0.257812 0.800781 0.050000 0.062500
0 0.284375 0.798828 0.050000 0.062500
0 0.251563 0.857422 0.050000 0.062500
0 0.232813 0.818359 0.050000 0.062500
0 0.203125 0.849609 0.050000 0.062500
0 0.221875 0.894531 0.050000 0.062500
0 0.325000 0.812500 0.050000 0.062500
0 0.681250 0.726562 0.050000 0.062500
0 0.623437 0.718750 0.050000 0.062500
0 0.623437 0.787109 0.050000 0.062500
0 0.590625 0.791016 0.050000 0.062500
0 0.682813 0.781250 0.050000 0.062500
0 0.548438 0.800781 0.050000 0.062500
0 0.590625 0.851562 0.050000 0.062500
0 0.562500 0.845703 0.050000 0.062500
0 0.740625 0.244141 0.050000 0.062500
0 0.715625 0.214844 0.050000 0.062500
0 0.743750 0.191406 0.050000 0.062500
0 0.739062 0.109375 0.050000 0.062500
0 0.723437 0.146484 0.050000 0.062500
0 0.684375 0.191406 0.050000 0.062500
0 0.700000 0.138672 0.050000 0.062500
0 0.670312 0.240234 0.050000 0.062500
0 0.709375 0.306641 0.050000 0.062500
0 0.737500 0.373047 0.050000 0.062500
0 0.815625 0.328125 0.050000 0.062500
0 0.785937 0.642578 0.050000 0.062500
0 0.795312 0.693359 0.050000 0.062500
0 0.803125 0.738281 0.050000 0.062500
0 0.823438 0.628906 0.050000 0.062500
0 0.851562 0.597656 0.050000 0.062500
0 0.671875 0.619141 0.050000 0.062500
0 0.689063 0.683594 0.050000 0.062500
0 0.618750 0.683594 0.050000 0.062500
0 0.631250 0.656250 0.050000 0.062500
0 0.470313 0.791016 0.050000 0.062500
0 0.507812 0.796875 0.050000 0.062500
0 0.446875 0.851562 0.050000 0.062500
0 0.423438 0.822266 0.050000 0.062500
0 0.484375 0.861328 0.050000 0.062500
0 0.682813 0.347656 0.050000 0.062500
0 0.637500 0.355469 0.050000 0.062500
0 0.621875 0.277344 0.050000 0.062500
0 0.646875 0.281250 0.050000 0.062500
0 0.909375 0.078125 0.050000 0.062500
0 0.856250 0.030273 0.050000 0.060547
0 0.848437 0.253906 0.050000 0.062500
0 0.875000 0.230469 0.050000 0.062500
0 0.651563 0.458984 0.050000 0.062500
0 0.690625 0.419922 0.050000 0.062500
0 0.101562 0.779297 0.050000 0.062500
0 0.148438 0.787109 0.050000 0.062500
0 0.184375 0.781250 0.050000 0.062500
0 0.198437 0.812500 0.050000 0.062500
0 0.215625 0.796875 0.050000 0.062500
0 0.703125 0.906250 0.050000 0.062500
0 0.021875 0.257812 0.043750 0.062500
0 0.037500 0.291016 0.050000 0.062500
0 0.039062 0.341797 0.050000 0.062500
0 0.051562 0.396484 0.050000 0.062500
0 0.057813 0.441406 0.050000 0.062500
0 0.062500 0.476562 0.050000 0.062500
0 0.062500 0.562500 0.050000 0.062500
0 0.059375 0.611328 0.050000 0.062500
0 0.085938 0.726562 0.050000 0.062500
0 0.075000 0.660156 0.050000 0.062500
0 0.068750 0.794922 0.050000 0.062500
0 0.048438 0.779297 0.050000 0.062500
0 0.048438 0.738281 0.050000 0.062500
0 0.059375 0.708984 0.050000 0.062500
0 0.046875 0.683594 0.050000 0.062500
0 0.039062 0.652344 0.050000 0.062500
0 0.021875 0.625000 0.043750 0.062500
0 0.020313 0.580078 0.040625 0.062500
0 0.022656 0.488281 0.045312 0.062500
0 0.025000 0.521484 0.050000 0.062500
0 0.020313 0.431641 0.040625 0.062500
0 0.023438 0.402344 0.046875 0.062500
0 0.656250 0.140625 0.050000 0.062500
0 0.820312 0.022461 0.050000 0.044922
0 0.753125 0.085938 0.050000 0.062500
0 0.770312 0.039062 0.050000 0.062500
0 0.662500 0.044922 0.050000 0.062500
0 0.692187 0.021484 0.050000 0.042969
0 0.720313 0.020508 0.050000 0.041016
0 0.746875 0.052734 0.050000 0.062500
0 0.651563 0.318359 0.050000 0.062500
0 0.673438 0.289062 0.050000 0.062500
0 0.693750 0.277344 0.050000 0.062500
0 0.034375 0.837891 0.050000 0.062500
0 0.021094 0.716797 0.042188 0.062500
0 0.509375 0.962891 0.050000 0.062500
0 0.485938 0.919922 0.050000 0.062500
0 0.543750 0.878906 0.050000 0.062500
0 0.503125 0.886719 0.050000 0.062500
0 0.071875 0.025391 0.050000 0.050781
0 0.050000 0.021484 0.050000 0.042969
0 0.360938 0.025391 0.050000 0.050781
0 0.618750 0.611328 0.050000 0.062500
0 0.625000 0.580078 0.050000 0.062500
0 0.635938 0.759766 0.050000 0.062500
0 0.784375 0.197266 0.050000 0.062500
0 0.778125 0.160156 0.050000 0.062500
0 0.781250 0.105469 0.050000 0.062500
0 0.785937 0.066406 0.050000 0.062500
0 0.645312 0.550781 0.050000 0.062500
0 0.667188 0.539062 0.050000 0.062500
0 0.671875 0.964844 0.050000 0.062500
0 0.732812 0.972656 0.050000 0.054688
0 0.739062 0.414062 0.050000 0.062500
0 0.698438 0.552734 0.050000 0.062500
0 0.704688 0.576172 0.050000 0.062500
0 0.712500 0.642578 0.050000 0.062500
0 0.660937 0.593750 0.050000 0.062500
0 0.475000 0.835938 0.050000 0.062500
0 0.520312 0.853516 0.050000 0.062500
0 0.450000 0.804688 0.050000 0.062500
0 0.396875 0.802734 0.050000 0.062500
0 0.367188 0.787109 0.050000 0.062500
0 0.378125 0.857422 0.050000 0.062500
0 0.373437 0.888672 0.050000 0.062500
0 0.175000 0.843750 0.050000 0.062500
0 0.132812 0.820312 0.050000 0.062500
0 0.100000 0.804688 0.050000 0.062500
0 0.035937 0.457031 0.050000 0.062500
0 0.018750 0.333984 0.037500 0.062500
0 0.050000 0.234375 0.050000 0.062500
0 0.059375 0.058594 0.050000 0.062500
0 0.056250 0.152344 0.050000 0.062500
0 0.045312 0.132812 0.050000 0.062500
0 0.648438 0.080078 0.050000 0.062500
0 0.635938 0.183594 0.050000 0.062500
0 0.642188 0.226562 0.050000 0.062500
0 0.053125 0.187500 0.050000 0.062500
