0 0.292187 0.328125 0.050000 0.062500
0 0.271875 0.369141 0.050000 0.062500
0 0.232813 0.455078 0.050000 0.062500
0 0.181250 0.488281 0.050000 0.062500
0 0.181250 0.470703 0.050000 0.062500
0 0.173437 0.505859 0.050000 0.062500
0 0.173437 0.546875 0.050000 0.062500
0 0.100000 0.550781 0.050000 0.062500
0 0.081250 0.562500 0.050000 0.062500
0 0.070312 0.587891 0.050000 0.062500
0 0.064062 0.605469 0.050000 0.062500
0 0.039062 0.417969 0.050000 0.062500
0 0.025000 0.402344 0.050000 0.062500
0 0.043750 0.359375 0.050000 0.062500
0 0.015625 0.705078 0.031250 0.062500
0 0.014063 0.677734 0.028125 0.062500
0 0.307812 0.580078 0.050000 0.062500
0 0.314063 0.556641 0.050000 0.062500
0 0.300000 0.562500 0.050000 0.062500
0 0.454688 0.644531 0.050000 0.062500
0 0.351562 0.732422 0.050000 0.062500
0 0.342187 0.722656 0.050000 0.062500
0 0.365625 0.810547 0.050000 0.062500
0 0.501563 0.767578 0.050000 0.062500
0 0.495312 0.751953 0.050000 0.062500
0 0.490625 0.728516 0.050000 0.062500
0 0.487500 0.765625 0.050000 0.062500
0 0.520312 0.748047 0.050000 0.062500
0 0.507812 0.785156 0.050000 0.062500
0 0.600000 0.785156 0.050000 0.062500
0 0.670312 0.796875 0.050000 0.062500
0 0.660937 0.773438 0.050000 0.062500
0 0.662500 0.748047 0.050000 0.062500
0 0.615625 0.714844 0.050000 0.062500
0 0.625000 0.697266 0.050000 0.062500
0 0.621875 0.689453 0.050000 0.062500
0 0.631250 0.673828 0.050000 0.062500
0 0.632812 0.644531 0.050000 0.062500
0 0.609375 0.644531 0.050000 0.062500
0 0.603125 0.617188 0.050000 0.062500
0 0.600000 0.603516 0.050000 0.062500
0 0.592187 0.593750 0.050000 0.062500
0 0.579688 0.578125 0.050000 0.062500
0 0.582812 0.541016 0.050000 0.062500
0 0.579688 0.626953 0.050000 0.062500
0 0.590625 0.644531 0.050000 0.062500
0 0.496875 0.636719 0.050000 0.062500
0 0.487500 0.628906 0.050000 0.062500
0 0.526563 0.416016 0.050000 0.062500
0 0.510938 0.394531 0.050000 0.062500
0 0.429688 0.423828 0.050000 0.062500
0 0.426563 0.402344 0.050000 0.062500
0 0.434375 0.529297 0.050000 0.062500
0 0.371875 0.548828 0.050000 0.062500
0 0.662500 0.380859 0.050000 0.062500
0 0.654687 0.398438 0.050000 0.062500
0 0.667188 0.400391 0.050000 0.062500
0 0.650000 0.357422 0.050000 0.062500
0 0.657813 0.343750 0.050000 0.062500
0 0.900000 0.390625 0.050000 0.062500
0 0.892188 0.398438 0.050000 0.062500
0 0.882812 0.427734 0.050000 0.062500
0 0.875000 0.466797 0.050000 0.062500
0 0.892188 0.484375 0.050000 0.062500
0 0.806250 0.507812 0.050000 0.062500
0 0.739062 0.503906 0.050000 0.062500
0 0.751563 0.580078 0.050000 0.062500
0 0.867188 0.546875 0.050000 0.062500
0 0.898438 0.574219 0.050000 0.062500
0 0.900000 0.611328 0.050000 0.062500
0 0.895312 0.630859 0.050000 0.062500
0 0.884375 0.640625 0.050000 0.062500
0 0.804688 0.839844 0.050000 0.062500
0 0.779687 0.833984 0.050000 0.062500
0 0.743750 0.904297 0.050000 0.062500
0 0.721875 0.927734 0.050000 0.062500
0 0.731250 0.939453 0.050000 0.062500
0 0.728125 0.953125 0.050000 0.062500
0 0.748437 0.750000 0.050000 0.062500
0 0.709375 0.697266 0.050000 0.062500
0 0.692187 0.703125 0.050000 0.062500
0 0.706250 0.623047 0.050000 0.062500
0 0.814063 0.335938 0.050000 0.062500
0 0.785937 0.408203 0.050000 0.062500
0 0.729688 0.500000 0.050000 0.062500
0 0.875000 0.484375 0.050000 0.062500
