0 0.114062 0.658203 0.050000 0.062500
0 0.081250 0.632812 0.050000 0.062500
0 0.112500 0.687500 0.050000 0.062500
0 0.112500 0.720703 0.050000 0.062500
0 0.129688 0.710938 0.050000 0.062500
0 0.123438 0.707031 0.050000 0.062500
0 0.118750 0.751953 0.050000 0.062500
0 0.175000 0.656250 0.050000 0.062500
0 0.157812 0.554688 0.050000 0.062500
0 0.109375 0.527344 0.050000 0.062500
0 0.087500 0.585938 0.050000 0.062500
0 0.175000 0.384766 0.050000 0.062500
0 0.042188 0.335938 0.050000 0.062500
0 0.275000 0.367188 0.050000 0.062500
0 0.253125 0.404297 0.050000 0.062500
0 0.221875 0.476562 0.050000 0.062500
0 0.209375 0.462891 0.050000 0.062500
0 0.212500 0.503906 0.050000 0.062500
0 0.206250 0.535156 0.050000 0.062500
0 0.200000 0.554688 0.050000 0.062500
0 0.221875 0.546875 0.050000 0.062500
0 0.232813 0.556641 0.050000 0.062500
0 0.232813 0.576172 0.050000 0.062500
0 0.207813 0.574219 0.050000 0.062500
0 0.220312 0.591797 0.050000 0.062500
0 0.237500 0.595703 0.050000 0.062500
0 0.253125 0.599609 0.050000 0.062500
0 0.251563 0.621094 0.050000 0.062500
0 0.262500 0.703125 0.050000 0.062500
0 0.267188 0.732422 0.050000 0.062500
0 0.279687 0.750000 0.050000 0.062500
0 0.334375 0.669922 0.050000 0.062500
0 0.323437 0.650391 0.050000 0.062500
0 0.306250 0.652344 0.050000 0.062500
0 0.317188 0.667969 0.050000 0.062500
0 0.320312 0.691406 0.050000 0.062500
0 0.332813 0.685547 0.050000 0.062500
0 0.356250 0.703125 0.050000 0.062500
0 0.435937 0.691406 0.050000 0.062500
0 0.407813 0.705078 0.050000 0.062500
0 0.398438 0.613281 0.050000 0.062500
0 0.378125 0.542969 0.050000 0.062500
0 0.325000 0.580078 0.050000 0.062500
0 0.315625 0.525391 0.050000 0.062500
0 0.303125 0.531250 0.050000 0.062500
0 0.300000 0.523438 0.050000 0.062500
0 0.321875 0.484375 0.050000 0.062500
0 0.360938 0.501953 0.050000 0.062500
0 0.395313 0.380859 0.050000 0.062500
0 0.375000 0.359375 0.050000 0.062500
0 0.385937 0.320312 0.050000 0.062500
0 0.439063 0.341797 0.050000 0.062500
0 0.426563 0.351562 0.050000 0.062500
0 0.415625 0.400391 0.050000 0.062500
0 0.415625 0.429688 0.050000 0.062500
0 0.265625 0.306641 0.050000 0.062500
0 0.235937 0.210938 0.050000 0.062500
0 0.223438 0.216797 0.050000 0.062500
0 0.503125 0.394531 0.050000 0.062500
0 0.509375 0.449219 0.050000 0.062500
0 0.523438 0.449219 0.050000 0.062500
0 0.434375 0.472656 0.050000 0.062500
0 0.445312 0.433594 0.050000 0.062500
0 0.546875 0.445312 0.050000 0.062500
0 0.515625 0.576172 0.050000 0.062500
0 0.531250 0.564453 0.050000 0.062500
0 0.518750 0.533203 0.050000 0.062500
0 0.465625 0.558594 0.050000 0.062500
0 0.489063 0.519531 0.050000 0.062500
0 0.535937 0.708984 0.050000 0.062500
0 0.368750 0.902344 0.050000 0.062500
0 0.359375 0.888672 0.050000 0.062500
0 0.342187 0.869141 0.050000 0.062500
0 0.326562 0.892578 0.050000 0.062500
0 0.335938 0.937500 0.050000 0.062500
0 0.718750 0.839844 0.050000 0.062500
0 0.725000 0.869141 0.050000 0.062500
0 0.634375 0.917969 0.050000 0.062500
0 0.925000 0.977539 0.050000 0.044922
0 0.962500 0.937500 0.050000 0.062500
0 0.962500 0.902344 0.050000 0.062500
0 0.962500 0.871094 0.050000 0.062500
