0 0.351562 0.746094 0.050000 0.062500
0 0.329688 0.738281 0.050000 0.062500
0 0.317188 0.705078 0.050000 0.062500
0 0.181250 0.707031 0.050000 0.062500
0 0.181250 0.687500 0.050000 0.062500
0 0.159375 0.695312 0.050000 0.062500
0 0.159375 0.708984 0.050000 0.062500
0 0.234375 0.615234 0.050000 0.062500
0 0.231250 0.591797 0.050000 0.062500
0 0.173437 0.644531 0.050000 0.062500
0 0.140625 0.591797 0.050000 0.062500
0 0.192188 0.533203 0.050000 0.062500
0 0.021094 0.507812 0.042188 0.062500
0 0.013281 0.523438 0.026562 0.062500
0 0.109375 0.412109 0.050000 0.062500
0 0.156250 0.347656 0.050000 0.062500
0 0.157812 0.328125 0.050000 0.062500
0 0.226562 0.388672 0.050000 0.062500
0 0.090625 0.732422 0.050000 0.062500
0 0.090625 0.751953 0.050000 0.062500
0 0.170313 0.738281 0.050000 0.062500
0 0.051562 0.814453 0.050000 0.062500
0 0.039062 0.826172 0.050000 0.062500
0 0.418750 0.914062 0.050000 0.062500
0 0.434375 0.900391 0.050000 0.062500
0 0.450000 0.906250 0.050000 0.062500
0 0.448437 0.925781 0.050000 0.062500
0 0.471875 0.943359 0.050000 0.062500
0 0.459375 0.945312 0.050000 0.062500
0 0.720313 0.789062 0.050000 0.062500
0 0.762500 0.816406 0.050000 0.062500
0 0.692187 0.906250 0.050000 0.062500
0 0.667188 0.966797 0.050000 0.062500
0 0.650000 0.968750 0.050000 0.062500
0 0.625000 0.746094 0.050000 0.062500
0 0.478125 0.658203 0.050000 0.062500
0 0.462500 0.664062 0.050000 0.062500
0 0.382812 0.648438 0.050000 0.062500
0 0.364063 0.654297 0.050000 0.062500
0 0.312500 0.634766 0.050000 0.062500
0 0.315625 0.603516 0.050000 0.062500
0 0.287500 0.568359 0.050000 0.062500
0 0.264062 0.585938 0.050000 0.062500
0 0.285938 0.548828 0.050000 0.062500
0 0.282813 0.548828 0.050000 0.062500
0 0.270313 0.544922 0.050000 0.062500
0 0.250000 0.527344 0.050000 0.062500
0 0.259375 0.492188 0.050000 0.062500
0 0.323437 0.439453 0.050000 0.062500
0 0.379688 0.498047 0.050000 0.062500
0 0.368750 0.529297 0.050000 0.062500
0 0.348438 0.580078 0.050000 0.062500
0 0.378125 0.583984 0.050000 0.062500
0 0.442188 0.464844 0.050000 0.062500
0 0.434375 0.447266 0.050000 0.062500
0 0.426563 0.462891 0.050000 0.062500
0 0.389062 0.375000 0.050000 0.062500
0 0.426563 0.355469 0.050000 0.062500
0 0.434375 0.349609 0.050000 0.062500
0 0.479687 0.330078 0.050000 0.062500
0 0.457813 0.375000 0.050000 0.062500
0 0.464062 0.394531 0.050000 0.062500
0 0.496875 0.398438 0.050000 0.062500
0 0.514062 0.400391 0.050000 0.062500
0 0.523438 0.425781 0.050000 0.062500
0 0.564063 0.449219 0.050000 0.062500
0 0.579688 0.455078 0.050000 0.062500
0 0.492188 0.472656 0.050000 0.062500
0 0.582812 0.566406 0.050000 0.062500
0 0.573438 0.585938 0.050000 0.062500
0 0.560937 0.541016 0.050000 0.062500
0 0.559375 0.552734 0.050000 0.062500
0 0.506250 0.568359 0.050000 0.062500
0 0.593750 0.615234 0.050000 0.062500
0 0.909375 0.431641 0.050000 0.062500
0 0.876563 0.451172 0.050000 0.062500
0 0.965625 0.421875 0.050000 0.062500
0 0.976562 0.503906 0.046875 0.062500
