0 0.476562 0.345703 0.050000 0.062500
0 0.475000 0.365234 0.050000 0.062500
0 0.515625 0.367188 0.050000 0.062500
0 0.537500 0.375000 0.050000 0.062500
0 0.475000 0.433594 0.050000 0.062500
0 0.471875 0.505859 0.050000 0.062500
0 0.471875 0.539062 0.050000 0.062500
0 0.453125 0.546875 0.050000 0.062500
0 0.453125 0.529297 0.050000 0.062500
0 0.389062 0.585938 0.050000 0.062500
0 0.378125 0.589844 0.050000 0.062500
0 0.378125 0.566406 0.050000 0.062500
0 0.368750 0.558594 0.050000 0.062500
0 0.360938 0.554688 0.050000 0.062500
0 0.329688 0.554688 0.050000 0.062500
0 0.335938 0.529297 0.050000 0.062500
0 0.337500 0.486328 0.050000 0.062500
0 0.325000 0.390625 0.050000 0.062500
0 0.303125 0.335938 0.050000 0.062500
0 0.201563 0.427734 0.050000 0.062500
0 0.089063 0.466797 0.050000 0.062500
0 0.065625 0.488281 0.050000 0.062500
0 0.092188 0.519531 0.050000 0.062500
0 0.106250 0.527344 0.050000 0.062500
0 0.100000 0.541016 0.050000 0.062500
0 0.106250 0.242188 0.050000 0.062500
0 0.093750 0.246094 0.050000 0.062500
0 0.214062 0.712891 0.050000 0.062500
0 0.204687 0.716797 0.050000 0.062500
0 0.203125 0.830078 0.050000 0.062500
0 0.187500 0.833984 0.050000 0.062500
0 0.271875 0.755859 0.050000 0.062500
0 0.259375 0.728516 0.050000 0.062500
0 0.278125 0.728516 0.050000 0.062500
0 0.271875 0.705078 0.050000 0.062500
0 0.451562 0.666016 0.050000 0.062500
0 0.471875 0.671875 0.050000 0.062500
0 0.482812 0.667969 0.050000 0.062500
0 0.406250 0.644531 0.050000 0.062500
0 0.410938 0.609375 0.050000 0.062500
0 0.393750 0.609375 0.050000 0.062500
0 0.367188 0.613281 0.050000 0.062500
0 0.359375 0.615234 0.050000 0.062500
0 0.353125 0.617188 0.050000 0.062500
0 0.334375 0.634766 0.050000 0.062500
0 0.325000 0.646484 0.050000 0.062500
0 0.534375 0.550781 0.050000 0.062500
0 0.523438 0.529297 0.050000 0.062500
0 0.517188 0.505859 0.050000 0.062500
0 0.484375 0.445312 0.050000 0.062500
0 0.584375 0.423828 0.050000 0.062500
0 0.590625 0.390625 0.050000 0.062500
0 0.579688 0.386719 0.050000 0.062500
0 0.607812 0.349609 0.050000 0.062500
0 0.684375 0.451172 0.050000 0.062500
0 0.665625 0.451172 0.050000 0.062500
0 0.645312 0.416016 0.050000 0.062500
0 0.587500 0.474609 0.050000 0.062500
0 0.659375 0.535156 0.050000 0.062500
0 0.684375 0.578125 0.050000 0.062500
0 0.667188 0.587891 0.050000 0.062500
0 0.601562 0.693359 0.050000 0.062500
0 0.578125 0.714844 0.050000 0.062500
0 0.514062 0.718750 0.050000 0.062500
0 0.489063 0.757812 0.050000 0.062500
0 0.451562 0.751953 0.050000 0.062500
0 0.423438 0.714844 0.050000 0.062500
0 0.581250 0.908203 0.050000 0.062500
0 0.582812 0.927734 0.050000 0.062500
0 0.559375 0.945312 0.050000 0.062500
0 0.565625 0.958984 0.050000 0.062500
0 0.445312 0.957031 0.050000 0.062500
0 0.337500 0.861328 0.050000 0.062500
0 0.635938 0.947266 0.050000 0.062500
0 0.610938 0.947266 0.050000 0.062500
0 0.795312 0.969727 0.050000 0.060547
0 0.832812 0.953125 0.050000 0.062500
0 0.818750 0.957031 0.050000 0.062500
0 0.804688 0.923828 0.050000 0.062500
0 0.776563 0.785156 0.050000 0.062500
0 0.770312 0.757812 0.050000 0.062500
0 0.714063 0.718750 0.050000 0.062500
0 0.846875 0.783203 0.050000 0.062500
0 0.832812 0.781250 0.050000 0.062500
0 0.698438 0.781250 0.050000 0.062500
0 0.959375 0.445312 0.050000 0.062500
0 0.946875 0.453125 0.050000 0.062500
