0 0.318750 0.478516 0.050000 0.062500
0 0.306250 0.484375 0.050000 0.062500
0 0.296875 0.542969 0.050000 0.062500
0 0.292187 0.550781 0.050000 0.062500
0 0.281250 0.529297 0.050000 0.062500
0 0.146875 0.441406 0.050000 0.062500
0 0.019531 0.404297 0.039062 0.062500
0 0.323437 0.283203 0.050000 0.062500
0 0.343750 0.433594 0.050000 0.062500
0 0.506250 0.406250 0.050000 0.062500
0 0.512500 0.398438 0.050000 0.062500
0 0.550000 0.355469 0.050000 0.062500
0 0.617188 0.382812 0.050000 0.062500
0 0.621875 0.367188 0.050000 0.062500
0 0.642188 0.404297 0.050000 0.062500
0 0.626563 0.396484 0.050000 0.062500
0 0.626563 0.414062 0.050000 0.062500
0 0.548438 0.554688 0.050000 0.062500
0 0.560937 0.574219 0.050000 0.062500
0 0.575000 0.570312 0.050000 0.062500
0 0.578125 0.587891 0.050000 0.062500
0 0.575000 0.599609 0.050000 0.062500
0 0.584375 0.623047 0.050000 0.062500
0 0.593750 0.638672 0.050000 0.062500
0 0.610938 0.626953 0.050000 0.062500
0 0.618750 0.601562 0.050000 0.062500
0 0.609375 0.660156 0.050000 0.062500
0 0.576562 0.658203 0.050000 0.062500
0 0.565625 0.658203 0.050000 0.062500
0 0.548438 0.667969 0.050000 0.062500
0 0.498437 0.716797 0.050000 0.062500
0 0.478125 0.712891 0.050000 0.062500
0 0.475000 0.734375 0.050000 0.062500
0 0.470313 0.730469 0.050000 0.062500
0 0.457813 0.761719 0.050000 0.062500
0 0.450000 0.750000 0.050000 0.062500
0 0.479687 0.775391 0.050000 0.062500
0 0.482812 0.800781 0.050000 0.062500
0 0.446875 0.857422 0.050000 0.062500
0 0.651563 0.566406 0.050000 0.062500
0 0.653125 0.546875 0.050000 0.062500
0 0.673438 0.550781 0.050000 0.062500
0 0.668750 0.507812 0.050000 0.062500
0 0.534375 0.494141 0.050000 0.062500
0 0.485938 0.546875 0.050000 0.062500
0 0.435937 0.623047 0.050000 0.062500
0 0.132812 0.441406 0.050000 0.062500
0 0.757812 0.439453 0.050000 0.062500
0 0.739062 0.464844 0.050000 0.062500
0 0.731250 0.458984 0.050000 0.062500
0 0.803125 0.416016 0.050000 0.062500
0 0.804688 0.390625 0.050000 0.062500
0 0.815625 0.380859 0.050000 0.062500
0 0.781250 0.376953 0.050000 0.062500
0 0.873437 0.416016 0.050000 0.062500
0 0.873437 0.427734 0.050000 0.062500
0 0.876563 0.468750 0.050000 0.062500
0 0.859375 0.468750 0.050000 0.062500
0 0.781250 0.486328 0.050000 0.062500
0 0.739062 0.570312 0.050000 0.062500
0 0.712500 0.570312 0.050000 0.062500
0 0.706250 0.593750 0.050000 0.062500
0 0.685937 0.607422 0.050000 0.062500
0 0.715625 0.636719 0.050000 0.062500
0 0.731250 0.621094 0.050000 0.062500
0 0.806250 0.589844 0.050000 0.062500
0 0.862500 0.566406 0.050000 0.062500
0 0.871875 0.587891 0.050000 0.062500
0 0.871875 0.613281 0.050000 0.062500
0 0.853125 0.707031 0.050000 0.062500
0 0.862500 0.722656 0.050000 0.062500
0 0.840625 0.734375 0.050000 0.062500
0 0.881250 0.767578 0.050000 0.062500
0 0.917188 0.720703 0.050000 0.062500
0 0.706250 0.720703 0.050000 0.062500
0 0.676562 0.675781 0.050000 0.062500
0 0.657813 0.679688 0.050000 0.062500
0 0.625000 0.728516 0.050000 0.062500
0 0.696875 0.791016 0.050000 0.062500
0 0.695312 0.775391 0.050000 0.062500
0 0.640625 0.896484 0.050000 0.062500
0 0.660937 0.867188 0.050000 0.062500
0 0.821875 0.929688 0.050000 0.062500
0 0.837500 0.941406 0.050000 0.062500
0 0.832812 0.957031 0.050000 0.062500
0 0.826562 0.973633 0.050000 0.052734
0 0.885938 0.968750 0.050000 0.062500
0 0.907813 0.968750 0.050000 0.062500
0 0.915625 0.974609 0.050000 0.050781
0 0.960938 0.937500 0.050000 0.062500
