0 0.345313 0.125000 0.050000 0.062500
0 0.896875 0.185547 0.050000 0.062500
0 0.834375 0.160156 0.050000 0.062500
0 0.754687 0.105469 0.050000 0.062500
0 0.759375 0.146484 0.050000 0.062500
0 0.773438 0.179688 0.050000 0.062500
0 0.767188 0.207031 0.050000 0.062500
0 0.764062 0.265625 0.050000 0.062500
0 0.770312 0.328125 0.050000 0.062500
0 0.729688 0.287109 0.050000 0.062500
0 0.729688 0.347656 0.050000 0.062500
0 0.703125 0.320312 0.050000 0.062500
0 0.803125 0.427734 0.050000 0.062500
0 0.865625 0.375000 0.050000 0.062500
0 0.839063 0.382812 0.050000 0.062500
0 0.721875 0.476562 0.050000 0.062500
0 0.723437 0.517578 0.050000 0.062500
0 0.812500 0.736328 0.050000 0.062500
0 0.775000 0.736328 0.050000 0.062500
0 0.785937 0.792969 0.050000 0.062500
0 0.793750 0.837891 0.050000 0.062500
0 0.670312 0.826172 0.050000 0.062500
0 0.675000 0.880859 0.050000 0.062500
0 0.673438 0.787109 0.050000 0.062500
0 0.660937 0.720703 0.050000 0.062500
0 0.643750 0.744141 0.050000 0.062500
0 0.651563 0.691406 0.050000 0.062500
0 0.695312 0.666016 0.050000 0.062500
0 0.684375 0.525391 0.050000 0.062500
0 0.662500 0.531250 0.050000 0.062500
0 0.651563 0.558594 0.050000 0.062500
0 0.673438 0.451172 0.050000 0.062500
0 0.668750 0.488281 0.050000 0.062500
0 0.693750 0.412109 0.050000 0.062500
0 0.662500 0.392578 0.050000 0.062500
0 0.645312 0.417969 0.050000 0.062500
0 0.639062 0.464844 0.050000 0.062500
0 0.623437 0.375000 0.050000 0.062500
0 0.634375 0.332031 0.050000 0.062500
0 0.626563 0.287109 0.050000 0.062500
0 0.643750 0.253906 0.050000 0.062500
0 0.678125 0.234375 0.050000 0.062500
0 0.720313 0.220703 0.050000 0.062500
0 0.742188 0.193359 0.050000 0.062500
0 0.732812 0.146484 0.050000 0.062500
0 0.678125 0.115234 0.050000 0.062500
0 0.656250 0.152344 0.050000 0.062500
0 0.710938 0.109375 0.050000 0.062500
0 0.807813 0.113281 0.050000 0.062500
0 0.775000 0.024414 0.050000 0.048828
0 0.734375 0.022461 0.050000 0.044922
0 0.740625 0.066406 0.050000 0.062500
0 0.635938 0.111328 0.050000 0.062500
0 0.635938 0.193359 0.050000 0.062500
0 0.662500 0.078125 0.050000 0.062500
0 0.617188 0.082031 0.050000 0.062500
0 0.710938 0.072266 0.050000 0.062500
0 0.685937 0.058594 0.050000 0.062500
0 0.668750 0.033203 0.050000 0.062500
0 0.623437 0.759766 0.050000 0.062500
0 0.607812 0.787109 0.050000 0.062500
0 0.615625 0.822266 0.050000 0.062500
0 0.620313 0.867188 0.050000 0.062500
0 0.609375 0.894531 0.050000 0.062500
0 0.581250 0.900391 0.050000 0.062500
0 0.543750 0.890625 0.050000 0.062500
0 0.581250 0.949219 0.050000 0.062500
0 0.551562 0.949219 0.050000 0.062500
0 0.495312 0.898438 0.050000 0.062500
0 0.457813 0.886719 0.050000 0.062500
0 0.437500 0.906250 0.050000 0.062500
0 0.479687 0.964844 0.050000 0.062500
0 0.528125 0.971680 0.050000 0.056641
0 0.434375 0.955078 0.050000 0.062500
0 0.407813 0.916016 0.050000 0.062500
0 0.385937 0.896484 0.050000 0.062500
0 0.318750 0.921875 0.050000 0.062500
0 0.335938 0.947266 0.050000 0.062500
0 0.360938 0.941406 0.050000 0.062500
0 0.318750 0.969727 0.050000 0.060547
0 0.423438 0.978516 0.050000 0.042969
0 0.243750 0.904297 0.050000 0.062500
0 0.215625 0.927734 0.050000 0.062500
0 0.167187 0.945312 0.050000 0.062500
0 0.192188 0.955078 0.050000 0.062500
0 0.187500 0.916016 0.050000 0.062500
0 0.210938 0.888672 0.050000 0.062500
0 0.123438 0.921875 0.050000 0.062500
0 0.137500 0.892578 0.050000 0.062500
0 0.089063 0.896484 0.050000 0.062500
0 0.087500 0.867188 0.050000 0.062500
0 0.064062 0.837891 0.050000 0.062500
0 0.073438 0.812500 0.050000 0.062500
0 0.064062 0.763672 0.050000 0.062500
0 0.037500 0.689453 0.050000 0.062500
0 0.026562 0.757812 0.050000 0.062500
0 0.026562 0.787109 0.050000 0.062500
0 0.028125 0.841797 0.050000 0.062500
0 0.042188 0.818359 0.050000 0.062500
0 0.031250 0.873047 0.050000 0.062500
0 0.017969 0.937500 0.035937 0.062500
0 0.053125 0.894531 0.050000 0.062500
0 0.028125 0.638672 0.050000 0.062500
0 0.075000 0.712891 0.050000 0.062500
0 0.053125 0.533203 0.050000 0.062500
0 0.045312 0.558594 0.050000 0.062500
0 0.035937 0.593750 0.050000 0.062500
0 0.017188 0.583984 0.034375 0.062500
0 0.020313 0.441406 0.040625 0.062500
0 0.037500 0.509766 0.050000 0.062500
0 0.016406 0.531250 0.032813 0.062500
0 0.026562 0.550781 0.050000 0.062500
0 0.039062 0.474609 0.050000 0.062500
0 0.022656 0.396484 0.045312 0.062500
0 0.037500 0.343750 0.050000 0.062500
0 0.018750 0.365234 0.037500 0.062500
0 0.090625 0.289062 0.050000 0.062500
0 0.032813 0.042969 0.050000 0.062500
0 0.042188 0.078125 0.050000 0.062500
0 0.037500 0.105469 0.050000 0.062500
0 0.042188 0.248047 0.050000 0.062500
0 0.048438 0.167969 0.050000 0.062500
0 0.053125 0.128906 0.050000 0.062500
0 0.034375 0.199219 0.050000 0.062500
0 0.039062 0.027344 0.050000 0.054688
0 0.048438 0.015625 0.050000 0.031250
0 0.018750 0.496094 0.037500 0.062500
0 0.016406 0.625000 0.032813 0.062500
0 0.014844 0.685547 0.029687 0.062500
0 0.017188 0.722656 0.034375 0.062500
0 0.016406 0.820312 0.032813 0.062500
0 0.282813 0.972656 0.050000 0.054688
0 0.275000 0.904297 0.050000 0.062500
0 0.279687 0.937500 0.050000 0.062500
0 0.240625 0.955078 0.050000 0.062500
0 0.840625 0.701172 0.050000 0.062500
0 0.065625 0.322266 0.050000 0.062500
0 0.698438 0.742188 0.050000 0.062500
0 0.732812 0.699219 0.050000 0.062500
0 0.710938 0.257812 0.050000 0.062500
0 0.690625 0.265625 0.050000 0.062500
0 0.676562 0.302734 0.050000 0.062500
0 0.656250 0.345703 0.050000 0.062500
0 0.681250 0.382812 0.050000 0.062500
0 0.670312 0.642578 0.050000 0.062500
0 0.651563 0.644531 0.050000 0.062500
0 0.635938 0.650391 0.050000 0.062500
0 0.612500 0.695312 0.050000 0.062500
0 0.462500 0.933594 0.050000 0.062500
0 0.367188 0.978516 0.050000 0.042969
0 0.390625 0.977539 0.050000 0.044922
0 0.351562 0.898438 0.050000 0.062500
0 0.037500 0.716797 0.050000 0.062500
0 0.035937 0.666016 0.050000 0.062500
0 0.045312 0.292969 0.050000 0.062500
0 0.018750 0.064453 0.037500 0.062500
