0 0.210938 0.441406 0.050000 0.062500
0 0.139063 0.412109 0.050000 0.062500
0 0.087500 0.439453 0.050000 0.062500
0 0.081250 0.460938 0.050000 0.062500
0 0.062500 0.476562 0.050000 0.062500
0 0.101562 0.720703 0.050000 0.062500
0 0.115625 0.626953 0.050000 0.062500
0 0.189062 0.632812 0.050000 0.062500
0 0.423438 0.548828 0.050000 0.062500
0 0.429688 0.562500 0.050000 0.062500
0 0.439063 0.552734 0.050000 0.062500
0 0.493750 0.501953 0.050000 0.062500
0 0.506250 0.472656 0.050000 0.062500
0 0.457813 0.453125 0.050000 0.062500
0 0.681250 0.402344 0.050000 0.062500
0 0.657813 0.410156 0.050000 0.062500
0 0.640625 0.414062 0.050000 0.062500
0 0.690625 0.382812 0.050000 0.062500
0 0.696875 0.375000 0.050000 0.062500
0 0.482812 0.285156 0.050000 0.062500
0 0.745313 0.375000 0.050000 0.062500
0 0.953125 0.421875 0.050000 0.062500
0 0.959375 0.414062 0.050000 0.062500
0 0.951562 0.396484 0.050000 0.062500
0 0.967187 0.380859 0.050000 0.062500
0 0.875000 0.460938 0.050000 0.062500
0 0.810937 0.529297 0.050000 0.062500
0 0.790625 0.556641 0.050000 0.062500
0 0.812500 0.570312 0.050000 0.062500
0 0.781250 0.570312 0.050000 0.062500
0 0.796875 0.574219 0.050000 0.062500
0 0.803125 0.599609 0.050000 0.062500
0 0.725000 0.589844 0.050000 0.062500
0 0.714063 0.585938 0.050000 0.062500
0 0.723437 0.558594 0.050000 0.062500
0 0.701562 0.572266 0.050000 0.062500
0 0.673438 0.501953 0.050000 0.062500
0 0.589063 0.541016 0.050000 0.062500
0 0.571875 0.626953 0.050000 0.062500
0 0.564063 0.626953 0.050000 0.062500
0 0.550000 0.626953 0.050000 0.062500
0 0.721875 0.611328 0.050000 0.062500
0 0.737500 0.628906 0.050000 0.062500
0 0.751563 0.632812 0.050000 0.062500
0 0.742188 0.656250 0.050000 0.062500
0 0.714063 0.640625 0.050000 0.062500
0 0.751563 0.666016 0.050000 0.062500
0 0.737500 0.705078 0.050000 0.062500
0 0.656250 0.720703 0.050000 0.062500
0 0.650000 0.781250 0.050000 0.062500
0 0.634375 0.775391 0.050000 0.062500
0 0.621875 0.775391 0.050000 0.062500
0 0.626563 0.802734 0.050000 0.062500
0 0.676562 0.771484 0.050000 0.062500
0 0.768750 0.734375 0.050000 0.062500
0 0.706250 0.822266 0.050000 0.062500
0 0.664062 0.867188 0.050000 0.062500
0 0.656250 0.878906 0.050000 0.062500
0 0.779687 0.832031 0.050000 0.062500
0 0.857812 0.789062 0.050000 0.062500
0 0.918750 0.888672 0.050000 0.062500
0 0.975781 0.773438 0.048438 0.062500
0 0.980469 0.705078 0.039062 0.062500
0 0.906250 0.634766 0.050000 0.062500
0 0.873437 0.623047 0.050000 0.062500
0 0.854688 0.626953 0.050000 0.062500
0 0.859375 0.634766 0.050000 0.062500
0 0.839063 0.634766 0.050000 0.062500
0 0.821875 0.623047 0.050000 0.062500
0 0.829688 0.660156 0.050000 0.062500
0 0.801562 0.691406 0.050000 0.062500
0 0.782813 0.701172 0.050000 0.062500
0 0.881250 0.580078 0.050000 0.062500
0 0.937500 0.470703 0.050000 0.062500
0 0.985156 0.484375 0.029687 0.062500
0 0.978906 0.546875 0.042188 0.062500
0 0.948438 0.583984 0.050000 0.062500
0 0.285938 0.302734 0.050000 0.062500
0 0.162500 0.269531 0.050000 0.062500
