0 0.220312 0.429688 0.050000 0.062500
0 0.221875 0.447266 0.050000 0.062500
0 0.212500 0.466797 0.050000 0.062500
0 0.112500 0.371094 0.050000 0.062500
0 0.103125 0.378906 0.050000 0.062500
0 0.031250 0.283203 0.050000 0.062500
0 0.046875 0.269531 0.050000 0.062500
0 0.029687 0.529297 0.050000 0.062500
0 0.028125 0.500000 0.050000 0.062500
0 0.016406 0.720703 0.032813 0.062500
0 0.640625 0.562500 0.050000 0.062500
0 0.651563 0.570312 0.050000 0.062500
0 0.651563 0.556641 0.050000 0.062500
0 0.637500 0.550781 0.050000 0.062500
0 0.828125 0.462891 0.050000 0.062500
0 0.725000 0.517578 0.050000 0.062500
0 0.696875 0.484375 0.050000 0.062500
0 0.728125 0.376953 0.050000 0.062500
0 0.775000 0.312500 0.050000 0.062500
0 0.814063 0.384766 0.050000 0.062500
0 0.798438 0.396484 0.050000 0.062500
0 0.854688 0.423828 0.050000 0.062500
0 0.814063 0.490234 0.050000 0.062500
0 0.865625 0.425781 0.050000 0.062500
0 0.840625 0.527344 0.050000 0.062500
0 0.832812 0.527344 0.050000 0.062500
0 0.881250 0.519531 0.050000 0.062500
0 0.918750 0.580078 0.050000 0.062500
0 0.929688 0.580078 0.050000 0.062500
0 0.932813 0.599609 0.050000 0.062500
0 0.932813 0.605469 0.050000 0.062500
0 0.943750 0.603516 0.050000 0.062500
0 0.939063 0.623047 0.050000 0.062500
0 0.948438 0.638672 0.050000 0.062500
0 0.932813 0.638672 0.050000 0.062500
0 0.945312 0.654297 0.050000 0.062500
0 0.937500 0.689453 0.050000 0.062500
0 0.889062 0.796875 0.050000 0.062500
0 0.901563 0.812500 0.050000 0.062500
0 0.881250 0.880859 0.050000 0.062500
0 0.846875 0.810547 0.050000 0.062500
0 0.798438 0.769531 0.050000 0.062500
0 0.792188 0.636719 0.050000 0.062500
0 0.979688 0.746094 0.040625 0.062500
0 0.978125 0.726562 0.043750 0.062500
0 0.970313 0.710938 0.050000 0.062500
0 0.978125 0.691406 0.043750 0.062500
0 0.983594 0.695312 0.032813 0.062500
0 0.970313 0.681641 0.050000 0.062500
0 0.965625 0.644531 0.050000 0.062500
0 0.985938 0.580078 0.028125 0.062500
0 0.983594 0.882812 0.032813 0.062500
0 0.982031 0.890625 0.035937 0.062500
