0 0.031250 0.324219 0.050000 0.062500
0 0.028125 0.197266 0.050000 0.062500
0 0.021094 0.197266 0.042188 0.062500
0 0.048438 0.322266 0.050000 0.062500
0 0.053125 0.310547 0.050000 0.062500
0 0.112500 0.378906 0.050000 0.062500
0 0.121875 0.390625 0.050000 0.062500
0 0.107813 0.472656 0.050000 0.062500
0 0.070312 0.646484 0.050000 0.062500
0 0.059375 0.648438 0.050000 0.062500
0 0.064062 0.681641 0.050000 0.062500
0 0.079687 0.835938 0.050000 0.062500
0 0.082812 0.814453 0.050000 0.062500
0 0.248438 0.771484 0.050000 0.062500
0 0.126562 0.919922 0.050000 0.062500
0 0.131250 0.929688 0.050000 0.062500
0 0.137500 0.587891 0.050000 0.062500
0 0.168750 0.597656 0.050000 0.062500
0 0.164062 0.556641 0.050000 0.062500
0 0.156250 0.541016 0.050000 0.062500
0 0.151562 0.546875 0.050000 0.062500
0 0.148438 0.525391 0.050000 0.062500
0 0.357812 0.484375 0.050000 0.062500
0 0.367188 0.462891 0.050000 0.062500
0 0.367188 0.455078 0.050000 0.062500
0 0.409375 0.437500 0.050000 0.062500
0 0.407813 0.464844 0.050000 0.062500
0 0.298438 0.345703 0.050000 0.062500
0 0.287500 0.343750 0.050000 0.062500
0 0.242188 0.261719 0.050000 0.062500
0 0.234375 0.261719 0.050000 0.062500
0 0.826562 0.369141 0.050000 0.062500
0 0.914062 0.396484 0.050000 0.062500
0 0.929688 0.371094 0.050000 0.062500
0 0.979688 0.328125 0.040625 0.062500
0 0.910937 0.505859 0.050000 0.062500
0 0.868750 0.507812 0.050000 0.062500
0 0.976562 0.312500 0.046875 0.062500
0 0.980469 0.640625 0.039062 0.062500
0 0.837500 0.556641 0.050000 0.062500
0 0.829688 0.568359 0.050000 0.062500
0 0.826562 0.554688 0.050000 0.062500
