0 0.471875 0.468750 0.050000 0.062500
0 0.471875 0.445312 0.050000 0.062500
0 0.462500 0.480469 0.050000 0.062500
0 0.490625 0.431641 0.050000 0.062500
0 0.298438 0.593750 0.050000 0.062500
0 0.282813 0.593750 0.050000 0.062500
0 0.240625 0.554688 0.050000 0.062500
0 0.239063 0.539062 0.050000 0.062500
0 0.235937 0.531250 0.050000 0.062500
0 0.207813 0.402344 0.050000 0.062500
0 0.200000 0.384766 0.050000 0.062500
0 0.275000 0.326172 0.050000 0.062500
0 0.135937 0.306641 0.050000 0.062500
0 0.114062 0.320312 0.050000 0.062500
0 0.401562 0.210938 0.050000 0.062500
0 0.425000 0.279297 0.050000 0.062500
0 0.412500 0.279297 0.050000 0.062500
0 0.145313 0.642578 0.050000 0.062500
0 0.137500 0.654297 0.050000 0.062500
0 0.140625 0.666016 0.050000 0.062500
0 0.037500 0.650391 0.050000 0.062500
0 0.025000 0.667969 0.050000 0.062500
0 0.070312 0.703125 0.050000 0.062500
0 0.065625 0.736328 0.050000 0.062500
0 0.029687 0.722656 0.050000 0.062500
0 0.039062 0.814453 0.050000 0.062500
0 0.039062 0.882812 0.050000 0.062500
0 0.245312 0.820312 0.050000 0.062500
0 0.243750 0.832031 0.050000 0.062500
0 0.132812 0.744141 0.050000 0.062500
0 0.323437 0.917969 0.050000 0.062500
0 0.323437 0.939453 0.050000 0.062500
0 0.450000 0.791016 0.050000 0.062500
0 0.778125 0.785156 0.050000 0.062500
0 0.968750 0.570312 0.050000 0.062500
0 0.975000 0.558594 0.050000 0.062500
0 0.962500 0.552734 0.050000 0.062500
0 0.957812 0.505859 0.050000 0.062500
0 0.870313 0.330078 0.050000 0.062500
0 0.651563 0.296875 0.050000 0.062500
0 0.985938 0.392578 0.028125 0.062500
