0 0.215625 0.322266 0.050000 0.062500
0 0.248438 0.308594 0.050000 0.062500
0 0.064062 0.400391 0.050000 0.062500
0 0.062500 0.429688 0.050000 0.062500
0 0.054688 0.429688 0.050000 0.062500
0 0.024219 0.462891 0.048438 0.062500
0 0.126562 0.625000 0.050000 0.062500
0 0.246875 0.648438 0.050000 0.062500
0 0.231250 0.677734 0.050000 0.062500
0 0.237500 0.691406 0.050000 0.062500
0 0.204687 0.755859 0.050000 0.062500
0 0.270313 0.744141 0.050000 0.062500
0 0.278125 0.705078 0.050000 0.062500
0 0.245312 0.812500 0.050000 0.062500
0 0.239063 0.904297 0.050000 0.062500
0 0.229687 0.917969 0.050000 0.062500
0 0.423438 0.845703 0.050000 0.062500
0 0.420312 0.824219 0.050000 0.062500
0 0.543750 0.941406 0.050000 0.062500
0 0.543750 0.925781 0.050000 0.062500
0 0.942187 0.314453 0.050000 0.062500
0 0.756250 0.306641 0.050000 0.062500
0 0.596875 0.457031 0.050000 0.062500
0 0.589063 0.482422 0.050000 0.062500
0 0.579688 0.441406 0.050000 0.062500
0 0.454688 0.281250 0.050000 0.062500
0 0.551562 0.222656 0.050000 0.062500
0 0.304688 0.394531 0.050000 0.062500
0 0.304688 0.412109 0.050000 0.062500
0 0.348438 0.539062 0.050000 0.062500
0 0.435937 0.603516 0.050000 0.062500
0 0.454688 0.603516 0.050000 0.062500
