0 0.134375 0.501953 0.050000 0.062500
0 0.117188 0.537109 0.050000 0.062500
0 0.106250 0.531250 0.050000 0.062500
0 0.065625 0.601562 0.050000 0.062500
0 0.051562 0.599609 0.050000 0.062500
0 0.046875 0.599609 0.050000 0.062500
0 0.025000 0.593750 0.050000 0.062500
0 0.021094 0.587891 0.042188 0.062500
0 0.087500 0.464844 0.050000 0.062500
0 0.023438 0.275391 0.046875 0.062500
0 0.150000 0.679688 0.050000 0.062500
0 0.250000 0.644531 0.050000 0.062500
0 0.237500 0.654297 0.050000 0.062500
0 0.184375 0.917969 0.050000 0.062500
0 0.171875 0.929688 0.050000 0.062500
0 0.364063 0.763672 0.050000 0.062500
0 0.353125 0.781250 0.050000 0.062500
0 0.409375 0.683594 0.050000 0.062500
0 0.406250 0.640625 0.050000 0.062500
0 0.514062 0.541016 0.050000 0.062500
0 0.510938 0.560547 0.050000 0.062500
0 0.471875 0.400391 0.050000 0.062500
0 0.464062 0.421875 0.050000 0.062500
0 0.401562 0.320312 0.050000 0.062500
0 0.393750 0.322266 0.050000 0.062500
0 0.375000 0.330078 0.050000 0.062500
0 0.364063 0.333984 0.050000 0.062500
0 0.695312 0.250000 0.050000 0.062500
0 0.909375 0.326172 0.050000 0.062500
0 0.784375 0.470703 0.050000 0.062500
0 0.732812 0.468750 0.050000 0.062500
0 0.676562 0.613281 0.050000 0.062500
0 0.657813 0.615234 0.050000 0.062500
0 0.546875 0.759766 0.050000 0.062500
0 0.504687 0.683594 0.050000 0.062500
0 0.503125 0.703125 0.050000 0.062500
0 0.487500 0.710938 0.050000 0.062500
0 0.520312 0.832031 0.050000 0.062500
0 0.521875 0.914062 0.050000 0.062500
0 0.528125 0.931641 0.050000 0.062500
0 0.510938 0.933594 0.050000 0.062500
0 0.668750 0.857422 0.050000 0.062500
0 0.665625 0.839844 0.050000 0.062500
0 0.826562 0.931641 0.050000 0.062500
0 0.829688 0.947266 0.050000 0.062500
0 0.890625 0.919922 0.050000 0.062500
0 0.770312 0.482422 0.050000 0.062500
