0 0.460938 0.492188 0.050000 0.062500
0 0.457813 0.478516 0.050000 0.062500
0 0.393750 0.394531 0.050000 0.062500
0 0.353125 0.427734 0.050000 0.062500
0 0.220312 0.429688 0.050000 0.062500
0 0.215625 0.431641 0.050000 0.062500
0 0.095312 0.269531 0.050000 0.062500
0 0.098437 0.294922 0.050000 0.062500
0 0.065625 0.468750 0.050000 0.062500
0 0.109375 0.673828 0.050000 0.062500
0 0.095312 0.732422 0.050000 0.062500
0 0.109375 0.748047 0.050000 0.062500
0 0.078125 0.781250 0.050000 0.062500
0 0.079687 0.806641 0.050000 0.062500
0 0.093750 0.847656 0.050000 0.062500
0 0.279687 0.890625 0.050000 0.062500
0 0.270313 0.949219 0.050000 0.062500
0 0.348438 0.861328 0.050000 0.062500
0 0.356250 0.861328 0.050000 0.062500
0 0.540625 0.900391 0.050000 0.062500
0 0.615625 0.947266 0.050000 0.062500
0 0.615625 0.972656 0.050000 0.054688
0 0.464062 0.710938 0.050000 0.062500
0 0.540625 0.498047 0.050000 0.062500
0 0.359375 0.466797 0.050000 0.062500
0 0.385937 0.351562 0.050000 0.062500
0 0.376563 0.355469 0.050000 0.062500
0 0.568750 0.310547 0.050000 0.062500
0 0.626563 0.365234 0.050000 0.062500
0 0.645312 0.359375 0.050000 0.062500
0 0.706250 0.312500 0.050000 0.062500
0 0.735938 0.296875 0.050000 0.062500
0 0.967187 0.476562 0.050000 0.062500
0 0.937500 0.519531 0.050000 0.062500
0 0.835938 0.583984 0.050000 0.062500
0 0.820312 0.587891 0.050000 0.062500
0 0.825000 0.552734 0.050000 0.062500
0 0.806250 0.558594 0.050000 0.062500
0 0.778125 0.533203 0.050000 0.062500
0 0.778125 0.554688 0.050000 0.062500
0 0.795312 0.492188 0.050000 0.062500
0 0.784375 0.638672 0.050000 0.062500
0 0.778125 0.634766 0.050000 0.062500
0 0.762500 0.640625 0.050000 0.062500
0 0.710938 0.625000 0.050000 0.062500
0 0.726562 0.623047 0.050000 0.062500
0 0.735938 0.609375 0.050000 0.062500
0 0.806250 0.615234 0.050000 0.062500
0 0.712500 0.714844 0.050000 0.062500
0 0.881250 0.785156 0.050000 0.062500
0 0.893750 0.740234 0.050000 0.062500
0 0.978125 0.710938 0.043750 0.062500
0 0.971875 0.677734 0.050000 0.062500
0 0.983594 0.626953 0.032813 0.062500
0 0.985156 0.343750 0.029687 0.062500
0 0.985156 0.357422 0.029687 0.062500
0 0.660937 0.673828 0.050000 0.062500
