0 0.059375 0.337891 0.050000 0.062500
0 0.076563 0.300781 0.050000 0.062500
0 0.042188 0.298828 0.050000 0.062500
0 0.037500 0.248047 0.050000 0.062500
0 0.059375 0.181641 0.050000 0.062500
0 0.053125 0.144531 0.050000 0.062500
0 0.029687 0.117188 0.050000 0.062500
0 0.042188 0.091797 0.050000 0.062500
0 0.035937 0.060547 0.050000 0.062500
0 0.031250 0.037109 0.050000 0.062500
0 0.042188 0.021484 0.050000 0.042969
0 0.103125 0.021484 0.050000 0.042969
0 0.076563 0.023438 0.050000 0.046875
0 0.037500 0.347656 0.050000 0.062500
0 0.017188 0.373047 0.034375 0.062500
0 0.018750 0.408203 0.037500 0.062500
0 0.019531 0.449219 0.039062 0.062500
0 0.035937 0.480469 0.050000 0.062500
0 0.031250 0.511719 0.050000 0.062500
0 0.051562 0.544922 0.050000 0.062500
0 0.040625 0.568359 0.050000 0.062500
0 0.040625 0.605469 0.050000 0.062500
0 0.037500 0.636719 0.050000 0.062500
0 0.040625 0.673828 0.050000 0.062500
0 0.043750 0.705078 0.050000 0.062500
0 0.037500 0.730469 0.050000 0.062500
0 0.056250 0.775391 0.050000 0.062500
0 0.067187 0.820312 0.050000 0.062500
0 0.070312 0.847656 0.050000 0.062500
0 0.096875 0.908203 0.050000 0.062500
0 0.048438 0.900391 0.050000 0.062500
0 0.021094 0.937500 0.042188 0.062500
0 0.031250 0.886719 0.050000 0.062500
0 0.025000 0.853516 0.050000 0.062500
0 0.023438 0.771484 0.046875 0.062500
0 0.014844 0.736328 0.029687 0.062500
0 0.015625 0.695312 0.031250 0.062500
0 0.017969 0.630859 0.035937 0.062500
0 0.017188 0.597656 0.034375 0.062500
0 0.016406 0.552734 0.032813 0.062500
0 0.015625 0.515625 0.031250 0.062500
0 0.114062 0.933594 0.050000 0.062500
0 0.132812 0.904297 0.050000 0.062500
0 0.179688 0.919922 0.050000 0.062500
0 0.164062 0.960938 0.050000 0.062500
0 0.185938 0.966797 0.050000 0.062500
0 0.209375 0.937500 0.050000 0.062500
0 0.198437 0.908203 0.050000 0.062500
0 0.165625 0.898438 0.050000 0.062500
0 0.237500 0.908203 0.050000 0.062500
0 0.240625 0.972656 0.050000 0.054688
0 0.284375 0.979492 0.050000 0.041016
0 0.271875 0.908203 0.050000 0.062500
0 0.281250 0.943359 0.050000 0.062500
0 0.314063 0.978516 0.050000 0.042969
0 0.312500 0.931641 0.050000 0.062500
0 0.328125 0.957031 0.050000 0.062500
0 0.360938 0.970703 0.050000 0.058594
0 0.356250 0.933594 0.050000 0.062500
0 0.335938 0.931641 0.050000 0.062500
0 0.350000 0.894531 0.050000 0.062500
0 0.392188 0.904297 0.050000 0.062500
0 0.403125 0.937500 0.050000 0.062500
0 0.429688 0.912109 0.050000 0.062500
0 0.460938 0.904297 0.050000 0.062500
0 0.500000 0.904297 0.050000 0.062500
0 0.475000 0.972656 0.050000 0.054688
0 0.431250 0.969727 0.050000 0.060547
0 0.550000 0.960938 0.050000 0.062500
0 0.578125 0.960938 0.050000 0.062500
0 0.576562 0.908203 0.050000 0.062500
0 0.612500 0.898438 0.050000 0.062500
0 0.614062 0.839844 0.050000 0.062500
0 0.623437 0.865234 0.050000 0.062500
0 0.618750 0.777344 0.050000 0.062500
0 0.607812 0.804688 0.050000 0.062500
0 0.640625 0.750000 0.050000 0.062500
0 0.615625 0.710938 0.050000 0.062500
0 0.646875 0.703125 0.050000 0.062500
0 0.656250 0.732422 0.050000 0.062500
0 0.678125 0.796875 0.050000 0.062500
0 0.671875 0.839844 0.050000 0.062500
0 0.678125 0.906250 0.050000 0.062500
0 0.789062 0.849609 0.050000 0.062500
0 0.776563 0.798828 0.050000 0.062500
0 0.775000 0.755859 0.050000 0.062500
0 0.814063 0.748047 0.050000 0.062500
0 0.845313 0.712891 0.050000 0.062500
0 0.640625 0.570312 0.050000 0.062500
0 0.659375 0.548828 0.050000 0.062500
0 0.681250 0.533203 0.050000 0.062500
0 0.721875 0.531250 0.050000 0.062500
0 0.721875 0.496094 0.050000 0.062500
0 0.681250 0.619141 0.050000 0.062500
0 0.651563 0.658203 0.050000 0.062500
0 0.639062 0.480469 0.050000 0.062500
0 0.667188 0.462891 0.050000 0.062500
0 0.693750 0.421875 0.050000 0.062500
0 0.801562 0.443359 0.050000 0.062500
0 0.828125 0.416016 0.050000 0.062500
0 0.860938 0.408203 0.050000 0.062500
0 0.759375 0.365234 0.050000 0.062500
0 0.729688 0.357422 0.050000 0.062500
0 0.889062 0.201172 0.050000 0.062500
0 0.832812 0.193359 0.050000 0.062500
0 0.721875 0.240234 0.050000 0.062500
0 0.710938 0.261719 0.050000 0.062500
0 0.725000 0.296875 0.050000 0.062500
0 0.704688 0.322266 0.050000 0.062500
0 0.675000 0.308594 0.050000 0.062500
0 0.678125 0.246094 0.050000 0.062500
0 0.640625 0.265625 0.050000 0.062500
0 0.639062 0.437500 0.050000 0.062500
0 0.620313 0.386719 0.050000 0.062500
0 0.651563 0.357422 0.050000 0.062500
0 0.631250 0.335938 0.050000 0.062500
0 0.631250 0.298828 0.050000 0.062500
0 0.629687 0.208984 0.050000 0.062500
0 0.651563 0.158203 0.050000 0.062500
0 0.679688 0.132812 0.050000 0.062500
0 0.690625 0.689453 0.050000 0.062500
0 0.803125 0.123047 0.050000 0.062500
0 0.753125 0.117188 0.050000 0.062500
0 0.770312 0.189453 0.050000 0.062500
0 0.765625 0.212891 0.050000 0.062500
0 0.737500 0.201172 0.050000 0.062500
0 0.796875 0.039062 0.050000 0.062500
0 0.770312 0.021484 0.050000 0.042969
0 0.628125 0.125000 0.050000 0.062500
0 0.606250 0.093750 0.050000 0.062500
0 0.646875 0.087891 0.050000 0.062500
0 0.710938 0.080078 0.050000 0.062500
0 0.675000 0.064453 0.050000 0.062500
0 0.700000 0.048828 0.050000 0.062500
0 0.704688 0.132812 0.050000 0.062500
0 0.737500 0.076172 0.050000 0.062500
0 0.831250 0.064453 0.050000 0.062500
0 0.759375 0.279297 0.050000 0.062500
0 0.667188 0.037109 0.050000 0.062500
0 0.690625 0.022461 0.050000 0.044922
0 0.337500 0.132812 0.050000 0.062500
0 0.084375 0.880859 0.050000 0.062500
0 0.540625 0.896484 0.050000 0.062500
0 0.698438 0.755859 0.050000 0.062500
0 0.628125 0.656250 0.050000 0.062500
0 0.679688 0.386719 0.050000 0.062500
0 0.660937 0.402344 0.050000 0.062500
