0 0.440625 0.509766 0.050000 0.062500
0 0.437500 0.496094 0.050000 0.062500
0 0.370312 0.416016 0.050000 0.062500
0 0.350000 0.347656 0.050000 0.062500
0 0.221875 0.507812 0.050000 0.062500
0 0.081250 0.533203 0.050000 0.062500
0 0.056250 0.539062 0.050000 0.062500
0 0.039062 0.509766 0.050000 0.062500
0 0.051562 0.484375 0.050000 0.062500
0 0.037500 0.484375 0.050000 0.062500
0 0.025000 0.500000 0.050000 0.062500
0 0.071875 0.449219 0.050000 0.062500
0 0.065625 0.447266 0.050000 0.062500
0 0.040625 0.562500 0.050000 0.062500
0 0.023438 0.544922 0.046875 0.062500
0 0.029687 0.650391 0.050000 0.062500
0 0.023438 0.650391 0.046875 0.062500
0 0.025000 0.707031 0.050000 0.062500
0 0.013281 0.718750 0.026562 0.062500
0 0.251563 0.757812 0.050000 0.062500
0 0.248438 0.714844 0.050000 0.062500
0 0.215625 0.794922 0.050000 0.062500
0 0.259375 0.812500 0.050000 0.062500
0 0.362500 0.800781 0.050000 0.062500
0 0.385937 0.820312 0.050000 0.062500
0 0.385937 0.925781 0.050000 0.062500
0 0.509375 0.975586 0.050000 0.048828
0 0.498437 0.968750 0.050000 0.062500
0 0.560937 0.964844 0.050000 0.062500
0 0.750000 0.804688 0.050000 0.062500
0 0.804688 0.750000 0.050000 0.062500
0 0.884375 0.708984 0.050000 0.062500
0 0.865625 0.703125 0.050000 0.062500
0 0.800000 0.531250 0.050000 0.062500
0 0.765625 0.529297 0.050000 0.062500
0 0.765625 0.500000 0.050000 0.062500
0 0.793750 0.433594 0.050000 0.062500
0 0.771875 0.441406 0.050000 0.062500
0 0.625000 0.480469 0.050000 0.062500
0 0.531250 0.466797 0.050000 0.062500
0 0.531250 0.568359 0.050000 0.062500
0 0.520312 0.570312 0.050000 0.062500
0 0.637500 0.591797 0.050000 0.062500
0 0.743750 0.386719 0.050000 0.062500
0 0.843750 0.390625 0.050000 0.062500
0 0.870313 0.375000 0.050000 0.062500
0 0.951562 0.574219 0.050000 0.062500
0 0.964063 0.613281 0.050000 0.062500
0 0.964063 0.632812 0.050000 0.062500
0 0.971875 0.646484 0.050000 0.062500
0 0.975781 0.658203 0.048438 0.062500
0 0.970313 0.667969 0.050000 0.062500
0 0.954688 0.693359 0.050000 0.062500
0 0.931250 0.701172 0.050000 0.062500
0 0.918750 0.705078 0.050000 0.062500
0 0.906250 0.710938 0.050000 0.062500
0 0.890625 0.712891 0.050000 0.062500
0 0.895312 0.802734 0.050000 0.062500
0 0.960938 0.781250 0.050000 0.062500
0 0.035937 0.833984 0.050000 0.062500
0 0.022656 0.833984 0.045312 0.062500
