0 0.092188 0.617188 0.050000 0.062500
0 0.106250 0.623047 0.050000 0.062500
0 0.064062 0.628906 0.050000 0.062500
0 0.064062 0.613281 0.050000 0.062500
0 0.059375 0.601562 0.050000 0.062500
0 0.065625 0.556641 0.050000 0.062500
0 0.021875 0.615234 0.043750 0.062500
0 0.016406 0.626953 0.032813 0.062500
0 0.106250 0.544922 0.050000 0.062500
0 0.126562 0.542969 0.050000 0.062500
0 0.170313 0.533203 0.050000 0.062500
0 0.164062 0.519531 0.050000 0.062500
0 0.146875 0.472656 0.050000 0.062500
0 0.118750 0.414062 0.050000 0.062500
0 0.087500 0.408203 0.050000 0.062500
0 0.065625 0.373047 0.050000 0.062500
0 0.071875 0.361328 0.050000 0.062500
0 0.039062 0.337891 0.050000 0.062500
0 0.493750 0.412109 0.050000 0.062500
0 0.456250 0.515625 0.050000 0.062500
0 0.389062 0.439453 0.050000 0.062500
0 0.450000 0.716797 0.050000 0.062500
0 0.456250 0.757812 0.050000 0.062500
0 0.432812 0.798828 0.050000 0.062500
0 0.376563 0.736328 0.050000 0.062500
0 0.221875 0.845703 0.050000 0.062500
0 0.210938 0.837891 0.050000 0.062500
0 0.178125 0.753906 0.050000 0.062500
0 0.206250 0.726562 0.050000 0.062500
0 0.217188 0.732422 0.050000 0.062500
0 0.212500 0.671875 0.050000 0.062500
0 0.212500 0.652344 0.050000 0.062500
0 0.157812 0.732422 0.050000 0.062500
0 0.142187 0.720703 0.050000 0.062500
0 0.117188 0.742188 0.050000 0.062500
0 0.103125 0.720703 0.050000 0.062500
0 0.078125 0.687500 0.050000 0.062500
0 0.078125 0.664062 0.050000 0.062500
0 0.081250 0.650391 0.050000 0.062500
0 0.078125 0.757812 0.050000 0.062500
0 0.048438 0.742188 0.050000 0.062500
0 0.023438 0.748047 0.046875 0.062500
0 0.059375 0.810547 0.050000 0.062500
0 0.704688 0.943359 0.050000 0.062500
0 0.750000 0.976562 0.050000 0.046875
0 0.643750 0.820312 0.050000 0.062500
0 0.626563 0.802734 0.050000 0.062500
0 0.526563 0.798828 0.050000 0.062500
0 0.695312 0.542969 0.050000 0.062500
0 0.675000 0.552734 0.050000 0.062500
0 0.675000 0.517578 0.050000 0.062500
0 0.710938 0.464844 0.050000 0.062500
0 0.878125 0.478516 0.050000 0.062500
0 0.901563 0.492188 0.050000 0.062500
0 0.915625 0.509766 0.050000 0.062500
0 0.950000 0.515625 0.050000 0.062500
0 0.948438 0.500000 0.050000 0.062500
0 0.975781 0.431641 0.048438 0.062500
0 0.965625 0.427734 0.050000 0.062500
0 0.928125 0.388672 0.050000 0.062500
0 0.845313 0.541016 0.050000 0.062500
0 0.800000 0.582031 0.050000 0.062500
