0 0.315625 0.625000 0.050000 0.062500
0 0.301563 0.654297 0.050000 0.062500
0 0.292187 0.630859 0.050000 0.062500
0 0.284375 0.619141 0.050000 0.062500
0 0.285938 0.595703 0.050000 0.062500
0 0.290625 0.578125 0.050000 0.062500
0 0.314063 0.580078 0.050000 0.062500
0 0.332813 0.568359 0.050000 0.062500
0 0.356250 0.560547 0.050000 0.062500
0 0.320312 0.535156 0.050000 0.062500
0 0.117188 0.441406 0.050000 0.062500
0 0.104688 0.441406 0.050000 0.062500
0 0.104688 0.427734 0.050000 0.062500
0 0.075000 0.388672 0.050000 0.062500
0 0.073438 0.361328 0.050000 0.062500
0 0.096875 0.347656 0.050000 0.062500
0 0.062500 0.382812 0.050000 0.062500
0 0.048438 0.378906 0.050000 0.062500
0 0.035937 0.421875 0.050000 0.062500
0 0.054688 0.509766 0.050000 0.062500
0 0.054688 0.533203 0.050000 0.062500
0 0.042188 0.554688 0.050000 0.062500
0 0.029687 0.554688 0.050000 0.062500
0 0.021875 0.550781 0.043750 0.062500
0 0.023438 0.851562 0.046875 0.062500
0 0.121875 0.785156 0.050000 0.062500
0 0.118750 0.763672 0.050000 0.062500
0 0.123438 0.750000 0.050000 0.062500
0 0.192188 0.810547 0.050000 0.062500
0 0.198437 0.822266 0.050000 0.062500
0 0.217188 0.810547 0.050000 0.062500
0 0.207813 0.792969 0.050000 0.062500
0 0.207813 0.867188 0.050000 0.062500
0 0.250000 0.839844 0.050000 0.062500
0 0.310937 0.818359 0.050000 0.062500
0 0.278125 0.771484 0.050000 0.062500
0 0.265625 0.771484 0.050000 0.062500
0 0.303125 0.707031 0.050000 0.062500
0 0.312500 0.685547 0.050000 0.062500
0 0.307812 0.671875 0.050000 0.062500
0 0.285938 0.705078 0.050000 0.062500
0 0.248438 0.625000 0.050000 0.062500
0 0.215625 0.609375 0.050000 0.062500
0 0.143750 0.570312 0.050000 0.062500
0 0.337500 0.660156 0.050000 0.062500
0 0.345313 0.660156 0.050000 0.062500
0 0.307812 0.785156 0.050000 0.062500
0 0.325000 0.740234 0.050000 0.062500
0 0.415625 0.748047 0.050000 0.062500
0 0.390625 0.755859 0.050000 0.062500
0 0.426563 0.736328 0.050000 0.062500
0 0.454688 0.724609 0.050000 0.062500
0 0.457813 0.691406 0.050000 0.062500
0 0.448437 0.667969 0.050000 0.062500
0 0.434375 0.679688 0.050000 0.062500
0 0.389062 0.664062 0.050000 0.062500
0 0.396875 0.539062 0.050000 0.062500
0 0.360938 0.439453 0.050000 0.062500
0 0.345313 0.408203 0.050000 0.062500
0 0.325000 0.386719 0.050000 0.062500
0 0.317188 0.375000 0.050000 0.062500
0 0.298438 0.359375 0.050000 0.062500
0 0.290625 0.423828 0.050000 0.062500
0 0.320312 0.406250 0.050000 0.062500
0 0.337500 0.435547 0.050000 0.062500
0 0.326562 0.429688 0.050000 0.062500
0 0.242188 0.382812 0.050000 0.062500
0 0.292187 0.281250 0.050000 0.062500
0 0.673438 0.423828 0.050000 0.062500
0 0.873437 0.375000 0.050000 0.062500
0 0.879687 0.394531 0.050000 0.062500
0 0.926562 0.492188 0.050000 0.062500
0 0.946875 0.509766 0.050000 0.062500
0 0.873437 0.570312 0.050000 0.062500
0 0.862500 0.560547 0.050000 0.062500
0 0.704688 0.769531 0.050000 0.062500
0 0.675000 0.808594 0.050000 0.062500
0 0.701562 0.822266 0.050000 0.062500
0 0.825000 0.792969 0.050000 0.062500
0 0.923438 0.816406 0.050000 0.062500
0 0.881250 0.964844 0.050000 0.062500
0 0.715625 0.927734 0.050000 0.062500
0 0.475000 0.861328 0.050000 0.062500
0 0.453125 0.857422 0.050000 0.062500
0 0.468750 0.777344 0.050000 0.062500
0 0.739062 0.525391 0.050000 0.062500
0 0.473438 0.445312 0.050000 0.062500
0 0.417187 0.482422 0.050000 0.062500
0 0.460938 0.507812 0.050000 0.062500
0 0.501563 0.515625 0.050000 0.062500
0 0.456250 0.558594 0.050000 0.062500
0 0.432812 0.558594 0.050000 0.062500
