0 0.150000 0.335938 0.050000 0.062500
0 0.120313 0.347656 0.050000 0.062500
0 0.114062 0.371094 0.050000 0.062500
0 0.098437 0.371094 0.050000 0.062500
0 0.129688 0.558594 0.050000 0.062500
0 0.114062 0.556641 0.050000 0.062500
0 0.093750 0.552734 0.050000 0.062500
0 0.143750 0.552734 0.050000 0.062500
0 0.151562 0.537109 0.050000 0.062500
0 0.151562 0.501953 0.050000 0.062500
0 0.251563 0.429688 0.050000 0.062500
0 0.137500 0.427734 0.050000 0.062500
0 0.406250 0.537109 0.050000 0.062500
0 0.426563 0.539062 0.050000 0.062500
0 0.426563 0.560547 0.050000 0.062500
0 0.420312 0.580078 0.050000 0.062500
0 0.393750 0.585938 0.050000 0.062500
0 0.392188 0.607422 0.050000 0.062500
0 0.385937 0.619141 0.050000 0.062500
0 0.401562 0.640625 0.050000 0.062500
0 0.385937 0.644531 0.050000 0.062500
0 0.396875 0.630859 0.050000 0.062500
0 0.345313 0.632812 0.050000 0.062500
0 0.340625 0.640625 0.050000 0.062500
0 0.318750 0.617188 0.050000 0.062500
0 0.243750 0.574219 0.050000 0.062500
0 0.148438 0.623047 0.050000 0.062500
0 0.026562 0.628906 0.050000 0.062500
0 0.026562 0.640625 0.050000 0.062500
0 0.068750 0.763672 0.050000 0.062500
0 0.064062 0.869141 0.050000 0.062500
0 0.032813 0.937500 0.050000 0.062500
0 0.014063 0.953125 0.028125 0.062500
0 0.212500 0.771484 0.050000 0.062500
0 0.232813 0.753906 0.050000 0.062500
0 0.221875 0.781250 0.050000 0.062500
0 0.225000 0.808594 0.050000 0.062500
0 0.314063 0.826172 0.050000 0.062500
0 0.323437 0.816406 0.050000 0.062500
0 0.315625 0.791016 0.050000 0.062500
0 0.292187 0.802734 0.050000 0.062500
0 0.304688 0.861328 0.050000 0.062500
0 0.356250 0.867188 0.050000 0.062500
0 0.390625 0.775391 0.050000 0.062500
0 0.373437 0.781250 0.050000 0.062500
0 0.389062 0.707031 0.050000 0.062500
0 0.384375 0.724609 0.050000 0.062500
0 0.393750 0.710938 0.050000 0.062500
0 0.406250 0.654297 0.050000 0.062500
0 0.415625 0.673828 0.050000 0.062500
0 0.418750 0.695312 0.050000 0.062500
0 0.412500 0.710938 0.050000 0.062500
0 0.429688 0.630859 0.050000 0.062500
0 0.434375 0.562500 0.050000 0.062500
0 0.460938 0.556641 0.050000 0.062500
0 0.545312 0.531250 0.050000 0.062500
0 0.534375 0.556641 0.050000 0.062500
0 0.564063 0.560547 0.050000 0.062500
0 0.568750 0.494141 0.050000 0.062500
0 0.576562 0.462891 0.050000 0.062500
0 0.489063 0.457031 0.050000 0.062500
0 0.475000 0.421875 0.050000 0.062500
0 0.459375 0.357422 0.050000 0.062500
0 0.396875 0.414062 0.050000 0.062500
0 0.342187 0.386719 0.050000 0.062500
0 0.396875 0.166016 0.050000 0.062500
0 0.429688 0.425781 0.050000 0.062500
0 0.457813 0.455078 0.050000 0.062500
0 0.718750 0.427734 0.050000 0.062500
0 0.615625 0.509766 0.050000 0.062500
0 0.612500 0.541016 0.050000 0.062500
0 0.629687 0.546875 0.050000 0.062500
0 0.568750 0.687500 0.050000 0.062500
0 0.559375 0.675781 0.050000 0.062500
0 0.550000 0.679688 0.050000 0.062500
0 0.501563 0.658203 0.050000 0.062500
0 0.459375 0.654297 0.050000 0.062500
0 0.434375 0.656250 0.050000 0.062500
0 0.448437 0.623047 0.050000 0.062500
0 0.482812 0.763672 0.050000 0.062500
0 0.484375 0.738281 0.050000 0.062500
0 0.503125 0.757812 0.050000 0.062500
0 0.528125 0.751953 0.050000 0.062500
0 0.540625 0.734375 0.050000 0.062500
0 0.546875 0.753906 0.050000 0.062500
0 0.571875 0.734375 0.050000 0.062500
0 0.575000 0.748047 0.050000 0.062500
0 0.642188 0.763672 0.050000 0.062500
0 0.645312 0.748047 0.050000 0.062500
0 0.637500 0.748047 0.050000 0.062500
0 0.585938 0.865234 0.050000 0.062500
0 0.567187 0.869141 0.050000 0.062500
0 0.553125 0.898438 0.050000 0.062500
0 0.817187 0.820312 0.050000 0.062500
0 0.840625 0.828125 0.050000 0.062500
0 0.846875 0.847656 0.050000 0.062500
0 0.803125 0.771484 0.050000 0.062500
0 0.978906 0.759766 0.042188 0.062500
0 0.926562 0.566406 0.050000 0.062500
0 0.893750 0.521484 0.050000 0.062500
0 0.920312 0.971680 0.050000 0.056641
