0 0.059375 0.347656 0.050000 0.062500
0 0.064062 0.328125 0.050000 0.062500
0 0.084375 0.302734 0.050000 0.062500
0 0.095312 0.310547 0.050000 0.062500
0 0.265625 0.341797 0.050000 0.062500
0 0.273438 0.357422 0.050000 0.062500
0 0.264062 0.351562 0.050000 0.062500
0 0.281250 0.355469 0.050000 0.062500
0 0.267188 0.375000 0.050000 0.062500
0 0.260937 0.361328 0.050000 0.062500
0 0.246875 0.361328 0.050000 0.062500
0 0.295312 0.337891 0.050000 0.062500
0 0.339062 0.433594 0.050000 0.062500
0 0.348438 0.498047 0.050000 0.062500
0 0.348438 0.509766 0.050000 0.062500
0 0.359375 0.513672 0.050000 0.062500
0 0.360938 0.544922 0.050000 0.062500
0 0.346875 0.564453 0.050000 0.062500
0 0.334375 0.566406 0.050000 0.062500
0 0.323437 0.566406 0.050000 0.062500
0 0.293750 0.564453 0.050000 0.062500
0 0.259375 0.623047 0.050000 0.062500
0 0.248438 0.626953 0.050000 0.062500
0 0.070312 0.791016 0.050000 0.062500
0 0.142187 0.865234 0.050000 0.062500
0 0.129688 0.914062 0.050000 0.062500
0 0.218750 0.904297 0.050000 0.062500
0 0.195312 0.923828 0.050000 0.062500
0 0.282813 0.777344 0.050000 0.062500
0 0.443750 0.828125 0.050000 0.062500
0 0.431250 0.785156 0.050000 0.062500
0 0.439063 0.765625 0.050000 0.062500
0 0.520312 0.816406 0.050000 0.062500
0 0.532813 0.832031 0.050000 0.062500
0 0.545312 0.828125 0.050000 0.062500
0 0.545312 0.808594 0.050000 0.062500
0 0.475000 0.875000 0.050000 0.062500
0 0.620313 0.869141 0.050000 0.062500
0 0.651563 0.835938 0.050000 0.062500
0 0.632812 0.794922 0.050000 0.062500
0 0.610938 0.775391 0.050000 0.062500
0 0.590625 0.789062 0.050000 0.062500
0 0.603125 0.718750 0.050000 0.062500
0 0.607812 0.736328 0.050000 0.062500
0 0.614062 0.726562 0.050000 0.062500
0 0.631250 0.720703 0.050000 0.062500
0 0.634375 0.703125 0.050000 0.062500
0 0.637500 0.687500 0.050000 0.062500
0 0.625000 0.667969 0.050000 0.062500
0 0.618750 0.650391 0.050000 0.062500
0 0.610938 0.638672 0.050000 0.062500
0 0.598437 0.638672 0.050000 0.062500
0 0.604688 0.666016 0.050000 0.062500
0 0.606250 0.687500 0.050000 0.062500
0 0.559375 0.660156 0.050000 0.062500
0 0.559375 0.644531 0.050000 0.062500
0 0.537500 0.630859 0.050000 0.062500
0 0.453125 0.582031 0.050000 0.062500
0 0.498437 0.455078 0.050000 0.062500
0 0.498437 0.437500 0.050000 0.062500
0 0.546875 0.390625 0.050000 0.062500
0 0.595313 0.406250 0.050000 0.062500
0 0.698438 0.445312 0.050000 0.062500
0 0.706250 0.466797 0.050000 0.062500
0 0.681250 0.472656 0.050000 0.062500
0 0.717187 0.371094 0.050000 0.062500
0 0.781250 0.460938 0.050000 0.062500
0 0.760938 0.533203 0.050000 0.062500
0 0.748437 0.525391 0.050000 0.062500
0 0.750000 0.574219 0.050000 0.062500
0 0.667188 0.562500 0.050000 0.062500
0 0.654687 0.572266 0.050000 0.062500
0 0.639062 0.566406 0.050000 0.062500
0 0.612500 0.544922 0.050000 0.062500
0 0.631250 0.548828 0.050000 0.062500
0 0.817187 0.503906 0.050000 0.062500
0 0.865625 0.429688 0.050000 0.062500
0 0.925000 0.462891 0.050000 0.062500
0 0.932813 0.564453 0.050000 0.062500
0 0.873437 0.527344 0.050000 0.062500
0 0.865625 0.578125 0.050000 0.062500
0 0.923438 0.720703 0.050000 0.062500
0 0.950000 0.755859 0.050000 0.062500
0 0.915625 0.800781 0.050000 0.062500
0 0.809375 0.873047 0.050000 0.062500
0 0.792188 0.878906 0.050000 0.062500
0 0.784375 0.742188 0.050000 0.062500
0 0.785937 0.703125 0.050000 0.062500
0 0.778125 0.681641 0.050000 0.062500
0 0.764062 0.683594 0.050000 0.062500
0 0.759375 0.703125 0.050000 0.062500
0 0.726562 0.660156 0.050000 0.062500
0 0.665625 0.667969 0.050000 0.062500
0 0.646875 0.638672 0.050000 0.062500
0 0.657813 0.636719 0.050000 0.062500
0 0.654687 0.664062 0.050000 0.062500
0 0.657813 0.740234 0.050000 0.062500
0 0.651563 0.738281 0.050000 0.062500
0 0.665625 0.726562 0.050000 0.062500
0 0.703125 0.765625 0.050000 0.062500
0 0.717187 0.761719 0.050000 0.062500
0 0.748437 0.755859 0.050000 0.062500
0 0.771875 0.763672 0.050000 0.062500
0 0.759375 0.738281 0.050000 0.062500
0 0.726562 0.890625 0.050000 0.062500
0 0.667188 0.916016 0.050000 0.062500
0 0.667188 0.845703 0.050000 0.062500
0 0.871875 0.308594 0.050000 0.062500
0 0.885938 0.308594 0.050000 0.062500
