0 0.743750 0.365234 0.050000 0.062500
0 0.728125 0.363281 0.050000 0.062500
0 0.703125 0.351562 0.050000 0.062500
0 0.735938 0.351562 0.050000 0.062500
0 0.778125 0.332031 0.050000 0.062500
0 0.771875 0.357422 0.050000 0.062500
0 0.776563 0.455078 0.050000 0.062500
0 0.979688 0.351562 0.040625 0.062500
0 0.590625 0.343750 0.050000 0.062500
0 0.582812 0.335938 0.050000 0.062500
0 0.118750 0.343750 0.050000 0.062500
0 0.829688 0.417969 0.050000 0.062500
0 0.665625 0.417969 0.050000 0.062500
0 0.654687 0.427734 0.050000 0.062500
0 0.543750 0.636719 0.050000 0.062500
0 0.540625 0.781250 0.050000 0.062500
0 0.535937 0.800781 0.050000 0.062500
0 0.051562 0.949219 0.050000 0.062500
0 0.132812 0.835938 0.050000 0.062500
0 0.140625 0.580078 0.050000 0.062500
0 0.145313 0.560547 0.050000 0.062500
0 0.378125 0.570312 0.050000 0.062500
0 0.864062 0.835938 0.050000 0.062500
0 0.835938 0.828125 0.050000 0.062500
0 0.854688 0.806641 0.050000 0.062500
0 0.723437 0.876953 0.050000 0.062500
0 0.709375 0.871094 0.050000 0.062500
0 0.610938 0.904297 0.050000 0.062500
0 0.437500 0.914062 0.050000 0.062500
0 0.429688 0.921875 0.050000 0.062500
0 0.793750 0.925781 0.050000 0.062500
0 0.979688 0.906250 0.040625 0.062500
