0 0.689063 0.449219 0.050000 0.062500
0 0.685937 0.427734 0.050000 0.062500
0 0.779687 0.441406 0.050000 0.062500
0 0.790625 0.451172 0.050000 0.062500
0 0.815625 0.449219 0.050000 0.062500
0 0.810937 0.437500 0.050000 0.062500
0 0.868750 0.423828 0.050000 0.062500
0 0.734375 0.498047 0.050000 0.062500
0 0.787500 0.558594 0.050000 0.062500
0 0.629687 0.667969 0.050000 0.062500
0 0.620313 0.658203 0.050000 0.062500
0 0.796875 0.875000 0.050000 0.062500
0 0.468750 0.976562 0.050000 0.046875
0 0.385937 0.933594 0.050000 0.062500
0 0.660937 0.976562 0.050000 0.046875
0 0.376563 0.669922 0.050000 0.062500
0 0.381250 0.652344 0.050000 0.062500
0 0.896875 0.503906 0.050000 0.062500
0 0.904687 0.501953 0.050000 0.062500
0 0.045312 0.576172 0.050000 0.062500
0 0.070312 0.566406 0.050000 0.062500
0 0.196875 0.421875 0.050000 0.062500
