0 0.204687 0.564453 0.050000 0.062500
0 0.228125 0.556641 0.050000 0.062500
0 0.220312 0.583984 0.050000 0.062500
0 0.881250 0.414062 0.050000 0.062500
0 0.773438 0.431641 0.050000 0.062500
0 0.781250 0.443359 0.050000 0.062500
0 0.867188 0.447266 0.050000 0.062500
0 0.859375 0.439453 0.050000 0.062500
0 0.887500 0.431641 0.050000 0.062500
0 0.951562 0.417969 0.050000 0.062500
0 0.865625 0.488281 0.050000 0.062500
0 0.860938 0.488281 0.050000 0.062500
0 0.920312 0.546875 0.050000 0.062500
0 0.759375 0.644531 0.050000 0.062500
0 0.940625 0.861328 0.050000 0.062500
0 0.878125 0.974609 0.050000 0.050781
0 0.779687 0.970703 0.050000 0.058594
0 0.768750 0.977539 0.050000 0.044922
0 0.667188 0.781250 0.050000 0.062500
0 0.517188 0.667969 0.050000 0.062500
0 0.520312 0.646484 0.050000 0.062500
0 0.271875 0.410156 0.050000 0.062500
0 0.589063 0.474609 0.050000 0.062500
