0 0.021094 0.503906 0.042188 0.062500
0 0.024219 0.742188 0.048438 0.062500
0 0.014063 0.695312 0.028125 0.062500
0 0.015625 0.640625 0.031250 0.062500
0 0.915625 0.421875 0.050000 0.062500
0 0.926562 0.437500 0.050000 0.062500
0 0.981250 0.457031 0.037500 0.062500
0 0.976562 0.449219 0.046875 0.062500
0 0.454688 0.513672 0.050000 0.062500
0 0.440625 0.515625 0.050000 0.062500
0 0.285938 0.648438 0.050000 0.062500
0 0.275000 0.644531 0.050000 0.062500
0 0.762500 0.628906 0.050000 0.062500
0 0.759375 0.658203 0.050000 0.062500
0 0.528125 0.583984 0.050000 0.062500
0 0.517188 0.562500 0.050000 0.062500
