0 0.140625 0.744141 0.050000 0.062500
0 0.128125 0.712891 0.050000 0.062500
0 0.098437 0.742188 0.050000 0.062500
0 0.060937 0.720703 0.050000 0.062500
0 0.039062 0.687500 0.050000 0.062500
0 0.087500 0.603516 0.050000 0.062500
0 0.101562 0.671875 0.050000 0.062500
0 0.078125 0.695312 0.050000 0.062500
0 0.096875 0.683594 0.050000 0.062500
0 0.092188 0.527344 0.050000 0.062500
0 0.131250 0.521484 0.050000 0.062500
0 0.067187 0.460938 0.050000 0.062500
0 0.062500 0.472656 0.050000 0.062500
0 0.017969 0.515625 0.035937 0.062500
0 0.576562 0.515625 0.050000 0.062500
0 0.565625 0.517578 0.050000 0.062500
0 0.984375 0.431641 0.031250 0.062500
0 0.982031 0.419922 0.035937 0.062500
0 0.882812 0.654297 0.050000 0.062500
0 0.882812 0.636719 0.050000 0.062500
0 0.420312 0.623047 0.050000 0.062500
0 0.409375 0.617188 0.050000 0.062500
0 0.684375 0.587891 0.050000 0.062500
0 0.681250 0.556641 0.050000 0.062500
