0 0.160938 0.761719 0.050000 0.062500
0 0.170313 0.738281 0.050000 0.062500
0 0.145313 0.703125 0.050000 0.062500
0 0.137500 0.691406 0.050000 0.062500
0 0.125000 0.691406 0.050000 0.062500
0 0.028125 0.662109 0.050000 0.062500
0 0.173437 0.470703 0.050000 0.062500
0 0.173437 0.421875 0.050000 0.062500
0 0.198437 0.443359 0.050000 0.062500
0 0.190625 0.464844 0.050000 0.062500
0 0.193750 0.480469 0.050000 0.062500
0 0.246875 0.576172 0.050000 0.062500
0 0.218750 0.587891 0.050000 0.062500
0 0.275000 0.673828 0.050000 0.062500
0 0.295312 0.689453 0.050000 0.062500
0 0.287500 0.748047 0.050000 0.062500
0 0.335938 0.710938 0.050000 0.062500
0 0.312500 0.662109 0.050000 0.062500
0 0.378125 0.699219 0.050000 0.062500
0 0.371875 0.728516 0.050000 0.062500
0 0.342187 0.750000 0.050000 0.062500
0 0.390625 0.746094 0.050000 0.062500
0 0.407813 0.761719 0.050000 0.062500
0 0.418750 0.765625 0.050000 0.062500
0 0.392188 0.583984 0.050000 0.062500
0 0.217188 0.763672 0.050000 0.062500
0 0.193750 0.771484 0.050000 0.062500
0 0.242188 0.751953 0.050000 0.062500
0 0.237500 0.685547 0.050000 0.062500
0 0.721875 0.607422 0.050000 0.062500
0 0.721875 0.589844 0.050000 0.062500
0 0.475000 0.628906 0.050000 0.062500
0 0.965625 0.552734 0.050000 0.062500
0 0.975000 0.580078 0.050000 0.062500
0 0.982031 0.568359 0.035937 0.062500
