0 0.323437 0.208984 0.050000 0.062500
0 0.368750 0.185547 0.050000 0.062500
0 0.396875 0.246094 0.050000 0.062500
0 0.431250 0.234375 0.050000 0.062500
0 0.459375 0.152344 0.050000 0.062500
0 0.493750 0.212891 0.050000 0.062500
0 0.546875 0.226562 0.050000 0.062500
0 0.576562 0.154297 0.050000 0.062500
0 0.595313 0.201172 0.050000 0.062500
0 0.603125 0.271484 0.050000 0.062500
0 0.642188 0.314453 0.050000 0.062500
0 0.662500 0.353516 0.050000 0.062500
0 0.684375 0.386719 0.050000 0.062500
0 0.732812 0.431641 0.050000 0.062500
0 0.753125 0.462891 0.050000 0.062500
0 0.687500 0.482422 0.050000 0.062500
0 0.675000 0.437500 0.050000 0.062500
0 0.645312 0.421875 0.050000 0.062500
0 0.637500 0.363281 0.050000 0.062500
0 0.600000 0.347656 0.050000 0.062500
0 0.600000 0.396484 0.050000 0.062500
0 0.612500 0.433594 0.050000 0.062500
0 0.645312 0.468750 0.050000 0.062500
0 0.654687 0.492188 0.050000 0.062500
0 0.685937 0.509766 0.050000 0.062500
0 0.710938 0.564453 0.050000 0.062500
0 0.710938 0.609375 0.050000 0.062500
0 0.689063 0.583984 0.050000 0.062500
0 0.684375 0.615234 0.050000 0.062500
0 0.643750 0.570312 0.050000 0.062500
0 0.656250 0.539062 0.050000 0.062500
0 0.632812 0.535156 0.050000 0.062500
0 0.625000 0.517578 0.050000 0.062500
0 0.614062 0.476562 0.050000 0.062500
0 0.596875 0.460938 0.050000 0.062500
0 0.578125 0.449219 0.050000 0.062500
0 0.557813 0.513672 0.050000 0.062500
0 0.596875 0.509766 0.050000 0.062500
0 0.254688 0.082031 0.050000 0.062500
0 0.226562 0.048828 0.050000 0.062500
0 0.171875 0.083984 0.050000 0.062500
0 0.078125 0.119141 0.050000 0.062500
0 0.118750 0.136719 0.050000 0.062500
0 0.150000 0.164062 0.050000 0.062500
0 0.187500 0.199219 0.050000 0.062500
0 0.217188 0.246094 0.050000 0.062500
0 0.257812 0.203125 0.050000 0.062500
0 0.146875 0.218750 0.050000 0.062500
0 0.139063 0.261719 0.050000 0.062500
0 0.059375 0.240234 0.050000 0.062500
0 0.104688 0.267578 0.050000 0.062500
0 0.017188 0.179688 0.034375 0.062500
0 0.014063 0.226562 0.028125 0.062500
0 0.037500 0.347656 0.050000 0.062500
0 0.014844 0.328125 0.029687 0.062500
0 0.067187 0.310547 0.050000 0.062500
0 0.115625 0.322266 0.050000 0.062500
0 0.093750 0.337891 0.050000 0.062500
0 0.134375 0.341797 0.050000 0.062500
0 0.159375 0.316406 0.050000 0.062500
0 0.190625 0.318359 0.050000 0.062500
0 0.204687 0.287109 0.050000 0.062500
0 0.243750 0.316406 0.050000 0.062500
0 0.264062 0.291016 0.050000 0.062500
0 0.281250 0.304688 0.050000 0.062500
0 0.318750 0.328125 0.050000 0.062500
0 0.296875 0.251953 0.050000 0.062500
0 0.334375 0.253906 0.050000 0.062500
0 0.339062 0.291016 0.050000 0.062500
0 0.353125 0.322266 0.050000 0.062500
0 0.376563 0.343750 0.050000 0.062500
0 0.395313 0.310547 0.050000 0.062500
0 0.395313 0.359375 0.050000 0.062500
0 0.425000 0.318359 0.050000 0.062500
0 0.451562 0.294922 0.050000 0.062500
0 0.465625 0.330078 0.050000 0.062500
0 0.484375 0.285156 0.050000 0.062500
0 0.476562 0.253906 0.050000 0.062500
0 0.521875 0.289062 0.050000 0.062500
0 0.507812 0.320312 0.050000 0.062500
0 0.534375 0.326172 0.050000 0.062500
0 0.551562 0.355469 0.050000 0.062500
0 0.520312 0.369141 0.050000 0.062500
0 0.490625 0.349609 0.050000 0.062500
0 0.543750 0.406250 0.050000 0.062500
0 0.646875 0.599609 0.050000 0.062500
0 0.667188 0.638672 0.050000 0.062500
0 0.698438 0.664062 0.050000 0.062500
0 0.696875 0.705078 0.050000 0.062500
0 0.729688 0.660156 0.050000 0.062500
0 0.743750 0.716797 0.050000 0.062500
0 0.820312 0.746094 0.050000 0.062500
0 0.785937 0.787109 0.050000 0.062500
0 0.734375 0.808594 0.050000 0.062500
0 0.710938 0.759766 0.050000 0.062500
0 0.729688 0.859375 0.050000 0.062500
0 0.718750 0.917969 0.050000 0.062500
0 0.726562 0.955078 0.050000 0.062500
0 0.756250 0.971680 0.050000 0.056641
0 0.684375 0.972656 0.050000 0.054688
0 0.684375 0.804688 0.050000 0.062500
0 0.659375 0.767578 0.050000 0.062500
0 0.667188 0.718750 0.050000 0.062500
0 0.646875 0.697266 0.050000 0.062500
0 0.670312 0.673828 0.050000 0.062500
0 0.617188 0.658203 0.050000 0.062500
0 0.643750 0.644531 0.050000 0.062500
0 0.629687 0.609375 0.050000 0.062500
0 0.590625 0.593750 0.050000 0.062500
0 0.592187 0.552734 0.050000 0.062500
0 0.559375 0.566406 0.050000 0.062500
0 0.562500 0.603516 0.050000 0.062500
0 0.370312 0.464844 0.050000 0.062500
0 0.395313 0.470703 0.050000 0.062500
0 0.428125 0.486328 0.050000 0.062500
0 0.464062 0.455078 0.050000 0.062500
0 0.434375 0.439453 0.050000 0.062500
0 0.468750 0.416016 0.050000 0.062500
0 0.478125 0.382812 0.050000 0.062500
0 0.443750 0.384766 0.050000 0.062500
0 0.421875 0.388672 0.050000 0.062500
0 0.442188 0.361328 0.050000 0.062500
0 0.373437 0.382812 0.050000 0.062500
0 0.401562 0.408203 0.050000 0.062500
0 0.315625 0.388672 0.050000 0.062500
0 0.317188 0.427734 0.050000 0.062500
0 0.335938 0.398438 0.050000 0.062500
0 0.339062 0.470703 0.050000 0.062500
0 0.345313 0.431641 0.050000 0.062500
0 0.164062 0.359375 0.050000 0.062500
0 0.142187 0.369141 0.050000 0.062500
0 0.118750 0.406250 0.050000 0.062500
0 0.090625 0.400391 0.050000 0.062500
0 0.053125 0.412109 0.050000 0.062500
0 0.032813 0.396484 0.050000 0.062500
0 0.253125 0.345703 0.050000 0.062500
0 0.234375 0.361328 0.050000 0.062500
0 0.220312 0.380859 0.050000 0.062500
0 0.248438 0.396484 0.050000 0.062500
0 0.225000 0.417969 0.050000 0.062500
0 0.242188 0.449219 0.050000 0.062500
0 0.201563 0.410156 0.050000 0.062500
0 0.517188 0.410156 0.050000 0.062500
0 0.501563 0.392578 0.050000 0.062500
0 0.589063 0.375000 0.050000 0.062500
0 0.571875 0.396484 0.050000 0.062500
0 0.573438 0.484375 0.050000 0.062500
0 0.525000 0.494141 0.050000 0.062500
0 0.117188 0.468750 0.050000 0.062500
0 0.178125 0.460938 0.050000 0.062500
0 0.150000 0.435547 0.050000 0.062500
0 0.176563 0.396484 0.050000 0.062500
0 0.651563 0.960938 0.050000 0.062500
0 0.656250 0.929688 0.050000 0.062500
0 0.853125 0.857422 0.050000 0.062500
0 0.609375 0.916016 0.050000 0.062500
0 0.598437 0.884766 0.050000 0.062500
0 0.592187 0.814453 0.050000 0.062500
0 0.620313 0.800781 0.050000 0.062500
0 0.607812 0.722656 0.050000 0.062500
0 0.629687 0.738281 0.050000 0.062500
0 0.592187 0.673828 0.050000 0.062500
0 0.018750 0.673828 0.037500 0.062500
0 0.035937 0.679688 0.050000 0.062500
0 0.016406 0.710938 0.032813 0.062500
0 0.032813 0.732422 0.050000 0.062500
0 0.056250 0.935547 0.050000 0.062500
0 0.056250 0.900391 0.050000 0.062500
0 0.042188 0.857422 0.050000 0.062500
0 0.015625 0.806641 0.031250 0.062500
0 0.014844 0.761719 0.029687 0.062500
0 0.018750 0.619141 0.037500 0.062500
0 0.017188 0.640625 0.034375 0.062500
0 0.037500 0.531250 0.050000 0.062500
0 0.062500 0.546875 0.050000 0.062500
0 0.081250 0.515625 0.050000 0.062500
0 0.073438 0.476562 0.050000 0.062500
0 0.026562 0.482422 0.050000 0.062500
0 0.048438 0.457031 0.050000 0.062500
0 0.035937 0.433594 0.050000 0.062500
0 0.019531 0.443359 0.039062 0.062500
0 0.145313 0.494141 0.050000 0.062500
0 0.495312 0.464844 0.050000 0.062500
0 0.626563 0.847656 0.050000 0.062500
0 0.014844 0.863281 0.029687 0.062500
0 0.534375 0.441406 0.050000 0.062500
0 0.550000 0.460938 0.050000 0.062500
0 0.545312 0.480469 0.050000 0.062500
0 0.656250 0.857422 0.050000 0.062500
0 0.292187 0.390625 0.050000 0.062500
0 0.295312 0.349609 0.050000 0.062500
0 0.268750 0.363281 0.050000 0.062500
0 0.275000 0.437500 0.050000 0.062500
0 0.304688 0.458984 0.050000 0.062500
0 0.304688 0.425781 0.050000 0.062500
0 0.354687 0.378906 0.050000 0.062500
0 0.368750 0.423828 0.050000 0.062500
0 0.332813 0.351562 0.050000 0.062500
0 0.567187 0.302734 0.050000 0.062500
0 0.568750 0.337891 0.050000 0.062500
0 0.573438 0.423828 0.050000 0.062500
0 0.620313 0.585938 0.050000 0.062500
0 0.637500 0.769531 0.050000 0.062500
0 0.642188 0.798828 0.050000 0.062500
0 0.662500 0.791016 0.050000 0.062500
0 0.664062 0.812500 0.050000 0.062500
0 0.684375 0.832031 0.050000 0.062500
0 0.706250 0.841797 0.050000 0.062500
0 0.690625 0.867188 0.050000 0.062500
0 0.689063 0.921875 0.050000 0.062500
0 0.693750 0.943359 0.050000 0.062500
0 0.709375 0.902344 0.050000 0.062500
0 0.035937 0.927734 0.050000 0.062500
0 0.067187 0.363281 0.050000 0.062500
0 0.075000 0.427734 0.050000 0.062500
0 0.110937 0.427734 0.050000 0.062500
0 0.114062 0.382812 0.050000 0.062500
0 0.200000 0.355469 0.050000 0.062500
0 0.220312 0.335938 0.050000 0.062500
0 0.554688 0.026367 0.050000 0.052734
