0 0.221875 0.384766 0.050000 0.062500
0 0.223438 0.453125 0.050000 0.062500
0 0.295312 0.492188 0.050000 0.062500
0 0.065625 0.712891 0.050000 0.062500
0 0.054688 0.775391 0.050000 0.062500
0 0.085938 0.763672 0.050000 0.062500
0 0.106250 0.750000 0.050000 0.062500
0 0.101562 0.769531 0.050000 0.062500
0 0.231250 0.751953 0.050000 0.062500
0 0.218750 0.740234 0.050000 0.062500
0 0.259375 0.759766 0.050000 0.062500
0 0.265625 0.742188 0.050000 0.062500
0 0.304688 0.767578 0.050000 0.062500
0 0.292187 0.785156 0.050000 0.062500
0 0.373437 0.691406 0.050000 0.062500
0 0.289062 0.566406 0.050000 0.062500
0 0.267188 0.585938 0.050000 0.062500
0 0.321875 0.500000 0.050000 0.062500
0 0.525000 0.726562 0.050000 0.062500
0 0.534375 0.730469 0.050000 0.062500
0 0.485938 0.710938 0.050000 0.062500
0 0.495312 0.748047 0.050000 0.062500
0 0.442188 0.753906 0.050000 0.062500
0 0.403125 0.765625 0.050000 0.062500
0 0.401562 0.722656 0.050000 0.062500
0 0.437500 0.710938 0.050000 0.062500
0 0.437500 0.687500 0.050000 0.062500
0 0.564063 0.619141 0.050000 0.062500
0 0.509375 0.615234 0.050000 0.062500
0 0.575000 0.628906 0.050000 0.062500
0 0.850000 0.601562 0.050000 0.062500
0 0.668750 0.402344 0.050000 0.062500
0 0.976562 0.427734 0.046875 0.062500
0 0.350000 0.373047 0.050000 0.062500
