0 0.351562 0.765625 0.050000 0.062500
0 0.357812 0.751953 0.050000 0.062500
0 0.392188 0.791016 0.050000 0.062500
0 0.403125 0.771484 0.050000 0.062500
0 0.465625 0.677734 0.050000 0.062500
0 0.471875 0.693359 0.050000 0.062500
0 0.507812 0.705078 0.050000 0.062500
0 0.495312 0.724609 0.050000 0.062500
0 0.485938 0.734375 0.050000 0.062500
0 0.473438 0.732422 0.050000 0.062500
0 0.521875 0.689453 0.050000 0.062500
0 0.526563 0.666016 0.050000 0.062500
0 0.528125 0.708984 0.050000 0.062500
0 0.623437 0.648438 0.050000 0.062500
0 0.632812 0.689453 0.050000 0.062500
0 0.651563 0.691406 0.050000 0.062500
0 0.582812 0.748047 0.050000 0.062500
0 0.579688 0.722656 0.050000 0.062500
0 0.565625 0.734375 0.050000 0.062500
0 0.540625 0.750000 0.050000 0.062500
0 0.526563 0.769531 0.050000 0.062500
0 0.495312 0.763672 0.050000 0.062500
0 0.121875 0.779297 0.050000 0.062500
0 0.193750 0.773438 0.050000 0.062500
0 0.190625 0.753906 0.050000 0.062500
0 0.175000 0.765625 0.050000 0.062500
0 0.139063 0.781250 0.050000 0.062500
0 0.256250 0.462891 0.050000 0.062500
0 0.264062 0.449219 0.050000 0.062500
0 0.016406 0.472656 0.032813 0.062500
0 0.714063 0.410156 0.050000 0.062500
0 0.967187 0.605469 0.050000 0.062500
0 0.665625 0.630859 0.050000 0.062500
