0 0.300000 0.765625 0.050000 0.062500
0 0.282813 0.783203 0.050000 0.062500
0 0.343750 0.802734 0.050000 0.062500
0 0.360938 0.808594 0.050000 0.062500
0 0.360938 0.822266 0.050000 0.062500
0 0.403125 0.738281 0.050000 0.062500
0 0.454688 0.769531 0.050000 0.062500
0 0.465625 0.755859 0.050000 0.062500
0 0.393750 0.574219 0.050000 0.062500
0 0.375000 0.583984 0.050000 0.062500
0 0.307812 0.457031 0.050000 0.062500
0 0.307812 0.472656 0.050000 0.062500
0 0.064062 0.533203 0.050000 0.062500
0 0.056250 0.550781 0.050000 0.062500
0 0.037500 0.699219 0.050000 0.062500
0 0.134375 0.751953 0.050000 0.062500
0 0.584375 0.705078 0.050000 0.062500
0 0.615625 0.712891 0.050000 0.062500
0 0.628125 0.697266 0.050000 0.062500
0 0.600000 0.738281 0.050000 0.062500
0 0.587500 0.740234 0.050000 0.062500
0 0.640625 0.701172 0.050000 0.062500
0 0.639062 0.718750 0.050000 0.062500
0 0.650000 0.759766 0.050000 0.062500
0 0.640625 0.785156 0.050000 0.062500
0 0.612500 0.775391 0.050000 0.062500
0 0.671875 0.742188 0.050000 0.062500
0 0.692187 0.722656 0.050000 0.062500
0 0.690625 0.757812 0.050000 0.062500
0 0.710938 0.761719 0.050000 0.062500
0 0.795312 0.681641 0.050000 0.062500
0 0.782813 0.667969 0.050000 0.062500
0 0.742188 0.691406 0.050000 0.062500
0 0.771875 0.640625 0.050000 0.062500
0 0.837500 0.748047 0.050000 0.062500
0 0.834375 0.775391 0.050000 0.062500
0 0.585938 0.562500 0.050000 0.062500
0 0.564063 0.548828 0.050000 0.062500
0 0.615625 0.533203 0.050000 0.062500
0 0.773438 0.414062 0.050000 0.062500
