0 0.585938 0.708984 0.050000 0.062500
0 0.526563 0.722656 0.050000 0.062500
0 0.532813 0.765625 0.050000 0.062500
0 0.673438 0.669922 0.050000 0.062500
0 0.473438 0.703125 0.050000 0.062500
0 0.476562 0.683594 0.050000 0.062500
0 0.460938 0.705078 0.050000 0.062500
0 0.473438 0.730469 0.050000 0.062500
0 0.484375 0.769531 0.050000 0.062500
0 0.450000 0.718750 0.050000 0.062500
0 0.414062 0.695312 0.050000 0.062500
0 0.420312 0.710938 0.050000 0.062500
0 0.462500 0.605469 0.050000 0.062500
0 0.434375 0.589844 0.050000 0.062500
0 0.192188 0.576172 0.050000 0.062500
0 0.176563 0.587891 0.050000 0.062500
0 0.139063 0.767578 0.050000 0.062500
0 0.125000 0.781250 0.050000 0.062500
0 0.084375 0.792969 0.050000 0.062500
0 0.178125 0.730469 0.050000 0.062500
0 0.290625 0.781250 0.050000 0.062500
0 0.300000 0.767578 0.050000 0.062500
0 0.098437 0.468750 0.050000 0.062500
0 0.095312 0.480469 0.050000 0.062500
0 0.365625 0.796875 0.050000 0.062500
0 0.437500 0.779297 0.050000 0.062500
0 0.501563 0.746094 0.050000 0.062500
0 0.471875 0.783203 0.050000 0.062500
0 0.573438 0.427734 0.050000 0.062500
0 0.975781 0.601562 0.048438 0.062500
