0 0.045312 0.738281 0.050000 0.062500
0 0.295312 0.615234 0.050000 0.062500
0 0.270313 0.591797 0.050000 0.062500
0 0.281250 0.669922 0.050000 0.062500
0 0.276562 0.691406 0.050000 0.062500
0 0.265625 0.687500 0.050000 0.062500
0 0.251563 0.699219 0.050000 0.062500
0 0.225000 0.699219 0.050000 0.062500
0 0.239063 0.722656 0.050000 0.062500
0 0.326562 0.710938 0.050000 0.062500
0 0.385937 0.691406 0.050000 0.062500
0 0.346875 0.679688 0.050000 0.062500
0 0.331250 0.669922 0.050000 0.062500
0 0.520312 0.630859 0.050000 0.062500
0 0.332813 0.748047 0.050000 0.062500
0 0.845313 0.474609 0.050000 0.062500
0 0.871875 0.425781 0.050000 0.062500
0 0.904687 0.412109 0.050000 0.062500
0 0.925000 0.419922 0.050000 0.062500
0 0.960938 0.421875 0.050000 0.062500
0 0.345313 0.419922 0.050000 0.062500
0 0.107813 0.742188 0.050000 0.062500
