0 0.503125 0.458984 0.050000 0.062500
0 0.528125 0.455078 0.050000 0.062500
0 0.531250 0.416016 0.050000 0.062500
0 0.625000 0.421875 0.050000 0.062500
0 0.832812 0.462891 0.050000 0.062500
0 0.825000 0.527344 0.050000 0.062500
0 0.775000 0.654297 0.050000 0.062500
0 0.770312 0.636719 0.050000 0.062500
0 0.025000 0.705078 0.050000 0.062500
0 0.042188 0.728516 0.050000 0.062500
0 0.014844 0.611328 0.029687 0.062500
0 0.268750 0.601562 0.050000 0.062500
0 0.090625 0.681641 0.050000 0.062500
0 0.123438 0.619141 0.050000 0.062500
