0 0.128125 0.568359 0.050000 0.062500
0 0.390625 0.404297 0.050000 0.062500
0 0.414062 0.386719 0.050000 0.062500
0 0.260937 0.443359 0.050000 0.062500
0 0.284375 0.425781 0.050000 0.062500
0 0.287500 0.408203 0.050000 0.062500
0 0.576562 0.636719 0.050000 0.062500
0 0.581250 0.621094 0.050000 0.062500
0 0.684375 0.501953 0.050000 0.062500
0 0.635938 0.451172 0.050000 0.062500
0 0.657813 0.445312 0.050000 0.062500
0 0.881250 0.404297 0.050000 0.062500
0 0.856250 0.910156 0.050000 0.062500
0 0.859375 0.886719 0.050000 0.062500
0 0.914062 0.927734 0.050000 0.062500
0 0.926562 0.472656 0.050000 0.062500
0 0.976562 0.525391 0.046875 0.062500
