0 0.879687 0.427734 0.050000 0.062500
0 0.879687 0.412109 0.050000 0.062500
0 0.895312 0.396484 0.050000 0.062500
0 0.854688 0.373047 0.050000 0.062500
0 0.979688 0.421875 0.040625 0.062500
0 0.218750 0.902344 0.050000 0.062500
0 0.910937 0.900391 0.050000 0.062500
0 0.828125 0.966797 0.050000 0.062500
0 0.804688 0.966797 0.050000 0.062500
0 0.789062 0.912109 0.050000 0.062500
0 0.896875 0.962891 0.050000 0.062500
0 0.946875 0.941406 0.050000 0.062500
0 0.550000 0.902344 0.050000 0.062500
0 0.404687 0.470703 0.050000 0.062500
0 0.504687 0.410156 0.050000 0.062500
0 0.393750 0.484375 0.050000 0.062500
0 0.022656 0.416016 0.045312 0.062500
0 0.090625 0.392578 0.050000 0.062500
0 0.112500 0.552734 0.050000 0.062500
0 0.104688 0.568359 0.050000 0.062500
0 0.620313 0.677734 0.050000 0.062500
0 0.684375 0.650391 0.050000 0.062500
0 0.690625 0.601562 0.050000 0.062500
0 0.681250 0.748047 0.050000 0.062500
0 0.603125 0.939453 0.050000 0.062500
0 0.654687 0.845703 0.050000 0.062500
0 0.545312 0.914062 0.050000 0.062500
0 0.154688 0.943359 0.050000 0.062500
0 0.175000 0.951172 0.050000 0.062500
0 0.223438 0.971680 0.050000 0.056641
0 0.342187 0.958984 0.050000 0.062500
0 0.246875 0.623047 0.050000 0.062500
0 0.243750 0.642578 0.050000 0.062500
