0 0.225000 0.074219 0.050000 0.062500
0 0.251563 0.099609 0.050000 0.062500
0 0.456250 0.167969 0.050000 0.062500
0 0.360938 0.203125 0.050000 0.062500
0 0.310937 0.226562 0.050000 0.062500
0 0.329688 0.269531 0.050000 0.062500
0 0.392188 0.259766 0.050000 0.062500
0 0.421875 0.244141 0.050000 0.062500
0 0.485938 0.220703 0.050000 0.062500
0 0.543750 0.234375 0.050000 0.062500
0 0.604688 0.226562 0.050000 0.062500
0 0.581250 0.160156 0.050000 0.062500
0 0.604688 0.287109 0.050000 0.062500
0 0.639062 0.328125 0.050000 0.062500
0 0.560937 0.314453 0.050000 0.062500
0 0.565625 0.343750 0.050000 0.062500
0 0.604688 0.371094 0.050000 0.062500
0 0.532813 0.335938 0.050000 0.062500
0 0.543750 0.371094 0.050000 0.062500
0 0.514062 0.302734 0.050000 0.062500
0 0.498437 0.337891 0.050000 0.062500
0 0.478125 0.304688 0.050000 0.062500
0 0.470313 0.275391 0.050000 0.062500
0 0.446875 0.324219 0.050000 0.062500
0 0.459375 0.353516 0.050000 0.062500
0 0.495312 0.373047 0.050000 0.062500
0 0.517188 0.388672 0.050000 0.062500
0 0.543750 0.421875 0.050000 0.062500
0 0.568750 0.410156 0.050000 0.062500
0 0.629687 0.382812 0.050000 0.062500
0 0.665625 0.375000 0.050000 0.062500
0 0.681250 0.396484 0.050000 0.062500
0 0.667188 0.449219 0.050000 0.062500
0 0.639062 0.433594 0.050000 0.062500
0 0.598437 0.416016 0.050000 0.062500
0 0.609375 0.449219 0.050000 0.062500
0 0.640625 0.482422 0.050000 0.062500
0 0.681250 0.529297 0.050000 0.062500
0 0.650000 0.511719 0.050000 0.062500
0 0.676562 0.490234 0.050000 0.062500
0 0.748437 0.478516 0.050000 0.062500
0 0.392188 0.419922 0.050000 0.062500
0 0.370312 0.394531 0.050000 0.062500
0 0.368750 0.361328 0.050000 0.062500
0 0.390625 0.380859 0.050000 0.062500
0 0.342187 0.332031 0.050000 0.062500
0 0.337500 0.300781 0.050000 0.062500
0 0.292187 0.259766 0.050000 0.062500
0 0.257812 0.230469 0.050000 0.062500
0 0.217188 0.253906 0.050000 0.062500
0 0.184375 0.210938 0.050000 0.062500
0 0.142187 0.183594 0.050000 0.062500
0 0.112500 0.154297 0.050000 0.062500
0 0.079687 0.148438 0.050000 0.062500
0 0.175000 0.105469 0.050000 0.062500
0 0.048438 0.253906 0.050000 0.062500
0 0.095312 0.285156 0.050000 0.062500
0 0.145313 0.242188 0.050000 0.062500
0 0.135937 0.287109 0.050000 0.062500
0 0.068750 0.330078 0.050000 0.062500
0 0.104688 0.343750 0.050000 0.062500
0 0.132812 0.365234 0.050000 0.062500
0 0.085938 0.355469 0.050000 0.062500
0 0.106250 0.392578 0.050000 0.062500
0 0.145313 0.386719 0.050000 0.062500
0 0.114062 0.421875 0.050000 0.062500
0 0.135937 0.453125 0.050000 0.062500
0 0.156250 0.417969 0.050000 0.062500
0 0.171875 0.400391 0.050000 0.062500
0 0.187500 0.421875 0.050000 0.062500
0 0.210938 0.390625 0.050000 0.062500
0 0.237500 0.384766 0.050000 0.062500
0 0.257812 0.357422 0.050000 0.062500
0 0.220312 0.345703 0.050000 0.062500
0 0.240625 0.320312 0.050000 0.062500
0 0.264062 0.302734 0.050000 0.062500
0 0.287500 0.328125 0.050000 0.062500
0 0.304688 0.335938 0.050000 0.062500
0 0.290625 0.367188 0.050000 0.062500
0 0.328125 0.369141 0.050000 0.062500
0 0.350000 0.396484 0.050000 0.062500
0 0.332813 0.412109 0.050000 0.062500
0 0.303125 0.408203 0.050000 0.062500
0 0.281250 0.404297 0.050000 0.062500
0 0.301563 0.429688 0.050000 0.062500
0 0.312500 0.443359 0.050000 0.062500
0 0.335938 0.443359 0.050000 0.062500
0 0.364063 0.431641 0.050000 0.062500
0 0.364063 0.490234 0.050000 0.062500
0 0.334375 0.490234 0.050000 0.062500
0 0.303125 0.476562 0.050000 0.062500
0 0.273438 0.462891 0.050000 0.062500
0 0.240625 0.474609 0.050000 0.062500
0 0.220312 0.447266 0.050000 0.062500
0 0.207813 0.480469 0.050000 0.062500
0 0.181250 0.474609 0.050000 0.062500
0 0.145313 0.509766 0.050000 0.062500
0 0.107813 0.486328 0.050000 0.062500
0 0.090625 0.455078 0.050000 0.062500
0 0.053125 0.423828 0.050000 0.062500
0 0.064062 0.433594 0.050000 0.062500
0 0.037500 0.443359 0.050000 0.062500
0 0.040625 0.474609 0.050000 0.062500
0 0.704688 0.570312 0.050000 0.062500
0 0.682813 0.597656 0.050000 0.062500
0 0.704688 0.628906 0.050000 0.062500
0 0.681250 0.636719 0.050000 0.062500
0 0.665625 0.656250 0.050000 0.062500
0 0.695312 0.683594 0.050000 0.062500
0 0.696875 0.708984 0.050000 0.062500
0 0.732812 0.677734 0.050000 0.062500
0 0.737500 0.732422 0.050000 0.062500
0 0.710938 0.792969 0.050000 0.062500
0 0.754687 0.837891 0.050000 0.062500
0 0.742188 0.894531 0.050000 0.062500
0 0.845313 0.875000 0.050000 0.062500
0 0.787500 0.826172 0.050000 0.062500
0 0.810937 0.777344 0.050000 0.062500
0 0.712500 0.939453 0.050000 0.062500
0 0.698438 0.853516 0.050000 0.062500
0 0.684375 0.816406 0.050000 0.062500
0 0.665625 0.783203 0.050000 0.062500
0 0.632812 0.751953 0.050000 0.062500
0 0.596875 0.751953 0.050000 0.062500
0 0.595313 0.693359 0.050000 0.062500
0 0.646875 0.625000 0.050000 0.062500
0 0.620313 0.537109 0.050000 0.062500
0 0.587500 0.537109 0.050000 0.062500
0 0.570312 0.472656 0.050000 0.062500
0 0.595313 0.480469 0.050000 0.062500
0 0.576562 0.503906 0.050000 0.062500
0 0.517188 0.509766 0.050000 0.062500
0 0.439063 0.460938 0.050000 0.062500
0 0.393750 0.494141 0.050000 0.062500
0 0.431250 0.511719 0.050000 0.062500
0 0.403125 0.531250 0.050000 0.062500
0 0.467187 0.437500 0.050000 0.062500
0 0.445312 0.404297 0.050000 0.062500
0 0.420312 0.408203 0.050000 0.062500
0 0.435937 0.380859 0.050000 0.062500
0 0.031250 0.539062 0.050000 0.062500
0 0.051562 0.576172 0.050000 0.062500
0 0.071875 0.531250 0.050000 0.062500
0 0.075000 0.482422 0.050000 0.062500
0 0.034375 0.376953 0.050000 0.062500
0 0.023438 0.414062 0.046875 0.062500
0 0.020313 0.451172 0.040625 0.062500
0 0.018750 0.201172 0.037500 0.062500
0 0.014844 0.251953 0.029687 0.062500
0 0.015625 0.652344 0.031250 0.062500
0 0.014844 0.691406 0.029687 0.062500
0 0.017969 0.738281 0.035937 0.062500
0 0.014844 0.773438 0.029687 0.062500
0 0.016406 0.828125 0.032813 0.062500
0 0.017969 0.865234 0.035937 0.062500
0 0.043750 0.923828 0.050000 0.062500
0 0.026562 0.880859 0.050000 0.062500
0 0.023438 0.500000 0.046875 0.062500
0 0.596875 0.945312 0.050000 0.062500
0 0.651563 0.955078 0.050000 0.062500
0 0.640625 0.933594 0.050000 0.062500
0 0.731250 0.974609 0.050000 0.050781
0 0.595313 0.826172 0.050000 0.062500
0 0.618750 0.826172 0.050000 0.062500
0 0.651563 0.886719 0.050000 0.062500
0 0.629687 0.980469 0.050000 0.039062
0 0.679688 0.982422 0.050000 0.035156
0 0.682813 0.941406 0.050000 0.062500
0 0.726562 0.833984 0.050000 0.062500
0 0.631250 0.556641 0.050000 0.062500
0 0.646875 0.591797 0.050000 0.062500
0 0.656250 0.556641 0.050000 0.062500
0 0.589063 0.574219 0.050000 0.062500
0 0.584375 0.619141 0.050000 0.062500
0 0.615625 0.603516 0.050000 0.062500
0 0.096875 0.060547 0.050000 0.062500
0 0.031250 0.955078 0.050000 0.062500
0 0.048438 0.962891 0.050000 0.062500
0 0.022656 0.710938 0.045312 0.062500
0 0.056250 0.507812 0.050000 0.062500
0 0.065625 0.378906 0.050000 0.062500
0 0.079687 0.408203 0.050000 0.062500
0 0.246875 0.416016 0.050000 0.062500
0 0.198437 0.373047 0.050000 0.062500
0 0.164062 0.376953 0.050000 0.062500
0 0.150000 0.337891 0.050000 0.062500
0 0.184375 0.341797 0.050000 0.062500
0 0.204687 0.310547 0.050000 0.062500
0 0.268750 0.382812 0.050000 0.062500
0 0.390625 0.332031 0.050000 0.062500
0 0.425000 0.335938 0.050000 0.062500
0 0.471875 0.382812 0.050000 0.062500
0 0.475000 0.404297 0.050000 0.062500
0 0.501563 0.410156 0.050000 0.062500
0 0.520312 0.421875 0.050000 0.062500
0 0.534375 0.457031 0.050000 0.062500
0 0.459375 0.480469 0.050000 0.062500
0 0.542188 0.501953 0.050000 0.062500
0 0.546875 0.474609 0.050000 0.062500
0 0.618750 0.496094 0.050000 0.062500
0 0.631250 0.644531 0.050000 0.062500
0 0.645312 0.666016 0.050000 0.062500
0 0.651563 0.720703 0.050000 0.062500
0 0.618750 0.681641 0.050000 0.062500
0 0.562500 0.628906 0.050000 0.062500
0 0.670312 0.748047 0.050000 0.062500
0 0.637500 0.792969 0.050000 0.062500
0 0.676562 0.845703 0.050000 0.062500
0 0.687500 0.882812 0.050000 0.062500
0 0.660937 0.910156 0.050000 0.062500
0 0.551562 0.035156 0.050000 0.062500
0 0.673438 0.064453 0.050000 0.062500
