0 0.560937 0.941406 0.050000 0.062500
0 0.556250 0.929688 0.050000 0.062500
0 0.543750 0.921875 0.050000 0.062500
0 0.551562 0.873047 0.050000 0.062500
0 0.565625 0.845703 0.050000 0.062500
0 0.573438 0.871094 0.050000 0.062500
0 0.637500 0.816406 0.050000 0.062500
0 0.637500 0.781250 0.050000 0.062500
0 0.626563 0.748047 0.050000 0.062500
0 0.654687 0.769531 0.050000 0.062500
0 0.671875 0.744141 0.050000 0.062500
0 0.664062 0.726562 0.050000 0.062500
0 0.651563 0.697266 0.050000 0.062500
0 0.645312 0.687500 0.050000 0.062500
0 0.632812 0.667969 0.050000 0.062500
0 0.626563 0.640625 0.050000 0.062500
0 0.632812 0.619141 0.050000 0.062500
0 0.659375 0.570312 0.050000 0.062500
0 0.634375 0.570312 0.050000 0.062500
0 0.689063 0.574219 0.050000 0.062500
0 0.678125 0.607422 0.050000 0.062500
0 0.781250 0.564453 0.050000 0.062500
0 0.810937 0.552734 0.050000 0.062500
0 0.806250 0.492188 0.050000 0.062500
0 0.810937 0.470703 0.050000 0.062500
0 0.915625 0.509766 0.050000 0.062500
0 0.765625 0.539062 0.050000 0.062500
0 0.692187 0.515625 0.050000 0.062500
0 0.704688 0.449219 0.050000 0.062500
0 0.687500 0.443359 0.050000 0.062500
0 0.659375 0.433594 0.050000 0.062500
0 0.637500 0.492188 0.050000 0.062500
0 0.537500 0.501953 0.050000 0.062500
0 0.476562 0.533203 0.050000 0.062500
0 0.371875 0.478516 0.050000 0.062500
0 0.359375 0.486328 0.050000 0.062500
0 0.309375 0.416016 0.050000 0.062500
0 0.318750 0.412109 0.050000 0.062500
0 0.376563 0.380859 0.050000 0.062500
0 0.217188 0.400391 0.050000 0.062500
0 0.090625 0.367188 0.050000 0.062500
0 0.075000 0.371094 0.050000 0.062500
0 0.115625 0.335938 0.050000 0.062500
0 0.107813 0.347656 0.050000 0.062500
0 0.262500 0.929688 0.050000 0.062500
0 0.262500 0.904297 0.050000 0.062500
0 0.300000 0.824219 0.050000 0.062500
0 0.826562 0.878906 0.050000 0.062500
0 0.840625 0.859375 0.050000 0.062500
0 0.951562 0.757812 0.050000 0.062500
0 0.829688 0.783203 0.050000 0.062500
0 0.809375 0.800781 0.050000 0.062500
0 0.745313 0.800781 0.050000 0.062500
0 0.682813 0.808594 0.050000 0.062500
0 0.673438 0.787109 0.050000 0.062500
0 0.679688 0.769531 0.050000 0.062500
0 0.667188 0.859375 0.050000 0.062500
0 0.662500 0.833984 0.050000 0.062500
0 0.459375 0.832031 0.050000 0.062500
0 0.464062 0.810547 0.050000 0.062500
0 0.471875 0.791016 0.050000 0.062500
0 0.559375 0.656250 0.050000 0.062500
0 0.354687 0.595703 0.050000 0.062500
0 0.343750 0.593750 0.050000 0.062500
0 0.315625 0.593750 0.050000 0.062500
0 0.375000 0.578125 0.050000 0.062500
0 0.379688 0.546875 0.050000 0.062500
0 0.359375 0.539062 0.050000 0.062500
0 0.748437 0.386719 0.050000 0.062500
0 0.734375 0.380859 0.050000 0.062500
0 0.625000 0.236328 0.050000 0.062500
0 0.101562 0.837891 0.050000 0.062500
0 0.106250 0.671875 0.050000 0.062500
0 0.146875 0.562500 0.050000 0.062500
0 0.804688 0.546875 0.050000 0.062500
0 0.703125 0.556641 0.050000 0.062500
0 0.606250 0.712891 0.050000 0.062500
0 0.587500 0.683594 0.050000 0.062500
0 0.412500 0.664062 0.050000 0.062500
0 0.417187 0.611328 0.050000 0.062500
0 0.382812 0.667969 0.050000 0.062500
