0 0.034375 0.380859 0.050000 0.062500
0 0.035937 0.363281 0.050000 0.062500
0 0.193750 0.347656 0.050000 0.062500
0 0.182812 0.414062 0.050000 0.062500
0 0.175000 0.427734 0.050000 0.062500
0 0.215625 0.394531 0.050000 0.062500
0 0.217188 0.386719 0.050000 0.062500
0 0.229687 0.521484 0.050000 0.062500
0 0.220312 0.511719 0.050000 0.062500
0 0.239063 0.509766 0.050000 0.062500
0 0.246875 0.542969 0.050000 0.062500
0 0.226562 0.548828 0.050000 0.062500
0 0.210938 0.576172 0.050000 0.062500
0 0.200000 0.570312 0.050000 0.062500
0 0.190625 0.570312 0.050000 0.062500
0 0.162500 0.562500 0.050000 0.062500
0 0.220312 0.640625 0.050000 0.062500
0 0.228125 0.646484 0.050000 0.062500
0 0.140625 0.792969 0.050000 0.062500
0 0.171875 0.837891 0.050000 0.062500
0 0.171875 0.882812 0.050000 0.062500
0 0.150000 0.898438 0.050000 0.062500
0 0.293750 0.818359 0.050000 0.062500
0 0.296875 0.785156 0.050000 0.062500
0 0.307812 0.771484 0.050000 0.062500
0 0.396875 0.818359 0.050000 0.062500
0 0.387500 0.839844 0.050000 0.062500
0 0.403125 0.839844 0.050000 0.062500
0 0.423438 0.843750 0.050000 0.062500
0 0.442188 0.794922 0.050000 0.062500
0 0.454688 0.798828 0.050000 0.062500
0 0.464062 0.798828 0.050000 0.062500
0 0.495312 0.742188 0.050000 0.062500
0 0.495312 0.736328 0.050000 0.062500
0 0.470313 0.730469 0.050000 0.062500
0 0.465625 0.707031 0.050000 0.062500
0 0.421875 0.695312 0.050000 0.062500
0 0.435937 0.667969 0.050000 0.062500
0 0.432812 0.652344 0.050000 0.062500
0 0.400000 0.638672 0.050000 0.062500
0 0.300000 0.427734 0.050000 0.062500
0 0.339062 0.466797 0.050000 0.062500
0 0.318750 0.515625 0.050000 0.062500
0 0.482812 0.343750 0.050000 0.062500
0 0.482812 0.154297 0.050000 0.062500
0 0.500000 0.365234 0.050000 0.062500
0 0.503125 0.392578 0.050000 0.062500
0 0.503125 0.443359 0.050000 0.062500
0 0.479687 0.490234 0.050000 0.062500
0 0.479687 0.525391 0.050000 0.062500
0 0.481250 0.554688 0.050000 0.062500
0 0.504687 0.544922 0.050000 0.062500
0 0.512500 0.564453 0.050000 0.062500
0 0.525000 0.589844 0.050000 0.062500
0 0.503125 0.605469 0.050000 0.062500
0 0.487500 0.587891 0.050000 0.062500
0 0.476562 0.605469 0.050000 0.062500
0 0.476562 0.646484 0.050000 0.062500
0 0.479687 0.664062 0.050000 0.062500
0 0.487500 0.675781 0.050000 0.062500
0 0.510938 0.642578 0.050000 0.062500
0 0.498437 0.701172 0.050000 0.062500
0 0.503125 0.720703 0.050000 0.062500
0 0.528125 0.664062 0.050000 0.062500
0 0.534375 0.677734 0.050000 0.062500
0 0.506250 0.755859 0.050000 0.062500
0 0.515625 0.742188 0.050000 0.062500
0 0.310937 0.931641 0.050000 0.062500
0 0.328125 0.927734 0.050000 0.062500
0 0.345313 0.943359 0.050000 0.062500
0 0.567187 0.785156 0.050000 0.062500
0 0.589063 0.785156 0.050000 0.062500
0 0.520312 0.808594 0.050000 0.062500
0 0.496875 0.804688 0.050000 0.062500
0 0.504687 0.839844 0.050000 0.062500
0 0.459375 0.833984 0.050000 0.062500
0 0.512500 0.841797 0.050000 0.062500
0 0.657813 0.894531 0.050000 0.062500
0 0.668750 0.896484 0.050000 0.062500
0 0.718750 0.855469 0.050000 0.062500
0 0.682813 0.822266 0.050000 0.062500
0 0.685937 0.791016 0.050000 0.062500
0 0.678125 0.705078 0.050000 0.062500
0 0.629687 0.619141 0.050000 0.062500
0 0.617188 0.587891 0.050000 0.062500
0 0.592187 0.564453 0.050000 0.062500
0 0.582812 0.546875 0.050000 0.062500
0 0.570312 0.533203 0.050000 0.062500
0 0.543750 0.544922 0.050000 0.062500
0 0.576562 0.468750 0.050000 0.062500
0 0.575000 0.408203 0.050000 0.062500
0 0.600000 0.417969 0.050000 0.062500
0 0.715625 0.462891 0.050000 0.062500
0 0.704688 0.480469 0.050000 0.062500
0 0.653125 0.523438 0.050000 0.062500
0 0.637500 0.513672 0.050000 0.062500
0 0.632812 0.542969 0.050000 0.062500
0 0.621875 0.544922 0.050000 0.062500
0 0.643750 0.601562 0.050000 0.062500
0 0.651563 0.578125 0.050000 0.062500
0 0.818750 0.785156 0.050000 0.062500
0 0.834375 0.746094 0.050000 0.062500
0 0.900000 0.802734 0.050000 0.062500
0 0.875000 0.533203 0.050000 0.062500
0 0.885938 0.529297 0.050000 0.062500
0 0.904687 0.541016 0.050000 0.062500
0 0.910937 0.527344 0.050000 0.062500
0 0.871875 0.599609 0.050000 0.062500
0 0.864062 0.617188 0.050000 0.062500
0 0.942187 0.687500 0.050000 0.062500
0 0.954688 0.691406 0.050000 0.062500
0 0.978906 0.712891 0.042188 0.062500
0 0.542188 0.896484 0.050000 0.062500
0 0.818750 0.443359 0.050000 0.062500
0 0.807813 0.474609 0.050000 0.062500
