0 0.115625 0.416016 0.050000 0.062500
0 0.567187 0.708984 0.050000 0.062500
0 0.568750 0.730469 0.050000 0.062500
0 0.529687 0.748047 0.050000 0.062500
0 0.692187 0.759766 0.050000 0.062500
0 0.364063 0.664062 0.050000 0.062500
0 0.340625 0.666016 0.050000 0.062500
0 0.360938 0.646484 0.050000 0.062500
0 0.117188 0.488281 0.050000 0.062500
0 0.131250 0.480469 0.050000 0.062500
0 0.143750 0.496094 0.050000 0.062500
0 0.126562 0.519531 0.050000 0.062500
0 0.207813 0.423828 0.050000 0.062500
0 0.196875 0.421875 0.050000 0.062500
0 0.017188 0.451172 0.034375 0.062500
0 0.314063 0.971680 0.050000 0.056641
0 0.476562 0.917969 0.050000 0.062500
0 0.517188 0.977539 0.050000 0.044922
0 0.828125 0.947266 0.050000 0.062500
0 0.981250 0.953125 0.037500 0.062500
0 0.975000 0.975586 0.050000 0.048828
0 0.831250 0.677734 0.050000 0.062500
0 0.032813 0.677734 0.050000 0.062500
