0 0.190625 0.296875 0.050000 0.062500
0 0.040625 0.285156 0.050000 0.062500
0 0.054688 0.515625 0.050000 0.062500
0 0.032813 0.806641 0.050000 0.062500
0 0.075000 0.794922 0.050000 0.062500
0 0.021875 0.771484 0.043750 0.062500
0 0.242188 0.966797 0.050000 0.062500
0 0.264062 0.977539 0.050000 0.044922
0 0.279687 0.964844 0.050000 0.062500
0 0.431250 0.841797 0.050000 0.062500
0 0.442188 0.830078 0.050000 0.062500
0 0.565625 0.902344 0.050000 0.062500
0 0.521875 0.939453 0.050000 0.062500
0 0.606250 0.962891 0.050000 0.062500
0 0.610938 0.949219 0.050000 0.062500
0 0.590625 0.910156 0.050000 0.062500
0 0.625000 0.689453 0.050000 0.062500
0 0.632812 0.681641 0.050000 0.062500
0 0.514062 0.669922 0.050000 0.062500
0 0.567187 0.623047 0.050000 0.062500
0 0.889062 0.712891 0.050000 0.062500
0 0.921875 0.974609 0.050000 0.050781
0 0.589063 0.933594 0.050000 0.062500
0 0.273438 0.322266 0.050000 0.062500
0 0.231250 0.408203 0.050000 0.062500
0 0.223438 0.386719 0.050000 0.062500
0 0.214062 0.404297 0.050000 0.062500
0 0.265625 0.384766 0.050000 0.062500
0 0.271875 0.378906 0.050000 0.062500
0 0.110937 0.119141 0.050000 0.062500
0 0.096875 0.072266 0.050000 0.062500
0 0.164062 0.158203 0.050000 0.062500
