0 0.050000 0.933594 0.050000 0.062500
0 0.029687 0.873047 0.050000 0.062500
0 0.067187 0.134766 0.050000 0.062500
0 0.109375 0.140625 0.050000 0.062500
0 0.160938 0.093750 0.050000 0.062500
0 0.209375 0.058594 0.050000 0.062500
0 0.250000 0.078125 0.050000 0.062500
0 0.354687 0.187500 0.050000 0.062500
0 0.317188 0.214844 0.050000 0.062500
0 0.326562 0.255859 0.050000 0.062500
0 0.290625 0.253906 0.050000 0.062500
0 0.250000 0.207031 0.050000 0.062500
0 0.215625 0.253906 0.050000 0.062500
0 0.182812 0.214844 0.050000 0.062500
0 0.145313 0.226562 0.050000 0.062500
0 0.090625 0.273438 0.050000 0.062500
0 0.046875 0.240234 0.050000 0.062500
0 0.390625 0.250000 0.050000 0.062500
0 0.426563 0.236328 0.050000 0.062500
0 0.489063 0.212891 0.050000 0.062500
0 0.451562 0.162109 0.050000 0.062500
0 0.542188 0.230469 0.050000 0.062500
0 0.606250 0.222656 0.050000 0.062500
0 0.617188 0.166016 0.050000 0.062500
0 0.607812 0.294922 0.050000 0.062500
0 0.640625 0.326172 0.050000 0.062500
0 0.659375 0.361328 0.050000 0.062500
0 0.634375 0.373047 0.050000 0.062500
0 0.678125 0.396484 0.050000 0.062500
0 0.743750 0.476562 0.050000 0.062500
0 0.665625 0.445312 0.050000 0.062500
0 0.684375 0.482422 0.050000 0.062500
0 0.671875 0.531250 0.050000 0.062500
0 0.651563 0.503906 0.050000 0.062500
0 0.635938 0.470703 0.050000 0.062500
0 0.635938 0.423828 0.050000 0.062500
0 0.609375 0.439453 0.050000 0.062500
0 0.592187 0.406250 0.050000 0.062500
0 0.585938 0.375000 0.050000 0.062500
0 0.596875 0.355469 0.050000 0.062500
0 0.568750 0.335938 0.050000 0.062500
0 0.560937 0.308594 0.050000 0.062500
0 0.528125 0.332031 0.050000 0.062500
0 0.545312 0.375000 0.050000 0.062500
0 0.525000 0.375000 0.050000 0.062500
0 0.506250 0.332031 0.050000 0.062500
0 0.518750 0.300781 0.050000 0.062500
0 0.479687 0.300781 0.050000 0.062500
0 0.468750 0.261719 0.050000 0.062500
0 0.453125 0.308594 0.050000 0.062500
0 0.423438 0.328125 0.050000 0.062500
0 0.382812 0.320312 0.050000 0.062500
0 0.343750 0.328125 0.050000 0.062500
0 0.334375 0.292969 0.050000 0.062500
0 0.312500 0.328125 0.050000 0.062500
0 0.328125 0.355469 0.050000 0.062500
0 0.350000 0.384766 0.050000 0.062500
0 0.293750 0.357422 0.050000 0.062500
0 0.284375 0.320312 0.050000 0.062500
0 0.265625 0.291016 0.050000 0.062500
0 0.231250 0.310547 0.050000 0.062500
0 0.243750 0.347656 0.050000 0.062500
0 0.215625 0.335938 0.050000 0.062500
0 0.184375 0.326172 0.050000 0.062500
0 0.145313 0.322266 0.050000 0.062500
0 0.107813 0.326172 0.050000 0.062500
0 0.067187 0.312500 0.050000 0.062500
0 0.123438 0.351562 0.050000 0.062500
0 0.089063 0.337891 0.050000 0.062500
0 0.110937 0.390625 0.050000 0.062500
0 0.140625 0.382812 0.050000 0.062500
0 0.112500 0.412109 0.050000 0.062500
0 0.135937 0.437500 0.050000 0.062500
0 0.160938 0.410156 0.050000 0.062500
0 0.181250 0.392578 0.050000 0.062500
0 0.193750 0.421875 0.050000 0.062500
0 0.220312 0.425781 0.050000 0.062500
0 0.198437 0.462891 0.050000 0.062500
0 0.265625 0.443359 0.050000 0.062500
0 0.301563 0.437500 0.050000 0.062500
0 0.335938 0.429688 0.050000 0.062500
0 0.367188 0.421875 0.050000 0.062500
0 0.398438 0.414062 0.050000 0.062500
0 0.421875 0.388672 0.050000 0.062500
0 0.435937 0.361328 0.050000 0.062500
0 0.465625 0.335938 0.050000 0.062500
0 0.465625 0.369141 0.050000 0.062500
0 0.473438 0.400391 0.050000 0.062500
0 0.442188 0.390625 0.050000 0.062500
0 0.459375 0.427734 0.050000 0.062500
0 0.429688 0.443359 0.050000 0.062500
0 0.392188 0.476562 0.050000 0.062500
0 0.360938 0.468750 0.050000 0.062500
0 0.331250 0.472656 0.050000 0.062500
0 0.296875 0.470703 0.050000 0.062500
0 0.268750 0.476562 0.050000 0.062500
0 0.139063 0.496094 0.050000 0.062500
0 0.107813 0.462891 0.050000 0.062500
0 0.096875 0.435547 0.050000 0.062500
0 0.073438 0.437500 0.050000 0.062500
0 0.046875 0.416016 0.050000 0.062500
0 0.023438 0.402344 0.046875 0.062500
0 0.031250 0.359375 0.050000 0.062500
0 0.018750 0.191406 0.037500 0.062500
0 0.057813 0.369141 0.050000 0.062500
0 0.026562 0.435547 0.050000 0.062500
0 0.710938 0.570312 0.050000 0.062500
0 0.651563 0.542969 0.050000 0.062500
0 0.617188 0.519531 0.050000 0.062500
0 0.554688 0.521484 0.050000 0.062500
0 0.576562 0.457031 0.050000 0.062500
0 0.598437 0.474609 0.050000 0.062500
0 0.565625 0.488281 0.050000 0.062500
0 0.512500 0.496094 0.050000 0.062500
0 0.462500 0.462891 0.050000 0.062500
0 0.431250 0.496094 0.050000 0.062500
0 0.500000 0.402344 0.050000 0.062500
0 0.523438 0.421875 0.050000 0.062500
0 0.528125 0.443359 0.050000 0.062500
0 0.685937 0.664062 0.050000 0.062500
0 0.706250 0.625000 0.050000 0.062500
0 0.684375 0.626953 0.050000 0.062500
0 0.681250 0.587891 0.050000 0.062500
0 0.646875 0.583984 0.050000 0.062500
0 0.593750 0.599609 0.050000 0.062500
0 0.589063 0.564453 0.050000 0.062500
0 0.590625 0.521484 0.050000 0.062500
0 0.565625 0.619141 0.050000 0.062500
0 0.656250 0.681641 0.050000 0.062500
0 0.645312 0.654297 0.050000 0.062500
0 0.625000 0.671875 0.050000 0.062500
0 0.662500 0.740234 0.050000 0.062500
0 0.732812 0.726562 0.050000 0.062500
0 0.698438 0.716797 0.050000 0.062500
0 0.731250 0.677734 0.050000 0.062500
0 0.787500 0.843750 0.050000 0.062500
0 0.810937 0.816406 0.050000 0.062500
0 0.718750 0.783203 0.050000 0.062500
0 0.718750 0.814453 0.050000 0.062500
0 0.742188 0.826172 0.050000 0.062500
0 0.732812 0.880859 0.050000 0.062500
0 0.709375 0.912109 0.050000 0.062500
0 0.726562 0.968750 0.050000 0.062500
0 0.648438 0.969727 0.050000 0.060547
0 0.651563 0.941406 0.050000 0.062500
0 0.692187 0.960938 0.050000 0.062500
0 0.682813 0.929688 0.050000 0.062500
0 0.589063 0.824219 0.050000 0.062500
0 0.620313 0.812500 0.050000 0.062500
0 0.603125 0.923828 0.050000 0.062500
0 0.593750 0.894531 0.050000 0.062500
0 0.621875 0.977539 0.050000 0.044922
0 0.603125 0.732422 0.050000 0.062500
0 0.584375 0.679688 0.050000 0.062500
0 0.645312 0.712891 0.050000 0.062500
0 0.631250 0.746094 0.050000 0.062500
0 0.634375 0.779297 0.050000 0.062500
0 0.662500 0.775391 0.050000 0.062500
0 0.654687 0.802734 0.050000 0.062500
0 0.657813 0.863281 0.050000 0.062500
0 0.678125 0.843750 0.050000 0.062500
0 0.698438 0.861328 0.050000 0.062500
0 0.685937 0.875000 0.050000 0.062500
0 0.851562 0.878906 0.050000 0.062500
0 0.750000 0.981445 0.050000 0.037109
0 0.065625 0.521484 0.050000 0.062500
0 0.053125 0.562500 0.050000 0.062500
0 0.025000 0.695312 0.050000 0.062500
0 0.015625 0.736328 0.031250 0.062500
0 0.014844 0.761719 0.029687 0.062500
0 0.014844 0.818359 0.029687 0.062500
0 0.013281 0.867188 0.026562 0.062500
0 0.014844 0.634766 0.029687 0.062500
0 0.013281 0.572266 0.026562 0.062500
0 0.037500 0.466797 0.050000 0.062500
0 0.026562 0.531250 0.050000 0.062500
0 0.485938 0.498047 0.050000 0.062500
0 0.139063 0.287109 0.050000 0.062500
0 0.204687 0.292969 0.050000 0.062500
0 0.165625 0.367188 0.050000 0.062500
0 0.193750 0.365234 0.050000 0.062500
0 0.212500 0.394531 0.050000 0.062500
0 0.232813 0.367188 0.050000 0.062500
0 0.246875 0.408203 0.050000 0.062500
0 0.245312 0.462891 0.050000 0.062500
0 0.175000 0.453125 0.050000 0.062500
0 0.024219 0.937500 0.048438 0.062500
0 0.043750 0.958984 0.050000 0.062500
0 0.628125 0.634766 0.050000 0.062500
0 0.650000 0.615234 0.050000 0.062500
0 0.617188 0.593750 0.050000 0.062500
0 0.496875 0.365234 0.050000 0.062500
0 0.395313 0.369141 0.050000 0.062500
0 0.375000 0.390625 0.050000 0.062500
0 0.371875 0.357422 0.050000 0.062500
0 0.331250 0.410156 0.050000 0.062500
0 0.309375 0.398438 0.050000 0.062500
0 0.281250 0.394531 0.050000 0.062500
0 0.265625 0.373047 0.050000 0.062500
0 0.142187 0.173828 0.050000 0.062500
0 0.554688 0.029297 0.050000 0.058594
0 0.675000 0.044922 0.050000 0.062500
