0 0.314063 0.955078 0.050000 0.062500
0 0.223438 0.974609 0.050000 0.050781
0 0.215625 0.974609 0.050000 0.050781
0 0.082812 0.628906 0.050000 0.062500
0 0.110937 0.496094 0.050000 0.062500
0 0.095312 0.501953 0.050000 0.062500
0 0.057813 0.507812 0.050000 0.062500
0 0.048438 0.505859 0.050000 0.062500
0 0.042188 0.496094 0.050000 0.062500
0 0.157812 0.464844 0.050000 0.062500
0 0.173437 0.478516 0.050000 0.062500
0 0.209375 0.458984 0.050000 0.062500
0 0.339062 0.787109 0.050000 0.062500
0 0.351562 0.771484 0.050000 0.062500
0 0.364063 0.742188 0.050000 0.062500
0 0.487500 0.845703 0.050000 0.062500
0 0.506250 0.873047 0.050000 0.062500
0 0.510938 0.898438 0.050000 0.062500
0 0.565625 0.812500 0.050000 0.062500
0 0.579688 0.814453 0.050000 0.062500
0 0.601562 0.933594 0.050000 0.062500
0 0.782813 0.910156 0.050000 0.062500
0 0.982031 0.855469 0.035937 0.062500
0 0.931250 0.750000 0.050000 0.062500
0 0.937500 0.732422 0.050000 0.062500
0 0.859375 0.738281 0.050000 0.062500
0 0.907813 0.679688 0.050000 0.062500
0 0.729688 0.548828 0.050000 0.062500
0 0.620313 0.599609 0.050000 0.062500
0 0.610938 0.660156 0.050000 0.062500
0 0.618750 0.677734 0.050000 0.062500
0 0.653125 0.667969 0.050000 0.062500
0 0.485938 0.667969 0.050000 0.062500
0 0.545312 0.556641 0.050000 0.062500
0 0.535937 0.541016 0.050000 0.062500
0 0.581250 0.585938 0.050000 0.062500
0 0.345313 0.574219 0.050000 0.062500
0 0.340625 0.503906 0.050000 0.062500
0 0.306250 0.494141 0.050000 0.062500
0 0.301563 0.458984 0.050000 0.062500
0 0.151562 0.248047 0.050000 0.062500
0 0.576562 0.371094 0.050000 0.062500
0 0.565625 0.365234 0.050000 0.062500
0 0.026562 0.173828 0.050000 0.062500
0 0.976562 0.642578 0.046875 0.062500
