0 0.117188 0.300781 0.050000 0.062500
0 0.184375 0.251953 0.050000 0.062500
0 0.193750 0.238281 0.050000 0.062500
0 0.043750 0.232422 0.050000 0.062500
0 0.051562 0.224609 0.050000 0.062500
0 0.315625 0.351562 0.050000 0.062500
0 0.293750 0.343750 0.050000 0.062500
0 0.301563 0.365234 0.050000 0.062500
0 0.285938 0.394531 0.050000 0.062500
0 0.268750 0.394531 0.050000 0.062500
0 0.085938 0.486328 0.050000 0.062500
0 0.075000 0.476562 0.050000 0.062500
0 0.134375 0.468750 0.050000 0.062500
0 0.120313 0.476562 0.050000 0.062500
0 0.082812 0.572266 0.050000 0.062500
0 0.075000 0.591797 0.050000 0.062500
0 0.284375 0.660156 0.050000 0.062500
0 0.312500 0.708984 0.050000 0.062500
0 0.309375 0.738281 0.050000 0.062500
0 0.337500 0.837891 0.050000 0.062500
0 0.331250 0.855469 0.050000 0.062500
0 0.326562 0.869141 0.050000 0.062500
0 0.368750 0.634766 0.050000 0.062500
0 0.368750 0.615234 0.050000 0.062500
0 0.357812 0.601562 0.050000 0.062500
0 0.390625 0.716797 0.050000 0.062500
0 0.540625 0.734375 0.050000 0.062500
0 0.576562 0.810547 0.050000 0.062500
0 0.589063 0.816406 0.050000 0.062500
0 0.662500 0.746094 0.050000 0.062500
0 0.689063 0.660156 0.050000 0.062500
0 0.701562 0.650391 0.050000 0.062500
0 0.832812 0.587891 0.050000 0.062500
0 0.854688 0.599609 0.050000 0.062500
0 0.931250 0.671875 0.050000 0.062500
0 0.915625 0.671875 0.050000 0.062500
0 0.906250 0.658203 0.050000 0.062500
0 0.896875 0.667969 0.050000 0.062500
0 0.929688 0.710938 0.050000 0.062500
0 0.931250 0.648438 0.050000 0.062500
0 0.853125 0.667969 0.050000 0.062500
0 0.840625 0.666016 0.050000 0.062500
0 0.835938 0.675781 0.050000 0.062500
0 0.840625 0.814453 0.050000 0.062500
0 0.871875 0.886719 0.050000 0.062500
0 0.057813 0.449219 0.050000 0.062500
0 0.048438 0.457031 0.050000 0.062500
0 0.370312 0.976562 0.050000 0.046875
