0 0.210938 0.419922 0.050000 0.062500
0 0.210938 0.642578 0.050000 0.062500
0 0.104688 0.580078 0.050000 0.062500
0 0.057813 0.496094 0.050000 0.062500
0 0.017969 0.574219 0.035937 0.062500
0 0.096875 0.759766 0.050000 0.062500
0 0.110937 0.794922 0.050000 0.062500
0 0.303125 0.498047 0.050000 0.062500
0 0.107813 0.347656 0.050000 0.062500
0 0.031250 0.074219 0.050000 0.062500
0 0.371875 0.566406 0.050000 0.062500
0 0.553125 0.720703 0.050000 0.062500
0 0.642188 0.818359 0.050000 0.062500
0 0.910937 0.910156 0.050000 0.062500
0 0.882812 0.685547 0.050000 0.062500
0 0.646875 0.671875 0.050000 0.062500
0 0.517188 0.544922 0.050000 0.062500
0 0.431250 0.496094 0.050000 0.062500
0 0.364063 0.412109 0.050000 0.062500
0 0.281250 0.328125 0.050000 0.062500
0 0.226562 0.193359 0.050000 0.062500
0 0.303125 0.195312 0.050000 0.062500
0 0.356250 0.238281 0.050000 0.062500
0 0.443750 0.328125 0.050000 0.062500
0 0.525000 0.355469 0.050000 0.062500
0 0.585938 0.458984 0.050000 0.062500
0 0.670312 0.523438 0.050000 0.062500
0 0.704688 0.591797 0.050000 0.062500
0 0.765625 0.611328 0.050000 0.062500
0 0.980469 0.531250 0.039062 0.062500
0 0.859375 0.498047 0.050000 0.062500
0 0.775000 0.404297 0.050000 0.062500
0 0.679688 0.335938 0.050000 0.062500
0 0.598437 0.263672 0.050000 0.062500
0 0.521875 0.201172 0.050000 0.062500
0 0.437500 0.140625 0.050000 0.062500
0 0.390625 0.097656 0.050000 0.062500
0 0.378125 0.024414 0.050000 0.048828
0 0.446875 0.030273 0.050000 0.060547
0 0.523438 0.064453 0.050000 0.062500
0 0.587500 0.117188 0.050000 0.062500
0 0.681250 0.187500 0.050000 0.062500
0 0.759375 0.250000 0.050000 0.062500
0 0.842187 0.314453 0.050000 0.062500
0 0.925000 0.394531 0.050000 0.062500
0 0.984375 0.332031 0.031250 0.062500
0 0.893750 0.244141 0.050000 0.062500
0 0.801562 0.179688 0.050000 0.062500
0 0.650000 0.070312 0.050000 0.062500
0 0.589063 0.031250 0.050000 0.062500
0 0.692187 0.029297 0.050000 0.058594
0 0.776563 0.054688 0.050000 0.062500
0 0.851562 0.128906 0.050000 0.062500
0 0.900000 0.048828 0.050000 0.062500
0 0.806250 0.020508 0.050000 0.041016
0 0.981250 0.119141 0.037500 0.062500
0 0.956250 0.175781 0.050000 0.062500
