0 0.064062 0.490234 0.050000 0.062500
0 0.028125 0.556641 0.050000 0.062500
0 0.126562 0.550781 0.050000 0.062500
0 0.215625 0.630859 0.050000 0.062500
0 0.109375 0.763672 0.050000 0.062500
0 0.115625 0.791016 0.050000 0.062500
0 0.550000 0.726562 0.050000 0.062500
0 0.642188 0.810547 0.050000 0.062500
0 0.657813 0.664062 0.050000 0.062500
0 0.903125 0.898438 0.050000 0.062500
0 0.895312 0.687500 0.050000 0.062500
0 0.767188 0.603516 0.050000 0.062500
0 0.809375 0.564453 0.050000 0.062500
0 0.681250 0.521484 0.050000 0.062500
0 0.595313 0.458984 0.050000 0.062500
0 0.542188 0.371094 0.050000 0.062500
0 0.456250 0.330078 0.050000 0.062500
0 0.376563 0.248047 0.050000 0.062500
0 0.315625 0.195312 0.050000 0.062500
0 0.239063 0.181641 0.050000 0.062500
0 0.092188 0.148438 0.050000 0.062500
0 0.081250 0.167969 0.050000 0.062500
0 0.040625 0.068359 0.050000 0.062500
0 0.117188 0.333984 0.050000 0.062500
0 0.220312 0.416016 0.050000 0.062500
0 0.296875 0.476562 0.050000 0.062500
0 0.371875 0.552734 0.050000 0.062500
0 0.442188 0.480469 0.050000 0.062500
0 0.515625 0.552734 0.050000 0.062500
0 0.356250 0.404297 0.050000 0.062500
0 0.287500 0.326172 0.050000 0.062500
0 0.393750 0.093750 0.050000 0.062500
0 0.378125 0.019531 0.050000 0.039062
0 0.450000 0.023438 0.050000 0.046875
0 0.446875 0.130859 0.050000 0.062500
0 0.529687 0.042969 0.050000 0.062500
0 0.509375 0.187500 0.050000 0.062500
0 0.592187 0.253906 0.050000 0.062500
0 0.592187 0.113281 0.050000 0.062500
0 0.687500 0.189453 0.050000 0.062500
0 0.676562 0.332031 0.050000 0.062500
0 0.768750 0.398438 0.050000 0.062500
0 0.862500 0.492188 0.050000 0.062500
0 0.978125 0.533203 0.043750 0.062500
0 0.921875 0.375000 0.050000 0.062500
0 0.850000 0.304688 0.050000 0.062500
0 0.765625 0.238281 0.050000 0.062500
0 0.812500 0.171875 0.050000 0.062500
0 0.901563 0.232422 0.050000 0.062500
0 0.951562 0.179688 0.050000 0.062500
0 0.867188 0.123047 0.050000 0.062500
0 0.782813 0.037109 0.050000 0.062500
0 0.650000 0.050781 0.050000 0.062500
0 0.587500 0.023438 0.050000 0.046875
0 0.703125 0.021484 0.050000 0.042969
0 0.898438 0.037109 0.050000 0.062500
0 0.980469 0.123047 0.039062 0.062500
