0 0.048438 0.953125 0.050000 0.062500
0 0.051562 0.916016 0.050000 0.062500
0 0.029687 0.875000 0.050000 0.062500
0 0.016406 0.822266 0.032813 0.062500
0 0.015625 0.726562 0.031250 0.062500
0 0.051562 0.572266 0.050000 0.062500
0 0.029687 0.541016 0.050000 0.062500
0 0.017188 0.572266 0.034375 0.062500
0 0.014844 0.539062 0.029687 0.062500
0 0.021094 0.490234 0.042188 0.062500
0 0.040625 0.464844 0.050000 0.062500
0 0.028125 0.435547 0.050000 0.062500
0 0.024219 0.402344 0.048438 0.062500
0 0.043750 0.369141 0.050000 0.062500
0 0.048438 0.417969 0.050000 0.062500
0 0.073438 0.398438 0.050000 0.062500
0 0.076563 0.435547 0.050000 0.062500
0 0.076563 0.482422 0.050000 0.062500
0 0.104688 0.468750 0.050000 0.062500
0 0.167187 0.435547 0.050000 0.062500
0 0.139063 0.443359 0.050000 0.062500
0 0.128125 0.416016 0.050000 0.062500
0 0.110937 0.388672 0.050000 0.062500
0 0.087500 0.351562 0.050000 0.062500
0 0.068750 0.322266 0.050000 0.062500
0 0.109375 0.333984 0.050000 0.062500
0 0.128125 0.357422 0.050000 0.062500
0 0.145313 0.384766 0.050000 0.062500
0 0.160938 0.410156 0.050000 0.062500
0 0.196875 0.416016 0.050000 0.062500
0 0.204687 0.462891 0.050000 0.062500
0 0.178125 0.396484 0.050000 0.062500
0 0.165625 0.365234 0.050000 0.062500
0 0.146875 0.328125 0.050000 0.062500
0 0.096875 0.275391 0.050000 0.062500
0 0.137500 0.281250 0.050000 0.062500
0 0.048438 0.248047 0.050000 0.062500
0 0.017969 0.193359 0.035937 0.062500
0 0.084375 0.140625 0.050000 0.062500
0 0.114062 0.146484 0.050000 0.062500
0 0.142187 0.173828 0.050000 0.062500
0 0.145313 0.234375 0.050000 0.062500
0 0.187500 0.207031 0.050000 0.062500
0 0.164062 0.095703 0.050000 0.062500
0 0.209375 0.058594 0.050000 0.062500
0 0.254688 0.087891 0.050000 0.062500
0 0.248438 0.218750 0.050000 0.062500
0 0.218750 0.251953 0.050000 0.062500
0 0.203125 0.298828 0.050000 0.062500
0 0.181250 0.328125 0.050000 0.062500
0 0.198437 0.363281 0.050000 0.062500
0 0.214062 0.382812 0.050000 0.062500
0 0.223438 0.421875 0.050000 0.062500
0 0.246875 0.462891 0.050000 0.062500
0 0.278125 0.441406 0.050000 0.062500
0 0.251563 0.408203 0.050000 0.062500
0 0.232813 0.375000 0.050000 0.062500
0 0.220312 0.341797 0.050000 0.062500
0 0.235937 0.316406 0.050000 0.062500
0 0.256250 0.355469 0.050000 0.062500
0 0.268750 0.373047 0.050000 0.062500
0 0.295312 0.361328 0.050000 0.062500
0 0.287500 0.392578 0.050000 0.062500
0 0.300000 0.476562 0.050000 0.062500
0 0.307812 0.431641 0.050000 0.062500
0 0.309375 0.400391 0.050000 0.062500
0 0.339062 0.433594 0.050000 0.062500
0 0.334375 0.404297 0.050000 0.062500
0 0.354687 0.384766 0.050000 0.062500
0 0.317188 0.218750 0.050000 0.062500
0 0.367188 0.195312 0.050000 0.062500
0 0.290625 0.263672 0.050000 0.062500
0 0.260937 0.291016 0.050000 0.062500
0 0.281250 0.318359 0.050000 0.062500
0 0.309375 0.330078 0.050000 0.062500
0 0.328125 0.363281 0.050000 0.062500
0 0.334375 0.259766 0.050000 0.062500
0 0.337500 0.296875 0.050000 0.062500
0 0.351562 0.335938 0.050000 0.062500
0 0.360938 0.427734 0.050000 0.062500
0 0.337500 0.470703 0.050000 0.062500
0 0.367188 0.478516 0.050000 0.062500
0 0.395313 0.480469 0.050000 0.062500
0 0.392188 0.412109 0.050000 0.062500
0 0.373437 0.388672 0.050000 0.062500
0 0.398438 0.369141 0.050000 0.062500
0 0.373437 0.359375 0.050000 0.062500
0 0.385937 0.328125 0.050000 0.062500
0 0.387500 0.253906 0.050000 0.062500
0 0.429688 0.238281 0.050000 0.062500
0 0.462500 0.167969 0.050000 0.062500
0 0.487500 0.207031 0.050000 0.062500
0 0.470313 0.269531 0.050000 0.062500
0 0.478125 0.300781 0.050000 0.062500
0 0.451562 0.306641 0.050000 0.062500
0 0.418750 0.330078 0.050000 0.062500
0 0.468750 0.341797 0.050000 0.062500
0 0.435937 0.373047 0.050000 0.062500
0 0.420312 0.396484 0.050000 0.062500
0 0.506250 0.330078 0.050000 0.062500
0 0.520312 0.300781 0.050000 0.062500
0 0.542188 0.222656 0.050000 0.062500
0 0.629687 0.173828 0.050000 0.062500
0 0.610938 0.222656 0.050000 0.062500
0 0.607812 0.296875 0.050000 0.062500
0 0.673438 0.058594 0.050000 0.062500
0 0.643750 0.024414 0.050000 0.048828
0 0.550000 0.028320 0.050000 0.056641
0 0.560937 0.308594 0.050000 0.062500
0 0.534375 0.335938 0.050000 0.062500
0 0.465625 0.376953 0.050000 0.062500
0 0.498437 0.359375 0.050000 0.062500
0 0.446875 0.396484 0.050000 0.062500
0 0.432812 0.445312 0.050000 0.062500
0 0.428125 0.500000 0.050000 0.062500
0 0.462500 0.472656 0.050000 0.062500
0 0.467187 0.431641 0.050000 0.062500
0 0.517188 0.416016 0.050000 0.062500
0 0.495312 0.398438 0.050000 0.062500
0 0.473438 0.390625 0.050000 0.062500
0 0.520312 0.376953 0.050000 0.062500
0 0.542188 0.369141 0.050000 0.062500
0 0.590625 0.382812 0.050000 0.062500
0 0.596875 0.355469 0.050000 0.062500
0 0.640625 0.324219 0.050000 0.062500
0 0.667188 0.359375 0.050000 0.062500
0 0.629687 0.369141 0.050000 0.062500
0 0.687500 0.390625 0.050000 0.062500
0 0.568750 0.341797 0.050000 0.062500
0 0.490625 0.476562 0.050000 0.062500
0 0.546875 0.406250 0.050000 0.062500
0 0.532813 0.445312 0.050000 0.062500
0 0.570312 0.435547 0.050000 0.062500
0 0.570312 0.406250 0.050000 0.062500
0 0.603125 0.408203 0.050000 0.062500
0 0.610938 0.437500 0.050000 0.062500
0 0.575000 0.458984 0.050000 0.062500
0 0.517188 0.496094 0.050000 0.062500
0 0.576562 0.488281 0.050000 0.062500
0 0.600000 0.470703 0.050000 0.062500
0 0.640625 0.431641 0.050000 0.062500
0 0.671875 0.449219 0.050000 0.062500
0 0.748437 0.468750 0.050000 0.062500
0 0.725000 0.447266 0.050000 0.062500
0 0.640625 0.476562 0.050000 0.062500
0 0.654687 0.507812 0.050000 0.062500
0 0.687500 0.482422 0.050000 0.062500
0 0.179688 0.457031 0.050000 0.062500
0 0.559375 0.527344 0.050000 0.062500
0 0.398438 0.515625 0.050000 0.062500
0 0.675000 0.531250 0.050000 0.062500
0 0.623437 0.529297 0.050000 0.062500
0 0.614062 0.500000 0.050000 0.062500
0 0.548438 0.482422 0.050000 0.062500
0 0.589063 0.517578 0.050000 0.062500
0 0.659375 0.550781 0.050000 0.062500
0 0.634375 0.554688 0.050000 0.062500
0 0.712500 0.574219 0.050000 0.062500
0 0.745313 0.625000 0.050000 0.062500
0 0.735938 0.671875 0.050000 0.062500
0 0.742188 0.732422 0.050000 0.062500
0 0.851562 0.871094 0.050000 0.062500
0 0.812500 0.830078 0.050000 0.062500
0 0.737500 0.886719 0.050000 0.062500
0 0.753125 0.828125 0.050000 0.062500
0 0.721875 0.816406 0.050000 0.062500
0 0.718750 0.787109 0.050000 0.062500
0 0.728125 0.966797 0.050000 0.062500
0 0.712500 0.925781 0.050000 0.062500
0 0.695312 0.962891 0.050000 0.062500
0 0.685937 0.978516 0.050000 0.042969
0 0.653125 0.968750 0.050000 0.062500
0 0.654687 0.941406 0.050000 0.062500
0 0.689063 0.931641 0.050000 0.062500
0 0.709375 0.898438 0.050000 0.062500
0 0.698438 0.853516 0.050000 0.062500
0 0.592187 0.566406 0.050000 0.062500
0 0.564063 0.580078 0.050000 0.062500
0 0.567187 0.625000 0.050000 0.062500
0 0.592187 0.599609 0.050000 0.062500
0 0.618750 0.591797 0.050000 0.062500
0 0.648438 0.587891 0.050000 0.062500
0 0.685937 0.595703 0.050000 0.062500
0 0.715625 0.638672 0.050000 0.062500
0 0.690625 0.638672 0.050000 0.062500
0 0.692187 0.671875 0.050000 0.062500
0 0.701562 0.716797 0.050000 0.062500
0 0.646875 0.617188 0.050000 0.062500
0 0.631250 0.632812 0.050000 0.062500
0 0.668750 0.648438 0.050000 0.062500
0 0.662500 0.689453 0.050000 0.062500
0 0.645312 0.658203 0.050000 0.062500
0 0.621875 0.673828 0.050000 0.062500
0 0.589063 0.689453 0.050000 0.062500
0 0.603125 0.714844 0.050000 0.062500
0 0.603125 0.738281 0.050000 0.062500
0 0.632812 0.738281 0.050000 0.062500
0 0.651563 0.718750 0.050000 0.062500
0 0.637500 0.691406 0.050000 0.062500
0 0.665625 0.742188 0.050000 0.062500
0 0.637500 0.777344 0.050000 0.062500
0 0.662500 0.781250 0.050000 0.062500
0 0.687500 0.820312 0.050000 0.062500
0 0.676562 0.843750 0.050000 0.062500
0 0.657813 0.804688 0.050000 0.062500
0 0.662500 0.826172 0.050000 0.062500
0 0.625000 0.818359 0.050000 0.062500
0 0.593750 0.818359 0.050000 0.062500
0 0.612500 0.869141 0.050000 0.062500
0 0.629687 0.849609 0.050000 0.062500
0 0.656250 0.867188 0.050000 0.062500
0 0.660937 0.906250 0.050000 0.062500
0 0.631250 0.892578 0.050000 0.062500
0 0.595313 0.888672 0.050000 0.062500
0 0.603125 0.927734 0.050000 0.062500
0 0.625000 0.976562 0.050000 0.046875
0 0.145313 0.500000 0.050000 0.062500
0 0.070312 0.517578 0.050000 0.062500
0 0.029687 0.931641 0.050000 0.062500
0 0.062500 0.373047 0.050000 0.062500
