0 0.132812 0.072266 0.050000 0.062500
0 0.484375 0.068359 0.050000 0.062500
0 0.270313 0.173828 0.050000 0.062500
0 0.246875 0.189453 0.050000 0.062500
0 0.153125 0.357422 0.050000 0.062500
0 0.228125 0.345703 0.050000 0.062500
0 0.212500 0.416016 0.050000 0.062500
0 0.062500 0.498047 0.050000 0.062500
0 0.210938 0.523438 0.050000 0.062500
0 0.348438 0.285156 0.050000 0.062500
0 0.378125 0.310547 0.050000 0.062500
0 0.356250 0.396484 0.050000 0.062500
0 0.356250 0.498047 0.050000 0.062500
0 0.348438 0.611328 0.050000 0.062500
0 0.335938 0.765625 0.050000 0.062500
0 0.329688 0.867188 0.050000 0.062500
0 0.453125 0.718750 0.050000 0.062500
0 0.453125 0.921875 0.050000 0.062500
0 0.443750 0.623047 0.050000 0.062500
0 0.451562 0.488281 0.050000 0.062500
0 0.451562 0.376953 0.050000 0.062500
0 0.570312 0.308594 0.050000 0.062500
0 0.673438 0.050781 0.050000 0.062500
0 0.678125 0.308594 0.050000 0.062500
0 0.789062 0.306641 0.050000 0.062500
0 0.739062 0.259766 0.050000 0.062500
0 0.564063 0.406250 0.050000 0.062500
0 0.679688 0.390625 0.050000 0.062500
0 0.803125 0.408203 0.050000 0.062500
0 0.884375 0.414062 0.050000 0.062500
0 0.876563 0.298828 0.050000 0.062500
0 0.867188 0.228516 0.050000 0.062500
0 0.957812 0.283203 0.050000 0.062500
0 0.970313 0.427734 0.050000 0.062500
0 0.560937 0.507812 0.050000 0.062500
0 0.679688 0.474609 0.050000 0.062500
0 0.800000 0.509766 0.050000 0.062500
0 0.889062 0.519531 0.050000 0.062500
0 0.976562 0.509766 0.046875 0.062500
0 0.693750 0.593750 0.050000 0.062500
0 0.582812 0.607422 0.050000 0.062500
0 0.559375 0.710938 0.050000 0.062500
0 0.573438 0.845703 0.050000 0.062500
0 0.700000 0.845703 0.050000 0.062500
0 0.700000 0.724609 0.050000 0.062500
0 0.818750 0.626953 0.050000 0.062500
0 0.820312 0.728516 0.050000 0.062500
0 0.835938 0.867188 0.050000 0.062500
0 0.937500 0.871094 0.050000 0.062500
0 0.918750 0.736328 0.050000 0.062500
0 0.975000 0.607422 0.050000 0.062500
0 0.832812 0.976562 0.050000 0.046875
0 0.721875 0.977539 0.050000 0.044922
0 0.564063 0.980469 0.050000 0.039062
0 0.937500 0.979492 0.050000 0.041016
