0 0.146875 0.150391 0.050000 0.062500
0 0.151562 0.269531 0.050000 0.062500
0 0.145313 0.367188 0.050000 0.062500
0 0.029687 0.216797 0.050000 0.062500
0 0.017188 0.287109 0.034375 0.062500
0 0.017969 0.402344 0.035937 0.062500
0 0.137500 0.482422 0.050000 0.062500
0 0.131250 0.626953 0.050000 0.062500
0 0.125000 0.722656 0.050000 0.062500
0 0.096875 0.837891 0.050000 0.062500
0 0.235937 0.578125 0.050000 0.062500
0 0.243750 0.468750 0.050000 0.062500
0 0.231250 0.357422 0.050000 0.062500
0 0.254688 0.242188 0.050000 0.062500
0 0.356250 0.173828 0.050000 0.062500
0 0.070312 0.037109 0.050000 0.062500
0 0.048438 0.062500 0.050000 0.062500
0 0.403125 0.216797 0.050000 0.062500
0 0.346875 0.271484 0.050000 0.062500
0 0.350000 0.371094 0.050000 0.062500
0 0.382812 0.470703 0.050000 0.062500
0 0.335938 0.585938 0.050000 0.062500
0 0.339062 0.695312 0.050000 0.062500
0 0.226562 0.761719 0.050000 0.062500
0 0.321875 0.832031 0.050000 0.062500
0 0.340625 0.974609 0.050000 0.050781
0 0.501563 0.972656 0.050000 0.054688
0 0.468750 0.689453 0.050000 0.062500
0 0.468750 0.578125 0.050000 0.062500
0 0.465625 0.464844 0.050000 0.062500
0 0.464062 0.343750 0.050000 0.062500
0 0.470313 0.251953 0.050000 0.062500
0 0.462500 0.177734 0.050000 0.062500
0 0.525000 0.128906 0.050000 0.062500
0 0.832812 0.026367 0.050000 0.052734
0 0.854688 0.020508 0.050000 0.041016
0 0.839063 0.017578 0.050000 0.035156
0 0.642188 0.103516 0.050000 0.062500
0 0.657813 0.164062 0.050000 0.062500
0 0.653125 0.273438 0.050000 0.062500
0 0.582812 0.271484 0.050000 0.062500
0 0.575000 0.384766 0.050000 0.062500
0 0.659375 0.373047 0.050000 0.062500
0 0.590625 0.482422 0.050000 0.062500
0 0.587500 0.583984 0.050000 0.062500
0 0.668750 0.585938 0.050000 0.062500
0 0.595313 0.710938 0.050000 0.062500
0 0.578125 0.822266 0.050000 0.062500
0 0.476562 0.828125 0.050000 0.062500
0 0.621875 0.966797 0.050000 0.062500
0 0.693750 0.843750 0.050000 0.062500
0 0.676562 0.716797 0.050000 0.062500
0 0.775000 0.849609 0.050000 0.062500
0 0.862500 0.849609 0.050000 0.062500
0 0.943750 0.837891 0.050000 0.062500
0 0.935937 0.931641 0.050000 0.062500
0 0.940625 0.968750 0.050000 0.062500
0 0.853125 0.982422 0.050000 0.035156
0 0.926562 0.722656 0.050000 0.062500
0 0.840625 0.707031 0.050000 0.062500
0 0.770312 0.716797 0.050000 0.062500
0 0.748437 0.583984 0.050000 0.062500
0 0.746875 0.458984 0.050000 0.062500
0 0.739062 0.371094 0.050000 0.062500
0 0.735938 0.291016 0.050000 0.062500
0 0.732812 0.164062 0.050000 0.062500
0 0.832812 0.154297 0.050000 0.062500
0 0.810937 0.277344 0.050000 0.062500
0 0.820312 0.369141 0.050000 0.062500
0 0.820312 0.460938 0.050000 0.062500
0 0.829688 0.572266 0.050000 0.062500
0 0.914062 0.572266 0.050000 0.062500
0 0.959375 0.392578 0.050000 0.062500
0 0.959375 0.253906 0.050000 0.062500
0 0.903125 0.136719 0.050000 0.062500
