0 0.078125 0.425781 0.050000 0.062500
0 0.051562 0.519531 0.050000 0.062500
0 0.021094 0.632812 0.042188 0.062500
0 0.019531 0.751953 0.039062 0.062500
0 0.106250 0.666016 0.050000 0.062500
0 0.106250 0.781250 0.050000 0.062500
0 0.198437 0.738281 0.050000 0.062500
0 0.198437 0.707031 0.050000 0.062500
0 0.223438 0.572266 0.050000 0.062500
0 0.156250 0.558594 0.050000 0.062500
0 0.176563 0.458984 0.050000 0.062500
0 0.195312 0.351562 0.050000 0.062500
0 0.209375 0.269531 0.050000 0.062500
0 0.235937 0.183594 0.050000 0.062500
0 0.256250 0.097656 0.050000 0.062500
0 0.157812 0.060547 0.050000 0.062500
0 0.137500 0.123047 0.050000 0.062500
0 0.118750 0.195312 0.050000 0.062500
0 0.096875 0.310547 0.050000 0.062500
0 0.025000 0.294922 0.050000 0.062500
0 0.037500 0.105469 0.050000 0.062500
0 0.018750 0.199219 0.037500 0.062500
0 0.321875 0.093750 0.050000 0.062500
0 0.396875 0.111328 0.050000 0.062500
0 0.295312 0.201172 0.050000 0.062500
0 0.368750 0.212891 0.050000 0.062500
0 0.356250 0.287109 0.050000 0.062500
0 0.284375 0.277344 0.050000 0.062500
0 0.332813 0.371094 0.050000 0.062500
0 0.248438 0.468750 0.050000 0.062500
0 0.310937 0.482422 0.050000 0.062500
0 0.295312 0.597656 0.050000 0.062500
0 0.270313 0.714844 0.050000 0.062500
0 0.335938 0.724609 0.050000 0.062500
0 0.234375 0.931641 0.050000 0.062500
0 0.175000 0.894531 0.050000 0.062500
0 0.381250 0.839844 0.050000 0.062500
0 0.445312 0.845703 0.050000 0.062500
0 0.557813 0.869141 0.050000 0.062500
0 0.654687 0.890625 0.050000 0.062500
0 0.746875 0.820312 0.050000 0.062500
0 0.829688 0.832031 0.050000 0.062500
0 0.932813 0.869141 0.050000 0.062500
0 0.929688 0.771484 0.050000 0.062500
0 0.846875 0.726562 0.050000 0.062500
0 0.779687 0.716797 0.050000 0.062500
0 0.667188 0.806641 0.050000 0.062500
0 0.573438 0.789062 0.050000 0.062500
0 0.490625 0.748047 0.050000 0.062500
0 0.412500 0.738281 0.050000 0.062500
0 0.359375 0.599609 0.050000 0.062500
0 0.431250 0.636719 0.050000 0.062500
0 0.504687 0.660156 0.050000 0.062500
0 0.596875 0.671875 0.050000 0.062500
0 0.620313 0.566406 0.050000 0.062500
0 0.531250 0.539062 0.050000 0.062500
0 0.454688 0.517578 0.050000 0.062500
0 0.390625 0.482422 0.050000 0.062500
0 0.403125 0.394531 0.050000 0.062500
0 0.421875 0.322266 0.050000 0.062500
0 0.432812 0.242188 0.050000 0.062500
0 0.489063 0.146484 0.050000 0.062500
0 0.557813 0.128906 0.050000 0.062500
0 0.575000 0.251953 0.050000 0.062500
0 0.534375 0.376953 0.050000 0.062500
0 0.645312 0.287109 0.050000 0.062500
0 0.675000 0.199219 0.050000 0.062500
0 0.693750 0.357422 0.050000 0.062500
0 0.631250 0.441406 0.050000 0.062500
0 0.798438 0.455078 0.050000 0.062500
0 0.703125 0.578125 0.050000 0.062500
0 0.785937 0.583984 0.050000 0.062500
0 0.870313 0.607422 0.050000 0.062500
0 0.948438 0.535156 0.050000 0.062500
0 0.870313 0.480469 0.050000 0.062500
0 0.903125 0.347656 0.050000 0.062500
0 0.903125 0.294922 0.050000 0.062500
0 0.820312 0.300781 0.050000 0.062500
0 0.977344 0.394531 0.045312 0.062500
0 0.978906 0.316406 0.042188 0.062500
0 0.885938 0.173828 0.050000 0.062500
0 0.940625 0.193359 0.050000 0.062500
0 0.976562 0.283203 0.046875 0.062500
0 0.857812 0.097656 0.050000 0.062500
0 0.973437 0.062500 0.050000 0.062500
