0 0.045312 0.943359 0.050000 0.062500
0 0.048438 0.912109 0.050000 0.062500
0 0.034375 0.873047 0.050000 0.062500
0 0.017969 0.826172 0.035937 0.062500
0 0.496875 0.474609 0.050000 0.062500
0 0.016406 0.728516 0.032813 0.062500
0 0.016406 0.570312 0.032813 0.062500
0 0.048438 0.546875 0.050000 0.062500
0 0.018750 0.542969 0.037500 0.062500
0 0.073438 0.525391 0.050000 0.062500
0 0.079687 0.490234 0.050000 0.062500
0 0.059375 0.501953 0.050000 0.062500
0 0.022656 0.496094 0.045312 0.062500
0 0.042188 0.468750 0.050000 0.062500
0 0.040625 0.443359 0.050000 0.062500
0 0.020313 0.441406 0.040625 0.062500
0 0.029687 0.402344 0.050000 0.062500
0 0.014844 0.382812 0.029687 0.062500
0 0.014844 0.347656 0.029687 0.062500
0 0.037500 0.361328 0.050000 0.062500
0 0.065625 0.373047 0.050000 0.062500
0 0.064062 0.402344 0.050000 0.062500
0 0.085938 0.408203 0.050000 0.062500
0 0.054688 0.421875 0.050000 0.062500
0 0.070312 0.435547 0.050000 0.062500
0 0.089063 0.462891 0.050000 0.062500
0 0.114062 0.474609 0.050000 0.062500
0 0.106250 0.437500 0.050000 0.062500
0 0.178125 0.462891 0.050000 0.062500
0 0.139063 0.443359 0.050000 0.062500
0 0.128125 0.421875 0.050000 0.062500
0 0.114062 0.388672 0.050000 0.062500
0 0.090625 0.351562 0.050000 0.062500
0 0.070312 0.324219 0.050000 0.062500
0 0.115625 0.333984 0.050000 0.062500
0 0.126562 0.355469 0.050000 0.062500
0 0.143750 0.378906 0.050000 0.062500
0 0.164062 0.416016 0.050000 0.062500
0 0.182812 0.400391 0.050000 0.062500
0 0.193750 0.423828 0.050000 0.062500
0 0.210938 0.470703 0.050000 0.062500
0 0.250000 0.464844 0.050000 0.062500
0 0.226562 0.429688 0.050000 0.062500
0 0.215625 0.394531 0.050000 0.062500
0 0.198437 0.361328 0.050000 0.062500
0 0.162500 0.367188 0.050000 0.062500
0 0.146875 0.330078 0.050000 0.062500
0 0.185938 0.333984 0.050000 0.062500
0 0.020313 0.201172 0.040625 0.062500
0 0.056250 0.255859 0.050000 0.062500
0 0.103125 0.275391 0.050000 0.062500
0 0.134375 0.281250 0.050000 0.062500
0 0.150000 0.234375 0.050000 0.062500
0 0.189062 0.212891 0.050000 0.062500
0 0.151562 0.183594 0.050000 0.062500
0 0.109375 0.148438 0.050000 0.062500
0 0.076563 0.142578 0.050000 0.062500
0 0.171875 0.095703 0.050000 0.062500
0 0.214062 0.066406 0.050000 0.062500
0 0.257812 0.089844 0.050000 0.062500
0 0.248438 0.220703 0.050000 0.062500
0 0.221875 0.253906 0.050000 0.062500
0 0.204687 0.302734 0.050000 0.062500
0 0.242188 0.316406 0.050000 0.062500
0 0.220312 0.349609 0.050000 0.062500
0 0.264062 0.298828 0.050000 0.062500
0 0.284375 0.324219 0.050000 0.062500
0 0.253125 0.361328 0.050000 0.062500
0 0.232813 0.376953 0.050000 0.062500
0 0.250000 0.410156 0.050000 0.062500
0 0.273438 0.457031 0.050000 0.062500
0 0.290625 0.396484 0.050000 0.062500
0 0.307812 0.437500 0.050000 0.062500
0 0.303125 0.476562 0.050000 0.062500
0 0.334375 0.480469 0.050000 0.062500
0 0.339062 0.435547 0.050000 0.062500
0 0.339062 0.412109 0.050000 0.062500
0 0.312500 0.406250 0.050000 0.062500
0 0.295312 0.361328 0.050000 0.062500
0 0.273438 0.378906 0.050000 0.062500
0 0.312500 0.337891 0.050000 0.062500
0 0.331250 0.361328 0.050000 0.062500
0 0.354687 0.392578 0.050000 0.062500
0 0.367188 0.437500 0.050000 0.062500
0 0.367188 0.478516 0.050000 0.062500
0 0.398438 0.480469 0.050000 0.062500
0 0.432812 0.503906 0.050000 0.062500
0 0.462500 0.474609 0.050000 0.062500
0 0.432812 0.447266 0.050000 0.062500
0 0.398438 0.423828 0.050000 0.062500
0 0.376563 0.392578 0.050000 0.062500
0 0.421875 0.402344 0.050000 0.062500
0 0.450000 0.402344 0.050000 0.062500
0 0.468750 0.427734 0.050000 0.062500
0 0.440625 0.375000 0.050000 0.062500
0 0.398438 0.375000 0.050000 0.062500
0 0.375000 0.361328 0.050000 0.062500
0 0.350000 0.335938 0.050000 0.062500
0 0.339062 0.300781 0.050000 0.062500
0 0.332813 0.255859 0.050000 0.062500
0 0.293750 0.261719 0.050000 0.062500
0 0.318750 0.218750 0.050000 0.062500
0 0.360938 0.197266 0.050000 0.062500
0 0.465625 0.171875 0.050000 0.062500
0 0.432812 0.246094 0.050000 0.062500
0 0.387500 0.263672 0.050000 0.062500
0 0.390625 0.324219 0.050000 0.062500
0 0.421875 0.330078 0.050000 0.062500
0 0.451562 0.314453 0.050000 0.062500
0 0.468750 0.347656 0.050000 0.062500
0 0.481250 0.308594 0.050000 0.062500
0 0.468750 0.269531 0.050000 0.062500
0 0.487500 0.214844 0.050000 0.062500
0 0.543750 0.232422 0.050000 0.062500
0 0.528125 0.302734 0.050000 0.062500
0 0.507812 0.337891 0.050000 0.062500
0 0.498437 0.371094 0.050000 0.062500
0 0.467187 0.375000 0.050000 0.062500
0 0.476562 0.400391 0.050000 0.062500
0 0.500000 0.406250 0.050000 0.062500
0 0.521875 0.423828 0.050000 0.062500
0 0.551562 0.410156 0.050000 0.062500
0 0.520312 0.382812 0.050000 0.062500
0 0.548438 0.373047 0.050000 0.062500
0 0.537500 0.337891 0.050000 0.062500
0 0.565625 0.314453 0.050000 0.062500
0 0.571875 0.345703 0.050000 0.062500
0 0.589063 0.384766 0.050000 0.062500
0 0.603125 0.361328 0.050000 0.062500
0 0.631250 0.375000 0.050000 0.062500
0 0.614062 0.300781 0.050000 0.062500
0 0.604688 0.228516 0.050000 0.062500
0 0.646875 0.193359 0.050000 0.062500
0 0.646875 0.328125 0.050000 0.062500
0 0.554688 0.033203 0.050000 0.062500
0 0.651563 0.029297 0.050000 0.058594
0 0.676562 0.054688 0.050000 0.062500
0 0.571875 0.410156 0.050000 0.062500
0 0.604688 0.412109 0.050000 0.062500
0 0.668750 0.369141 0.050000 0.062500
0 0.689063 0.402344 0.050000 0.062500
0 0.643750 0.435547 0.050000 0.062500
0 0.614062 0.441406 0.050000 0.062500
0 0.570312 0.439453 0.050000 0.062500
0 0.534375 0.449219 0.050000 0.062500
0 0.521875 0.509766 0.050000 0.062500
0 0.571875 0.496094 0.050000 0.062500
0 0.559375 0.529297 0.050000 0.062500
0 0.578125 0.462891 0.050000 0.062500
0 0.554688 0.474609 0.050000 0.062500
0 0.673438 0.455078 0.050000 0.062500
0 0.753125 0.476562 0.050000 0.062500
0 0.689063 0.492188 0.050000 0.062500
0 0.642188 0.482422 0.050000 0.062500
0 0.603125 0.474609 0.050000 0.062500
0 0.585938 0.529297 0.050000 0.062500
0 0.623437 0.531250 0.050000 0.062500
0 0.625000 0.492188 0.050000 0.062500
0 0.654687 0.513672 0.050000 0.062500
0 0.679688 0.533203 0.050000 0.062500
0 0.664062 0.556641 0.050000 0.062500
0 0.635938 0.558594 0.050000 0.062500
0 0.715625 0.582031 0.050000 0.062500
0 0.687500 0.597656 0.050000 0.062500
0 0.651563 0.587891 0.050000 0.062500
0 0.618750 0.597656 0.050000 0.062500
0 0.596875 0.576172 0.050000 0.062500
0 0.592187 0.609375 0.050000 0.062500
0 0.568750 0.625000 0.050000 0.062500
0 0.632812 0.638672 0.050000 0.062500
0 0.654687 0.623047 0.050000 0.062500
0 0.748437 0.630859 0.050000 0.062500
0 0.715625 0.638672 0.050000 0.062500
0 0.695312 0.646484 0.050000 0.062500
0 0.673438 0.652344 0.050000 0.062500
0 0.734375 0.677734 0.050000 0.062500
0 0.695312 0.677734 0.050000 0.062500
0 0.653125 0.662109 0.050000 0.062500
0 0.625000 0.677734 0.050000 0.062500
0 0.664062 0.689453 0.050000 0.062500
0 0.654687 0.720703 0.050000 0.062500
0 0.668750 0.746094 0.050000 0.062500
0 0.700000 0.716797 0.050000 0.062500
0 0.745313 0.732422 0.050000 0.062500
0 0.592187 0.691406 0.050000 0.062500
0 0.607812 0.712891 0.050000 0.062500
0 0.637500 0.746094 0.050000 0.062500
0 0.600000 0.732422 0.050000 0.062500
0 0.720313 0.787109 0.050000 0.062500
0 0.753125 0.826172 0.050000 0.062500
0 0.731250 0.826172 0.050000 0.062500
0 0.817187 0.855469 0.050000 0.062500
0 0.856250 0.875000 0.050000 0.062500
0 0.792188 0.900391 0.050000 0.062500
0 0.739062 0.894531 0.050000 0.062500
0 0.732812 0.968750 0.050000 0.062500
0 0.698438 0.969727 0.050000 0.060547
0 0.654687 0.971680 0.050000 0.056641
0 0.656250 0.947266 0.050000 0.062500
0 0.635938 0.978516 0.050000 0.042969
0 0.603125 0.929688 0.050000 0.062500
0 0.604688 0.896484 0.050000 0.062500
0 0.629687 0.886719 0.050000 0.062500
0 0.667188 0.910156 0.050000 0.062500
0 0.687500 0.937500 0.050000 0.062500
0 0.712500 0.931641 0.050000 0.062500
0 0.709375 0.900391 0.050000 0.062500
0 0.689063 0.880859 0.050000 0.062500
0 0.662500 0.873047 0.050000 0.062500
0 0.700000 0.853516 0.050000 0.062500
0 0.679688 0.841797 0.050000 0.062500
0 0.687500 0.820312 0.050000 0.062500
0 0.673438 0.787109 0.050000 0.062500
0 0.662500 0.826172 0.050000 0.062500
0 0.664062 0.806641 0.050000 0.062500
0 0.640625 0.783203 0.050000 0.062500
0 0.640625 0.839844 0.050000 0.062500
0 0.620313 0.820312 0.050000 0.062500
0 0.596875 0.826172 0.050000 0.062500
0 0.150000 0.509766 0.050000 0.062500
