0 0.112500 0.173828 0.050000 0.062500
0 0.095312 0.160156 0.050000 0.062500
0 0.082812 0.179688 0.050000 0.062500
0 0.096875 0.193359 0.050000 0.062500
0 0.100000 0.203125 0.050000 0.062500
0 0.062500 0.224609 0.050000 0.062500
0 0.060937 0.273438 0.050000 0.062500
0 0.050000 0.298828 0.050000 0.062500
0 0.043750 0.339844 0.050000 0.062500
0 0.014063 0.343750 0.028125 0.062500
0 0.031250 0.158203 0.050000 0.062500
0 0.031250 0.173828 0.050000 0.062500
0 0.040625 0.175781 0.050000 0.062500
0 0.048438 0.136719 0.050000 0.062500
0 0.062500 0.128906 0.050000 0.062500
0 0.067187 0.113281 0.050000 0.062500
0 0.057813 0.052734 0.050000 0.062500
0 0.175000 0.066406 0.050000 0.062500
0 0.185938 0.101562 0.050000 0.062500
0 0.189062 0.128906 0.050000 0.062500
0 0.192188 0.148438 0.050000 0.062500
0 0.185938 0.167969 0.050000 0.062500
0 0.103125 0.259766 0.050000 0.062500
0 0.092188 0.330078 0.050000 0.062500
0 0.078125 0.332031 0.050000 0.062500
0 0.076563 0.373047 0.050000 0.062500
0 0.098437 0.349609 0.050000 0.062500
0 0.100000 0.386719 0.050000 0.062500
0 0.078125 0.398438 0.050000 0.062500
0 0.090625 0.433594 0.050000 0.062500
0 0.071875 0.496094 0.050000 0.062500
0 0.081250 0.525391 0.050000 0.062500
0 0.046875 0.488281 0.050000 0.062500
0 0.051562 0.515625 0.050000 0.062500
0 0.051562 0.539062 0.050000 0.062500
0 0.053125 0.560547 0.050000 0.062500
0 0.050000 0.578125 0.050000 0.062500
0 0.020313 0.708984 0.040625 0.062500
0 0.110937 0.738281 0.050000 0.062500
0 0.065625 0.589844 0.050000 0.062500
0 0.073438 0.568359 0.050000 0.062500
0 0.092188 0.582031 0.050000 0.062500
0 0.095312 0.603516 0.050000 0.062500
0 0.118750 0.574219 0.050000 0.062500
0 0.134375 0.580078 0.050000 0.062500
0 0.151562 0.585938 0.050000 0.062500
0 0.165625 0.585938 0.050000 0.062500
0 0.181250 0.580078 0.050000 0.062500
0 0.187500 0.593750 0.050000 0.062500
0 0.207813 0.583984 0.050000 0.062500
0 0.246875 0.578125 0.050000 0.062500
0 0.254688 0.595703 0.050000 0.062500
0 0.264062 0.597656 0.050000 0.062500
0 0.282813 0.593750 0.050000 0.062500
0 0.296875 0.562500 0.050000 0.062500
0 0.145313 0.648438 0.050000 0.062500
0 0.121875 0.642578 0.050000 0.062500
0 0.107813 0.623047 0.050000 0.062500
0 0.167187 0.662109 0.050000 0.062500
0 0.298438 0.666016 0.050000 0.062500
0 0.551562 0.662109 0.050000 0.062500
0 0.593750 0.619141 0.050000 0.062500
0 0.573438 0.582031 0.050000 0.062500
0 0.542188 0.583984 0.050000 0.062500
0 0.539062 0.576172 0.050000 0.062500
0 0.415625 0.167969 0.050000 0.062500
0 0.390625 0.181641 0.050000 0.062500
0 0.378125 0.179688 0.050000 0.062500
0 0.353125 0.179688 0.050000 0.062500
0 0.325000 0.177734 0.050000 0.062500
0 0.293750 0.169922 0.050000 0.062500
0 0.326562 0.083984 0.050000 0.062500
0 0.628125 0.679688 0.050000 0.062500
0 0.771875 0.646484 0.050000 0.062500
0 0.773438 0.667969 0.050000 0.062500
0 0.806250 0.628906 0.050000 0.062500
0 0.829688 0.650391 0.050000 0.062500
0 0.735938 0.496094 0.050000 0.062500
0 0.779687 0.357422 0.050000 0.062500
0 0.807813 0.291016 0.050000 0.062500
0 0.709375 0.150391 0.050000 0.062500
0 0.642188 0.054688 0.050000 0.062500
0 0.698438 0.024414 0.050000 0.048828
0 0.721875 0.111328 0.050000 0.062500
0 0.651563 0.130859 0.050000 0.062500
0 0.634375 0.113281 0.050000 0.062500
0 0.951562 0.324219 0.050000 0.062500
0 0.889062 0.531250 0.050000 0.062500
0 0.401562 0.347656 0.050000 0.062500
0 0.339062 0.056641 0.050000 0.062500
0 0.285938 0.132812 0.050000 0.062500
0 0.248438 0.140625 0.050000 0.062500
0 0.728125 0.214844 0.050000 0.062500
0 0.756250 0.232422 0.050000 0.062500
0 0.867188 0.091797 0.050000 0.062500
0 0.853125 0.070312 0.050000 0.062500
