0 0.051562 0.292969 0.050000 0.062500
0 0.090625 0.267578 0.050000 0.062500
0 0.067187 0.220703 0.050000 0.062500
0 0.089063 0.205078 0.050000 0.062500
0 0.043750 0.166016 0.050000 0.062500
0 0.089063 0.115234 0.050000 0.062500
0 0.082812 0.054688 0.050000 0.062500
0 0.035937 0.087891 0.050000 0.062500
0 0.019531 0.058594 0.039062 0.062500
0 0.103125 0.029297 0.050000 0.058594
0 0.185938 0.138672 0.050000 0.062500
0 0.173437 0.183594 0.050000 0.062500
0 0.132812 0.130859 0.050000 0.062500
0 0.148438 0.171875 0.050000 0.062500
0 0.285938 0.099609 0.050000 0.062500
0 0.314063 0.115234 0.050000 0.062500
0 0.273438 0.146484 0.050000 0.062500
0 0.234375 0.142578 0.050000 0.062500
0 0.057813 0.332031 0.050000 0.062500
0 0.064062 0.310547 0.050000 0.062500
0 0.053125 0.384766 0.050000 0.062500
0 0.034375 0.314453 0.050000 0.062500
0 0.015625 0.255859 0.031250 0.062500
0 0.017969 0.468750 0.035937 0.062500
0 0.018750 0.500000 0.037500 0.062500
0 0.043750 0.484375 0.050000 0.062500
0 0.046875 0.511719 0.050000 0.062500
0 0.042188 0.554688 0.050000 0.062500
0 0.076563 0.542969 0.050000 0.062500
0 0.114062 0.566406 0.050000 0.062500
0 0.071875 0.613281 0.050000 0.062500
0 0.092188 0.623047 0.050000 0.062500
0 0.115625 0.626953 0.050000 0.062500
0 0.140625 0.582031 0.050000 0.062500
0 0.164062 0.580078 0.050000 0.062500
0 0.185938 0.574219 0.050000 0.062500
0 0.207813 0.589844 0.050000 0.062500
0 0.232813 0.583984 0.050000 0.062500
0 0.240625 0.566406 0.050000 0.062500
0 0.228125 0.656250 0.050000 0.062500
0 0.168750 0.626953 0.050000 0.062500
0 0.279687 0.576172 0.050000 0.062500
0 0.390625 0.568359 0.050000 0.062500
0 0.404687 0.585938 0.050000 0.062500
0 0.423438 0.576172 0.050000 0.062500
0 0.528125 0.650391 0.050000 0.062500
0 0.334375 0.671875 0.050000 0.062500
0 0.317188 0.679688 0.050000 0.062500
0 0.675000 0.552734 0.050000 0.062500
0 0.587500 0.636719 0.050000 0.062500
0 0.473438 0.632812 0.050000 0.062500
0 0.587500 0.677734 0.050000 0.062500
0 0.728125 0.707031 0.050000 0.062500
0 0.692187 0.705078 0.050000 0.062500
0 0.768750 0.720703 0.050000 0.062500
0 0.754687 0.755859 0.050000 0.062500
0 0.856250 0.509766 0.050000 0.062500
0 0.896875 0.417969 0.050000 0.062500
0 0.762500 0.351562 0.050000 0.062500
0 0.676562 0.208984 0.050000 0.062500
0 0.610938 0.082031 0.050000 0.062500
0 0.625000 0.105469 0.050000 0.062500
0 0.625000 0.144531 0.050000 0.062500
0 0.676562 0.085938 0.050000 0.062500
0 0.682813 0.130859 0.050000 0.062500
0 0.720313 0.300781 0.050000 0.062500
0 0.820312 0.162109 0.050000 0.062500
0 0.834375 0.195312 0.050000 0.062500
0 0.740625 0.408203 0.050000 0.062500
0 0.828125 0.601562 0.050000 0.062500
0 0.929688 0.660156 0.050000 0.062500
0 0.881250 0.712891 0.050000 0.062500
