0 0.084375 0.246094 0.050000 0.062500
0 0.120313 0.232422 0.050000 0.062500
0 0.134375 0.097656 0.050000 0.062500
0 0.168750 0.152344 0.050000 0.062500
0 0.226562 0.160156 0.050000 0.062500
0 0.204687 0.208984 0.050000 0.062500
0 0.192188 0.242188 0.050000 0.062500
0 0.184375 0.263672 0.050000 0.062500
0 0.214062 0.302734 0.050000 0.062500
0 0.196875 0.287109 0.050000 0.062500
0 0.232813 0.255859 0.050000 0.062500
0 0.237500 0.232422 0.050000 0.062500
0 0.298438 0.136719 0.050000 0.062500
0 0.279687 0.117188 0.050000 0.062500
0 0.268750 0.138672 0.050000 0.062500
0 0.273438 0.169922 0.050000 0.062500
0 0.293750 0.050781 0.050000 0.062500
0 0.268750 0.072266 0.050000 0.062500
0 0.267188 0.024414 0.050000 0.048828
0 0.307812 0.033203 0.050000 0.062500
0 0.342187 0.041016 0.050000 0.062500
0 0.501563 0.018555 0.050000 0.037109
0 0.529687 0.028320 0.050000 0.056641
0 0.528125 0.064453 0.050000 0.062500
0 0.553125 0.078125 0.050000 0.062500
0 0.581250 0.091797 0.050000 0.062500
0 0.607812 0.097656 0.050000 0.062500
0 0.635938 0.115234 0.050000 0.062500
0 0.659375 0.068359 0.050000 0.062500
0 0.670312 0.058594 0.050000 0.062500
0 0.673438 0.029297 0.050000 0.058594
0 0.585938 0.019531 0.050000 0.039062
0 0.751563 0.076172 0.050000 0.062500
0 0.871875 0.083984 0.050000 0.062500
0 0.873437 0.128906 0.050000 0.062500
0 0.900000 0.230469 0.050000 0.062500
0 0.900000 0.269531 0.050000 0.062500
0 0.937500 0.408203 0.050000 0.062500
0 0.981250 0.371094 0.037500 0.062500
0 0.798438 0.556641 0.050000 0.062500
0 0.896875 0.449219 0.050000 0.062500
0 0.767188 0.699219 0.050000 0.062500
0 0.814063 0.632812 0.050000 0.062500
0 0.798438 0.712891 0.050000 0.062500
0 0.632812 0.570312 0.050000 0.062500
0 0.612500 0.542969 0.050000 0.062500
0 0.581250 0.539062 0.050000 0.062500
0 0.596875 0.523438 0.050000 0.062500
0 0.596875 0.595703 0.050000 0.062500
0 0.546875 0.478516 0.050000 0.062500
0 0.523438 0.441406 0.050000 0.062500
0 0.421875 0.404297 0.050000 0.062500
0 0.353125 0.398438 0.050000 0.062500
0 0.337500 0.367188 0.050000 0.062500
0 0.325000 0.367188 0.050000 0.062500
0 0.300000 0.359375 0.050000 0.062500
0 0.281250 0.343750 0.050000 0.062500
0 0.256250 0.324219 0.050000 0.062500
0 0.242188 0.314453 0.050000 0.062500
0 0.215625 0.359375 0.050000 0.062500
0 0.226562 0.376953 0.050000 0.062500
0 0.240625 0.382812 0.050000 0.062500
0 0.145313 0.435547 0.050000 0.062500
0 0.554688 0.250000 0.050000 0.062500
0 0.673438 0.708984 0.050000 0.062500
0 0.637500 0.660156 0.050000 0.062500
0 0.054688 0.841797 0.050000 0.062500
0 0.914062 0.808594 0.050000 0.062500
0 0.918750 0.664062 0.050000 0.062500
0 0.980469 0.570312 0.039062 0.062500
0 0.935937 0.357422 0.050000 0.062500
0 0.934375 0.128906 0.050000 0.062500
0 0.089063 0.369141 0.050000 0.062500
0 0.073438 0.326172 0.050000 0.062500
0 0.059375 0.328125 0.050000 0.062500
0 0.028125 0.294922 0.050000 0.062500
0 0.016406 0.246094 0.032813 0.062500
0 0.045312 0.183594 0.050000 0.062500
0 0.131250 0.347656 0.050000 0.062500
0 0.114062 0.359375 0.050000 0.062500
0 0.123438 0.396484 0.050000 0.062500
