0 0.810937 0.410156 0.050000 0.062500
0 0.728125 0.451172 0.050000 0.062500
0 0.712500 0.390625 0.050000 0.062500
0 0.657813 0.373047 0.050000 0.062500
0 0.632812 0.390625 0.050000 0.062500
0 0.623437 0.371094 0.050000 0.062500
0 0.692187 0.330078 0.050000 0.062500
0 0.687500 0.300781 0.050000 0.062500
0 0.557813 0.302734 0.050000 0.062500
0 0.596875 0.281250 0.050000 0.062500
0 0.764062 0.214844 0.050000 0.062500
0 0.818750 0.224609 0.050000 0.062500
0 0.815625 0.169922 0.050000 0.062500
0 0.762500 0.171875 0.050000 0.062500
0 0.803125 0.363281 0.050000 0.062500
0 0.840625 0.326172 0.050000 0.062500
0 0.585938 0.492188 0.050000 0.062500
0 0.396875 0.316406 0.050000 0.062500
0 0.435937 0.291016 0.050000 0.062500
0 0.409375 0.214844 0.050000 0.062500
0 0.412500 0.242188 0.050000 0.062500
0 0.345313 0.020508 0.050000 0.041016
0 0.351562 0.025391 0.050000 0.050781
0 0.353125 0.030273 0.050000 0.060547
0 0.359375 0.027344 0.050000 0.054688
0 0.359375 0.033203 0.050000 0.062500
0 0.360938 0.046875 0.050000 0.062500
0 0.393750 0.103516 0.050000 0.062500
0 0.393750 0.113281 0.050000 0.062500
0 0.389062 0.126953 0.050000 0.062500
0 0.410938 0.125000 0.050000 0.062500
0 0.410938 0.136719 0.050000 0.062500
0 0.410938 0.146484 0.050000 0.062500
0 0.418750 0.150391 0.050000 0.062500
0 0.426563 0.160156 0.050000 0.062500
0 0.428125 0.167969 0.050000 0.062500
0 0.432812 0.171875 0.050000 0.062500
0 0.439063 0.164062 0.050000 0.062500
0 0.434375 0.189453 0.050000 0.062500
0 0.440625 0.177734 0.050000 0.062500
0 0.443750 0.193359 0.050000 0.062500
0 0.448437 0.193359 0.050000 0.062500
0 0.453125 0.197266 0.050000 0.062500
0 0.457813 0.203125 0.050000 0.062500
0 0.465625 0.203125 0.050000 0.062500
0 0.471875 0.201172 0.050000 0.062500
0 0.478125 0.203125 0.050000 0.062500
0 0.495312 0.201172 0.050000 0.062500
0 0.490625 0.214844 0.050000 0.062500
0 0.490625 0.226562 0.050000 0.062500
0 0.490625 0.242188 0.050000 0.062500
0 0.482812 0.246094 0.050000 0.062500
0 0.476562 0.250000 0.050000 0.062500
0 0.475000 0.255859 0.050000 0.062500
0 0.476562 0.269531 0.050000 0.062500
0 0.510938 0.197266 0.050000 0.062500
0 0.500000 0.210938 0.050000 0.062500
0 0.515625 0.212891 0.050000 0.062500
0 0.526563 0.193359 0.050000 0.062500
0 0.510938 0.224609 0.050000 0.062500
0 0.509375 0.236328 0.050000 0.062500
0 0.529687 0.189453 0.050000 0.062500
0 0.543750 0.195312 0.050000 0.062500
0 0.551562 0.201172 0.050000 0.062500
0 0.537500 0.234375 0.050000 0.062500
0 0.518750 0.238281 0.050000 0.062500
0 0.581250 0.205078 0.050000 0.062500
0 0.557813 0.207031 0.050000 0.062500
0 0.567187 0.179688 0.050000 0.062500
0 0.559375 0.179688 0.050000 0.062500
0 0.593750 0.175781 0.050000 0.062500
0 0.570312 0.193359 0.050000 0.062500
0 0.582812 0.185547 0.050000 0.062500
0 0.615625 0.173828 0.050000 0.062500
0 0.600000 0.187500 0.050000 0.062500
0 0.612500 0.197266 0.050000 0.062500
0 0.629687 0.203125 0.050000 0.062500
0 0.634375 0.179688 0.050000 0.062500
0 0.643750 0.167969 0.050000 0.062500
0 0.629687 0.164062 0.050000 0.062500
0 0.621875 0.171875 0.050000 0.062500
0 0.617188 0.154297 0.050000 0.062500
0 0.604688 0.167969 0.050000 0.062500
0 0.675000 0.160156 0.050000 0.062500
0 0.667188 0.166016 0.050000 0.062500
0 0.660937 0.167969 0.050000 0.062500
0 0.657813 0.167969 0.050000 0.062500
0 0.654687 0.166016 0.050000 0.062500
0 0.695312 0.146484 0.050000 0.062500
0 0.685937 0.154297 0.050000 0.062500
0 0.706250 0.152344 0.050000 0.062500
0 0.695312 0.156250 0.050000 0.062500
0 0.714063 0.148438 0.050000 0.062500
0 0.721875 0.154297 0.050000 0.062500
0 0.729688 0.144531 0.050000 0.062500
0 0.714063 0.142578 0.050000 0.062500
0 0.721875 0.130859 0.050000 0.062500
0 0.739062 0.154297 0.050000 0.062500
0 0.742188 0.138672 0.050000 0.062500
0 0.734375 0.130859 0.050000 0.062500
0 0.753125 0.126953 0.050000 0.062500
0 0.767188 0.117188 0.050000 0.062500
0 0.757812 0.123047 0.050000 0.062500
0 0.762500 0.132812 0.050000 0.062500
0 0.768750 0.144531 0.050000 0.062500
0 0.778125 0.132812 0.050000 0.062500
0 0.773438 0.125000 0.050000 0.062500
0 0.781250 0.117188 0.050000 0.062500
0 0.779687 0.107422 0.050000 0.062500
0 0.790625 0.109375 0.050000 0.062500
0 0.806250 0.097656 0.050000 0.062500
0 0.800000 0.111328 0.050000 0.062500
0 0.790625 0.126953 0.050000 0.062500
0 0.814063 0.113281 0.050000 0.062500
0 0.823438 0.105469 0.050000 0.062500
0 0.825000 0.099609 0.050000 0.062500
0 0.839063 0.093750 0.050000 0.062500
0 0.829688 0.109375 0.050000 0.062500
0 0.834375 0.103516 0.050000 0.062500
0 0.754687 0.152344 0.050000 0.062500
