0 0.484375 0.511719 0.050000 0.062500
0 0.517188 0.539062 0.050000 0.062500
0 0.631250 0.525391 0.050000 0.062500
0 0.684375 0.607422 0.050000 0.062500
0 0.631250 0.613281 0.050000 0.062500
0 0.579688 0.630859 0.050000 0.062500
0 0.582812 0.716797 0.050000 0.062500
0 0.629687 0.697266 0.050000 0.062500
0 0.490625 0.597656 0.050000 0.062500
0 0.362500 0.529297 0.050000 0.062500
0 0.351562 0.537109 0.050000 0.062500
0 0.331250 0.566406 0.050000 0.062500
0 0.323437 0.521484 0.050000 0.062500
0 0.307812 0.527344 0.050000 0.062500
0 0.229687 0.599609 0.050000 0.062500
0 0.421875 0.949219 0.050000 0.062500
0 0.428125 0.896484 0.050000 0.062500
0 0.784375 0.609375 0.050000 0.062500
0 0.698438 0.664062 0.050000 0.062500
0 0.717187 0.556641 0.050000 0.062500
0 0.782813 0.548828 0.050000 0.062500
0 0.746875 0.486328 0.050000 0.062500
0 0.689063 0.445312 0.050000 0.062500
0 0.618750 0.435547 0.050000 0.062500
0 0.687500 0.365234 0.050000 0.062500
0 0.732812 0.335938 0.050000 0.062500
0 0.725000 0.371094 0.050000 0.062500
0 0.787500 0.330078 0.050000 0.062500
0 0.784375 0.382812 0.050000 0.062500
0 0.784375 0.433594 0.050000 0.062500
0 0.875000 0.443359 0.050000 0.062500
0 0.887500 0.371094 0.050000 0.062500
0 0.951562 0.376953 0.050000 0.062500
0 0.946875 0.400391 0.050000 0.062500
0 0.976562 0.400391 0.046875 0.062500
0 0.982031 0.373047 0.035937 0.062500
0 0.948438 0.328125 0.050000 0.062500
0 0.903125 0.507812 0.050000 0.062500
0 0.862500 0.552734 0.050000 0.062500
0 0.868750 0.623047 0.050000 0.062500
0 0.781250 0.662109 0.050000 0.062500
0 0.903125 0.607422 0.050000 0.062500
0 0.921875 0.550781 0.050000 0.062500
0 0.950000 0.537109 0.050000 0.062500
0 0.939063 0.585938 0.050000 0.062500
0 0.359375 0.464844 0.050000 0.062500
0 0.342187 0.460938 0.050000 0.062500
0 0.325000 0.449219 0.050000 0.062500
0 0.314063 0.449219 0.050000 0.062500
0 0.303125 0.449219 0.050000 0.062500
0 0.298438 0.445312 0.050000 0.062500
0 0.285938 0.431641 0.050000 0.062500
0 0.270313 0.408203 0.050000 0.062500
0 0.259375 0.380859 0.050000 0.062500
0 0.248438 0.382812 0.050000 0.062500
0 0.240625 0.369141 0.050000 0.062500
0 0.232813 0.353516 0.050000 0.062500
0 0.181250 0.259766 0.050000 0.062500
0 0.173437 0.261719 0.050000 0.062500
0 0.168750 0.226562 0.050000 0.062500
0 0.156250 0.234375 0.050000 0.062500
0 0.159375 0.222656 0.050000 0.062500
0 0.159375 0.214844 0.050000 0.062500
0 0.146875 0.214844 0.050000 0.062500
0 0.142187 0.193359 0.050000 0.062500
0 0.134375 0.175781 0.050000 0.062500
0 0.126562 0.175781 0.050000 0.062500
0 0.150000 0.166016 0.050000 0.062500
0 0.173437 0.156250 0.050000 0.062500
0 0.164062 0.160156 0.050000 0.062500
0 0.184375 0.150391 0.050000 0.062500
0 0.196875 0.144531 0.050000 0.062500
0 0.192188 0.148438 0.050000 0.062500
0 0.189062 0.156250 0.050000 0.062500
0 0.215625 0.148438 0.050000 0.062500
0 0.231250 0.142578 0.050000 0.062500
0 0.232813 0.134766 0.050000 0.062500
0 0.200000 0.152344 0.050000 0.062500
0 0.242188 0.125000 0.050000 0.062500
0 0.264062 0.125000 0.050000 0.062500
0 0.256250 0.113281 0.050000 0.062500
0 0.275000 0.105469 0.050000 0.062500
0 0.303125 0.105469 0.050000 0.062500
0 0.315625 0.107422 0.050000 0.062500
0 0.331250 0.095703 0.050000 0.062500
0 0.323437 0.125000 0.050000 0.062500
0 0.345313 0.115234 0.050000 0.062500
0 0.343750 0.089844 0.050000 0.062500
0 0.353125 0.076172 0.050000 0.062500
0 0.396875 0.058594 0.050000 0.062500
0 0.404687 0.064453 0.050000 0.062500
0 0.425000 0.054688 0.050000 0.062500
0 0.429688 0.072266 0.050000 0.062500
0 0.412500 0.072266 0.050000 0.062500
0 0.503125 0.095703 0.050000 0.062500
0 0.481250 0.105469 0.050000 0.062500
0 0.392188 0.457031 0.050000 0.062500
0 0.367188 0.445312 0.050000 0.062500
0 0.353125 0.441406 0.050000 0.062500
0 0.337500 0.431641 0.050000 0.062500
0 0.332813 0.431641 0.050000 0.062500
0 0.318750 0.441406 0.050000 0.062500
0 0.364063 0.427734 0.050000 0.062500
0 0.375000 0.423828 0.050000 0.062500
0 0.393750 0.423828 0.050000 0.062500
0 0.404687 0.419922 0.050000 0.062500
0 0.382812 0.419922 0.050000 0.062500
0 0.395313 0.414062 0.050000 0.062500
0 0.417187 0.406250 0.050000 0.062500
0 0.442188 0.394531 0.050000 0.062500
0 0.450000 0.384766 0.050000 0.062500
0 0.468750 0.367188 0.050000 0.062500
0 0.479687 0.376953 0.050000 0.062500
0 0.465625 0.394531 0.050000 0.062500
0 0.446875 0.414062 0.050000 0.062500
0 0.425000 0.417969 0.050000 0.062500
0 0.412500 0.427734 0.050000 0.062500
0 0.462500 0.431641 0.050000 0.062500
0 0.412500 0.460938 0.050000 0.062500
0 0.493750 0.404297 0.050000 0.062500
0 0.495312 0.384766 0.050000 0.062500
0 0.498437 0.371094 0.050000 0.062500
0 0.517188 0.353516 0.050000 0.062500
0 0.504687 0.373047 0.050000 0.062500
0 0.509375 0.382812 0.050000 0.062500
0 0.531250 0.369141 0.050000 0.062500
0 0.546875 0.351562 0.050000 0.062500
0 0.551562 0.345703 0.050000 0.062500
0 0.560937 0.332031 0.050000 0.062500
0 0.559375 0.351562 0.050000 0.062500
0 0.564063 0.351562 0.050000 0.062500
0 0.553125 0.363281 0.050000 0.062500
0 0.576562 0.345703 0.050000 0.062500
0 0.581250 0.330078 0.050000 0.062500
0 0.589063 0.330078 0.050000 0.062500
0 0.604688 0.330078 0.050000 0.062500
0 0.598437 0.349609 0.050000 0.062500
0 0.614062 0.339844 0.050000 0.062500
0 0.585938 0.349609 0.050000 0.062500
0 0.615625 0.312500 0.050000 0.062500
0 0.631250 0.308594 0.050000 0.062500
0 0.623437 0.328125 0.050000 0.062500
0 0.631250 0.333984 0.050000 0.062500
0 0.642188 0.300781 0.050000 0.062500
0 0.659375 0.291016 0.050000 0.062500
0 0.668750 0.283203 0.050000 0.062500
0 0.670312 0.292969 0.050000 0.062500
0 0.654687 0.310547 0.050000 0.062500
0 0.684375 0.292969 0.050000 0.062500
0 0.701562 0.283203 0.050000 0.062500
0 0.710938 0.277344 0.050000 0.062500
0 0.715625 0.267578 0.050000 0.062500
0 0.721875 0.265625 0.050000 0.062500
0 0.734375 0.255859 0.050000 0.062500
0 0.743750 0.255859 0.050000 0.062500
0 0.756250 0.251953 0.050000 0.062500
0 0.764062 0.250000 0.050000 0.062500
0 0.773438 0.248047 0.050000 0.062500
0 0.792188 0.246094 0.050000 0.062500
0 0.804688 0.232422 0.050000 0.062500
0 0.815625 0.224609 0.050000 0.062500
0 0.823438 0.216797 0.050000 0.062500
0 0.831250 0.207031 0.050000 0.062500
0 0.817187 0.236328 0.050000 0.062500
0 0.804688 0.253906 0.050000 0.062500
0 0.760938 0.271484 0.050000 0.062500
0 0.751563 0.279297 0.050000 0.062500
0 0.742188 0.287109 0.050000 0.062500
0 0.839063 0.218750 0.050000 0.062500
0 0.821875 0.179688 0.050000 0.062500
0 0.814063 0.185547 0.050000 0.062500
0 0.803125 0.203125 0.050000 0.062500
0 0.839063 0.193359 0.050000 0.062500
0 0.831250 0.193359 0.050000 0.062500
0 0.859375 0.179688 0.050000 0.062500
0 0.862500 0.166016 0.050000 0.062500
0 0.832812 0.152344 0.050000 0.062500
0 0.846875 0.103516 0.050000 0.062500
0 0.831250 0.093750 0.050000 0.062500
0 0.800000 0.050781 0.050000 0.062500
0 0.795312 0.035156 0.050000 0.062500
0 0.773438 0.027344 0.050000 0.054688
0 0.853125 0.030273 0.050000 0.060547
0 0.876563 0.029297 0.050000 0.058594
0 0.885938 0.039062 0.050000 0.062500
0 0.875000 0.062500 0.050000 0.062500
0 0.846875 0.078125 0.050000 0.062500
0 0.832812 0.056641 0.050000 0.062500
0 0.820312 0.052734 0.050000 0.062500
0 0.870313 0.115234 0.050000 0.062500
0 0.884375 0.132812 0.050000 0.062500
0 0.890625 0.148438 0.050000 0.062500
0 0.876563 0.148438 0.050000 0.062500
0 0.859375 0.134766 0.050000 0.062500
0 0.906250 0.111328 0.050000 0.062500
0 0.917188 0.125000 0.050000 0.062500
0 0.910937 0.101562 0.050000 0.062500
0 0.901563 0.134766 0.050000 0.062500
0 0.909375 0.148438 0.050000 0.062500
0 0.871875 0.234375 0.050000 0.062500
0 0.862500 0.265625 0.050000 0.062500
0 0.859375 0.212891 0.050000 0.062500
