0 0.456250 0.775391 0.050000 0.062500
0 0.396875 0.732422 0.050000 0.062500
0 0.334375 0.732422 0.050000 0.062500
0 0.379688 0.691406 0.050000 0.062500
0 0.315625 0.664062 0.050000 0.062500
0 0.282813 0.718750 0.050000 0.062500
0 0.270313 0.683594 0.050000 0.062500
0 0.314063 0.587891 0.050000 0.062500
0 0.371875 0.513672 0.050000 0.062500
0 0.354687 0.468750 0.050000 0.062500
0 0.334375 0.445312 0.050000 0.062500
0 0.340625 0.421875 0.050000 0.062500
0 0.340625 0.417969 0.050000 0.062500
0 0.337500 0.414062 0.050000 0.062500
0 0.318750 0.423828 0.050000 0.062500
0 0.318750 0.439453 0.050000 0.062500
0 0.300000 0.435547 0.050000 0.062500
0 0.276562 0.445312 0.050000 0.062500
0 0.295312 0.457031 0.050000 0.062500
0 0.303125 0.478516 0.050000 0.062500
0 0.314063 0.478516 0.050000 0.062500
0 0.284375 0.472656 0.050000 0.062500
0 0.264062 0.474609 0.050000 0.062500
0 0.248438 0.474609 0.050000 0.062500
0 0.265625 0.488281 0.050000 0.062500
0 0.265625 0.505859 0.050000 0.062500
0 0.250000 0.501953 0.050000 0.062500
0 0.243750 0.498047 0.050000 0.062500
0 0.234375 0.492188 0.050000 0.062500
0 0.225000 0.501953 0.050000 0.062500
0 0.243750 0.511719 0.050000 0.062500
0 0.251563 0.515625 0.050000 0.062500
0 0.234375 0.519531 0.050000 0.062500
0 0.220312 0.519531 0.050000 0.062500
0 0.206250 0.503906 0.050000 0.062500
0 0.192188 0.523438 0.050000 0.062500
0 0.198437 0.533203 0.050000 0.062500
0 0.215625 0.537109 0.050000 0.062500
0 0.226562 0.531250 0.050000 0.062500
0 0.251563 0.550781 0.050000 0.062500
0 0.200000 0.554688 0.050000 0.062500
0 0.184375 0.535156 0.050000 0.062500
0 0.167187 0.544922 0.050000 0.062500
0 0.181250 0.558594 0.050000 0.062500
0 0.189062 0.568359 0.050000 0.062500
0 0.164062 0.578125 0.050000 0.062500
0 0.165625 0.558594 0.050000 0.062500
0 0.159375 0.554688 0.050000 0.062500
0 0.148438 0.566406 0.050000 0.062500
0 0.148438 0.576172 0.050000 0.062500
0 0.139063 0.576172 0.050000 0.062500
0 0.142187 0.599609 0.050000 0.062500
0 0.128125 0.580078 0.050000 0.062500
0 0.125000 0.595703 0.050000 0.062500
0 0.132812 0.617188 0.050000 0.062500
0 0.117188 0.611328 0.050000 0.062500
0 0.081250 0.605469 0.050000 0.062500
0 0.092188 0.611328 0.050000 0.062500
0 0.106250 0.609375 0.050000 0.062500
0 0.095312 0.630859 0.050000 0.062500
0 0.037500 0.617188 0.050000 0.062500
0 0.029687 0.613281 0.050000 0.062500
0 0.025000 0.609375 0.050000 0.062500
0 0.019531 0.591797 0.039062 0.062500
0 0.098437 0.673828 0.050000 0.062500
0 0.081250 0.628906 0.050000 0.062500
0 0.070312 0.625000 0.050000 0.062500
0 0.057813 0.623047 0.050000 0.062500
0 0.160938 0.601562 0.050000 0.062500
0 0.209375 0.580078 0.050000 0.062500
0 0.356250 0.414062 0.050000 0.062500
0 0.353125 0.390625 0.050000 0.062500
0 0.339062 0.398438 0.050000 0.062500
0 0.364063 0.380859 0.050000 0.062500
0 0.376563 0.390625 0.050000 0.062500
0 0.379688 0.373047 0.050000 0.062500
0 0.379688 0.365234 0.050000 0.062500
0 0.390625 0.373047 0.050000 0.062500
0 0.401562 0.367188 0.050000 0.062500
0 0.406250 0.361328 0.050000 0.062500
0 0.418750 0.337891 0.050000 0.062500
0 0.440625 0.332031 0.050000 0.062500
0 0.442188 0.318359 0.050000 0.062500
0 0.451562 0.308594 0.050000 0.062500
0 0.460938 0.302734 0.050000 0.062500
0 0.470313 0.296875 0.050000 0.062500
0 0.475000 0.292969 0.050000 0.062500
0 0.489063 0.291016 0.050000 0.062500
0 0.496875 0.277344 0.050000 0.062500
0 0.482812 0.263672 0.050000 0.062500
0 0.485938 0.248047 0.050000 0.062500
0 0.492188 0.232422 0.050000 0.062500
0 0.512500 0.240234 0.050000 0.062500
0 0.518750 0.236328 0.050000 0.062500
0 0.525000 0.232422 0.050000 0.062500
0 0.531250 0.250000 0.050000 0.062500
0 0.523438 0.255859 0.050000 0.062500
0 0.512500 0.275391 0.050000 0.062500
0 0.542188 0.253906 0.050000 0.062500
0 0.553125 0.236328 0.050000 0.062500
0 0.543750 0.201172 0.050000 0.062500
0 0.528125 0.205078 0.050000 0.062500
0 0.520312 0.199219 0.050000 0.062500
0 0.523438 0.189453 0.050000 0.062500
0 0.546875 0.177734 0.050000 0.062500
0 0.542188 0.167969 0.050000 0.062500
0 0.526563 0.167969 0.050000 0.062500
0 0.501563 0.128906 0.050000 0.062500
0 0.481250 0.134766 0.050000 0.062500
0 0.465625 0.115234 0.050000 0.062500
0 0.457813 0.095703 0.050000 0.062500
0 0.479687 0.099609 0.050000 0.062500
0 0.498437 0.107422 0.050000 0.062500
0 0.539062 0.115234 0.050000 0.062500
0 0.560937 0.125000 0.050000 0.062500
0 0.546875 0.152344 0.050000 0.062500
0 0.531250 0.142578 0.050000 0.062500
0 0.556250 0.171875 0.050000 0.062500
0 0.557813 0.193359 0.050000 0.062500
0 0.568750 0.148438 0.050000 0.062500
0 0.575000 0.136719 0.050000 0.062500
0 0.625000 0.136719 0.050000 0.062500
0 0.523438 0.085938 0.050000 0.062500
0 0.517188 0.052734 0.050000 0.062500
0 0.510938 0.042969 0.050000 0.062500
0 0.484375 0.042969 0.050000 0.062500
0 0.473438 0.033203 0.050000 0.062500
0 0.465625 0.029297 0.050000 0.058594
0 0.456250 0.029297 0.050000 0.058594
0 0.431250 0.022461 0.050000 0.044922
0 0.407813 0.022461 0.050000 0.044922
0 0.392188 0.027344 0.050000 0.054688
0 0.364063 0.027344 0.050000 0.054688
0 0.357812 0.027344 0.050000 0.054688
0 0.346875 0.037109 0.050000 0.062500
0 0.354687 0.048828 0.050000 0.062500
0 0.370312 0.054688 0.050000 0.062500
0 0.404687 0.041016 0.050000 0.062500
0 0.414062 0.041016 0.050000 0.062500
0 0.326562 0.035156 0.050000 0.062500
0 0.312500 0.030273 0.050000 0.060547
0 0.296875 0.037109 0.050000 0.062500
0 0.285938 0.046875 0.050000 0.062500
0 0.281250 0.050781 0.050000 0.062500
0 0.268750 0.056641 0.050000 0.062500
0 0.256250 0.074219 0.050000 0.062500
0 0.235937 0.089844 0.050000 0.062500
0 0.220312 0.091797 0.050000 0.062500
0 0.209375 0.105469 0.050000 0.062500
0 0.196875 0.119141 0.050000 0.062500
0 0.193750 0.121094 0.050000 0.062500
0 0.181250 0.128906 0.050000 0.062500
0 0.170313 0.134766 0.050000 0.062500
0 0.157812 0.162109 0.050000 0.062500
0 0.142187 0.162109 0.050000 0.062500
0 0.126562 0.166016 0.050000 0.062500
0 0.110937 0.171875 0.050000 0.062500
0 0.107813 0.152344 0.050000 0.062500
0 0.120313 0.191406 0.050000 0.062500
0 0.092188 0.203125 0.050000 0.062500
0 0.062500 0.212891 0.050000 0.062500
0 0.048438 0.228516 0.050000 0.062500
0 0.043750 0.201172 0.050000 0.062500
0 0.065625 0.185547 0.050000 0.062500
0 0.059375 0.193359 0.050000 0.062500
0 0.107813 0.191406 0.050000 0.062500
0 0.075000 0.203125 0.050000 0.062500
0 0.084375 0.240234 0.050000 0.062500
0 0.084375 0.220703 0.050000 0.062500
0 0.096875 0.224609 0.050000 0.062500
0 0.023438 0.257812 0.046875 0.062500
0 0.042188 0.242188 0.050000 0.062500
0 0.017188 0.250000 0.034375 0.062500
0 0.016406 0.269531 0.032813 0.062500
0 0.017188 0.300781 0.034375 0.062500
0 0.559375 0.574219 0.050000 0.062500
0 0.573438 0.638672 0.050000 0.062500
0 0.604688 0.599609 0.050000 0.062500
0 0.653125 0.628906 0.050000 0.062500
0 0.689063 0.607422 0.050000 0.062500
0 0.725000 0.570312 0.050000 0.062500
0 0.825000 0.826172 0.050000 0.062500
0 0.800000 0.832031 0.050000 0.062500
0 0.781250 0.783203 0.050000 0.062500
0 0.807813 0.777344 0.050000 0.062500
0 0.820312 0.746094 0.050000 0.062500
0 0.857812 0.705078 0.050000 0.062500
0 0.879687 0.742188 0.050000 0.062500
0 0.900000 0.705078 0.050000 0.062500
0 0.839063 0.943359 0.050000 0.062500
0 0.317188 0.869141 0.050000 0.062500
0 0.323437 0.892578 0.050000 0.062500
0 0.292187 0.853516 0.050000 0.062500
0 0.267188 0.867188 0.050000 0.062500
0 0.242188 0.816406 0.050000 0.062500
0 0.160938 0.787109 0.050000 0.062500
0 0.084375 0.755859 0.050000 0.062500
0 0.504687 0.720703 0.050000 0.062500
0 0.484375 0.664062 0.050000 0.062500
0 0.509375 0.611328 0.050000 0.062500
0 0.450000 0.498047 0.050000 0.062500
0 0.420312 0.433594 0.050000 0.062500
0 0.457813 0.419922 0.050000 0.062500
0 0.460938 0.378906 0.050000 0.062500
0 0.495312 0.367188 0.050000 0.062500
0 0.515625 0.427734 0.050000 0.062500
0 0.523438 0.486328 0.050000 0.062500
0 0.539062 0.560547 0.050000 0.062500
0 0.631250 0.558594 0.050000 0.062500
0 0.607812 0.455078 0.050000 0.062500
0 0.665625 0.505859 0.050000 0.062500
0 0.687500 0.542969 0.050000 0.062500
0 0.714063 0.525391 0.050000 0.062500
0 0.729688 0.408203 0.050000 0.062500
0 0.721875 0.394531 0.050000 0.062500
0 0.725000 0.382812 0.050000 0.062500
0 0.706250 0.343750 0.050000 0.062500
0 0.678125 0.324219 0.050000 0.062500
0 0.662500 0.314453 0.050000 0.062500
0 0.620313 0.240234 0.050000 0.062500
0 0.707812 0.292969 0.050000 0.062500
0 0.706250 0.320312 0.050000 0.062500
0 0.765625 0.222656 0.050000 0.062500
0 0.751563 0.205078 0.050000 0.062500
0 0.784375 0.224609 0.050000 0.062500
0 0.807813 0.250000 0.050000 0.062500
0 0.865625 0.332031 0.050000 0.062500
0 0.879687 0.386719 0.050000 0.062500
0 0.859375 0.453125 0.050000 0.062500
0 0.825000 0.455078 0.050000 0.062500
0 0.803125 0.472656 0.050000 0.062500
0 0.709375 0.630859 0.050000 0.062500
0 0.700000 0.625000 0.050000 0.062500
0 0.679688 0.652344 0.050000 0.062500
0 0.684375 0.689453 0.050000 0.062500
0 0.664062 0.703125 0.050000 0.062500
0 0.629687 0.691406 0.050000 0.062500
0 0.898438 0.228516 0.050000 0.062500
