0 0.016406 0.738281 0.032813 0.062500
0 0.596875 0.835938 0.050000 0.062500
0 0.625000 0.824219 0.050000 0.062500
0 0.742188 0.882812 0.050000 0.062500
0 0.726562 0.970703 0.050000 0.058594
0 0.712500 0.931641 0.050000 0.062500
0 0.695312 0.966797 0.050000 0.062500
0 0.684375 0.981445 0.050000 0.037109
0 0.653125 0.972656 0.050000 0.054688
0 0.625000 0.979492 0.050000 0.041016
0 0.607812 0.933594 0.050000 0.062500
0 0.598437 0.904297 0.050000 0.062500
0 0.637500 0.863281 0.050000 0.062500
0 0.029687 0.880859 0.050000 0.062500
0 0.046875 0.962891 0.050000 0.062500
0 0.051562 0.921875 0.050000 0.062500
0 0.015625 0.630859 0.031250 0.062500
0 0.053125 0.558594 0.050000 0.062500
0 0.016406 0.542969 0.032813 0.062500
0 0.028125 0.542969 0.050000 0.062500
0 0.021094 0.503906 0.042188 0.062500
0 0.076563 0.527344 0.050000 0.062500
0 0.040625 0.472656 0.050000 0.062500
0 0.017969 0.449219 0.035937 0.062500
0 0.037500 0.445312 0.050000 0.062500
0 0.075000 0.494141 0.050000 0.062500
0 0.120313 0.474609 0.050000 0.062500
0 0.079687 0.441406 0.050000 0.062500
0 0.054688 0.429688 0.050000 0.062500
0 0.031250 0.412109 0.050000 0.062500
0 0.014844 0.388672 0.029687 0.062500
0 0.016406 0.351562 0.032813 0.062500
0 0.020313 0.203125 0.040625 0.062500
0 0.081250 0.142578 0.050000 0.062500
0 0.118750 0.150391 0.050000 0.062500
0 0.164062 0.105469 0.050000 0.062500
0 0.215625 0.070312 0.050000 0.062500
0 0.262500 0.089844 0.050000 0.062500
0 0.554688 0.035156 0.050000 0.062500
0 0.675000 0.064453 0.050000 0.062500
0 0.646875 0.035156 0.050000 0.062500
0 0.151562 0.187500 0.050000 0.062500
0 0.054688 0.255859 0.050000 0.062500
0 0.145313 0.240234 0.050000 0.062500
0 0.189062 0.222656 0.050000 0.062500
0 0.250000 0.232422 0.050000 0.062500
0 0.043750 0.373047 0.050000 0.062500
0 0.062500 0.382812 0.050000 0.062500
0 0.078125 0.406250 0.050000 0.062500
0 0.104688 0.443359 0.050000 0.062500
0 0.145313 0.449219 0.050000 0.062500
0 0.123438 0.423828 0.050000 0.062500
0 0.114062 0.396484 0.050000 0.062500
0 0.145313 0.392578 0.050000 0.062500
0 0.131250 0.367188 0.050000 0.062500
0 0.092188 0.355469 0.050000 0.062500
0 0.073438 0.333984 0.050000 0.062500
0 0.115625 0.335938 0.050000 0.062500
0 0.103125 0.291016 0.050000 0.062500
0 0.140625 0.287109 0.050000 0.062500
0 0.220312 0.255859 0.050000 0.062500
0 0.207813 0.308594 0.050000 0.062500
0 0.150000 0.333984 0.050000 0.062500
0 0.185938 0.337891 0.050000 0.062500
0 0.167187 0.375000 0.050000 0.062500
0 0.196875 0.369141 0.050000 0.062500
0 0.159375 0.421875 0.050000 0.062500
0 0.182812 0.402344 0.050000 0.062500
0 0.182812 0.468750 0.050000 0.062500
0 0.196875 0.427734 0.050000 0.062500
0 0.145313 0.507812 0.050000 0.062500
0 0.217188 0.388672 0.050000 0.062500
0 0.239063 0.380859 0.050000 0.062500
0 0.220312 0.351562 0.050000 0.062500
0 0.237500 0.322266 0.050000 0.062500
0 0.251563 0.416016 0.050000 0.062500
0 0.228125 0.429688 0.050000 0.062500
0 0.207813 0.478516 0.050000 0.062500
0 0.246875 0.468750 0.050000 0.062500
0 0.275000 0.462891 0.050000 0.062500
0 0.298438 0.482422 0.050000 0.062500
0 0.307812 0.439453 0.050000 0.062500
0 0.289062 0.400391 0.050000 0.062500
0 0.251563 0.359375 0.050000 0.062500
0 0.259375 0.300781 0.050000 0.062500
0 0.285938 0.328125 0.050000 0.062500
0 0.312500 0.339844 0.050000 0.062500
0 0.300000 0.369141 0.050000 0.062500
0 0.270313 0.382812 0.050000 0.062500
0 0.332813 0.365234 0.050000 0.062500
0 0.350000 0.337891 0.050000 0.062500
0 0.342187 0.300781 0.050000 0.062500
0 0.296875 0.273438 0.050000 0.062500
0 0.334375 0.265625 0.050000 0.062500
0 0.317188 0.226562 0.050000 0.062500
0 0.360938 0.197266 0.050000 0.062500
0 0.390625 0.269531 0.050000 0.062500
0 0.432812 0.248047 0.050000 0.062500
0 0.393750 0.333984 0.050000 0.062500
0 0.314063 0.408203 0.050000 0.062500
0 0.335938 0.416016 0.050000 0.062500
0 0.353125 0.394531 0.050000 0.062500
0 0.373437 0.363281 0.050000 0.062500
0 0.378125 0.396484 0.050000 0.062500
0 0.398438 0.375000 0.050000 0.062500
0 0.425000 0.333984 0.050000 0.062500
0 0.453125 0.320312 0.050000 0.062500
0 0.473438 0.283203 0.050000 0.062500
0 0.492188 0.224609 0.050000 0.062500
0 0.465625 0.173828 0.050000 0.062500
0 0.467187 0.351562 0.050000 0.062500
0 0.435937 0.378906 0.050000 0.062500
0 0.423438 0.402344 0.050000 0.062500
0 0.396875 0.427734 0.050000 0.062500
0 0.367188 0.437500 0.050000 0.062500
0 0.342187 0.449219 0.050000 0.062500
0 0.334375 0.486328 0.050000 0.062500
0 0.367188 0.488281 0.050000 0.062500
0 0.398438 0.490234 0.050000 0.062500
0 0.431250 0.505859 0.050000 0.062500
0 0.435937 0.455078 0.050000 0.062500
0 0.460938 0.476562 0.050000 0.062500
0 0.464062 0.435547 0.050000 0.062500
0 0.448437 0.406250 0.050000 0.062500
0 0.476562 0.408203 0.050000 0.062500
0 0.471875 0.382812 0.050000 0.062500
0 0.504687 0.410156 0.050000 0.062500
0 0.496875 0.375000 0.050000 0.062500
0 0.509375 0.347656 0.050000 0.062500
0 0.484375 0.308594 0.050000 0.062500
0 0.550000 0.240234 0.050000 0.062500
0 0.606250 0.234375 0.050000 0.062500
0 0.659375 0.207031 0.050000 0.062500
0 0.765625 0.039062 0.050000 0.062500
0 0.615625 0.300781 0.050000 0.062500
0 0.528125 0.304688 0.050000 0.062500
0 0.565625 0.320312 0.050000 0.062500
0 0.539062 0.339844 0.050000 0.062500
0 0.573438 0.355469 0.050000 0.062500
0 0.548438 0.378906 0.050000 0.062500
0 0.523438 0.390625 0.050000 0.062500
0 0.523438 0.429688 0.050000 0.062500
0 0.496875 0.501953 0.050000 0.062500
0 0.523438 0.509766 0.050000 0.062500
0 0.573438 0.503906 0.050000 0.062500
0 0.554688 0.476562 0.050000 0.062500
0 0.532813 0.455078 0.050000 0.062500
0 0.600000 0.529297 0.050000 0.062500
0 0.579688 0.468750 0.050000 0.062500
0 0.575000 0.445312 0.050000 0.062500
0 0.551562 0.419922 0.050000 0.062500
0 0.573438 0.416016 0.050000 0.062500
0 0.589063 0.390625 0.050000 0.062500
0 0.603125 0.365234 0.050000 0.062500
0 0.603125 0.419922 0.050000 0.062500
0 0.635938 0.376953 0.050000 0.062500
0 0.645312 0.332031 0.050000 0.062500
0 0.671875 0.376953 0.050000 0.062500
0 0.690625 0.404297 0.050000 0.062500
0 0.754687 0.484375 0.050000 0.062500
0 0.645312 0.439453 0.050000 0.062500
0 0.617188 0.453125 0.050000 0.062500
0 0.603125 0.482422 0.050000 0.062500
0 0.623437 0.500000 0.050000 0.062500
0 0.645312 0.488281 0.050000 0.062500
0 0.675000 0.460938 0.050000 0.062500
0 0.689063 0.490234 0.050000 0.062500
0 0.657813 0.515625 0.050000 0.062500
0 0.681250 0.541016 0.050000 0.062500
0 0.662500 0.562500 0.050000 0.062500
0 0.637500 0.560547 0.050000 0.062500
0 0.623437 0.533203 0.050000 0.062500
0 0.596875 0.574219 0.050000 0.062500
0 0.596875 0.617188 0.050000 0.062500
0 0.568750 0.638672 0.050000 0.062500
0 0.618750 0.603516 0.050000 0.062500
0 0.653125 0.593750 0.050000 0.062500
0 0.690625 0.603516 0.050000 0.062500
0 0.715625 0.585938 0.050000 0.062500
0 0.746875 0.636719 0.050000 0.062500
0 0.717187 0.644531 0.050000 0.062500
0 0.692187 0.646484 0.050000 0.062500
0 0.671875 0.656250 0.050000 0.062500
0 0.654687 0.625000 0.050000 0.062500
0 0.634375 0.640625 0.050000 0.062500
0 0.626563 0.683594 0.050000 0.062500
0 0.650000 0.667969 0.050000 0.062500
0 0.664062 0.693359 0.050000 0.062500
0 0.698438 0.683594 0.050000 0.062500
0 0.739062 0.677734 0.050000 0.062500
0 0.596875 0.699219 0.050000 0.062500
0 0.610938 0.720703 0.050000 0.062500
0 0.603125 0.742188 0.050000 0.062500
0 0.634375 0.748047 0.050000 0.062500
0 0.637500 0.714844 0.050000 0.062500
0 0.668750 0.746094 0.050000 0.062500
0 0.704688 0.722656 0.050000 0.062500
0 0.748437 0.740234 0.050000 0.062500
0 0.643750 0.787109 0.050000 0.062500
0 0.667188 0.787109 0.050000 0.062500
0 0.721875 0.796875 0.050000 0.062500
0 0.751563 0.832031 0.050000 0.062500
0 0.732812 0.832031 0.050000 0.062500
0 0.659375 0.810547 0.050000 0.062500
0 0.689063 0.832031 0.050000 0.062500
0 0.704688 0.859375 0.050000 0.062500
0 0.684375 0.849609 0.050000 0.062500
0 0.660937 0.873047 0.050000 0.062500
0 0.648438 0.925781 0.050000 0.062500
0 0.656250 0.951172 0.050000 0.062500
0 0.856250 0.888672 0.050000 0.062500
0 0.814063 0.880859 0.050000 0.062500
0 0.792188 0.927734 0.050000 0.062500
0 0.667188 0.910156 0.050000 0.062500
0 0.689063 0.880859 0.050000 0.062500
0 0.667188 0.886719 0.050000 0.062500
0 0.687500 0.941406 0.050000 0.062500
0 0.593750 0.648438 0.050000 0.062500
0 0.017188 0.853516 0.034375 0.062500
