0 0.160938 0.927734 0.050000 0.062500
0 0.075000 0.898438 0.050000 0.062500
0 0.092188 0.882812 0.050000 0.062500
0 0.101562 0.847656 0.050000 0.062500
0 0.114062 0.830078 0.050000 0.062500
0 0.095312 0.826172 0.050000 0.062500
0 0.078125 0.830078 0.050000 0.062500
0 0.073438 0.855469 0.050000 0.062500
0 0.054688 0.873047 0.050000 0.062500
0 0.037500 0.882812 0.050000 0.062500
0 0.023438 0.878906 0.046875 0.062500
0 0.015625 0.875000 0.031250 0.062500
0 0.051562 0.888672 0.050000 0.062500
0 0.071875 0.886719 0.050000 0.062500
0 0.137500 0.812500 0.050000 0.062500
0 0.164062 0.808594 0.050000 0.062500
0 0.142187 0.746094 0.050000 0.062500
0 0.128125 0.750000 0.050000 0.062500
0 0.132812 0.732422 0.050000 0.062500
0 0.176563 0.714844 0.050000 0.062500
0 0.142187 0.707031 0.050000 0.062500
0 0.159375 0.697266 0.050000 0.062500
0 0.223438 0.679688 0.050000 0.062500
0 0.195312 0.691406 0.050000 0.062500
0 0.198437 0.654297 0.050000 0.062500
0 0.187500 0.658203 0.050000 0.062500
0 0.168750 0.662109 0.050000 0.062500
0 0.159375 0.664062 0.050000 0.062500
0 0.148438 0.675781 0.050000 0.062500
0 0.104688 0.785156 0.050000 0.062500
0 0.090625 0.785156 0.050000 0.062500
0 0.129688 0.783203 0.050000 0.062500
0 0.159375 0.765625 0.050000 0.062500
0 0.225000 0.626953 0.050000 0.062500
0 0.204687 0.630859 0.050000 0.062500
0 0.185938 0.615234 0.050000 0.062500
0 0.173437 0.617188 0.050000 0.062500
0 0.192188 0.601562 0.050000 0.062500
0 0.210938 0.589844 0.050000 0.062500
0 0.225000 0.591797 0.050000 0.062500
0 0.237500 0.578125 0.050000 0.062500
0 0.235937 0.562500 0.050000 0.062500
0 0.256250 0.562500 0.050000 0.062500
0 0.290625 0.591797 0.050000 0.062500
0 0.195312 0.568359 0.050000 0.062500
0 0.210938 0.548828 0.050000 0.062500
0 0.218750 0.544922 0.050000 0.062500
0 0.223438 0.537109 0.050000 0.062500
0 0.254688 0.525391 0.050000 0.062500
0 0.259375 0.505859 0.050000 0.062500
0 0.273438 0.488281 0.050000 0.062500
0 0.275000 0.462891 0.050000 0.062500
0 0.253125 0.472656 0.050000 0.062500
0 0.290625 0.447266 0.050000 0.062500
0 0.262500 0.435547 0.050000 0.062500
0 0.276562 0.408203 0.050000 0.062500
0 0.278125 0.375000 0.050000 0.062500
0 0.276562 0.388672 0.050000 0.062500
0 0.290625 0.361328 0.050000 0.062500
0 0.296875 0.384766 0.050000 0.062500
0 0.326562 0.345703 0.050000 0.062500
0 0.312500 0.343750 0.050000 0.062500
0 0.296875 0.333984 0.050000 0.062500
0 0.312500 0.310547 0.050000 0.062500
0 0.332813 0.318359 0.050000 0.062500
0 0.351562 0.308594 0.050000 0.062500
0 0.325000 0.291016 0.050000 0.062500
0 0.309375 0.273438 0.050000 0.062500
0 0.315625 0.242188 0.050000 0.062500
0 0.320312 0.226562 0.050000 0.062500
0 0.354687 0.212891 0.050000 0.062500
0 0.340625 0.224609 0.050000 0.062500
0 0.339062 0.255859 0.050000 0.062500
0 0.364063 0.244141 0.050000 0.062500
0 0.360938 0.185547 0.050000 0.062500
0 0.342187 0.156250 0.050000 0.062500
0 0.331250 0.156250 0.050000 0.062500
0 0.356250 0.144531 0.050000 0.062500
0 0.359375 0.121094 0.050000 0.062500
0 0.317188 0.150391 0.050000 0.062500
0 0.307812 0.130859 0.050000 0.062500
0 0.285938 0.148438 0.050000 0.062500
0 0.259375 0.154297 0.050000 0.062500
0 0.264062 0.132812 0.050000 0.062500
0 0.228125 0.128906 0.050000 0.062500
0 0.206250 0.105469 0.050000 0.062500
0 0.107813 0.119141 0.050000 0.062500
0 0.092188 0.107422 0.050000 0.062500
0 0.075000 0.074219 0.050000 0.062500
0 0.085938 0.070312 0.050000 0.062500
0 0.053125 0.107422 0.050000 0.062500
0 0.037500 0.107422 0.050000 0.062500
0 0.022656 0.111328 0.045312 0.062500
0 0.022656 0.138672 0.045312 0.062500
0 0.095312 0.316406 0.050000 0.062500
0 0.075000 0.298828 0.050000 0.062500
0 0.075000 0.339844 0.050000 0.062500
0 0.059375 0.312500 0.050000 0.062500
0 0.046875 0.298828 0.050000 0.062500
0 0.342187 0.613281 0.050000 0.062500
0 0.337500 0.505859 0.050000 0.062500
0 0.357812 0.480469 0.050000 0.062500
0 0.340625 0.441406 0.050000 0.062500
0 0.382812 0.402344 0.050000 0.062500
0 0.421875 0.427734 0.050000 0.062500
0 0.406250 0.460938 0.050000 0.062500
0 0.396875 0.556641 0.050000 0.062500
0 0.379688 0.679688 0.050000 0.062500
0 0.382812 0.744141 0.050000 0.062500
0 0.337500 0.732422 0.050000 0.062500
0 0.278125 0.814453 0.050000 0.062500
0 0.292187 0.890625 0.050000 0.062500
0 0.315625 0.875000 0.050000 0.062500
0 0.359375 0.855469 0.050000 0.062500
0 0.373437 0.886719 0.050000 0.062500
0 0.346875 0.900391 0.050000 0.062500
0 0.434375 0.845703 0.050000 0.062500
0 0.490625 0.724609 0.050000 0.062500
0 0.489063 0.662109 0.050000 0.062500
0 0.482812 0.570312 0.050000 0.062500
0 0.467187 0.539062 0.050000 0.062500
0 0.532813 0.462891 0.050000 0.062500
0 0.532813 0.388672 0.050000 0.062500
0 0.509375 0.365234 0.050000 0.062500
0 0.495312 0.351562 0.050000 0.062500
0 0.545312 0.314453 0.050000 0.062500
0 0.539062 0.339844 0.050000 0.062500
0 0.523438 0.302734 0.050000 0.062500
0 0.529687 0.240234 0.050000 0.062500
0 0.581250 0.316406 0.050000 0.062500
0 0.582812 0.359375 0.050000 0.062500
0 0.615625 0.484375 0.050000 0.062500
0 0.609375 0.556641 0.050000 0.062500
0 0.578125 0.644531 0.050000 0.062500
0 0.545312 0.599609 0.050000 0.062500
0 0.653125 0.509766 0.050000 0.062500
0 0.665625 0.474609 0.050000 0.062500
0 0.626563 0.689453 0.050000 0.062500
0 0.559375 0.777344 0.050000 0.062500
0 0.571875 0.876953 0.050000 0.062500
0 0.571875 0.917969 0.050000 0.062500
0 0.660937 0.609375 0.050000 0.062500
0 0.685937 0.578125 0.050000 0.062500
0 0.696875 0.517578 0.050000 0.062500
0 0.707812 0.488281 0.050000 0.062500
0 0.714063 0.447266 0.050000 0.062500
0 0.725000 0.416016 0.050000 0.062500
0 0.734375 0.398438 0.050000 0.062500
0 0.735938 0.363281 0.050000 0.062500
0 0.715625 0.246094 0.050000 0.062500
0 0.748437 0.224609 0.050000 0.062500
0 0.656250 0.187500 0.050000 0.062500
0 0.642188 0.156250 0.050000 0.062500
0 0.628125 0.156250 0.050000 0.062500
0 0.590625 0.144531 0.050000 0.062500
0 0.579688 0.132812 0.050000 0.062500
0 0.573438 0.132812 0.050000 0.062500
0 0.557813 0.132812 0.050000 0.062500
0 0.315625 0.082031 0.050000 0.062500
0 0.334375 0.111328 0.050000 0.062500
0 0.345313 0.126953 0.050000 0.062500
0 0.306250 0.097656 0.050000 0.062500
0 0.279687 0.097656 0.050000 0.062500
0 0.273438 0.062500 0.050000 0.062500
0 0.257812 0.052734 0.050000 0.062500
0 0.248438 0.050781 0.050000 0.062500
0 0.212500 0.052734 0.050000 0.062500
0 0.200000 0.046875 0.050000 0.062500
0 0.184375 0.044922 0.050000 0.062500
0 0.145313 0.044922 0.050000 0.062500
0 0.125000 0.026367 0.050000 0.052734
0 0.032813 0.022461 0.050000 0.044922
0 0.107813 0.072266 0.050000 0.062500
0 0.125000 0.085938 0.050000 0.062500
0 0.145313 0.074219 0.050000 0.062500
0 0.132812 0.123047 0.050000 0.062500
0 0.818750 0.367188 0.050000 0.062500
0 0.773438 0.416016 0.050000 0.062500
0 0.729688 0.572266 0.050000 0.062500
0 0.729688 0.599609 0.050000 0.062500
0 0.729688 0.634766 0.050000 0.062500
0 0.717187 0.664062 0.050000 0.062500
0 0.706250 0.681641 0.050000 0.062500
0 0.693750 0.724609 0.050000 0.062500
0 0.675000 0.718750 0.050000 0.062500
0 0.765625 0.642578 0.050000 0.062500
0 0.914062 0.607422 0.050000 0.062500
0 0.878125 0.603516 0.050000 0.062500
0 0.903125 0.650391 0.050000 0.062500
0 0.859375 0.687500 0.050000 0.062500
0 0.848437 0.728516 0.050000 0.062500
0 0.879687 0.753906 0.050000 0.062500
0 0.898438 0.753906 0.050000 0.062500
0 0.923438 0.785156 0.050000 0.062500
0 0.923438 0.697266 0.050000 0.062500
0 0.964063 0.667969 0.050000 0.062500
