0 0.970313 0.738281 0.050000 0.062500
0 0.948438 0.654297 0.050000 0.062500
0 0.932813 0.710938 0.050000 0.062500
0 0.917188 0.722656 0.050000 0.062500
0 0.923438 0.609375 0.050000 0.062500
0 0.925000 0.552734 0.050000 0.062500
0 0.895312 0.625000 0.050000 0.062500
0 0.892188 0.671875 0.050000 0.062500
0 0.862500 0.660156 0.050000 0.062500
0 0.723437 0.736328 0.050000 0.062500
0 0.710938 0.748047 0.050000 0.062500
0 0.737500 0.693359 0.050000 0.062500
0 0.735938 0.640625 0.050000 0.062500
0 0.743750 0.617188 0.050000 0.062500
0 0.742188 0.574219 0.050000 0.062500
0 0.739062 0.533203 0.050000 0.062500
0 0.703125 0.466797 0.050000 0.062500
0 0.698438 0.478516 0.050000 0.062500
0 0.698438 0.531250 0.050000 0.062500
0 0.698438 0.574219 0.050000 0.062500
0 0.684375 0.617188 0.050000 0.062500
0 0.665625 0.625000 0.050000 0.062500
0 0.700000 0.644531 0.050000 0.062500
0 0.700000 0.623047 0.050000 0.062500
0 0.701562 0.423828 0.050000 0.062500
0 0.701562 0.386719 0.050000 0.062500
0 0.701562 0.369141 0.050000 0.062500
0 0.664062 0.261719 0.050000 0.062500
0 0.665625 0.214844 0.050000 0.062500
0 0.590625 0.187500 0.050000 0.062500
0 0.573438 0.187500 0.050000 0.062500
0 0.559375 0.189453 0.050000 0.062500
0 0.504687 0.156250 0.050000 0.062500
0 0.492188 0.169922 0.050000 0.062500
0 0.289062 0.189453 0.050000 0.062500
0 0.264062 0.191406 0.050000 0.062500
0 0.245312 0.189453 0.050000 0.062500
0 0.189062 0.146484 0.050000 0.062500
0 0.178125 0.148438 0.050000 0.062500
0 0.162500 0.138672 0.050000 0.062500
0 0.126562 0.146484 0.050000 0.062500
0 0.109375 0.148438 0.050000 0.062500
0 0.098437 0.148438 0.050000 0.062500
0 0.090625 0.142578 0.050000 0.062500
0 0.067187 0.142578 0.050000 0.062500
0 0.045312 0.142578 0.050000 0.062500
0 0.026562 0.179688 0.050000 0.062500
0 0.051562 0.177734 0.050000 0.062500
0 0.018750 0.218750 0.037500 0.062500
0 0.023438 0.220703 0.046875 0.062500
0 0.059375 0.216797 0.050000 0.062500
0 0.134375 0.218750 0.050000 0.062500
0 0.148438 0.218750 0.050000 0.062500
0 0.164062 0.218750 0.050000 0.062500
0 0.182812 0.212891 0.050000 0.062500
0 0.193750 0.212891 0.050000 0.062500
0 0.192188 0.248047 0.050000 0.062500
0 0.201563 0.240234 0.050000 0.062500
0 0.234375 0.208984 0.050000 0.062500
0 0.242188 0.228516 0.050000 0.062500
0 0.264062 0.232422 0.050000 0.062500
0 0.281250 0.259766 0.050000 0.062500
0 0.264062 0.269531 0.050000 0.062500
0 0.289062 0.257812 0.050000 0.062500
0 0.289062 0.281250 0.050000 0.062500
0 0.279687 0.312500 0.050000 0.062500
0 0.262500 0.316406 0.050000 0.062500
0 0.304688 0.261719 0.050000 0.062500
0 0.367188 0.259766 0.050000 0.062500
0 0.460938 0.343750 0.050000 0.062500
0 0.484375 0.353516 0.050000 0.062500
0 0.489063 0.380859 0.050000 0.062500
0 0.456250 0.388672 0.050000 0.062500
0 0.462500 0.458984 0.050000 0.062500
0 0.500000 0.464844 0.050000 0.062500
0 0.565625 0.388672 0.050000 0.062500
0 0.589063 0.433594 0.050000 0.062500
0 0.590625 0.488281 0.050000 0.062500
0 0.512500 0.501953 0.050000 0.062500
0 0.401562 0.488281 0.050000 0.062500
0 0.390625 0.533203 0.050000 0.062500
0 0.348438 0.455078 0.050000 0.062500
0 0.345313 0.542969 0.050000 0.062500
0 0.328125 0.515625 0.050000 0.062500
0 0.296875 0.449219 0.050000 0.062500
0 0.296875 0.423828 0.050000 0.062500
0 0.298438 0.398438 0.050000 0.062500
0 0.303125 0.376953 0.050000 0.062500
0 0.310937 0.361328 0.050000 0.062500
0 0.293750 0.363281 0.050000 0.062500
0 0.278125 0.378906 0.050000 0.062500
0 0.270313 0.408203 0.050000 0.062500
0 0.281250 0.394531 0.050000 0.062500
0 0.257812 0.417969 0.050000 0.062500
0 0.285938 0.421875 0.050000 0.062500
0 0.250000 0.466797 0.050000 0.062500
0 0.279687 0.449219 0.050000 0.062500
0 0.250000 0.447266 0.050000 0.062500
0 0.270313 0.498047 0.050000 0.062500
0 0.246875 0.505859 0.050000 0.062500
0 0.267188 0.533203 0.050000 0.062500
0 0.242188 0.541016 0.050000 0.062500
0 0.257812 0.568359 0.050000 0.062500
0 0.237500 0.568359 0.050000 0.062500
0 0.254688 0.583984 0.050000 0.062500
0 0.259375 0.605469 0.050000 0.062500
0 0.240625 0.621094 0.050000 0.062500
0 0.218750 0.640625 0.050000 0.062500
0 0.214062 0.644531 0.050000 0.062500
0 0.200000 0.660156 0.050000 0.062500
0 0.239063 0.650391 0.050000 0.062500
0 0.259375 0.638672 0.050000 0.062500
0 0.245312 0.683594 0.050000 0.062500
0 0.229687 0.662109 0.050000 0.062500
0 0.221875 0.671875 0.050000 0.062500
0 0.210938 0.685547 0.050000 0.062500
0 0.228125 0.703125 0.050000 0.062500
0 0.207813 0.712891 0.050000 0.062500
0 0.215625 0.728516 0.050000 0.062500
0 0.195312 0.740234 0.050000 0.062500
0 0.206250 0.693359 0.050000 0.062500
0 0.209375 0.742188 0.050000 0.062500
0 0.184375 0.761719 0.050000 0.062500
0 0.200000 0.765625 0.050000 0.062500
0 0.184375 0.746094 0.050000 0.062500
0 0.173437 0.781250 0.050000 0.062500
0 0.187500 0.806641 0.050000 0.062500
0 0.176563 0.806641 0.050000 0.062500
0 0.193750 0.789062 0.050000 0.062500
0 0.203125 0.789062 0.050000 0.062500
0 0.201563 0.824219 0.050000 0.062500
0 0.168750 0.824219 0.050000 0.062500
0 0.184375 0.847656 0.050000 0.062500
0 0.221875 0.789062 0.050000 0.062500
0 0.267188 0.753906 0.050000 0.062500
0 0.331250 0.738281 0.050000 0.062500
0 0.348438 0.662109 0.050000 0.062500
0 0.296875 0.644531 0.050000 0.062500
0 0.326562 0.597656 0.050000 0.062500
0 0.404687 0.630859 0.050000 0.062500
0 0.496875 0.617188 0.050000 0.062500
0 0.478125 0.566406 0.050000 0.062500
0 0.564063 0.625000 0.050000 0.062500
0 0.606250 0.666016 0.050000 0.062500
0 0.528125 0.693359 0.050000 0.062500
0 0.550000 0.775391 0.050000 0.062500
0 0.660937 0.738281 0.050000 0.062500
0 0.610938 0.806641 0.050000 0.062500
0 0.590625 0.869141 0.050000 0.062500
0 0.523438 0.898438 0.050000 0.062500
0 0.467187 0.970703 0.050000 0.058594
0 0.434375 0.927734 0.050000 0.062500
0 0.370312 0.933594 0.050000 0.062500
0 0.370312 0.873047 0.050000 0.062500
0 0.404687 0.773438 0.050000 0.062500
0 0.029687 0.697266 0.050000 0.062500
0 0.059375 0.433594 0.050000 0.062500
0 0.031250 0.449219 0.050000 0.062500
0 0.042188 0.406250 0.050000 0.062500
0 0.018750 0.417969 0.037500 0.062500
0 0.112500 0.979492 0.050000 0.041016
0 0.129688 0.975586 0.050000 0.048828
0 0.132812 0.958984 0.050000 0.062500
0 0.132812 0.933594 0.050000 0.062500
0 0.137500 0.916016 0.050000 0.062500
0 0.148438 0.904297 0.050000 0.062500
0 0.173437 0.878906 0.050000 0.062500
0 0.160938 0.859375 0.050000 0.062500
0 0.165625 0.839844 0.050000 0.062500
0 0.185938 0.900391 0.050000 0.062500
0 0.157812 0.921875 0.050000 0.062500
0 0.168750 0.917969 0.050000 0.062500
0 0.153125 0.933594 0.050000 0.062500
0 0.165625 0.939453 0.050000 0.062500
0 0.154688 0.957031 0.050000 0.062500
0 0.156250 0.964844 0.050000 0.062500
0 0.192188 0.919922 0.050000 0.062500
0 0.193750 0.969727 0.050000 0.060547
0 0.196875 0.857422 0.050000 0.062500
0 0.754687 0.417969 0.050000 0.062500
0 0.687500 0.222656 0.050000 0.062500
0 0.753125 0.261719 0.050000 0.062500
0 0.759375 0.232422 0.050000 0.062500
