0 0.798438 0.617188 0.050000 0.062500
0 0.775000 0.548828 0.050000 0.062500
0 0.789062 0.464844 0.050000 0.062500
0 0.845313 0.486328 0.050000 0.062500
0 0.820312 0.408203 0.050000 0.062500
0 0.807813 0.335938 0.050000 0.062500
0 0.860938 0.300781 0.050000 0.062500
0 0.868750 0.156250 0.050000 0.062500
0 0.879687 0.181641 0.050000 0.062500
0 0.892188 0.132812 0.050000 0.062500
0 0.901563 0.181641 0.050000 0.062500
0 0.937500 0.074219 0.050000 0.062500
0 0.970313 0.144531 0.050000 0.062500
0 0.940625 0.210938 0.050000 0.062500
0 0.945312 0.240234 0.050000 0.062500
0 0.890625 0.244141 0.050000 0.062500
0 0.890625 0.279297 0.050000 0.062500
0 0.904687 0.345703 0.050000 0.062500
0 0.928125 0.339844 0.050000 0.062500
0 0.909375 0.302734 0.050000 0.062500
0 0.960938 0.320312 0.050000 0.062500
0 0.951562 0.373047 0.050000 0.062500
0 0.954688 0.417969 0.050000 0.062500
0 0.959375 0.472656 0.050000 0.062500
0 0.962500 0.515625 0.050000 0.062500
0 0.965625 0.572266 0.050000 0.062500
0 0.903125 0.541016 0.050000 0.062500
0 0.929688 0.468750 0.050000 0.062500
0 0.925000 0.427734 0.050000 0.062500
0 0.900000 0.443359 0.050000 0.062500
0 0.910937 0.392578 0.050000 0.062500
0 0.903125 0.656250 0.050000 0.062500
0 0.929688 0.654297 0.050000 0.062500
0 0.678125 0.683594 0.050000 0.062500
0 0.650000 0.636719 0.050000 0.062500
0 0.582812 0.556641 0.050000 0.062500
0 0.614062 0.468750 0.050000 0.062500
0 0.595313 0.394531 0.050000 0.062500
0 0.587500 0.326172 0.050000 0.062500
0 0.529687 0.306641 0.050000 0.062500
0 0.545312 0.404297 0.050000 0.062500
0 0.507812 0.367188 0.050000 0.062500
0 0.542188 0.458984 0.050000 0.062500
0 0.485938 0.478516 0.050000 0.062500
0 0.500000 0.533203 0.050000 0.062500
0 0.526563 0.548828 0.050000 0.062500
0 0.503125 0.591797 0.050000 0.062500
0 0.804688 0.835938 0.050000 0.062500
0 0.782813 0.771484 0.050000 0.062500
0 0.773438 0.826172 0.050000 0.062500
0 0.735938 0.863281 0.050000 0.062500
0 0.679688 0.849609 0.050000 0.062500
0 0.635938 0.861328 0.050000 0.062500
0 0.671875 0.947266 0.050000 0.062500
0 0.782813 0.900391 0.050000 0.062500
0 0.518750 0.941406 0.050000 0.062500
0 0.493750 0.876953 0.050000 0.062500
0 0.493750 0.757812 0.050000 0.062500
0 0.445312 0.964844 0.050000 0.062500
0 0.443750 0.933594 0.050000 0.062500
0 0.450000 0.900391 0.050000 0.062500
0 0.464062 0.867188 0.050000 0.062500
0 0.439063 0.880859 0.050000 0.062500
0 0.417187 0.914062 0.050000 0.062500
0 0.429688 0.855469 0.050000 0.062500
0 0.415625 0.857422 0.050000 0.062500
0 0.392188 0.871094 0.050000 0.062500
0 0.440625 0.806641 0.050000 0.062500
0 0.396875 0.855469 0.050000 0.062500
0 0.426563 0.812500 0.050000 0.062500
0 0.428125 0.789062 0.050000 0.062500
0 0.454688 0.777344 0.050000 0.062500
0 0.456250 0.751953 0.050000 0.062500
0 0.454688 0.714844 0.050000 0.062500
0 0.431250 0.708984 0.050000 0.062500
0 0.425000 0.724609 0.050000 0.062500
0 0.468750 0.695312 0.050000 0.062500
0 0.450000 0.652344 0.050000 0.062500
0 0.431250 0.626953 0.050000 0.062500
0 0.423438 0.605469 0.050000 0.062500
0 0.421875 0.564453 0.050000 0.062500
0 0.414062 0.535156 0.050000 0.062500
0 0.431250 0.517578 0.050000 0.062500
0 0.440625 0.496094 0.050000 0.062500
0 0.448437 0.482422 0.050000 0.062500
0 0.453125 0.449219 0.050000 0.062500
0 0.453125 0.441406 0.050000 0.062500
0 0.459375 0.402344 0.050000 0.062500
0 0.453125 0.380859 0.050000 0.062500
0 0.459375 0.351562 0.050000 0.062500
0 0.464062 0.320312 0.050000 0.062500
0 0.464062 0.296875 0.050000 0.062500
0 0.456250 0.273438 0.050000 0.062500
0 0.456250 0.246094 0.050000 0.062500
0 0.451562 0.222656 0.050000 0.062500
0 0.462500 0.210938 0.050000 0.062500
0 0.464062 0.152344 0.050000 0.062500
0 0.435937 0.123047 0.050000 0.062500
0 0.403125 0.136719 0.050000 0.062500
0 0.448437 0.125000 0.050000 0.062500
0 0.423438 0.146484 0.050000 0.062500
0 0.404687 0.154297 0.050000 0.062500
0 0.407813 0.175781 0.050000 0.062500
0 0.414062 0.195312 0.050000 0.062500
0 0.428125 0.263672 0.050000 0.062500
0 0.429688 0.220703 0.050000 0.062500
0 0.439063 0.208984 0.050000 0.062500
0 0.440625 0.279297 0.050000 0.062500
0 0.420312 0.310547 0.050000 0.062500
0 0.423438 0.421875 0.050000 0.062500
0 0.439063 0.400391 0.050000 0.062500
0 0.425000 0.384766 0.050000 0.062500
0 0.448437 0.359375 0.050000 0.062500
0 0.429688 0.347656 0.050000 0.062500
0 0.421875 0.486328 0.050000 0.062500
0 0.364063 0.515625 0.050000 0.062500
0 0.306250 0.505859 0.050000 0.062500
0 0.223438 0.291016 0.050000 0.062500
0 0.181250 0.332031 0.050000 0.062500
0 0.181250 0.306641 0.050000 0.062500
0 0.162500 0.300781 0.050000 0.062500
0 0.143750 0.300781 0.050000 0.062500
0 0.306250 0.169922 0.050000 0.062500
0 0.321875 0.074219 0.050000 0.062500
0 0.303125 0.083984 0.050000 0.062500
0 0.304688 0.060547 0.050000 0.062500
0 0.300000 0.050781 0.050000 0.062500
0 0.323437 0.028320 0.050000 0.056641
0 0.334375 0.028320 0.050000 0.056641
0 0.362500 0.022461 0.050000 0.044922
0 0.375000 0.035156 0.050000 0.062500
0 0.403125 0.026367 0.050000 0.052734
0 0.229687 0.058594 0.050000 0.062500
0 0.245312 0.054688 0.050000 0.062500
0 0.134375 0.082031 0.050000 0.062500
0 0.142187 0.042969 0.050000 0.062500
0 0.109375 0.046875 0.050000 0.062500
0 0.079687 0.058594 0.050000 0.062500
0 0.067187 0.058594 0.050000 0.062500
0 0.070312 0.091797 0.050000 0.062500
0 0.092188 0.089844 0.050000 0.062500
0 0.112500 0.091797 0.050000 0.062500
0 0.056250 0.101562 0.050000 0.062500
0 0.037500 0.103516 0.050000 0.062500
0 0.025000 0.103516 0.050000 0.062500
0 0.021094 0.125000 0.042188 0.062500
0 0.017188 0.150391 0.034375 0.062500
0 0.017188 0.179688 0.034375 0.062500
0 0.014844 0.207031 0.029687 0.062500
0 0.014844 0.240234 0.029687 0.062500
0 0.024219 0.287109 0.048438 0.062500
0 0.164062 0.619141 0.050000 0.062500
0 0.059375 0.630859 0.050000 0.062500
0 0.318750 0.960938 0.050000 0.062500
0 0.301563 0.962891 0.050000 0.062500
0 0.354687 0.968750 0.050000 0.062500
0 0.237500 0.960938 0.050000 0.062500
0 0.214062 0.958984 0.050000 0.062500
0 0.195312 0.966797 0.050000 0.062500
0 0.071875 0.970703 0.050000 0.058594
0 0.050000 0.966797 0.050000 0.062500
0 0.014063 0.964844 0.028125 0.062500
0 0.026562 0.974609 0.050000 0.050781
0 0.657813 0.187500 0.050000 0.062500
0 0.642188 0.164062 0.050000 0.062500
0 0.632812 0.134766 0.050000 0.062500
0 0.678125 0.148438 0.050000 0.062500
0 0.692187 0.166016 0.050000 0.062500
0 0.706250 0.111328 0.050000 0.062500
0 0.809375 0.035156 0.050000 0.062500
0 0.576562 0.026367 0.050000 0.052734
0 0.668750 0.267578 0.050000 0.062500
0 0.682813 0.232422 0.050000 0.062500
0 0.731250 0.337891 0.050000 0.062500
0 0.687500 0.394531 0.050000 0.062500
0 0.723437 0.451172 0.050000 0.062500
