0 0.598437 0.908203 0.050000 0.062500
0 0.617188 0.908203 0.050000 0.062500
0 0.635938 0.900391 0.050000 0.062500
0 0.635938 0.880859 0.050000 0.062500
0 0.631250 0.843750 0.050000 0.062500
0 0.615625 0.849609 0.050000 0.062500
0 0.612500 0.869141 0.050000 0.062500
0 0.593750 0.886719 0.050000 0.062500
0 0.584375 0.865234 0.050000 0.062500
0 0.596875 0.849609 0.050000 0.062500
0 0.598437 0.835938 0.050000 0.062500
0 0.579688 0.845703 0.050000 0.062500
0 0.575000 0.830078 0.050000 0.062500
0 0.593750 0.812500 0.050000 0.062500
0 0.587500 0.791016 0.050000 0.062500
0 0.576562 0.771484 0.050000 0.062500
0 0.601562 0.755859 0.050000 0.062500
0 0.600000 0.775391 0.050000 0.062500
0 0.640625 0.802734 0.050000 0.062500
0 0.620313 0.812500 0.050000 0.062500
0 0.609375 0.794922 0.050000 0.062500
0 0.598437 0.720703 0.050000 0.062500
0 0.606250 0.660156 0.050000 0.062500
0 0.571875 0.677734 0.050000 0.062500
0 0.560937 0.683594 0.050000 0.062500
0 0.548438 0.675781 0.050000 0.062500
0 0.556250 0.714844 0.050000 0.062500
0 0.573438 0.718750 0.050000 0.062500
0 0.554688 0.742188 0.050000 0.062500
0 0.576562 0.607422 0.050000 0.062500
0 0.582812 0.580078 0.050000 0.062500
0 0.560937 0.578125 0.050000 0.062500
0 0.550000 0.570312 0.050000 0.062500
0 0.540625 0.568359 0.050000 0.062500
0 0.520312 0.576172 0.050000 0.062500
0 0.532813 0.597656 0.050000 0.062500
0 0.534375 0.623047 0.050000 0.062500
0 0.539062 0.644531 0.050000 0.062500
0 0.556250 0.623047 0.050000 0.062500
0 0.523438 0.556641 0.050000 0.062500
0 0.515625 0.544922 0.050000 0.062500
0 0.506250 0.521484 0.050000 0.062500
0 0.503125 0.490234 0.050000 0.062500
0 0.481250 0.472656 0.050000 0.062500
0 0.481250 0.458984 0.050000 0.062500
0 0.471875 0.437500 0.050000 0.062500
0 0.471875 0.412109 0.050000 0.062500
0 0.459375 0.375000 0.050000 0.062500
0 0.454688 0.355469 0.050000 0.062500
0 0.442188 0.322266 0.050000 0.062500
0 0.437500 0.298828 0.050000 0.062500
0 0.431250 0.269531 0.050000 0.062500
0 0.425000 0.253906 0.050000 0.062500
0 0.420312 0.240234 0.050000 0.062500
0 0.412500 0.222656 0.050000 0.062500
0 0.396875 0.212891 0.050000 0.062500
0 0.396875 0.191406 0.050000 0.062500
0 0.393750 0.183594 0.050000 0.062500
0 0.387500 0.152344 0.050000 0.062500
0 0.382812 0.125000 0.050000 0.062500
0 0.367188 0.128906 0.050000 0.062500
0 0.395313 0.132812 0.050000 0.062500
0 0.379688 0.099609 0.050000 0.062500
0 0.371875 0.082031 0.050000 0.062500
0 0.353125 0.087891 0.050000 0.062500
0 0.337500 0.097656 0.050000 0.062500
0 0.307812 0.103516 0.050000 0.062500
0 0.329688 0.121094 0.050000 0.062500
0 0.293750 0.099609 0.050000 0.062500
0 0.282813 0.119141 0.050000 0.062500
0 0.262500 0.144531 0.050000 0.062500
0 0.260937 0.111328 0.050000 0.062500
0 0.256250 0.095703 0.050000 0.062500
0 0.431250 0.226562 0.050000 0.062500
0 0.456250 0.263672 0.050000 0.062500
0 0.453125 0.216797 0.050000 0.062500
0 0.451562 0.234375 0.050000 0.062500
0 0.421875 0.203125 0.050000 0.062500
0 0.443750 0.203125 0.050000 0.062500
0 0.428125 0.164062 0.050000 0.062500
0 0.478125 0.150391 0.050000 0.062500
0 0.473438 0.294922 0.050000 0.062500
0 0.471875 0.275391 0.050000 0.062500
0 0.456250 0.289062 0.050000 0.062500
0 0.460938 0.330078 0.050000 0.062500
0 0.479687 0.357422 0.050000 0.062500
0 0.479687 0.326172 0.050000 0.062500
0 0.476562 0.310547 0.050000 0.062500
0 0.485938 0.388672 0.050000 0.062500
0 0.506250 0.419922 0.050000 0.062500
0 0.506250 0.373047 0.050000 0.062500
0 0.520312 0.447266 0.050000 0.062500
0 0.520312 0.488281 0.050000 0.062500
0 0.531250 0.519531 0.050000 0.062500
0 0.545312 0.509766 0.050000 0.062500
0 0.554688 0.509766 0.050000 0.062500
0 0.559375 0.546875 0.050000 0.062500
0 0.568750 0.478516 0.050000 0.062500
0 0.546875 0.462891 0.050000 0.062500
0 0.520312 0.466797 0.050000 0.062500
0 0.598437 0.410156 0.050000 0.062500
0 0.587500 0.365234 0.050000 0.062500
0 0.535937 0.337891 0.050000 0.062500
0 0.553125 0.273438 0.050000 0.062500
0 0.617188 0.283203 0.050000 0.062500
0 0.625000 0.345703 0.050000 0.062500
0 0.673438 0.435547 0.050000 0.062500
0 0.675000 0.505859 0.050000 0.062500
0 0.617188 0.505859 0.050000 0.062500
0 0.692187 0.570312 0.050000 0.062500
0 0.714063 0.621094 0.050000 0.062500
0 0.750000 0.607422 0.050000 0.062500
0 0.751563 0.699219 0.050000 0.062500
0 0.793750 0.642578 0.050000 0.062500
0 0.909375 0.636719 0.050000 0.062500
0 0.868750 0.644531 0.050000 0.062500
0 0.832812 0.824219 0.050000 0.062500
0 0.868750 0.839844 0.050000 0.062500
0 0.829688 0.900391 0.050000 0.062500
0 0.803125 0.892578 0.050000 0.062500
0 0.757812 0.904297 0.050000 0.062500
0 0.921875 0.802734 0.050000 0.062500
0 0.960938 0.826172 0.050000 0.062500
0 0.892188 0.496094 0.050000 0.062500
0 0.845313 0.527344 0.050000 0.062500
0 0.948438 0.482422 0.050000 0.062500
0 0.935937 0.400391 0.050000 0.062500
0 0.881250 0.363281 0.050000 0.062500
0 0.826562 0.365234 0.050000 0.062500
0 0.779687 0.429688 0.050000 0.062500
0 0.810937 0.451172 0.050000 0.062500
0 0.715625 0.318359 0.050000 0.062500
0 0.684375 0.250000 0.050000 0.062500
0 0.740625 0.228516 0.050000 0.062500
0 0.804688 0.240234 0.050000 0.062500
0 0.851562 0.230469 0.050000 0.062500
0 0.845313 0.197266 0.050000 0.062500
0 0.767188 0.115234 0.050000 0.062500
0 0.739062 0.113281 0.050000 0.062500
0 0.717187 0.054688 0.050000 0.062500
0 0.657813 0.085938 0.050000 0.062500
0 0.673438 0.142578 0.050000 0.062500
0 0.640625 0.146484 0.050000 0.062500
0 0.601562 0.142578 0.050000 0.062500
0 0.832812 0.082031 0.050000 0.062500
0 0.815625 0.050781 0.050000 0.062500
0 0.820312 0.027344 0.050000 0.054688
0 0.851562 0.115234 0.050000 0.062500
0 0.867188 0.152344 0.050000 0.062500
0 0.875000 0.179688 0.050000 0.062500
0 0.885938 0.212891 0.050000 0.062500
0 0.901563 0.236328 0.050000 0.062500
0 0.910937 0.251953 0.050000 0.062500
0 0.917188 0.287109 0.050000 0.062500
0 0.859375 0.292969 0.050000 0.062500
0 0.943750 0.328125 0.050000 0.062500
0 0.937500 0.298828 0.050000 0.062500
0 0.942187 0.265625 0.050000 0.062500
0 0.943750 0.240234 0.050000 0.062500
0 0.932813 0.205078 0.050000 0.062500
0 0.909375 0.187500 0.050000 0.062500
0 0.909375 0.195312 0.050000 0.062500
0 0.921875 0.220703 0.050000 0.062500
0 0.946875 0.130859 0.050000 0.062500
0 0.906250 0.126953 0.050000 0.062500
0 0.889062 0.083984 0.050000 0.062500
0 0.893750 0.029297 0.050000 0.058594
0 0.971875 0.337891 0.050000 0.062500
0 0.978125 0.390625 0.043750 0.062500
0 0.984375 0.468750 0.031250 0.062500
0 0.329688 0.042969 0.050000 0.062500
0 0.312500 0.054688 0.050000 0.062500
0 0.289062 0.056641 0.050000 0.062500
0 0.228125 0.068359 0.050000 0.062500
0 0.206250 0.058594 0.050000 0.062500
0 0.207813 0.048828 0.050000 0.062500
0 0.185938 0.046875 0.050000 0.062500
0 0.173437 0.044922 0.050000 0.062500
0 0.165625 0.044922 0.050000 0.062500
0 0.126562 0.078125 0.050000 0.062500
0 0.118750 0.078125 0.050000 0.062500
0 0.104688 0.078125 0.050000 0.062500
0 0.087500 0.078125 0.050000 0.062500
0 0.071875 0.078125 0.050000 0.062500
0 0.075000 0.138672 0.050000 0.062500
0 0.050000 0.162109 0.050000 0.062500
0 0.031250 0.173828 0.050000 0.062500
0 0.019531 0.185547 0.039062 0.062500
0 0.019531 0.208984 0.039062 0.062500
0 0.043750 0.195312 0.050000 0.062500
0 0.062500 0.187500 0.050000 0.062500
0 0.089063 0.179688 0.050000 0.062500
0 0.121875 0.175781 0.050000 0.062500
0 0.148438 0.146484 0.050000 0.062500
0 0.168750 0.128906 0.050000 0.062500
0 0.215625 0.142578 0.050000 0.062500
0 0.068750 0.433594 0.050000 0.062500
0 0.095312 0.330078 0.050000 0.062500
0 0.196875 0.302734 0.050000 0.062500
0 0.196875 0.357422 0.050000 0.062500
0 0.289062 0.328125 0.050000 0.062500
0 0.306250 0.259766 0.050000 0.062500
0 0.135937 0.576172 0.050000 0.062500
0 0.332813 0.470703 0.050000 0.062500
0 0.376563 0.322266 0.050000 0.062500
0 0.429688 0.425781 0.050000 0.062500
0 0.423438 0.492188 0.050000 0.062500
0 0.092188 0.953125 0.050000 0.062500
0 0.068750 0.931641 0.050000 0.062500
0 0.090625 0.919922 0.050000 0.062500
0 0.079687 0.898438 0.050000 0.062500
0 0.064062 0.896484 0.050000 0.062500
0 0.073438 0.873047 0.050000 0.062500
0 0.070312 0.837891 0.050000 0.062500
0 0.062500 0.792969 0.050000 0.062500
0 0.048438 0.761719 0.050000 0.062500
0 0.053125 0.724609 0.050000 0.062500
0 0.039062 0.671875 0.050000 0.062500
0 0.026562 0.632812 0.050000 0.062500
0 0.023438 0.582031 0.046875 0.062500
0 0.019531 0.556641 0.039062 0.062500
0 0.017188 0.513672 0.034375 0.062500
0 0.021875 0.414062 0.043750 0.062500
0 0.014063 0.445312 0.028125 0.062500
0 0.014063 0.392578 0.028125 0.062500
0 0.014844 0.343750 0.029687 0.062500
0 0.620313 0.941406 0.050000 0.062500
0 0.592187 0.925781 0.050000 0.062500
0 0.576562 0.937500 0.050000 0.062500
0 0.618750 0.916016 0.050000 0.062500
0 0.596875 0.937500 0.050000 0.062500
0 0.579688 0.957031 0.050000 0.062500
0 0.564063 0.960938 0.050000 0.062500
0 0.556250 0.968750 0.050000 0.062500
0 0.535937 0.966797 0.050000 0.062500
0 0.523438 0.966797 0.050000 0.062500
0 0.512500 0.969727 0.050000 0.060547
0 0.500000 0.972656 0.050000 0.054688
0 0.456250 0.981445 0.050000 0.037109
