0 0.181250 0.521484 0.050000 0.062500
0 0.173437 0.443359 0.050000 0.062500
0 0.043750 0.410156 0.050000 0.062500
0 0.035937 0.449219 0.050000 0.062500
0 0.106250 0.976562 0.050000 0.046875
0 0.123438 0.960938 0.050000 0.062500
0 0.118750 0.931641 0.050000 0.062500
0 0.104688 0.951172 0.050000 0.062500
0 0.103125 0.931641 0.050000 0.062500
0 0.100000 0.906250 0.050000 0.062500
0 0.087500 0.888672 0.050000 0.062500
0 0.092188 0.873047 0.050000 0.062500
0 0.078125 0.855469 0.050000 0.062500
0 0.076563 0.841797 0.050000 0.062500
0 0.070312 0.796875 0.050000 0.062500
0 0.048438 0.750000 0.050000 0.062500
0 0.042188 0.714844 0.050000 0.062500
0 0.028125 0.675781 0.050000 0.062500
0 0.025000 0.642578 0.050000 0.062500
0 0.021875 0.630859 0.043750 0.062500
0 0.017188 0.597656 0.034375 0.062500
0 0.032813 0.259766 0.050000 0.062500
0 0.018750 0.269531 0.037500 0.062500
0 0.046875 0.246094 0.050000 0.062500
0 0.035937 0.201172 0.050000 0.062500
0 0.015625 0.216797 0.031250 0.062500
0 0.024219 0.212891 0.048438 0.062500
0 0.054688 0.162109 0.050000 0.062500
0 0.065625 0.208984 0.050000 0.062500
0 0.120313 0.189453 0.050000 0.062500
0 0.084375 0.222656 0.050000 0.062500
0 0.092188 0.205078 0.050000 0.062500
0 0.140625 0.177734 0.050000 0.062500
0 0.170313 0.166016 0.050000 0.062500
0 0.184375 0.156250 0.050000 0.062500
0 0.207813 0.152344 0.050000 0.062500
0 0.215625 0.140625 0.050000 0.062500
0 0.215625 0.173828 0.050000 0.062500
0 0.243750 0.166016 0.050000 0.062500
0 0.250000 0.183594 0.050000 0.062500
0 0.235937 0.228516 0.050000 0.062500
0 0.235937 0.261719 0.050000 0.062500
0 0.168750 0.318359 0.050000 0.062500
0 0.240625 0.394531 0.050000 0.062500
0 0.262500 0.283203 0.050000 0.062500
0 0.296875 0.230469 0.050000 0.062500
0 0.270313 0.142578 0.050000 0.062500
0 0.262500 0.130859 0.050000 0.062500
0 0.251563 0.093750 0.050000 0.062500
0 0.226562 0.113281 0.050000 0.062500
0 0.287500 0.082031 0.050000 0.062500
0 0.267188 0.101562 0.050000 0.062500
0 0.287500 0.140625 0.050000 0.062500
0 0.314063 0.140625 0.050000 0.062500
0 0.334375 0.128906 0.050000 0.062500
0 0.345313 0.156250 0.050000 0.062500
0 0.329688 0.166016 0.050000 0.062500
0 0.354687 0.183594 0.050000 0.062500
0 0.367188 0.171875 0.050000 0.062500
0 0.360938 0.208984 0.050000 0.062500
0 0.360938 0.230469 0.050000 0.062500
0 0.392188 0.208984 0.050000 0.062500
0 0.423438 0.232422 0.050000 0.062500
0 0.407813 0.259766 0.050000 0.062500
0 0.393750 0.269531 0.050000 0.062500
0 0.407813 0.296875 0.050000 0.062500
0 0.423438 0.292969 0.050000 0.062500
0 0.432812 0.271484 0.050000 0.062500
0 0.412500 0.326172 0.050000 0.062500
0 0.428125 0.314453 0.050000 0.062500
0 0.446875 0.287109 0.050000 0.062500
0 0.462500 0.306641 0.050000 0.062500
0 0.460938 0.345703 0.050000 0.062500
0 0.423438 0.341797 0.050000 0.062500
0 0.437500 0.371094 0.050000 0.062500
0 0.465625 0.384766 0.050000 0.062500
0 0.446875 0.400391 0.050000 0.062500
0 0.459375 0.412109 0.050000 0.062500
0 0.478125 0.412109 0.050000 0.062500
0 0.467187 0.447266 0.050000 0.062500
0 0.371875 0.412109 0.050000 0.062500
0 0.479687 0.468750 0.050000 0.062500
0 0.485938 0.498047 0.050000 0.062500
0 0.503125 0.455078 0.050000 0.062500
0 0.503125 0.419922 0.050000 0.062500
0 0.523438 0.402344 0.050000 0.062500
0 0.529687 0.347656 0.050000 0.062500
0 0.570312 0.384766 0.050000 0.062500
0 0.534375 0.292969 0.050000 0.062500
0 0.589063 0.285156 0.050000 0.062500
0 0.618750 0.355469 0.050000 0.062500
0 0.604688 0.423828 0.050000 0.062500
0 0.617188 0.533203 0.050000 0.062500
0 0.635938 0.572266 0.050000 0.062500
0 0.592187 0.593750 0.050000 0.062500
0 0.556250 0.572266 0.050000 0.062500
0 0.531250 0.589844 0.050000 0.062500
0 0.520312 0.570312 0.050000 0.062500
0 0.514062 0.560547 0.050000 0.062500
0 0.514062 0.539062 0.050000 0.062500
0 0.501563 0.515625 0.050000 0.062500
0 0.521875 0.515625 0.050000 0.062500
0 0.548438 0.486328 0.050000 0.062500
0 0.514062 0.482422 0.050000 0.062500
0 0.565625 0.513672 0.050000 0.062500
0 0.557813 0.542969 0.050000 0.062500
0 0.545312 0.617188 0.050000 0.062500
0 0.565625 0.603516 0.050000 0.062500
0 0.584375 0.619141 0.050000 0.062500
0 0.557813 0.632812 0.050000 0.062500
0 0.584375 0.646484 0.050000 0.062500
0 0.560937 0.658203 0.050000 0.062500
0 0.600000 0.619141 0.050000 0.062500
0 0.573438 0.697266 0.050000 0.062500
0 0.601562 0.693359 0.050000 0.062500
0 0.628125 0.677734 0.050000 0.062500
0 0.581250 0.730469 0.050000 0.062500
0 0.600000 0.724609 0.050000 0.062500
0 0.623437 0.714844 0.050000 0.062500
0 0.590625 0.765625 0.050000 0.062500
0 0.626563 0.755859 0.050000 0.062500
0 0.612500 0.771484 0.050000 0.062500
0 0.623437 0.779297 0.050000 0.062500
0 0.646875 0.767578 0.050000 0.062500
0 0.631250 0.802734 0.050000 0.062500
0 0.614062 0.814453 0.050000 0.062500
0 0.634375 0.822266 0.050000 0.062500
0 0.650000 0.796875 0.050000 0.062500
0 0.671875 0.806641 0.050000 0.062500
0 0.662500 0.839844 0.050000 0.062500
0 0.651563 0.818359 0.050000 0.062500
0 0.623437 0.839844 0.050000 0.062500
0 0.607812 0.849609 0.050000 0.062500
0 0.626563 0.863281 0.050000 0.062500
0 0.634375 0.892578 0.050000 0.062500
0 0.651563 0.869141 0.050000 0.062500
0 0.645312 0.849609 0.050000 0.062500
0 0.687500 0.876953 0.050000 0.062500
0 0.662500 0.878906 0.050000 0.062500
0 0.660937 0.900391 0.050000 0.062500
0 0.668750 0.910156 0.050000 0.062500
0 0.660937 0.927734 0.050000 0.062500
0 0.642188 0.919922 0.050000 0.062500
0 0.635938 0.943359 0.050000 0.062500
0 0.637500 0.955078 0.050000 0.062500
0 0.612500 0.966797 0.050000 0.062500
0 0.589063 0.976562 0.050000 0.046875
0 0.573438 0.974609 0.050000 0.050781
0 0.801562 0.869141 0.050000 0.062500
0 0.739062 0.761719 0.050000 0.062500
0 0.768750 0.730469 0.050000 0.062500
0 0.817187 0.708984 0.050000 0.062500
0 0.854688 0.654297 0.050000 0.062500
0 0.831250 0.734375 0.050000 0.062500
0 0.925000 0.607422 0.050000 0.062500
0 0.982812 0.550781 0.034375 0.062500
0 0.948438 0.457031 0.050000 0.062500
0 0.896875 0.484375 0.050000 0.062500
0 0.835938 0.427734 0.050000 0.062500
0 0.759375 0.376953 0.050000 0.062500
0 0.654687 0.421875 0.050000 0.062500
0 0.689063 0.324219 0.050000 0.062500
0 0.728125 0.251953 0.050000 0.062500
0 0.628125 0.173828 0.050000 0.062500
0 0.657813 0.152344 0.050000 0.062500
0 0.657813 0.109375 0.050000 0.062500
0 0.640625 0.085938 0.050000 0.062500
0 0.631250 0.125000 0.050000 0.062500
0 0.592187 0.138672 0.050000 0.062500
0 0.571875 0.087891 0.050000 0.062500
0 0.539062 0.099609 0.050000 0.062500
0 0.437500 0.070312 0.050000 0.062500
0 0.793750 0.070312 0.050000 0.062500
0 0.767188 0.037109 0.050000 0.062500
0 0.817187 0.103516 0.050000 0.062500
0 0.828125 0.128906 0.050000 0.062500
0 0.850000 0.166016 0.050000 0.062500
0 0.812500 0.177734 0.050000 0.062500
0 0.784375 0.220703 0.050000 0.062500
0 0.825000 0.212891 0.050000 0.062500
0 0.834375 0.275391 0.050000 0.062500
0 0.870313 0.343750 0.050000 0.062500
0 0.810937 0.355469 0.050000 0.062500
0 0.932813 0.378906 0.050000 0.062500
0 0.940625 0.347656 0.050000 0.062500
0 0.762500 0.568359 0.050000 0.062500
0 0.667188 0.517578 0.050000 0.062500
0 0.803125 0.898438 0.050000 0.062500
0 0.865625 0.898438 0.050000 0.062500
0 0.978125 0.240234 0.043750 0.062500
0 0.960938 0.195312 0.050000 0.062500
0 0.932813 0.173828 0.050000 0.062500
0 0.920312 0.146484 0.050000 0.062500
0 0.903125 0.103516 0.050000 0.062500
0 0.892188 0.203125 0.050000 0.062500
0 0.876563 0.175781 0.050000 0.062500
0 0.873437 0.167969 0.050000 0.062500
0 0.910937 0.179688 0.050000 0.062500
0 0.864062 0.099609 0.050000 0.062500
0 0.850000 0.076172 0.050000 0.062500
0 0.804688 0.060547 0.050000 0.062500
0 0.773438 0.020508 0.050000 0.041016
0 0.865625 0.210938 0.050000 0.062500
0 0.853125 0.185547 0.050000 0.062500
0 0.976562 0.300781 0.046875 0.062500
0 0.959375 0.279297 0.050000 0.062500
0 0.934375 0.242188 0.050000 0.062500
0 0.910937 0.248047 0.050000 0.062500
0 0.892188 0.236328 0.050000 0.062500
0 0.920312 0.214844 0.050000 0.062500
0 0.985938 0.390625 0.028125 0.062500
0 0.984375 0.351562 0.031250 0.062500
0 0.975781 0.353516 0.048438 0.062500
0 0.931250 0.310547 0.050000 0.062500
0 0.920312 0.294922 0.050000 0.062500
0 0.904687 0.275391 0.050000 0.062500
