0 0.701562 0.785156 0.050000 0.062500
0 0.695312 0.712891 0.050000 0.062500
0 0.664062 0.818359 0.050000 0.062500
0 0.657813 0.810547 0.050000 0.062500
0 0.651563 0.789062 0.050000 0.062500
0 0.643750 0.767578 0.050000 0.062500
0 0.632812 0.748047 0.050000 0.062500
0 0.653125 0.736328 0.050000 0.062500
0 0.665625 0.769531 0.050000 0.062500
0 0.657813 0.761719 0.050000 0.062500
0 0.673438 0.761719 0.050000 0.062500
0 0.681250 0.800781 0.050000 0.062500
0 0.687500 0.775391 0.050000 0.062500
0 0.681250 0.835938 0.050000 0.062500
0 0.614062 0.882812 0.050000 0.062500
0 0.501563 0.953125 0.050000 0.062500
0 0.485938 0.957031 0.050000 0.062500
0 0.467187 0.945312 0.050000 0.062500
0 0.412500 0.974609 0.050000 0.050781
0 0.400000 0.978516 0.050000 0.042969
0 0.382812 0.979492 0.050000 0.041016
0 0.179688 0.904297 0.050000 0.062500
0 0.190625 0.869141 0.050000 0.062500
0 0.170313 0.869141 0.050000 0.062500
0 0.148438 0.867188 0.050000 0.062500
0 0.157812 0.837891 0.050000 0.062500
0 0.157812 0.820312 0.050000 0.062500
0 0.157812 0.800781 0.050000 0.062500
0 0.121875 0.734375 0.050000 0.062500
0 0.115625 0.708984 0.050000 0.062500
0 0.082812 0.644531 0.050000 0.062500
0 0.079687 0.578125 0.050000 0.062500
0 0.064062 0.537109 0.050000 0.062500
0 0.062500 0.503906 0.050000 0.062500
0 0.112500 0.421875 0.050000 0.062500
0 0.137500 0.382812 0.050000 0.062500
0 0.082812 0.289062 0.050000 0.062500
0 0.059375 0.316406 0.050000 0.062500
0 0.043750 0.296875 0.050000 0.062500
0 0.029687 0.236328 0.050000 0.062500
0 0.019531 0.244141 0.039062 0.062500
0 0.019531 0.257812 0.039062 0.062500
0 0.046875 0.224609 0.050000 0.062500
0 0.039062 0.189453 0.050000 0.062500
0 0.051562 0.183594 0.050000 0.062500
0 0.064062 0.166016 0.050000 0.062500
0 0.073438 0.162109 0.050000 0.062500
0 0.095312 0.148438 0.050000 0.062500
0 0.110937 0.171875 0.050000 0.062500
0 0.095312 0.193359 0.050000 0.062500
0 0.078125 0.208984 0.050000 0.062500
0 0.132812 0.162109 0.050000 0.062500
0 0.118750 0.154297 0.050000 0.062500
0 0.164062 0.134766 0.050000 0.062500
0 0.185938 0.128906 0.050000 0.062500
0 0.140625 0.078125 0.050000 0.062500
0 0.126562 0.091797 0.050000 0.062500
0 0.112500 0.087891 0.050000 0.062500
0 0.100000 0.085938 0.050000 0.062500
0 0.082812 0.097656 0.050000 0.062500
0 0.171875 0.058594 0.050000 0.062500
0 0.182812 0.044922 0.050000 0.062500
0 0.215625 0.125000 0.050000 0.062500
0 0.239063 0.150391 0.050000 0.062500
0 0.271875 0.130859 0.050000 0.062500
0 0.254688 0.111328 0.050000 0.062500
0 0.264062 0.103516 0.050000 0.062500
0 0.295312 0.119141 0.050000 0.062500
0 0.301563 0.087891 0.050000 0.062500
0 0.317188 0.101562 0.050000 0.062500
0 0.334375 0.085938 0.050000 0.062500
0 0.356250 0.066406 0.050000 0.062500
0 0.335938 0.039062 0.050000 0.062500
0 0.315625 0.050781 0.050000 0.062500
0 0.300000 0.050781 0.050000 0.062500
0 0.360938 0.113281 0.050000 0.062500
0 0.348438 0.113281 0.050000 0.062500
0 0.376563 0.089844 0.050000 0.062500
0 0.382812 0.103516 0.050000 0.062500
0 0.375000 0.119141 0.050000 0.062500
0 0.393750 0.123047 0.050000 0.062500
0 0.404687 0.123047 0.050000 0.062500
0 0.404687 0.146484 0.050000 0.062500
0 0.407813 0.175781 0.050000 0.062500
0 0.428125 0.140625 0.050000 0.062500
0 0.429688 0.185547 0.050000 0.062500
0 0.450000 0.191406 0.050000 0.062500
0 0.467187 0.179688 0.050000 0.062500
0 0.432812 0.218750 0.050000 0.062500
0 0.445312 0.236328 0.050000 0.062500
0 0.475000 0.201172 0.050000 0.062500
0 0.457813 0.216797 0.050000 0.062500
0 0.453125 0.261719 0.050000 0.062500
0 0.479687 0.226562 0.050000 0.062500
0 0.490625 0.246094 0.050000 0.062500
0 0.473438 0.255859 0.050000 0.062500
0 0.462500 0.294922 0.050000 0.062500
0 0.415625 0.347656 0.050000 0.062500
0 0.345313 0.306641 0.050000 0.062500
0 0.273438 0.310547 0.050000 0.062500
0 0.257812 0.277344 0.050000 0.062500
0 0.231250 0.232422 0.050000 0.062500
0 0.215625 0.250000 0.050000 0.062500
0 0.181250 0.250000 0.050000 0.062500
0 0.520312 0.265625 0.050000 0.062500
0 0.506250 0.283203 0.050000 0.062500
0 0.507812 0.304688 0.050000 0.062500
0 0.493750 0.320312 0.050000 0.062500
0 0.482812 0.322266 0.050000 0.062500
0 0.492188 0.345703 0.050000 0.062500
0 0.512500 0.330078 0.050000 0.062500
0 0.520312 0.345703 0.050000 0.062500
0 0.506250 0.361328 0.050000 0.062500
0 0.495312 0.380859 0.050000 0.062500
0 0.507812 0.394531 0.050000 0.062500
0 0.532813 0.375000 0.050000 0.062500
0 0.543750 0.363281 0.050000 0.062500
0 0.550000 0.384766 0.050000 0.062500
0 0.509375 0.421875 0.050000 0.062500
0 0.529687 0.423828 0.050000 0.062500
0 0.548438 0.417969 0.050000 0.062500
0 0.571875 0.421875 0.050000 0.062500
0 0.564063 0.445312 0.050000 0.062500
0 0.532813 0.464844 0.050000 0.062500
0 0.567187 0.464844 0.050000 0.062500
0 0.593750 0.464844 0.050000 0.062500
0 0.553125 0.488281 0.050000 0.062500
0 0.562500 0.500000 0.050000 0.062500
0 0.582812 0.490234 0.050000 0.062500
0 0.598437 0.492188 0.050000 0.062500
0 0.578125 0.525391 0.050000 0.062500
0 0.565625 0.542969 0.050000 0.062500
0 0.625000 0.501953 0.050000 0.062500
0 0.625000 0.533203 0.050000 0.062500
0 0.600000 0.548828 0.050000 0.062500
0 0.582812 0.568359 0.050000 0.062500
0 0.596875 0.589844 0.050000 0.062500
0 0.615625 0.591797 0.050000 0.062500
0 0.607812 0.625000 0.050000 0.062500
0 0.626563 0.580078 0.050000 0.062500
0 0.639062 0.636719 0.050000 0.062500
0 0.601562 0.660156 0.050000 0.062500
0 0.621875 0.689453 0.050000 0.062500
0 0.635938 0.703125 0.050000 0.062500
0 0.659375 0.689453 0.050000 0.062500
0 0.642188 0.664062 0.050000 0.062500
0 0.651563 0.597656 0.050000 0.062500
0 0.625000 0.636719 0.050000 0.062500
0 0.612500 0.654297 0.050000 0.062500
0 0.703125 0.439453 0.050000 0.062500
0 0.642188 0.439453 0.050000 0.062500
0 0.621875 0.367188 0.050000 0.062500
0 0.600000 0.322266 0.050000 0.062500
0 0.560937 0.287109 0.050000 0.062500
0 0.564063 0.228516 0.050000 0.062500
0 0.545312 0.136719 0.050000 0.062500
0 0.592187 0.085938 0.050000 0.062500
0 0.642188 0.060547 0.050000 0.062500
0 0.687500 0.068359 0.050000 0.062500
0 0.668750 0.123047 0.050000 0.062500
0 0.587500 0.156250 0.050000 0.062500
0 0.635938 0.240234 0.050000 0.062500
0 0.642188 0.310547 0.050000 0.062500
0 0.714063 0.263672 0.050000 0.062500
0 0.706250 0.156250 0.050000 0.062500
0 0.746875 0.185547 0.050000 0.062500
0 0.806250 0.189453 0.050000 0.062500
0 0.843750 0.162109 0.050000 0.062500
0 0.835938 0.136719 0.050000 0.062500
0 0.845313 0.099609 0.050000 0.062500
0 0.839063 0.091797 0.050000 0.062500
0 0.828125 0.078125 0.050000 0.062500
0 0.814063 0.037109 0.050000 0.062500
0 0.803125 0.021484 0.050000 0.042969
0 0.885938 0.068359 0.050000 0.062500
0 0.868750 0.046875 0.050000 0.062500
0 0.921875 0.072266 0.050000 0.062500
0 0.931250 0.099609 0.050000 0.062500
0 0.959375 0.138672 0.050000 0.062500
0 0.939063 0.175781 0.050000 0.062500
0 0.914062 0.136719 0.050000 0.062500
0 0.900000 0.148438 0.050000 0.062500
0 0.892188 0.132812 0.050000 0.062500
0 0.889062 0.117188 0.050000 0.062500
0 0.864062 0.126953 0.050000 0.062500
0 0.904687 0.205078 0.050000 0.062500
0 0.879687 0.158203 0.050000 0.062500
0 0.867188 0.226562 0.050000 0.062500
0 0.848437 0.234375 0.050000 0.062500
0 0.825000 0.304688 0.050000 0.062500
0 0.734375 0.371094 0.050000 0.062500
0 0.789062 0.376953 0.050000 0.062500
0 0.840625 0.367188 0.050000 0.062500
0 0.942187 0.330078 0.050000 0.062500
0 0.885938 0.285156 0.050000 0.062500
0 0.950000 0.515625 0.050000 0.062500
0 0.921875 0.445312 0.050000 0.062500
0 0.903125 0.417969 0.050000 0.062500
0 0.959375 0.398438 0.050000 0.062500
0 0.895312 0.546875 0.050000 0.062500
0 0.828125 0.486328 0.050000 0.062500
0 0.842187 0.582031 0.050000 0.062500
0 0.859375 0.636719 0.050000 0.062500
0 0.956250 0.576172 0.050000 0.062500
0 0.978906 0.574219 0.042188 0.062500
0 0.983594 0.199219 0.032813 0.062500
0 0.975000 0.175781 0.050000 0.062500
0 0.953125 0.201172 0.050000 0.062500
0 0.962500 0.222656 0.050000 0.062500
0 0.959375 0.248047 0.050000 0.062500
0 0.937500 0.246094 0.050000 0.062500
0 0.921875 0.228516 0.050000 0.062500
0 0.909375 0.240234 0.050000 0.062500
0 0.976562 0.261719 0.046875 0.062500
