0 0.584375 0.828125 0.050000 0.062500
0 0.570312 0.828125 0.050000 0.062500
0 0.576562 0.794922 0.050000 0.062500
0 0.568750 0.785156 0.050000 0.062500
0 0.587500 0.767578 0.050000 0.062500
0 0.601562 0.785156 0.050000 0.062500
0 0.603125 0.742188 0.050000 0.062500
0 0.579688 0.742188 0.050000 0.062500
0 0.551562 0.748047 0.050000 0.062500
0 0.545312 0.751953 0.050000 0.062500
0 0.550000 0.728516 0.050000 0.062500
0 0.576562 0.705078 0.050000 0.062500
0 0.551562 0.720703 0.050000 0.062500
0 0.557813 0.681641 0.050000 0.062500
0 0.548438 0.675781 0.050000 0.062500
0 0.526563 0.673828 0.050000 0.062500
0 0.534375 0.650391 0.050000 0.062500
0 0.540625 0.636719 0.050000 0.062500
0 0.534375 0.615234 0.050000 0.062500
0 0.520312 0.607422 0.050000 0.062500
0 0.504687 0.591797 0.050000 0.062500
0 0.515625 0.564453 0.050000 0.062500
0 0.514062 0.546875 0.050000 0.062500
0 0.504687 0.533203 0.050000 0.062500
0 0.500000 0.509766 0.050000 0.062500
0 0.492188 0.488281 0.050000 0.062500
0 0.489063 0.472656 0.050000 0.062500
0 0.482812 0.455078 0.050000 0.062500
0 0.482812 0.445312 0.050000 0.062500
0 0.473438 0.421875 0.050000 0.062500
0 0.462500 0.408203 0.050000 0.062500
0 0.462500 0.378906 0.050000 0.062500
0 0.456250 0.371094 0.050000 0.062500
0 0.446875 0.343750 0.050000 0.062500
0 0.439063 0.318359 0.050000 0.062500
0 0.432812 0.296875 0.050000 0.062500
0 0.418750 0.273438 0.050000 0.062500
0 0.417187 0.242188 0.050000 0.062500
0 0.417187 0.230469 0.050000 0.062500
0 0.407813 0.210938 0.050000 0.062500
0 0.393750 0.179688 0.050000 0.062500
0 0.379688 0.162109 0.050000 0.062500
0 0.379688 0.136719 0.050000 0.062500
0 0.362500 0.115234 0.050000 0.062500
0 0.354687 0.099609 0.050000 0.062500
0 0.367188 0.083984 0.050000 0.062500
0 0.360938 0.066406 0.050000 0.062500
0 0.395313 0.105469 0.050000 0.062500
0 0.415625 0.119141 0.050000 0.062500
0 0.431250 0.203125 0.050000 0.062500
0 0.415625 0.179688 0.050000 0.062500
0 0.437500 0.171875 0.050000 0.062500
0 0.445312 0.193359 0.050000 0.062500
0 0.456250 0.230469 0.050000 0.062500
0 0.439063 0.246094 0.050000 0.062500
0 0.459375 0.259766 0.050000 0.062500
0 0.467187 0.283203 0.050000 0.062500
0 0.465625 0.310547 0.050000 0.062500
0 0.459375 0.332031 0.050000 0.062500
0 0.468750 0.345703 0.050000 0.062500
0 0.481250 0.361328 0.050000 0.062500
0 0.493750 0.384766 0.050000 0.062500
0 0.495312 0.404297 0.050000 0.062500
0 0.498437 0.423828 0.050000 0.062500
0 0.512500 0.431641 0.050000 0.062500
0 0.523438 0.419922 0.050000 0.062500
0 0.528125 0.464844 0.050000 0.062500
0 0.509375 0.476562 0.050000 0.062500
0 0.517188 0.480469 0.050000 0.062500
0 0.532813 0.503906 0.050000 0.062500
0 0.514062 0.509766 0.050000 0.062500
0 0.520312 0.533203 0.050000 0.062500
0 0.532813 0.566406 0.050000 0.062500
0 0.540625 0.580078 0.050000 0.062500
0 0.545312 0.619141 0.050000 0.062500
0 0.571875 0.681641 0.050000 0.062500
0 0.573438 0.646484 0.050000 0.062500
0 0.573438 0.617188 0.050000 0.062500
0 0.609375 0.798828 0.050000 0.062500
0 0.614062 0.828125 0.050000 0.062500
0 0.540625 0.875000 0.050000 0.062500
0 0.301563 0.960938 0.050000 0.062500
0 0.284375 0.960938 0.050000 0.062500
0 0.362500 0.933594 0.050000 0.062500
0 0.398438 0.927734 0.050000 0.062500
0 0.382812 0.937500 0.050000 0.062500
0 0.418750 0.929688 0.050000 0.062500
0 0.437500 0.912109 0.050000 0.062500
0 0.089063 0.873047 0.050000 0.062500
0 0.057813 0.843750 0.050000 0.062500
0 0.087500 0.833984 0.050000 0.062500
0 0.087500 0.810547 0.050000 0.062500
0 0.067187 0.785156 0.050000 0.062500
0 0.053125 0.796875 0.050000 0.062500
0 0.065625 0.822266 0.050000 0.062500
0 0.067187 0.757812 0.050000 0.062500
0 0.062500 0.718750 0.050000 0.062500
0 0.050000 0.695312 0.050000 0.062500
0 0.039062 0.673828 0.050000 0.062500
0 0.065625 0.675781 0.050000 0.062500
0 0.098437 0.679688 0.050000 0.062500
0 0.196875 0.638672 0.050000 0.062500
0 0.343750 0.568359 0.050000 0.062500
0 0.210938 0.501953 0.050000 0.062500
0 0.207813 0.539062 0.050000 0.062500
0 0.179688 0.445312 0.050000 0.062500
0 0.292187 0.333984 0.050000 0.062500
0 0.329688 0.320312 0.050000 0.062500
0 0.204687 0.359375 0.050000 0.062500
0 0.112500 0.281250 0.050000 0.062500
0 0.243750 0.189453 0.050000 0.062500
0 0.301563 0.074219 0.050000 0.062500
0 0.314063 0.070312 0.050000 0.062500
0 0.275000 0.064453 0.050000 0.062500
0 0.298438 0.044922 0.050000 0.062500
0 0.287500 0.041016 0.050000 0.062500
0 0.328125 0.028320 0.050000 0.056641
0 0.270313 0.091797 0.050000 0.062500
0 0.254688 0.097656 0.050000 0.062500
0 0.248438 0.078125 0.050000 0.062500
0 0.237500 0.080078 0.050000 0.062500
0 0.231250 0.068359 0.050000 0.062500
0 0.231250 0.042969 0.050000 0.062500
0 0.200000 0.030273 0.050000 0.060547
0 0.193750 0.029297 0.050000 0.058594
0 0.168750 0.027344 0.050000 0.054688
0 0.153125 0.031250 0.050000 0.062500
0 0.132812 0.044922 0.050000 0.062500
0 0.120313 0.054688 0.050000 0.062500
0 0.103125 0.064453 0.050000 0.062500
0 0.068750 0.087891 0.050000 0.062500
0 0.078125 0.119141 0.050000 0.062500
0 0.089063 0.150391 0.050000 0.062500
0 0.039062 0.125000 0.050000 0.062500
0 0.051562 0.166016 0.050000 0.062500
0 0.046875 0.134766 0.050000 0.062500
0 0.023438 0.148438 0.046875 0.062500
0 0.019531 0.189453 0.039062 0.062500
0 0.034375 0.177734 0.050000 0.062500
0 0.050000 0.443359 0.050000 0.062500
0 0.015625 0.486328 0.031250 0.062500
0 0.559375 0.074219 0.050000 0.062500
0 0.550000 0.111328 0.050000 0.062500
0 0.548438 0.146484 0.050000 0.062500
0 0.584375 0.103516 0.050000 0.062500
0 0.596875 0.064453 0.050000 0.062500
0 0.612500 0.064453 0.050000 0.062500
0 0.637500 0.138672 0.050000 0.062500
0 0.629687 0.171875 0.050000 0.062500
0 0.590625 0.248047 0.050000 0.062500
0 0.525000 0.236328 0.050000 0.062500
0 0.523438 0.314453 0.050000 0.062500
0 0.554688 0.333984 0.050000 0.062500
0 0.556250 0.371094 0.050000 0.062500
0 0.601562 0.302734 0.050000 0.062500
0 0.646875 0.369141 0.050000 0.062500
0 0.642188 0.458984 0.050000 0.062500
0 0.578125 0.447266 0.050000 0.062500
0 0.556250 0.505859 0.050000 0.062500
0 0.726562 0.333984 0.050000 0.062500
0 0.685937 0.285156 0.050000 0.062500
0 0.707812 0.220703 0.050000 0.062500
0 0.773438 0.138672 0.050000 0.062500
0 0.771875 0.199219 0.050000 0.062500
0 0.782813 0.033203 0.050000 0.062500
0 0.810937 0.052734 0.050000 0.062500
0 0.798438 0.064453 0.050000 0.062500
0 0.814063 0.099609 0.050000 0.062500
0 0.825000 0.125000 0.050000 0.062500
0 0.825000 0.148438 0.050000 0.062500
0 0.820312 0.179688 0.050000 0.062500
0 0.840625 0.142578 0.050000 0.062500
0 0.854688 0.181641 0.050000 0.062500
0 0.862500 0.199219 0.050000 0.062500
0 0.873437 0.230469 0.050000 0.062500
0 0.903125 0.240234 0.050000 0.062500
0 0.898438 0.257812 0.050000 0.062500
0 0.876563 0.267578 0.050000 0.062500
0 0.906250 0.273438 0.050000 0.062500
0 0.915625 0.294922 0.050000 0.062500
0 0.923438 0.277344 0.050000 0.062500
0 0.976562 0.267578 0.046875 0.062500
0 0.971875 0.376953 0.050000 0.062500
0 0.968750 0.339844 0.050000 0.062500
0 0.900000 0.365234 0.050000 0.062500
0 0.826562 0.304688 0.050000 0.062500
0 0.795312 0.314453 0.050000 0.062500
0 0.798438 0.384766 0.050000 0.062500
0 0.753125 0.500000 0.050000 0.062500
0 0.673438 0.580078 0.050000 0.062500
0 0.729688 0.636719 0.050000 0.062500
0 0.803125 0.556641 0.050000 0.062500
0 0.776563 0.533203 0.050000 0.062500
0 0.817187 0.666016 0.050000 0.062500
0 0.843750 0.630859 0.050000 0.062500
0 0.923438 0.603516 0.050000 0.062500
0 0.854688 0.443359 0.050000 0.062500
0 0.906250 0.429688 0.050000 0.062500
0 0.835938 0.867188 0.050000 0.062500
0 0.912500 0.826172 0.050000 0.062500
