0 0.701562 0.873047 0.050000 0.062500
0 0.735938 0.904297 0.050000 0.062500
0 0.842187 0.962891 0.050000 0.062500
0 0.807813 0.931641 0.050000 0.062500
0 0.728125 0.978516 0.050000 0.042969
0 0.687500 0.975586 0.050000 0.048828
0 0.651563 0.978516 0.050000 0.042969
0 0.656250 0.968750 0.050000 0.062500
0 0.645312 0.941406 0.050000 0.062500
0 0.625000 0.975586 0.050000 0.048828
0 0.604688 0.947266 0.050000 0.062500
0 0.596875 0.910156 0.050000 0.062500
0 0.623437 0.837891 0.050000 0.062500
0 0.056250 0.960938 0.050000 0.062500
0 0.046875 0.929688 0.050000 0.062500
0 0.032813 0.888672 0.050000 0.062500
0 0.017188 0.833984 0.034375 0.062500
0 0.022656 0.777344 0.045312 0.062500
0 0.015625 0.748047 0.031250 0.062500
0 0.017969 0.564453 0.035937 0.062500
0 0.050000 0.574219 0.050000 0.062500
0 0.031250 0.558594 0.050000 0.062500
0 0.071875 0.542969 0.050000 0.062500
0 0.021875 0.515625 0.043750 0.062500
0 0.042188 0.482422 0.050000 0.062500
0 0.084375 0.509766 0.050000 0.062500
0 0.121875 0.490234 0.050000 0.062500
0 0.078125 0.460938 0.050000 0.062500
0 0.103125 0.458984 0.050000 0.062500
0 0.019531 0.462891 0.039062 0.062500
0 0.039062 0.457031 0.050000 0.062500
0 0.051562 0.439453 0.050000 0.062500
0 0.026562 0.421875 0.050000 0.062500
0 0.014844 0.400391 0.029687 0.062500
0 0.017188 0.365234 0.034375 0.062500
0 0.039062 0.386719 0.050000 0.062500
0 0.064062 0.390625 0.050000 0.062500
0 0.065625 0.416016 0.050000 0.062500
0 0.090625 0.423828 0.050000 0.062500
0 0.146875 0.525391 0.050000 0.062500
0 0.178125 0.484375 0.050000 0.062500
0 0.142187 0.457031 0.050000 0.062500
0 0.173437 0.462891 0.050000 0.062500
0 0.160938 0.433594 0.050000 0.062500
0 0.118750 0.435547 0.050000 0.062500
0 0.115625 0.410156 0.050000 0.062500
0 0.070312 0.341797 0.050000 0.062500
0 0.089063 0.369141 0.050000 0.062500
0 0.112500 0.347656 0.050000 0.062500
0 0.126562 0.376953 0.050000 0.062500
0 0.151562 0.349609 0.050000 0.062500
0 0.148438 0.404297 0.050000 0.062500
0 0.170313 0.384766 0.050000 0.062500
0 0.181250 0.417969 0.050000 0.062500
0 0.195312 0.441406 0.050000 0.062500
0 0.209375 0.494141 0.050000 0.062500
0 0.022656 0.214844 0.045312 0.062500
0 0.014844 0.271484 0.029687 0.062500
0 0.059375 0.267578 0.050000 0.062500
0 0.104688 0.302734 0.050000 0.062500
0 0.142187 0.304688 0.050000 0.062500
0 0.151562 0.255859 0.050000 0.062500
0 0.187500 0.232422 0.050000 0.062500
0 0.146875 0.201172 0.050000 0.062500
0 0.115625 0.164062 0.050000 0.062500
0 0.076563 0.160156 0.050000 0.062500
0 0.165625 0.125000 0.050000 0.062500
0 0.226562 0.271484 0.050000 0.062500
0 0.217188 0.082031 0.050000 0.062500
0 0.267188 0.105469 0.050000 0.062500
0 0.246875 0.236328 0.050000 0.062500
0 0.318750 0.238281 0.050000 0.062500
0 0.204687 0.318359 0.050000 0.062500
0 0.187500 0.351562 0.050000 0.062500
0 0.198437 0.390625 0.050000 0.062500
0 0.218750 0.408203 0.050000 0.062500
0 0.226562 0.447266 0.050000 0.062500
0 0.248438 0.480469 0.050000 0.062500
0 0.271875 0.480469 0.050000 0.062500
0 0.251563 0.427734 0.050000 0.062500
0 0.235937 0.394531 0.050000 0.062500
0 0.220312 0.363281 0.050000 0.062500
0 0.239063 0.335938 0.050000 0.062500
0 0.267188 0.322266 0.050000 0.062500
0 0.282813 0.345703 0.050000 0.062500
0 0.298438 0.380859 0.050000 0.062500
0 0.251563 0.376953 0.050000 0.062500
0 0.271875 0.394531 0.050000 0.062500
0 0.289062 0.416016 0.050000 0.062500
0 0.314063 0.417969 0.050000 0.062500
0 0.309375 0.351562 0.050000 0.062500
0 0.329688 0.373047 0.050000 0.062500
0 0.353125 0.404297 0.050000 0.062500
0 0.335938 0.425781 0.050000 0.062500
0 0.303125 0.449219 0.050000 0.062500
0 0.339062 0.458984 0.050000 0.062500
0 0.301563 0.500000 0.050000 0.062500
0 0.334375 0.501953 0.050000 0.062500
0 0.367188 0.453125 0.050000 0.062500
0 0.368750 0.503906 0.050000 0.062500
0 0.350000 0.357422 0.050000 0.062500
0 0.290625 0.281250 0.050000 0.062500
0 0.334375 0.283203 0.050000 0.062500
0 0.343750 0.322266 0.050000 0.062500
0 0.364063 0.220703 0.050000 0.062500
0 0.389062 0.279297 0.050000 0.062500
0 0.395313 0.347656 0.050000 0.062500
0 0.378125 0.378906 0.050000 0.062500
0 0.401562 0.388672 0.050000 0.062500
0 0.378125 0.410156 0.050000 0.062500
0 0.396875 0.439453 0.050000 0.062500
0 0.398438 0.501953 0.050000 0.062500
0 0.432812 0.519531 0.050000 0.062500
0 0.764062 0.089844 0.050000 0.062500
0 0.676562 0.072266 0.050000 0.062500
0 0.553125 0.050781 0.050000 0.062500
0 0.651563 0.044922 0.050000 0.062500
0 0.439063 0.259766 0.050000 0.062500
0 0.465625 0.191406 0.050000 0.062500
0 0.490625 0.236328 0.050000 0.062500
0 0.548438 0.251953 0.050000 0.062500
0 0.604688 0.246094 0.050000 0.062500
0 0.670312 0.248047 0.050000 0.062500
0 0.471875 0.291016 0.050000 0.062500
0 0.428125 0.347656 0.050000 0.062500
0 0.420312 0.361328 0.050000 0.062500
0 0.439063 0.386719 0.050000 0.062500
0 0.421875 0.419922 0.050000 0.062500
0 0.450000 0.414062 0.050000 0.062500
0 0.435937 0.472656 0.050000 0.062500
0 0.467187 0.451172 0.050000 0.062500
0 0.462500 0.492188 0.050000 0.062500
0 0.496875 0.503906 0.050000 0.062500
0 0.476562 0.417969 0.050000 0.062500
0 0.471875 0.394531 0.050000 0.062500
0 0.467187 0.363281 0.050000 0.062500
0 0.451562 0.335938 0.050000 0.062500
0 0.482812 0.326172 0.050000 0.062500
0 0.518750 0.316406 0.050000 0.062500
0 0.507812 0.357422 0.050000 0.062500
0 0.496875 0.386719 0.050000 0.062500
0 0.501563 0.425781 0.050000 0.062500
0 0.525000 0.441406 0.050000 0.062500
0 0.523438 0.400391 0.050000 0.062500
0 0.546875 0.390625 0.050000 0.062500
0 0.537500 0.468750 0.050000 0.062500
0 0.550000 0.433594 0.050000 0.062500
0 0.571875 0.433594 0.050000 0.062500
0 0.571875 0.457031 0.050000 0.062500
0 0.551562 0.490234 0.050000 0.062500
0 0.575000 0.515625 0.050000 0.062500
0 0.596875 0.542969 0.050000 0.062500
0 0.625000 0.511719 0.050000 0.062500
0 0.621875 0.546875 0.050000 0.062500
0 0.576562 0.480469 0.050000 0.062500
0 0.601562 0.494141 0.050000 0.062500
0 0.620313 0.466797 0.050000 0.062500
0 0.601562 0.431641 0.050000 0.062500
0 0.589063 0.404297 0.050000 0.062500
0 0.571875 0.369141 0.050000 0.062500
0 0.564063 0.335938 0.050000 0.062500
0 0.618750 0.322266 0.050000 0.062500
0 0.601562 0.378906 0.050000 0.062500
0 0.645312 0.345703 0.050000 0.062500
0 0.634375 0.394531 0.050000 0.062500
0 0.665625 0.384766 0.050000 0.062500
0 0.643750 0.449219 0.050000 0.062500
0 0.676562 0.472656 0.050000 0.062500
0 0.687500 0.419922 0.050000 0.062500
0 0.756250 0.486328 0.050000 0.062500
0 0.685937 0.503906 0.050000 0.062500
0 0.643750 0.498047 0.050000 0.062500
0 0.660937 0.529297 0.050000 0.062500
0 0.679688 0.552734 0.050000 0.062500
0 0.664062 0.576172 0.050000 0.062500
0 0.635938 0.574219 0.050000 0.062500
0 0.717187 0.601562 0.050000 0.062500
0 0.690625 0.615234 0.050000 0.062500
0 0.648438 0.607422 0.050000 0.062500
0 0.654687 0.640625 0.050000 0.062500
0 0.618750 0.615234 0.050000 0.062500
0 0.596875 0.587891 0.050000 0.062500
0 0.593750 0.626953 0.050000 0.062500
0 0.568750 0.646484 0.050000 0.062500
0 0.635938 0.656250 0.050000 0.062500
0 0.587500 0.671875 0.050000 0.062500
0 0.626563 0.689453 0.050000 0.062500
0 0.653125 0.685547 0.050000 0.062500
0 0.675000 0.669922 0.050000 0.062500
0 0.695312 0.662109 0.050000 0.062500
0 0.715625 0.656250 0.050000 0.062500
0 0.732812 0.693359 0.050000 0.062500
0 0.746875 0.648438 0.050000 0.062500
0 0.695312 0.697266 0.050000 0.062500
0 0.667188 0.707031 0.050000 0.062500
0 0.650000 0.736328 0.050000 0.062500
0 0.590625 0.710938 0.050000 0.062500
0 0.671875 0.763672 0.050000 0.062500
0 0.701562 0.734375 0.050000 0.062500
0 0.748437 0.751953 0.050000 0.062500
0 0.753125 0.853516 0.050000 0.062500
0 0.731250 0.851562 0.050000 0.062500
0 0.718750 0.810547 0.050000 0.062500
0 0.712500 0.949219 0.050000 0.062500
0 0.687500 0.955078 0.050000 0.062500
0 0.665625 0.931641 0.050000 0.062500
0 0.639062 0.802734 0.050000 0.062500
0 0.660937 0.800781 0.050000 0.062500
0 0.660937 0.826172 0.050000 0.062500
0 0.664062 0.841797 0.050000 0.062500
0 0.676562 0.863281 0.050000 0.062500
0 0.689063 0.898438 0.050000 0.062500
0 0.634375 0.916016 0.050000 0.062500
0 0.635938 0.865234 0.050000 0.062500
0 0.582812 0.826172 0.050000 0.062500
0 0.643750 0.773438 0.050000 0.062500
0 0.601562 0.755859 0.050000 0.062500
0 0.617188 0.734375 0.050000 0.062500
0 0.523438 0.523438 0.050000 0.062500
0 0.029687 0.962891 0.050000 0.062500
0 0.057813 0.521484 0.050000 0.062500
0 0.792188 0.969727 0.050000 0.060547
0 0.857812 0.894531 0.050000 0.062500
