0 0.865625 0.882812 0.050000 0.062500
0 0.876563 0.845703 0.050000 0.062500
0 0.884375 0.781250 0.050000 0.062500
0 0.665625 0.609375 0.050000 0.062500
0 0.665625 0.585938 0.050000 0.062500
0 0.651563 0.558594 0.050000 0.062500
0 0.684375 0.544922 0.050000 0.062500
0 0.707812 0.531250 0.050000 0.062500
0 0.706250 0.570312 0.050000 0.062500
0 0.728125 0.570312 0.050000 0.062500
0 0.679688 0.505859 0.050000 0.062500
0 0.634375 0.537109 0.050000 0.062500
0 0.628125 0.574219 0.050000 0.062500
0 0.617188 0.589844 0.050000 0.062500
0 0.609375 0.611328 0.050000 0.062500
0 0.575000 0.589844 0.050000 0.062500
0 0.582812 0.546875 0.050000 0.062500
0 0.592187 0.531250 0.050000 0.062500
0 0.603125 0.521484 0.050000 0.062500
0 0.612500 0.515625 0.050000 0.062500
0 0.598437 0.488281 0.050000 0.062500
0 0.617188 0.468750 0.050000 0.062500
0 0.600000 0.439453 0.050000 0.062500
0 0.606250 0.417969 0.050000 0.062500
0 0.445312 0.720703 0.050000 0.062500
0 0.426563 0.701172 0.050000 0.062500
0 0.403125 0.722656 0.050000 0.062500
0 0.390625 0.712891 0.050000 0.062500
0 0.379688 0.689453 0.050000 0.062500
0 0.357812 0.683594 0.050000 0.062500
0 0.293750 0.658203 0.050000 0.062500
0 0.265625 0.640625 0.050000 0.062500
0 0.240625 0.621094 0.050000 0.062500
0 0.223438 0.679688 0.050000 0.062500
0 0.201563 0.691406 0.050000 0.062500
0 0.225000 0.572266 0.050000 0.062500
0 0.250000 0.574219 0.050000 0.062500
0 0.262500 0.578125 0.050000 0.062500
0 0.178125 0.582031 0.050000 0.062500
0 0.156250 0.582031 0.050000 0.062500
0 0.087500 0.566406 0.050000 0.062500
0 0.231250 0.492188 0.050000 0.062500
0 0.128125 0.478516 0.050000 0.062500
0 0.101562 0.470703 0.050000 0.062500
0 0.176563 0.445312 0.050000 0.062500
0 0.157812 0.492188 0.050000 0.062500
0 0.217188 0.470703 0.050000 0.062500
0 0.245312 0.509766 0.050000 0.062500
0 0.259375 0.523438 0.050000 0.062500
0 0.268750 0.525391 0.050000 0.062500
0 0.284375 0.533203 0.050000 0.062500
0 0.301563 0.548828 0.050000 0.062500
0 0.337500 0.576172 0.050000 0.062500
0 0.332813 0.556641 0.050000 0.062500
0 0.309375 0.583984 0.050000 0.062500
0 0.318750 0.552734 0.050000 0.062500
0 0.340625 0.593750 0.050000 0.062500
0 0.359375 0.591797 0.050000 0.062500
0 0.381250 0.591797 0.050000 0.062500
0 0.367188 0.572266 0.050000 0.062500
0 0.078125 0.804688 0.050000 0.062500
0 0.356250 0.771484 0.050000 0.062500
0 0.607812 0.748047 0.050000 0.062500
0 0.576562 0.767578 0.050000 0.062500
0 0.556250 0.765625 0.050000 0.062500
0 0.528125 0.755859 0.050000 0.062500
0 0.478125 0.759766 0.050000 0.062500
0 0.637500 0.751953 0.050000 0.062500
0 0.642188 0.724609 0.050000 0.062500
0 0.609375 0.710938 0.050000 0.062500
0 0.957812 0.755859 0.050000 0.062500
0 0.787500 0.224609 0.050000 0.062500
0 0.784375 0.269531 0.050000 0.062500
0 0.731250 0.242188 0.050000 0.062500
0 0.706250 0.250000 0.050000 0.062500
0 0.709375 0.195312 0.050000 0.062500
0 0.718750 0.130859 0.050000 0.062500
0 0.798438 0.146484 0.050000 0.062500
0 0.798438 0.166016 0.050000 0.062500
0 0.787500 0.185547 0.050000 0.062500
0 0.845313 0.042969 0.050000 0.062500
0 0.715625 0.054688 0.050000 0.062500
0 0.625000 0.082031 0.050000 0.062500
0 0.534375 0.068359 0.050000 0.062500
0 0.490625 0.076172 0.050000 0.062500
0 0.493750 0.044922 0.050000 0.062500
0 0.476562 0.046875 0.050000 0.062500
0 0.446875 0.021484 0.050000 0.042969
0 0.415625 0.111328 0.050000 0.062500
0 0.392188 0.115234 0.050000 0.062500
0 0.379688 0.091797 0.050000 0.062500
0 0.357812 0.082031 0.050000 0.062500
0 0.395313 0.062500 0.050000 0.062500
0 0.395313 0.041016 0.050000 0.062500
0 0.359375 0.236328 0.050000 0.062500
0 0.340625 0.253906 0.050000 0.062500
0 0.381250 0.279297 0.050000 0.062500
0 0.368750 0.312500 0.050000 0.062500
0 0.368750 0.335938 0.050000 0.062500
0 0.350000 0.359375 0.050000 0.062500
0 0.334375 0.384766 0.050000 0.062500
0 0.325000 0.398438 0.050000 0.062500
0 0.304688 0.355469 0.050000 0.062500
0 0.289062 0.390625 0.050000 0.062500
0 0.276562 0.412109 0.050000 0.062500
0 0.301563 0.455078 0.050000 0.062500
0 0.257812 0.478516 0.050000 0.062500
0 0.234375 0.376953 0.050000 0.062500
0 0.643750 0.337891 0.050000 0.062500
0 0.639062 0.367188 0.050000 0.062500
0 0.676562 0.318359 0.050000 0.062500
0 0.662500 0.279297 0.050000 0.062500
0 0.723437 0.351562 0.050000 0.062500
0 0.695312 0.289062 0.050000 0.062500
