0 0.073438 0.623047 0.050000 0.062500
0 0.053125 0.640625 0.050000 0.062500
0 0.100000 0.509766 0.050000 0.062500
0 0.078125 0.519531 0.050000 0.062500
0 0.087500 0.480469 0.050000 0.062500
0 0.103125 0.484375 0.050000 0.062500
0 0.100000 0.458984 0.050000 0.062500
0 0.110937 0.458984 0.050000 0.062500
0 0.081250 0.443359 0.050000 0.062500
0 0.085938 0.410156 0.050000 0.062500
0 0.048438 0.408203 0.050000 0.062500
0 0.056250 0.382812 0.050000 0.062500
0 0.070312 0.373047 0.050000 0.062500
0 0.065625 0.412109 0.050000 0.062500
0 0.029687 0.281250 0.050000 0.062500
0 0.453125 0.433594 0.050000 0.062500
0 0.643750 0.634766 0.050000 0.062500
0 0.698438 0.585938 0.050000 0.062500
0 0.929688 0.505859 0.050000 0.062500
0 0.909375 0.228516 0.050000 0.062500
0 0.882812 0.287109 0.050000 0.062500
0 0.846875 0.314453 0.050000 0.062500
0 0.809375 0.384766 0.050000 0.062500
0 0.746875 0.445312 0.050000 0.062500
0 0.692187 0.476562 0.050000 0.062500
0 0.639062 0.501953 0.050000 0.062500
0 0.582812 0.539062 0.050000 0.062500
0 0.601562 0.568359 0.050000 0.062500
0 0.556250 0.492188 0.050000 0.062500
0 0.610938 0.451172 0.050000 0.062500
0 0.664062 0.427734 0.050000 0.062500
0 0.728125 0.392578 0.050000 0.062500
0 0.842187 0.443359 0.050000 0.062500
0 0.870313 0.371094 0.050000 0.062500
0 0.795312 0.337891 0.050000 0.062500
0 0.781250 0.285156 0.050000 0.062500
0 0.843750 0.242188 0.050000 0.062500
0 0.921875 0.195312 0.050000 0.062500
0 0.765625 0.037109 0.050000 0.062500
0 0.790625 0.152344 0.050000 0.062500
0 0.759375 0.173828 0.050000 0.062500
0 0.714063 0.207031 0.050000 0.062500
0 0.642188 0.259766 0.050000 0.062500
0 0.707812 0.322266 0.050000 0.062500
0 0.635938 0.376953 0.050000 0.062500
0 0.604688 0.320312 0.050000 0.062500
0 0.571875 0.431641 0.050000 0.062500
0 0.493750 0.402344 0.050000 0.062500
0 0.523438 0.445312 0.050000 0.062500
0 0.464062 0.347656 0.050000 0.062500
0 0.409375 0.376953 0.050000 0.062500
0 0.381250 0.326172 0.050000 0.062500
0 0.439063 0.296875 0.050000 0.062500
0 0.412500 0.259766 0.050000 0.062500
0 0.356250 0.289062 0.050000 0.062500
0 0.385937 0.230469 0.050000 0.062500
0 0.364063 0.193359 0.050000 0.062500
0 0.314063 0.228516 0.050000 0.062500
0 0.293750 0.175781 0.050000 0.062500
0 0.342187 0.152344 0.050000 0.062500
0 0.325000 0.111328 0.050000 0.062500
0 0.295312 0.066406 0.050000 0.062500
0 0.273438 0.017578 0.050000 0.035156
0 0.218750 0.044922 0.050000 0.062500
0 0.175000 0.019531 0.050000 0.039062
0 0.098437 0.020508 0.050000 0.041016
0 0.323437 0.022461 0.050000 0.044922
0 0.356250 0.031250 0.050000 0.062500
0 0.401562 0.017578 0.050000 0.035156
0 0.470313 0.035156 0.050000 0.062500
0 0.426563 0.052734 0.050000 0.062500
0 0.378125 0.089844 0.050000 0.062500
0 0.398438 0.115234 0.050000 0.062500
0 0.417187 0.173828 0.050000 0.062500
0 0.450000 0.099609 0.050000 0.062500
0 0.465625 0.117188 0.050000 0.062500
0 0.501563 0.171875 0.050000 0.062500
0 0.520312 0.207031 0.050000 0.062500
0 0.553125 0.250000 0.050000 0.062500
0 0.567187 0.289062 0.050000 0.062500
0 0.520312 0.320312 0.050000 0.062500
0 0.490625 0.273438 0.050000 0.062500
0 0.465625 0.240234 0.050000 0.062500
0 0.437500 0.203125 0.050000 0.062500
0 0.546875 0.142578 0.050000 0.062500
0 0.520312 0.101562 0.050000 0.062500
0 0.534375 0.037109 0.050000 0.062500
0 0.560937 0.076172 0.050000 0.062500
0 0.589063 0.113281 0.050000 0.062500
0 0.620313 0.175781 0.050000 0.062500
0 0.628125 0.093750 0.050000 0.062500
0 0.606250 0.050781 0.050000 0.062500
0 0.581250 0.020508 0.050000 0.041016
0 0.639062 0.015625 0.050000 0.031250
0 0.657813 0.021484 0.050000 0.042969
0 0.656250 0.048828 0.050000 0.062500
0 0.703125 0.031250 0.050000 0.062500
0 0.698438 0.058594 0.050000 0.062500
0 0.687500 0.134766 0.050000 0.062500
0 0.728125 0.091797 0.050000 0.062500
0 0.520312 0.017578 0.050000 0.035156
