0 0.585938 0.969727 0.050000 0.060547
0 0.553125 0.923828 0.050000 0.062500
0 0.521875 0.880859 0.050000 0.062500
0 0.485938 0.818359 0.050000 0.062500
0 0.451562 0.765625 0.050000 0.062500
0 0.412500 0.708984 0.050000 0.062500
0 0.375000 0.738281 0.050000 0.062500
0 0.337500 0.697266 0.050000 0.062500
0 0.292187 0.644531 0.050000 0.062500
0 0.257812 0.603516 0.050000 0.062500
0 0.212500 0.519531 0.050000 0.062500
0 0.181250 0.472656 0.050000 0.062500
0 0.157812 0.425781 0.050000 0.062500
0 0.123438 0.369141 0.050000 0.062500
0 0.081250 0.320312 0.050000 0.062500
0 0.043750 0.253906 0.050000 0.062500
0 0.084375 0.185547 0.050000 0.062500
0 0.153125 0.271484 0.050000 0.062500
0 0.181250 0.324219 0.050000 0.062500
0 0.212500 0.384766 0.050000 0.062500
0 0.118750 0.085938 0.050000 0.062500
0 0.150000 0.156250 0.050000 0.062500
0 0.156250 0.072266 0.050000 0.062500
0 0.181250 0.115234 0.050000 0.062500
0 0.218750 0.154297 0.050000 0.062500
0 0.253125 0.203125 0.050000 0.062500
0 0.304688 0.251953 0.050000 0.062500
0 0.212500 0.255859 0.050000 0.062500
0 0.160938 0.189453 0.050000 0.062500
0 0.250000 0.287109 0.050000 0.062500
0 0.268750 0.353516 0.050000 0.062500
0 0.287500 0.386719 0.050000 0.062500
0 0.315625 0.443359 0.050000 0.062500
0 0.342187 0.488281 0.050000 0.062500
0 0.376563 0.527344 0.050000 0.062500
0 0.392188 0.550781 0.050000 0.062500
0 0.431250 0.623047 0.050000 0.062500
0 0.503125 0.748047 0.050000 0.062500
0 0.546875 0.781250 0.050000 0.062500
0 0.570312 0.835938 0.050000 0.062500
0 0.642188 0.929688 0.050000 0.062500
0 0.601562 0.734375 0.050000 0.062500
0 0.567187 0.669922 0.050000 0.062500
0 0.525000 0.617188 0.050000 0.062500
0 0.490625 0.566406 0.050000 0.062500
0 0.468750 0.533203 0.050000 0.062500
0 0.432812 0.484375 0.050000 0.062500
0 0.401562 0.441406 0.050000 0.062500
0 0.375000 0.396484 0.050000 0.062500
0 0.348438 0.365234 0.050000 0.062500
0 0.326562 0.328125 0.050000 0.062500
0 0.337500 0.228516 0.050000 0.062500
0 0.312500 0.199219 0.050000 0.062500
0 0.270313 0.125000 0.050000 0.062500
0 0.240625 0.097656 0.050000 0.062500
0 0.235937 0.024414 0.050000 0.048828
0 0.293750 0.058594 0.050000 0.062500
0 0.325000 0.097656 0.050000 0.062500
0 0.339062 0.027344 0.050000 0.054688
0 0.367188 0.072266 0.050000 0.062500
0 0.404687 0.126953 0.050000 0.062500
0 0.367188 0.140625 0.050000 0.062500
0 0.396875 0.199219 0.050000 0.062500
0 0.414062 0.250000 0.050000 0.062500
0 0.439063 0.298828 0.050000 0.062500
0 0.465625 0.330078 0.050000 0.062500
0 0.504687 0.380859 0.050000 0.062500
0 0.453125 0.402344 0.050000 0.062500
0 0.426563 0.363281 0.050000 0.062500
0 0.368750 0.291016 0.050000 0.062500
0 0.462500 0.224609 0.050000 0.062500
0 0.487500 0.261719 0.050000 0.062500
0 0.509375 0.308594 0.050000 0.062500
0 0.539062 0.333984 0.050000 0.062500
0 0.540625 0.242188 0.050000 0.062500
0 0.479687 0.148438 0.050000 0.062500
0 0.442188 0.095703 0.050000 0.062500
0 0.598437 0.218750 0.050000 0.062500
0 0.568750 0.267578 0.050000 0.062500
0 0.607812 0.279297 0.050000 0.062500
0 0.615625 0.304688 0.050000 0.062500
0 0.606250 0.394531 0.050000 0.062500
0 0.682813 0.441406 0.050000 0.062500
0 0.643750 0.472656 0.050000 0.062500
0 0.557813 0.544922 0.050000 0.062500
0 0.634375 0.617188 0.050000 0.062500
0 0.660937 0.660156 0.050000 0.062500
0 0.692187 0.744141 0.050000 0.062500
0 0.748437 0.693359 0.050000 0.062500
0 0.785937 0.738281 0.050000 0.062500
0 0.725000 0.613281 0.050000 0.062500
0 0.709375 0.583984 0.050000 0.062500
0 0.721875 0.421875 0.050000 0.062500
0 0.676562 0.281250 0.050000 0.062500
0 0.689063 0.287109 0.050000 0.062500
0 0.662500 0.187500 0.050000 0.062500
0 0.631250 0.166016 0.050000 0.062500
0 0.840625 0.488281 0.050000 0.062500
0 0.823438 0.556641 0.050000 0.062500
0 0.907813 0.441406 0.050000 0.062500
0 0.771875 0.509766 0.050000 0.062500
