0 0.645312 0.562500 0.050000 0.062500
0 0.762500 0.523438 0.050000 0.062500
0 0.625000 0.734375 0.050000 0.062500
0 0.528125 0.683594 0.050000 0.062500
0 0.432812 0.658203 0.050000 0.062500
0 0.332813 0.669922 0.050000 0.062500
0 0.331250 0.644531 0.050000 0.062500
0 0.275000 0.605469 0.050000 0.062500
0 0.390625 0.472656 0.050000 0.062500
0 0.267188 0.441406 0.050000 0.062500
0 0.167187 0.611328 0.050000 0.062500
0 0.137500 0.566406 0.050000 0.062500
0 0.129688 0.468750 0.050000 0.062500
0 0.162500 0.398438 0.050000 0.062500
0 0.206250 0.339844 0.050000 0.062500
0 0.153125 0.318359 0.050000 0.062500
0 0.148438 0.265625 0.050000 0.062500
0 0.148438 0.205078 0.050000 0.062500
0 0.065625 0.269531 0.050000 0.062500
0 0.095312 0.357422 0.050000 0.062500
0 0.015625 0.474609 0.031250 0.062500
0 0.067187 0.798828 0.050000 0.062500
0 0.195312 0.853516 0.050000 0.062500
0 0.351562 0.900391 0.050000 0.062500
0 0.475000 0.916016 0.050000 0.062500
0 0.642188 0.923828 0.050000 0.062500
0 0.800000 0.904297 0.050000 0.062500
0 0.903125 0.808594 0.050000 0.062500
0 0.978125 0.744141 0.043750 0.062500
0 0.970313 0.617188 0.050000 0.062500
0 0.837500 0.660156 0.050000 0.062500
0 0.765625 0.695312 0.050000 0.062500
0 0.478125 0.203125 0.050000 0.062500
0 0.382812 0.242188 0.050000 0.062500
0 0.364063 0.193359 0.050000 0.062500
0 0.278125 0.238281 0.050000 0.062500
0 0.264062 0.214844 0.050000 0.062500
0 0.264062 0.166016 0.050000 0.062500
0 0.229687 0.166016 0.050000 0.062500
0 0.209375 0.212891 0.050000 0.062500
0 0.214062 0.269531 0.050000 0.062500
0 0.257812 0.287109 0.050000 0.062500
0 0.512500 0.142578 0.050000 0.062500
0 0.498437 0.142578 0.050000 0.062500
0 0.459375 0.115234 0.050000 0.062500
0 0.439063 0.111328 0.050000 0.062500
0 0.420312 0.134766 0.050000 0.062500
0 0.395313 0.136719 0.050000 0.062500
0 0.439063 0.162109 0.050000 0.062500
0 0.534375 0.117188 0.050000 0.062500
0 0.617188 0.146484 0.050000 0.062500
0 0.657813 0.271484 0.050000 0.062500
0 0.867188 0.162109 0.050000 0.062500
0 0.978125 0.162109 0.043750 0.062500
0 0.962500 0.082031 0.050000 0.062500
0 0.976562 0.026367 0.046875 0.052734
0 0.920312 0.017578 0.050000 0.035156
0 0.795312 0.111328 0.050000 0.062500
0 0.729688 0.097656 0.050000 0.062500
0 0.660937 0.089844 0.050000 0.062500
0 0.983594 0.521484 0.032813 0.062500
