0 0.348438 0.568359 0.050000 0.062500
0 0.476562 0.529297 0.050000 0.062500
0 0.350000 0.753906 0.050000 0.062500
0 0.245312 0.732422 0.050000 0.062500
0 0.140625 0.703125 0.050000 0.062500
0 0.098437 0.503906 0.050000 0.062500
0 0.068750 0.291016 0.050000 0.062500
0 0.037500 0.220703 0.050000 0.062500
0 0.068750 0.181641 0.050000 0.062500
0 0.087500 0.164062 0.050000 0.062500
0 0.129688 0.146484 0.050000 0.062500
0 0.143750 0.136719 0.050000 0.062500
0 0.120313 0.183594 0.050000 0.062500
0 0.168750 0.226562 0.050000 0.062500
0 0.204687 0.169922 0.050000 0.062500
0 0.218750 0.128906 0.050000 0.062500
0 0.307812 0.169922 0.050000 0.062500
0 0.345313 0.285156 0.050000 0.062500
0 0.345313 0.103516 0.050000 0.062500
0 0.417187 0.115234 0.050000 0.062500
0 0.479687 0.121094 0.050000 0.062500
0 0.562500 0.175781 0.050000 0.062500
0 0.634375 0.109375 0.050000 0.062500
0 0.592187 0.039062 0.050000 0.062500
0 0.643750 0.033203 0.050000 0.062500
0 0.671875 0.022461 0.050000 0.044922
0 0.717187 0.023438 0.050000 0.046875
0 0.779687 0.028320 0.050000 0.056641
0 0.820312 0.028320 0.050000 0.056641
0 0.843750 0.018555 0.050000 0.037109
0 0.770312 0.064453 0.050000 0.062500
0 0.725000 0.111328 0.050000 0.062500
0 0.793750 0.117188 0.050000 0.062500
0 0.659375 0.173828 0.050000 0.062500
0 0.845313 0.398438 0.050000 0.062500
0 0.760938 0.447266 0.050000 0.062500
0 0.692187 0.515625 0.050000 0.062500
0 0.664062 0.613281 0.050000 0.062500
0 0.550000 0.667969 0.050000 0.062500
0 0.482812 0.726562 0.050000 0.062500
0 0.023438 0.732422 0.046875 0.062500
0 0.029687 0.693359 0.050000 0.062500
0 0.064062 0.947266 0.050000 0.062500
0 0.071875 0.929688 0.050000 0.062500
0 0.203125 0.931641 0.050000 0.062500
0 0.357812 0.943359 0.050000 0.062500
0 0.529687 0.906250 0.050000 0.062500
0 0.610938 0.804688 0.050000 0.062500
0 0.698438 0.746094 0.050000 0.062500
0 0.926562 0.613281 0.050000 0.062500
0 0.884375 0.613281 0.050000 0.062500
0 0.953125 0.613281 0.050000 0.062500
0 0.980469 0.539062 0.039062 0.062500
0 0.876563 0.791016 0.050000 0.062500
0 0.832812 0.916016 0.050000 0.062500
0 0.903125 0.289062 0.050000 0.062500
0 0.853125 0.103516 0.050000 0.062500
