0 0.231250 0.607422 0.050000 0.062500
0 0.206250 0.609375 0.050000 0.062500
0 0.126562 0.412109 0.050000 0.062500
0 0.054688 0.134766 0.050000 0.062500
0 0.021875 0.078125 0.043750 0.062500
0 0.034375 0.030273 0.050000 0.060547
0 0.054688 0.022461 0.050000 0.044922
0 0.123438 0.019531 0.050000 0.039062
0 0.140625 0.025391 0.050000 0.050781
0 0.151562 0.023438 0.050000 0.046875
0 0.307812 0.412109 0.050000 0.062500
0 0.339062 0.359375 0.050000 0.062500
0 0.296875 0.527344 0.050000 0.062500
0 0.276562 0.617188 0.050000 0.062500
0 0.229687 0.785156 0.050000 0.062500
0 0.032813 0.771484 0.050000 0.062500
0 0.192188 0.910156 0.050000 0.062500
0 0.379688 0.785156 0.050000 0.062500
0 0.487500 0.664062 0.050000 0.062500
0 0.446875 0.882812 0.050000 0.062500
0 0.639062 0.939453 0.050000 0.062500
0 0.456250 0.969727 0.050000 0.060547
0 0.339062 0.979492 0.050000 0.041016
