0 0.410938 0.591797 0.050000 0.062500
0 0.318750 0.605469 0.050000 0.062500
0 0.264062 0.552734 0.050000 0.062500
0 0.221875 0.394531 0.050000 0.062500
0 0.148438 0.304688 0.050000 0.062500
0 0.114062 0.347656 0.050000 0.062500
0 0.107813 0.421875 0.050000 0.062500
0 0.101562 0.480469 0.050000 0.062500
0 0.026562 0.300781 0.050000 0.062500
0 0.087500 0.240234 0.050000 0.062500
0 0.081250 0.156250 0.050000 0.062500
0 0.076563 0.128906 0.050000 0.062500
0 0.150000 0.080078 0.050000 0.062500
0 0.170313 0.042969 0.050000 0.062500
0 0.123438 0.119141 0.050000 0.062500
0 0.148438 0.177734 0.050000 0.062500
0 0.192188 0.199219 0.050000 0.062500
0 0.203125 0.148438 0.050000 0.062500
0 0.189062 0.119141 0.050000 0.062500
0 0.276562 0.101562 0.050000 0.062500
0 0.309375 0.048828 0.050000 0.062500
0 0.364063 0.026367 0.050000 0.052734
0 0.357812 0.064453 0.050000 0.062500
0 0.439063 0.031250 0.050000 0.062500
0 0.396875 0.095703 0.050000 0.062500
0 0.542188 0.041016 0.050000 0.062500
0 0.453125 0.026367 0.050000 0.052734
0 0.596875 0.169922 0.050000 0.062500
0 0.782813 0.048828 0.050000 0.062500
0 0.889062 0.054688 0.050000 0.062500
0 0.712500 0.017578 0.050000 0.035156
0 0.696875 0.031250 0.050000 0.062500
0 0.948438 0.020508 0.050000 0.041016
0 0.946875 0.414062 0.050000 0.062500
0 0.923438 0.519531 0.050000 0.062500
0 0.807813 0.570312 0.050000 0.062500
0 0.754687 0.611328 0.050000 0.062500
0 0.735938 0.431641 0.050000 0.062500
0 0.610938 0.478516 0.050000 0.062500
0 0.607812 0.654297 0.050000 0.062500
0 0.504687 0.611328 0.050000 0.062500
0 0.134375 0.562500 0.050000 0.062500
0 0.070312 0.751953 0.050000 0.062500
0 0.204687 0.810547 0.050000 0.062500
0 0.071875 0.953125 0.050000 0.062500
0 0.365625 0.826172 0.050000 0.062500
0 0.482812 0.826172 0.050000 0.062500
0 0.643750 0.835938 0.050000 0.062500
0 0.803125 0.812500 0.050000 0.062500
0 0.882812 0.720703 0.050000 0.062500
0 0.956250 0.648438 0.050000 0.062500
0 0.589063 0.968750 0.050000 0.062500
