0 0.876563 0.748047 0.050000 0.062500
0 0.879687 0.648438 0.050000 0.062500
0 0.951562 0.591797 0.050000 0.062500
0 0.948438 0.222656 0.050000 0.062500
0 0.928125 0.171875 0.050000 0.062500
0 0.948438 0.130859 0.050000 0.062500
0 0.959375 0.091797 0.050000 0.062500
0 0.870313 0.105469 0.050000 0.062500
0 0.885938 0.205078 0.050000 0.062500
0 0.796875 0.191406 0.050000 0.062500
0 0.796875 0.144531 0.050000 0.062500
0 0.815625 0.119141 0.050000 0.062500
0 0.742188 0.121094 0.050000 0.062500
0 0.809375 0.287109 0.050000 0.062500
0 0.709375 0.271484 0.050000 0.062500
0 0.650000 0.238281 0.050000 0.062500
0 0.581250 0.226562 0.050000 0.062500
0 0.512500 0.216797 0.050000 0.062500
0 0.467187 0.275391 0.050000 0.062500
0 0.382812 0.240234 0.050000 0.062500
0 0.382812 0.294922 0.050000 0.062500
0 0.320312 0.248047 0.050000 0.062500
0 0.304688 0.246094 0.050000 0.062500
0 0.306250 0.302734 0.050000 0.062500
0 0.264062 0.275391 0.050000 0.062500
0 0.234375 0.322266 0.050000 0.062500
0 0.126562 0.306641 0.050000 0.062500
0 0.131250 0.335938 0.050000 0.062500
0 0.114062 0.265625 0.050000 0.062500
0 0.085938 0.304688 0.050000 0.062500
0 0.076563 0.359375 0.050000 0.062500
0 0.022656 0.363281 0.045312 0.062500
0 0.021875 0.402344 0.043750 0.062500
0 0.089063 0.421875 0.050000 0.062500
0 0.031250 0.476562 0.050000 0.062500
0 0.087500 0.515625 0.050000 0.062500
0 0.046875 0.568359 0.050000 0.062500
0 0.032813 0.625000 0.050000 0.062500
0 0.040625 0.712891 0.050000 0.062500
0 0.050000 0.765625 0.050000 0.062500
0 0.081250 0.787109 0.050000 0.062500
0 0.196875 0.771484 0.050000 0.062500
0 0.023438 0.972656 0.046875 0.054688
0 0.264062 0.822266 0.050000 0.062500
0 0.256250 0.861328 0.050000 0.062500
0 0.359375 0.810547 0.050000 0.062500
0 0.301563 0.619141 0.050000 0.062500
0 0.162500 0.593750 0.050000 0.062500
0 0.262500 0.384766 0.050000 0.062500
0 0.146875 0.419922 0.050000 0.062500
0 0.148438 0.371094 0.050000 0.062500
0 0.567187 0.701172 0.050000 0.062500
0 0.465625 0.832031 0.050000 0.062500
0 0.560937 0.878906 0.050000 0.062500
0 0.701562 0.853516 0.050000 0.062500
0 0.754687 0.792969 0.050000 0.062500
0 0.670312 0.652344 0.050000 0.062500
0 0.831250 0.953125 0.050000 0.062500
