0 0.257812 0.759766 0.050000 0.062500
0 0.503125 0.550781 0.050000 0.062500
0 0.307812 0.480469 0.050000 0.062500
0 0.217188 0.531250 0.050000 0.062500
0 0.179688 0.490234 0.050000 0.062500
0 0.100000 0.519531 0.050000 0.062500
0 0.090625 0.484375 0.050000 0.062500
0 0.073438 0.449219 0.050000 0.062500
0 0.073438 0.417969 0.050000 0.062500
0 0.045312 0.437500 0.050000 0.062500
0 0.040625 0.500000 0.050000 0.062500
0 0.043750 0.566406 0.050000 0.062500
0 0.043750 0.630859 0.050000 0.062500
0 0.092188 0.572266 0.050000 0.062500
0 0.123438 0.742188 0.050000 0.062500
0 0.156250 0.917969 0.050000 0.062500
0 0.029687 0.933594 0.050000 0.062500
0 0.206250 0.964844 0.050000 0.062500
0 0.226562 0.964844 0.050000 0.062500
0 0.312500 0.941406 0.050000 0.062500
0 0.412500 0.968750 0.050000 0.062500
0 0.531250 0.832031 0.050000 0.062500
0 0.632812 0.796875 0.050000 0.062500
0 0.659375 0.968750 0.050000 0.062500
0 0.715625 0.929688 0.050000 0.062500
0 0.832812 0.886719 0.050000 0.062500
0 0.840625 0.783203 0.050000 0.062500
0 0.915625 0.714844 0.050000 0.062500
0 0.962500 0.660156 0.050000 0.062500
0 0.975000 0.390625 0.050000 0.062500
0 0.962500 0.318359 0.050000 0.062500
0 0.964063 0.283203 0.050000 0.062500
0 0.978125 0.250000 0.043750 0.062500
0 0.960938 0.193359 0.050000 0.062500
0 0.945312 0.236328 0.050000 0.062500
0 0.900000 0.226562 0.050000 0.062500
0 0.896875 0.265625 0.050000 0.062500
0 0.873437 0.296875 0.050000 0.062500
0 0.831250 0.343750 0.050000 0.062500
0 0.817187 0.265625 0.050000 0.062500
0 0.767188 0.261719 0.050000 0.062500
0 0.750000 0.287109 0.050000 0.062500
0 0.696875 0.265625 0.050000 0.062500
0 0.773438 0.435547 0.050000 0.062500
0 0.679688 0.423828 0.050000 0.062500
0 0.600000 0.373047 0.050000 0.062500
0 0.542188 0.359375 0.050000 0.062500
0 0.471875 0.367188 0.050000 0.062500
0 0.442188 0.410156 0.050000 0.062500
0 0.343750 0.378906 0.050000 0.062500
0 0.329688 0.416016 0.050000 0.062500
0 0.260937 0.433594 0.050000 0.062500
0 0.259375 0.392578 0.050000 0.062500
0 0.270313 0.373047 0.050000 0.062500
0 0.248438 0.388672 0.050000 0.062500
0 0.215625 0.417969 0.050000 0.062500
