0 0.270313 0.570312 0.050000 0.062500
0 0.276562 0.611328 0.050000 0.062500
0 0.276562 0.644531 0.050000 0.062500
0 0.350000 0.566406 0.050000 0.062500
0 0.337500 0.667969 0.050000 0.062500
0 0.337500 0.736328 0.050000 0.062500
0 0.345313 0.787109 0.050000 0.062500
0 0.340625 0.820312 0.050000 0.062500
0 0.325000 0.814453 0.050000 0.062500
0 0.325000 0.859375 0.050000 0.062500
0 0.231250 0.906250 0.050000 0.062500
0 0.687500 0.753906 0.050000 0.062500
0 0.634375 0.701172 0.050000 0.062500
0 0.631250 0.642578 0.050000 0.062500
0 0.631250 0.562500 0.050000 0.062500
0 0.737500 0.519531 0.050000 0.062500
0 0.729688 0.486328 0.050000 0.062500
0 0.725000 0.455078 0.050000 0.062500
0 0.723437 0.394531 0.050000 0.062500
0 0.795312 0.302734 0.050000 0.062500
0 0.881250 0.253906 0.050000 0.062500
0 0.879687 0.296875 0.050000 0.062500
0 0.964063 0.205078 0.050000 0.062500
0 0.942187 0.265625 0.050000 0.062500
0 0.959375 0.312500 0.050000 0.062500
0 0.934375 0.404297 0.050000 0.062500
0 0.893750 0.458984 0.050000 0.062500
0 0.868750 0.523438 0.050000 0.062500
0 0.868750 0.605469 0.050000 0.062500
0 0.853125 0.658203 0.050000 0.062500
0 0.890625 0.667969 0.050000 0.062500
0 0.896875 0.726562 0.050000 0.062500
0 0.779687 0.861328 0.050000 0.062500
0 0.714063 0.806641 0.050000 0.062500
0 0.903125 0.951172 0.050000 0.062500
0 0.512500 0.851562 0.050000 0.062500
0 0.464062 0.673828 0.050000 0.062500
0 0.443750 0.625000 0.050000 0.062500
0 0.471875 0.564453 0.050000 0.062500
0 0.484375 0.533203 0.050000 0.062500
0 0.278125 0.441406 0.050000 0.062500
0 0.207813 0.578125 0.050000 0.062500
0 0.193750 0.529297 0.050000 0.062500
0 0.359375 0.898438 0.050000 0.062500
0 0.406250 0.970703 0.050000 0.058594
0 0.265625 0.695312 0.050000 0.062500
0 0.873437 0.359375 0.050000 0.062500
0 0.804688 0.419922 0.050000 0.062500
0 0.982031 0.343750 0.035937 0.062500
0 0.982031 0.263672 0.035937 0.062500
0 0.982031 0.222656 0.035937 0.062500
0 0.980469 0.544922 0.039062 0.062500
0 0.984375 0.705078 0.031250 0.062500
