0 0.217188 0.185547 0.050000 0.062500
0 0.150000 0.140625 0.050000 0.062500
0 0.189062 0.099609 0.050000 0.062500
0 0.103125 0.173828 0.050000 0.062500
0 0.048438 0.250000 0.050000 0.062500
0 0.100000 0.314453 0.050000 0.062500
0 0.134375 0.261719 0.050000 0.062500
0 0.076563 0.361328 0.050000 0.062500
0 0.060937 0.449219 0.050000 0.062500
0 0.032813 0.517578 0.050000 0.062500
0 0.029687 0.550781 0.050000 0.062500
0 0.017969 0.576172 0.035937 0.062500
0 0.035937 0.632812 0.050000 0.062500
0 0.092188 0.593750 0.050000 0.062500
0 0.073438 0.544922 0.050000 0.062500
0 0.165625 0.517578 0.050000 0.062500
0 0.159375 0.404297 0.050000 0.062500
0 0.153125 0.589844 0.050000 0.062500
0 0.103125 0.691406 0.050000 0.062500
0 0.035937 0.701172 0.050000 0.062500
0 0.134375 0.757812 0.050000 0.062500
0 0.178125 0.683594 0.050000 0.062500
0 0.215625 0.742188 0.050000 0.062500
0 0.134375 0.812500 0.050000 0.062500
0 0.198437 0.859375 0.050000 0.062500
0 0.231250 0.945312 0.050000 0.062500
0 0.298438 0.826172 0.050000 0.062500
0 0.268750 0.808594 0.050000 0.062500
0 0.317188 0.742188 0.050000 0.062500
0 0.359375 0.863281 0.050000 0.062500
0 0.431250 0.869141 0.050000 0.062500
0 0.504687 0.841797 0.050000 0.062500
0 0.403125 0.673828 0.050000 0.062500
0 0.575000 0.763672 0.050000 0.062500
0 0.646875 0.738281 0.050000 0.062500
0 0.678125 0.667969 0.050000 0.062500
0 0.671875 0.593750 0.050000 0.062500
0 0.560937 0.611328 0.050000 0.062500
0 0.571875 0.542969 0.050000 0.062500
0 0.682813 0.523438 0.050000 0.062500
0 0.632812 0.447266 0.050000 0.062500
0 0.625000 0.367188 0.050000 0.062500
0 0.623437 0.285156 0.050000 0.062500
0 0.568750 0.263672 0.050000 0.062500
0 0.590625 0.230469 0.050000 0.062500
0 0.557813 0.134766 0.050000 0.062500
0 0.528125 0.064453 0.050000 0.062500
0 0.545312 0.024414 0.050000 0.048828
0 0.507812 0.024414 0.050000 0.048828
0 0.460938 0.019531 0.050000 0.039062
0 0.407813 0.017578 0.050000 0.035156
0 0.353125 0.111328 0.050000 0.062500
0 0.275000 0.150391 0.050000 0.062500
0 0.773438 0.408203 0.050000 0.062500
0 0.765625 0.353516 0.050000 0.062500
0 0.843750 0.865234 0.050000 0.062500
0 0.865625 0.802734 0.050000 0.062500
0 0.954688 0.779297 0.050000 0.062500
0 0.929688 0.847656 0.050000 0.062500
0 0.881250 0.939453 0.050000 0.062500
0 0.828125 0.974609 0.050000 0.050781
0 0.690625 0.888672 0.050000 0.062500
0 0.639062 0.939453 0.050000 0.062500
0 0.581250 0.968750 0.050000 0.062500
0 0.743750 0.822266 0.050000 0.062500
0 0.784375 0.757812 0.050000 0.062500
0 0.770312 0.660156 0.050000 0.062500
0 0.742188 0.574219 0.050000 0.062500
0 0.893750 0.443359 0.050000 0.062500
0 0.953125 0.587891 0.050000 0.062500
