0 0.262500 0.492188 0.050000 0.062500
0 0.220312 0.542969 0.050000 0.062500
0 0.178125 0.566406 0.050000 0.062500
0 0.120313 0.634766 0.050000 0.062500
0 0.160938 0.699219 0.050000 0.062500
0 0.121875 0.755859 0.050000 0.062500
0 0.110937 0.826172 0.050000 0.062500
0 0.089063 0.888672 0.050000 0.062500
0 0.042188 0.861328 0.050000 0.062500
0 0.073438 0.931641 0.050000 0.062500
0 0.051562 0.979492 0.050000 0.041016
0 0.126562 0.929688 0.050000 0.062500
0 0.129688 0.947266 0.050000 0.062500
0 0.132812 0.975586 0.050000 0.048828
0 0.203125 0.980469 0.050000 0.039062
0 0.212500 0.896484 0.050000 0.062500
0 0.220312 0.812500 0.050000 0.062500
0 0.212500 0.783203 0.050000 0.062500
0 0.193750 0.642578 0.050000 0.062500
0 0.287500 0.574219 0.050000 0.062500
0 0.340625 0.552734 0.050000 0.062500
0 0.409375 0.517578 0.050000 0.062500
0 0.353125 0.375000 0.050000 0.062500
0 0.295312 0.386719 0.050000 0.062500
0 0.250000 0.351562 0.050000 0.062500
0 0.232813 0.289062 0.050000 0.062500
0 0.251563 0.259766 0.050000 0.062500
0 0.342187 0.287109 0.050000 0.062500
0 0.393750 0.271484 0.050000 0.062500
0 0.412500 0.361328 0.050000 0.062500
0 0.482812 0.412109 0.050000 0.062500
0 0.526563 0.402344 0.050000 0.062500
0 0.523438 0.335938 0.050000 0.062500
0 0.475000 0.306641 0.050000 0.062500
0 0.460938 0.287109 0.050000 0.062500
0 0.451562 0.253906 0.050000 0.062500
0 0.404687 0.197266 0.050000 0.062500
0 0.295312 0.224609 0.050000 0.062500
0 0.571875 0.423828 0.050000 0.062500
0 0.612500 0.429688 0.050000 0.062500
0 0.585938 0.466797 0.050000 0.062500
0 0.615625 0.542969 0.050000 0.062500
0 0.596875 0.560547 0.050000 0.062500
0 0.596875 0.595703 0.050000 0.062500
0 0.623437 0.667969 0.050000 0.062500
0 0.689063 0.710938 0.050000 0.062500
0 0.740625 0.689453 0.050000 0.062500
0 0.682813 0.767578 0.050000 0.062500
0 0.695312 0.861328 0.050000 0.062500
0 0.620313 0.955078 0.050000 0.062500
0 0.735938 0.951172 0.050000 0.062500
0 0.762500 0.861328 0.050000 0.062500
0 0.831250 0.839844 0.050000 0.062500
0 0.817187 0.783203 0.050000 0.062500
0 0.793750 0.900391 0.050000 0.062500
0 0.943750 0.958984 0.050000 0.062500
0 0.957812 0.865234 0.050000 0.062500
0 0.815625 0.652344 0.050000 0.062500
