0 0.232813 0.826172 0.050000 0.062500
0 0.279687 0.865234 0.050000 0.062500
0 0.253125 0.916016 0.050000 0.062500
0 0.253125 0.966797 0.050000 0.062500
0 0.314063 0.902344 0.050000 0.062500
0 0.337500 0.968750 0.050000 0.062500
0 0.404687 0.973633 0.050000 0.052734
0 0.475000 0.974609 0.050000 0.050781
0 0.429688 0.857422 0.050000 0.062500
0 0.415625 0.746094 0.050000 0.062500
0 0.312500 0.789062 0.050000 0.062500
0 0.318750 0.697266 0.050000 0.062500
0 0.345313 0.615234 0.050000 0.062500
0 0.295312 0.537109 0.050000 0.062500
0 0.354687 0.457031 0.050000 0.062500
0 0.414062 0.433594 0.050000 0.062500
0 0.387500 0.533203 0.050000 0.062500
0 0.457813 0.484375 0.050000 0.062500
0 0.520312 0.445312 0.050000 0.062500
0 0.600000 0.398438 0.050000 0.062500
0 0.459375 0.400391 0.050000 0.062500
0 0.484375 0.265625 0.050000 0.062500
0 0.535937 0.230469 0.050000 0.062500
0 0.607812 0.214844 0.050000 0.062500
0 0.690625 0.132812 0.050000 0.062500
0 0.596875 0.105469 0.050000 0.062500
0 0.546875 0.103516 0.050000 0.062500
0 0.464062 0.082031 0.050000 0.062500
0 0.453125 0.130859 0.050000 0.062500
0 0.415625 0.134766 0.050000 0.062500
0 0.414062 0.179688 0.050000 0.062500
0 0.812500 0.347656 0.050000 0.062500
0 0.792188 0.275391 0.050000 0.062500
0 0.743750 0.277344 0.050000 0.062500
0 0.682813 0.281250 0.050000 0.062500
0 0.728125 0.189453 0.050000 0.062500
0 0.654687 0.058594 0.050000 0.062500
0 0.846875 0.300781 0.050000 0.062500
0 0.846875 0.435547 0.050000 0.062500
0 0.918750 0.640625 0.050000 0.062500
0 0.920312 0.753906 0.050000 0.062500
0 0.932813 0.837891 0.050000 0.062500
0 0.978125 0.716797 0.043750 0.062500
0 0.868750 0.953125 0.050000 0.062500
0 0.654687 0.791016 0.050000 0.062500
0 0.982031 0.886719 0.035937 0.062500
0 0.980469 0.849609 0.039062 0.062500
0 0.983594 0.937500 0.032813 0.062500
