0 0.435937 0.794922 0.050000 0.062500
0 0.390625 0.816406 0.050000 0.062500
0 0.393750 0.742188 0.050000 0.062500
0 0.353125 0.648438 0.050000 0.062500
0 0.301563 0.705078 0.050000 0.062500
0 0.289062 0.632812 0.050000 0.062500
0 0.298438 0.589844 0.050000 0.062500
0 0.323437 0.511719 0.050000 0.062500
0 0.365625 0.464844 0.050000 0.062500
0 0.407813 0.421875 0.050000 0.062500
0 0.473438 0.367188 0.050000 0.062500
0 0.520312 0.306641 0.050000 0.062500
0 0.512500 0.267578 0.050000 0.062500
0 0.450000 0.214844 0.050000 0.062500
0 0.423438 0.150391 0.050000 0.062500
0 0.343750 0.201172 0.050000 0.062500
0 0.318750 0.195312 0.050000 0.062500
0 0.307812 0.236328 0.050000 0.062500
0 0.360938 0.261719 0.050000 0.062500
0 0.404687 0.257812 0.050000 0.062500
0 0.360938 0.390625 0.050000 0.062500
0 0.329688 0.419922 0.050000 0.062500
0 0.289062 0.445312 0.050000 0.062500
0 0.262500 0.521484 0.050000 0.062500
0 0.243750 0.736328 0.050000 0.062500
0 0.279687 0.751953 0.050000 0.062500
0 0.276562 0.794922 0.050000 0.062500
0 0.312500 0.765625 0.050000 0.062500
0 0.334375 0.833984 0.050000 0.062500
0 0.301563 0.865234 0.050000 0.062500
0 0.267188 0.839844 0.050000 0.062500
0 0.300000 0.919922 0.050000 0.062500
0 0.357812 0.904297 0.050000 0.062500
0 0.368750 0.941406 0.050000 0.062500
0 0.410938 0.900391 0.050000 0.062500
0 0.446875 0.939453 0.050000 0.062500
0 0.492188 0.971680 0.050000 0.056641
0 0.517188 0.929688 0.050000 0.062500
0 0.568750 0.973633 0.050000 0.052734
0 0.578125 0.869141 0.050000 0.062500
0 0.698438 0.802734 0.050000 0.062500
0 0.698438 0.724609 0.050000 0.062500
0 0.726562 0.638672 0.050000 0.062500
0 0.717187 0.580078 0.050000 0.062500
0 0.698438 0.498047 0.050000 0.062500
0 0.640625 0.367188 0.050000 0.062500
0 0.595313 0.298828 0.050000 0.062500
0 0.592187 0.244141 0.050000 0.062500
0 0.546875 0.250000 0.050000 0.062500
0 0.537500 0.185547 0.050000 0.062500
0 0.501563 0.154297 0.050000 0.062500
0 0.462500 0.095703 0.050000 0.062500
0 0.828125 0.744141 0.050000 0.062500
0 0.776563 0.707031 0.050000 0.062500
0 0.775000 0.771484 0.050000 0.062500
0 0.784375 0.808594 0.050000 0.062500
0 0.770312 0.880859 0.050000 0.062500
0 0.709375 0.910156 0.050000 0.062500
0 0.673438 0.976562 0.050000 0.046875
0 0.864062 0.886719 0.050000 0.062500
0 0.848437 0.791016 0.050000 0.062500
0 0.848437 0.826172 0.050000 0.062500
0 0.923438 0.957031 0.050000 0.062500
0 0.948438 0.849609 0.050000 0.062500
0 0.943750 0.800781 0.050000 0.062500
0 0.935937 0.763672 0.050000 0.062500
0 0.934375 0.664062 0.050000 0.062500
0 0.748437 0.529297 0.050000 0.062500
0 0.829688 0.570312 0.050000 0.062500
