0 0.618750 0.361328 0.050000 0.062500
0 0.581250 0.306641 0.050000 0.062500
0 0.567187 0.251953 0.050000 0.062500
0 0.523438 0.255859 0.050000 0.062500
0 0.520312 0.205078 0.050000 0.062500
0 0.478125 0.169922 0.050000 0.062500
0 0.442188 0.111328 0.050000 0.062500
0 0.395313 0.142578 0.050000 0.062500
0 0.354687 0.148438 0.050000 0.062500
0 0.329688 0.214844 0.050000 0.062500
0 0.292187 0.205078 0.050000 0.062500
0 0.293750 0.242188 0.050000 0.062500
0 0.337500 0.287109 0.050000 0.062500
0 0.381250 0.263672 0.050000 0.062500
0 0.425000 0.220703 0.050000 0.062500
0 0.489063 0.259766 0.050000 0.062500
0 0.464062 0.312500 0.050000 0.062500
0 0.439063 0.371094 0.050000 0.062500
0 0.390625 0.425781 0.050000 0.062500
0 0.340625 0.394531 0.050000 0.062500
0 0.309375 0.419922 0.050000 0.062500
0 0.273438 0.457031 0.050000 0.062500
0 0.248438 0.529297 0.050000 0.062500
0 0.350000 0.470703 0.050000 0.062500
0 0.304688 0.521484 0.050000 0.062500
0 0.292187 0.599609 0.050000 0.062500
0 0.278125 0.650391 0.050000 0.062500
0 0.293750 0.708984 0.050000 0.062500
0 0.265625 0.773438 0.050000 0.062500
0 0.237500 0.751953 0.050000 0.062500
0 0.262500 0.802734 0.050000 0.062500
0 0.256250 0.855469 0.050000 0.062500
0 0.296875 0.880859 0.050000 0.062500
0 0.293750 0.929688 0.050000 0.062500
0 0.348438 0.917969 0.050000 0.062500
0 0.375000 0.968750 0.050000 0.062500
0 0.401562 0.898438 0.050000 0.062500
0 0.381250 0.824219 0.050000 0.062500
0 0.321875 0.833984 0.050000 0.062500
0 0.309375 0.791016 0.050000 0.062500
0 0.385937 0.734375 0.050000 0.062500
0 0.353125 0.662109 0.050000 0.062500
0 0.428125 0.806641 0.050000 0.062500
0 0.443750 0.947266 0.050000 0.062500
0 0.509375 0.925781 0.050000 0.062500
0 0.484375 0.976562 0.050000 0.046875
0 0.567187 0.977539 0.050000 0.044922
0 0.665625 0.974609 0.050000 0.050781
0 0.564063 0.869141 0.050000 0.062500
0 0.676562 0.802734 0.050000 0.062500
0 0.673438 0.724609 0.050000 0.062500
0 0.709375 0.625000 0.050000 0.062500
0 0.700000 0.566406 0.050000 0.062500
0 0.684375 0.496094 0.050000 0.062500
0 0.756250 0.697266 0.050000 0.062500
0 0.756250 0.751953 0.050000 0.062500
0 0.756250 0.816406 0.050000 0.062500
0 0.754687 0.884766 0.050000 0.062500
0 0.704688 0.902344 0.050000 0.062500
0 0.806250 0.732422 0.050000 0.062500
0 0.835938 0.794922 0.050000 0.062500
0 0.846875 0.875000 0.050000 0.062500
0 0.912500 0.886719 0.050000 0.062500
0 0.914062 0.953125 0.050000 0.062500
0 0.931250 0.814453 0.050000 0.062500
0 0.931250 0.769531 0.050000 0.062500
0 0.954688 0.748047 0.050000 0.062500
0 0.931250 0.705078 0.050000 0.062500
0 0.915625 0.570312 0.050000 0.062500
0 0.982031 0.812500 0.035937 0.062500
0 0.980469 0.859375 0.039062 0.062500
0 0.980469 0.886719 0.039062 0.062500
0 0.945312 0.908203 0.050000 0.062500
0 0.983594 0.660156 0.032813 0.062500
