0 0.201563 0.234375 0.050000 0.062500
0 0.234375 0.242188 0.050000 0.062500
0 0.300000 0.162109 0.050000 0.062500
0 0.320312 0.101562 0.050000 0.062500
0 0.379688 0.181641 0.050000 0.062500
0 0.414062 0.193359 0.050000 0.062500
0 0.339062 0.236328 0.050000 0.062500
0 0.287500 0.287109 0.050000 0.062500
0 0.243750 0.296875 0.050000 0.062500
0 0.189062 0.265625 0.050000 0.062500
0 0.400000 0.267578 0.050000 0.062500
0 0.420312 0.246094 0.050000 0.062500
0 0.479687 0.244141 0.050000 0.062500
0 0.490625 0.304688 0.050000 0.062500
0 0.365625 0.326172 0.050000 0.062500
0 0.370312 0.382812 0.050000 0.062500
0 0.310937 0.447266 0.050000 0.062500
0 0.270313 0.486328 0.050000 0.062500
0 0.259375 0.423828 0.050000 0.062500
0 0.221875 0.451172 0.050000 0.062500
0 0.192188 0.488281 0.050000 0.062500
0 0.171875 0.570312 0.050000 0.062500
0 0.234375 0.554688 0.050000 0.062500
0 0.223438 0.613281 0.050000 0.062500
0 0.218750 0.675781 0.050000 0.062500
0 0.234375 0.750000 0.050000 0.062500
0 0.215625 0.804688 0.050000 0.062500
0 0.173437 0.779297 0.050000 0.062500
0 0.212500 0.839844 0.050000 0.062500
0 0.245312 0.902344 0.050000 0.062500
0 0.214062 0.884766 0.050000 0.062500
0 0.262500 0.822266 0.050000 0.062500
0 0.276562 0.863281 0.050000 0.062500
0 0.257812 0.968750 0.050000 0.062500
0 0.306250 0.943359 0.050000 0.062500
0 0.364063 0.906250 0.050000 0.062500
0 0.395313 0.947266 0.050000 0.062500
0 0.343750 0.974609 0.050000 0.050781
0 0.326562 0.845703 0.050000 0.062500
0 0.326562 0.753906 0.050000 0.062500
0 0.290625 0.685547 0.050000 0.062500
0 0.385937 0.822266 0.050000 0.062500
0 0.475000 0.929688 0.050000 0.062500
0 0.454688 0.980469 0.050000 0.039062
0 0.543750 0.971680 0.050000 0.056641
0 0.531250 0.873047 0.050000 0.062500
0 0.532813 0.351562 0.050000 0.062500
0 0.614062 0.472656 0.050000 0.062500
0 0.639062 0.548828 0.050000 0.062500
0 0.667188 0.501953 0.050000 0.062500
0 0.651563 0.603516 0.050000 0.062500
0 0.618750 0.697266 0.050000 0.062500
0 0.632812 0.783203 0.050000 0.062500
0 0.706250 0.734375 0.050000 0.062500
0 0.723437 0.771484 0.050000 0.062500
0 0.706250 0.839844 0.050000 0.062500
0 0.660937 0.884766 0.050000 0.062500
0 0.673438 0.843750 0.050000 0.062500
0 0.631250 0.960938 0.050000 0.062500
0 0.759375 0.701172 0.050000 0.062500
0 0.700000 0.662109 0.050000 0.062500
0 0.787500 0.738281 0.050000 0.062500
0 0.806250 0.818359 0.050000 0.062500
0 0.803125 0.845703 0.050000 0.062500
0 0.787500 0.892578 0.050000 0.062500
0 0.771875 0.945312 0.050000 0.062500
0 0.876563 0.906250 0.050000 0.062500
0 0.846875 0.960938 0.050000 0.062500
0 0.906250 0.949219 0.050000 0.062500
0 0.954688 0.975586 0.050000 0.048828
0 0.967187 0.886719 0.050000 0.062500
0 0.937500 0.808594 0.050000 0.062500
0 0.929688 0.732422 0.050000 0.062500
0 0.884375 0.769531 0.050000 0.062500
0 0.871875 0.828125 0.050000 0.062500
0 0.870313 0.724609 0.050000 0.062500
0 0.900000 0.675781 0.050000 0.062500
0 0.954688 0.677734 0.050000 0.062500
0 0.957812 0.841797 0.050000 0.062500
0 0.876563 0.636719 0.050000 0.062500
0 0.853125 0.613281 0.050000 0.062500
0 0.840625 0.519531 0.050000 0.062500
0 0.823438 0.656250 0.050000 0.062500
0 0.907813 0.660156 0.050000 0.062500
0 0.923438 0.574219 0.050000 0.062500
0 0.940625 0.607422 0.050000 0.062500
0 0.931250 0.599609 0.050000 0.062500
