0 0.910937 0.599609 0.050000 0.062500
0 0.910937 0.580078 0.050000 0.062500
0 0.907813 0.574219 0.050000 0.062500
0 0.881250 0.609375 0.050000 0.062500
0 0.859375 0.617188 0.050000 0.062500
0 0.826562 0.601562 0.050000 0.062500
0 0.823438 0.519531 0.050000 0.062500
0 0.881250 0.640625 0.050000 0.062500
0 0.885938 0.679688 0.050000 0.062500
0 0.859375 0.712891 0.050000 0.062500
0 0.859375 0.755859 0.050000 0.062500
0 0.859375 0.798828 0.050000 0.062500
0 0.856250 0.833984 0.050000 0.062500
0 0.850000 0.869141 0.050000 0.062500
0 0.848437 0.906250 0.050000 0.062500
0 0.848437 0.943359 0.050000 0.062500
0 0.851562 0.970703 0.050000 0.058594
0 0.784375 0.974609 0.050000 0.050781
0 0.762500 0.957031 0.050000 0.062500
0 0.790625 0.898438 0.050000 0.062500
0 0.793750 0.835938 0.050000 0.062500
0 0.917188 0.789062 0.050000 0.062500
0 0.918750 0.716797 0.050000 0.062500
0 0.898438 0.787109 0.050000 0.062500
0 0.898438 0.849609 0.050000 0.062500
0 0.889062 0.925781 0.050000 0.062500
0 0.954688 0.863281 0.050000 0.062500
0 0.943750 0.652344 0.050000 0.062500
0 0.937500 0.617188 0.050000 0.062500
0 0.943750 0.966797 0.050000 0.062500
0 0.928125 0.937500 0.050000 0.062500
0 0.954688 0.910156 0.050000 0.062500
0 0.628125 0.593750 0.050000 0.062500
0 0.614062 0.533203 0.050000 0.062500
0 0.617188 0.701172 0.050000 0.062500
0 0.620313 0.773438 0.050000 0.062500
0 0.690625 0.710938 0.050000 0.062500
0 0.679688 0.648438 0.050000 0.062500
0 0.734375 0.667969 0.050000 0.062500
0 0.743750 0.693359 0.050000 0.062500
0 0.773438 0.720703 0.050000 0.062500
0 0.771875 0.748047 0.050000 0.062500
0 0.765625 0.761719 0.050000 0.062500
0 0.687500 0.847656 0.050000 0.062500
0 0.660937 0.878906 0.050000 0.062500
0 0.625000 0.947266 0.050000 0.062500
0 0.542188 0.964844 0.050000 0.062500
0 0.465625 0.929688 0.050000 0.062500
0 0.514062 0.863281 0.050000 0.062500
0 0.367188 0.826172 0.050000 0.062500
0 0.318750 0.771484 0.050000 0.062500
0 0.281250 0.701172 0.050000 0.062500
0 0.226562 0.759766 0.050000 0.062500
0 0.201563 0.693359 0.050000 0.062500
0 0.203125 0.628906 0.050000 0.062500
0 0.223438 0.568359 0.050000 0.062500
0 0.256250 0.503906 0.050000 0.062500
0 0.212500 0.460938 0.050000 0.062500
0 0.165625 0.496094 0.050000 0.062500
0 0.154688 0.578125 0.050000 0.062500
0 0.246875 0.439453 0.050000 0.062500
0 0.220312 0.316406 0.050000 0.062500
0 0.165625 0.279297 0.050000 0.062500
0 0.170313 0.240234 0.050000 0.062500
0 0.200000 0.248047 0.050000 0.062500
0 0.270313 0.171875 0.050000 0.062500
0 0.306250 0.107422 0.050000 0.062500
0 0.342187 0.173828 0.050000 0.062500
0 0.306250 0.244141 0.050000 0.062500
0 0.259375 0.292969 0.050000 0.062500
0 0.385937 0.195312 0.050000 0.062500
0 0.407813 0.257812 0.050000 0.062500
0 0.375000 0.283203 0.050000 0.062500
0 0.337500 0.333984 0.050000 0.062500
0 0.348438 0.390625 0.050000 0.062500
0 0.298438 0.451172 0.050000 0.062500
0 0.473438 0.294922 0.050000 0.062500
0 0.454688 0.250000 0.050000 0.062500
0 0.507812 0.351562 0.050000 0.062500
0 0.598437 0.472656 0.050000 0.062500
0 0.650000 0.501953 0.050000 0.062500
0 0.318750 0.849609 0.050000 0.062500
0 0.345313 0.927734 0.050000 0.062500
0 0.393750 0.960938 0.050000 0.062500
0 0.446875 0.980469 0.050000 0.039062
0 0.300000 0.953125 0.050000 0.062500
0 0.326562 0.978516 0.050000 0.042969
0 0.251563 0.972656 0.050000 0.054688
0 0.234375 0.898438 0.050000 0.062500
0 0.273438 0.873047 0.050000 0.062500
0 0.242188 0.830078 0.050000 0.062500
0 0.204687 0.845703 0.050000 0.062500
0 0.204687 0.806641 0.050000 0.062500
0 0.167187 0.791016 0.050000 0.062500
0 0.210938 0.900391 0.050000 0.062500
