0 0.271875 0.695312 0.050000 0.062500
0 0.190625 0.695312 0.050000 0.062500
0 0.198437 0.628906 0.050000 0.062500
0 0.209375 0.562500 0.050000 0.062500
0 0.246875 0.500000 0.050000 0.062500
0 0.196875 0.472656 0.050000 0.062500
0 0.225000 0.435547 0.050000 0.062500
0 0.209375 0.318359 0.050000 0.062500
0 0.151562 0.277344 0.050000 0.062500
0 0.154688 0.246094 0.050000 0.062500
0 0.187500 0.250000 0.050000 0.062500
0 0.254688 0.177734 0.050000 0.062500
0 0.176563 0.187500 0.050000 0.062500
0 0.285938 0.121094 0.050000 0.062500
0 0.328125 0.173828 0.050000 0.062500
0 0.290625 0.248047 0.050000 0.062500
0 0.248438 0.292969 0.050000 0.062500
0 0.357812 0.277344 0.050000 0.062500
0 0.301563 0.351562 0.050000 0.062500
0 0.332813 0.398438 0.050000 0.062500
0 0.382812 0.257812 0.050000 0.062500
0 0.375000 0.199219 0.050000 0.062500
0 0.429688 0.246094 0.050000 0.062500
0 0.454688 0.308594 0.050000 0.062500
0 0.284375 0.449219 0.050000 0.062500
0 0.142187 0.585938 0.050000 0.062500
0 0.167187 0.517578 0.050000 0.062500
0 0.157812 0.804688 0.050000 0.062500
0 0.214062 0.757812 0.050000 0.062500
0 0.192188 0.822266 0.050000 0.062500
0 0.195312 0.859375 0.050000 0.062500
0 0.204687 0.908203 0.050000 0.062500
0 0.228125 0.927734 0.050000 0.062500
0 0.237500 0.969727 0.050000 0.060547
0 0.267188 0.888672 0.050000 0.062500
0 0.235937 0.835938 0.050000 0.062500
0 0.306250 0.859375 0.050000 0.062500
0 0.360938 0.826172 0.050000 0.062500
0 0.303125 0.773438 0.050000 0.062500
0 0.343750 0.927734 0.050000 0.062500
0 0.392188 0.947266 0.050000 0.062500
0 0.456250 0.933594 0.050000 0.062500
0 0.439063 0.976562 0.050000 0.046875
0 0.503125 0.867188 0.050000 0.062500
0 0.606250 0.771484 0.050000 0.062500
0 0.596875 0.707031 0.050000 0.062500
0 0.618750 0.613281 0.050000 0.062500
0 0.607812 0.548828 0.050000 0.062500
0 0.584375 0.470703 0.050000 0.062500
0 0.496875 0.355469 0.050000 0.062500
0 0.643750 0.494141 0.050000 0.062500
0 0.671875 0.646484 0.050000 0.062500
0 0.681250 0.724609 0.050000 0.062500
0 0.696875 0.781250 0.050000 0.062500
0 0.685937 0.841797 0.050000 0.062500
0 0.643750 0.873047 0.050000 0.062500
0 0.618750 0.945312 0.050000 0.062500
0 0.573438 0.962891 0.050000 0.062500
0 0.571875 0.981445 0.050000 0.037109
0 0.770312 0.818359 0.050000 0.062500
0 0.776563 0.886719 0.050000 0.062500
0 0.748437 0.943359 0.050000 0.062500
0 0.732812 0.975586 0.050000 0.048828
0 0.760938 0.736328 0.050000 0.062500
0 0.725000 0.677734 0.050000 0.062500
0 0.796875 0.646484 0.050000 0.062500
0 0.815625 0.599609 0.050000 0.062500
0 0.818750 0.505859 0.050000 0.062500
0 0.845313 0.695312 0.050000 0.062500
0 0.857812 0.750000 0.050000 0.062500
0 0.842187 0.794922 0.050000 0.062500
0 0.842187 0.873047 0.050000 0.062500
0 0.823438 0.929688 0.050000 0.062500
0 0.814063 0.966797 0.050000 0.062500
0 0.835938 0.945312 0.050000 0.062500
0 0.834375 0.969727 0.050000 0.060547
0 0.801562 0.979492 0.050000 0.041016
0 0.828125 0.981445 0.050000 0.037109
0 0.865625 0.975586 0.050000 0.048828
0 0.885938 0.923828 0.050000 0.062500
0 0.920312 0.945312 0.050000 0.062500
0 0.937500 0.962891 0.050000 0.062500
0 0.950000 0.869141 0.050000 0.062500
0 0.935937 0.818359 0.050000 0.062500
0 0.907813 0.767578 0.050000 0.062500
0 0.909375 0.726562 0.050000 0.062500
0 0.875000 0.677734 0.050000 0.062500
0 0.875000 0.638672 0.050000 0.062500
0 0.925000 0.617188 0.050000 0.062500
0 0.909375 0.591797 0.050000 0.062500
0 0.892188 0.591797 0.050000 0.062500
0 0.889062 0.576172 0.050000 0.062500
0 0.873437 0.878906 0.050000 0.062500
0 0.879687 0.830078 0.050000 0.062500
0 0.979688 0.880859 0.040625 0.062500
0 0.948438 0.925781 0.050000 0.062500
0 0.935937 0.906250 0.050000 0.062500
