0 0.382812 0.251953 0.050000 0.062500
0 0.360938 0.265625 0.050000 0.062500
0 0.296875 0.240234 0.050000 0.062500
0 0.251563 0.179688 0.050000 0.062500
0 0.215625 0.201172 0.050000 0.062500
0 0.176563 0.201172 0.050000 0.062500
0 0.151562 0.234375 0.050000 0.062500
0 0.151562 0.300781 0.050000 0.062500
0 0.187500 0.259766 0.050000 0.062500
0 0.251563 0.304688 0.050000 0.062500
0 0.204687 0.324219 0.050000 0.062500
0 0.384375 0.187500 0.050000 0.062500
0 0.334375 0.173828 0.050000 0.062500
0 0.285938 0.121094 0.050000 0.062500
0 0.429688 0.246094 0.050000 0.062500
0 0.446875 0.300781 0.050000 0.062500
0 0.495312 0.359375 0.050000 0.062500
0 0.326562 0.390625 0.050000 0.062500
0 0.300000 0.351562 0.050000 0.062500
0 0.285938 0.451172 0.050000 0.062500
0 0.228125 0.443359 0.050000 0.062500
0 0.200000 0.468750 0.050000 0.062500
0 0.164062 0.505859 0.050000 0.062500
0 0.146875 0.580078 0.050000 0.062500
0 0.209375 0.560547 0.050000 0.062500
0 0.242188 0.500000 0.050000 0.062500
0 0.195312 0.630859 0.050000 0.062500
0 0.192188 0.687500 0.050000 0.062500
0 0.218750 0.767578 0.050000 0.062500
0 0.153125 0.810547 0.050000 0.062500
0 0.196875 0.818359 0.050000 0.062500
0 0.196875 0.861328 0.050000 0.062500
0 0.204687 0.902344 0.050000 0.062500
0 0.229687 0.925781 0.050000 0.062500
0 0.237500 0.966797 0.050000 0.062500
0 0.287500 0.957031 0.050000 0.062500
0 0.265625 0.888672 0.050000 0.062500
0 0.234375 0.839844 0.050000 0.062500
0 0.312500 0.773438 0.050000 0.062500
0 0.265625 0.705078 0.050000 0.062500
0 0.353125 0.826172 0.050000 0.062500
0 0.315625 0.855469 0.050000 0.062500
0 0.350000 0.925781 0.050000 0.062500
0 0.393750 0.960938 0.050000 0.062500
0 0.459375 0.935547 0.050000 0.062500
0 0.448437 0.980469 0.050000 0.039062
0 0.510938 0.871094 0.050000 0.062500
0 0.614062 0.781250 0.050000 0.062500
0 0.601562 0.705078 0.050000 0.062500
0 0.618750 0.603516 0.050000 0.062500
0 0.603125 0.541016 0.050000 0.062500
0 0.579688 0.466797 0.050000 0.062500
0 0.679688 0.660156 0.050000 0.062500
0 0.682813 0.718750 0.050000 0.062500
0 0.642188 0.867188 0.050000 0.062500
0 0.735938 0.662109 0.050000 0.062500
0 0.698438 0.769531 0.050000 0.062500
0 0.687500 0.814453 0.050000 0.062500
0 0.620313 0.957031 0.050000 0.062500
0 0.604688 0.969727 0.050000 0.060547
0 0.764062 0.724609 0.050000 0.062500
0 0.782813 0.832031 0.050000 0.062500
0 0.771875 0.888672 0.050000 0.062500
0 0.754687 0.935547 0.050000 0.062500
0 0.853125 0.894531 0.050000 0.062500
0 0.843750 0.812500 0.050000 0.062500
0 0.851562 0.742188 0.050000 0.062500
0 0.914062 0.720703 0.050000 0.062500
0 0.881250 0.681641 0.050000 0.062500
0 0.879687 0.656250 0.050000 0.062500
0 0.879687 0.632812 0.050000 0.062500
0 0.862500 0.580078 0.050000 0.062500
0 0.875000 0.566406 0.050000 0.062500
0 0.895312 0.566406 0.050000 0.062500
0 0.909375 0.574219 0.050000 0.062500
0 0.920312 0.583984 0.050000 0.062500
0 0.920312 0.621094 0.050000 0.062500
0 0.832812 0.595703 0.050000 0.062500
0 0.815625 0.505859 0.050000 0.062500
0 0.937500 0.810547 0.050000 0.062500
0 0.943750 0.912109 0.050000 0.062500
0 0.937500 0.964844 0.050000 0.062500
0 0.884375 0.925781 0.050000 0.062500
0 0.982031 0.882812 0.035937 0.062500
0 0.914062 0.773438 0.050000 0.062500
0 0.876563 0.832031 0.050000 0.062500
0 0.839063 0.970703 0.050000 0.058594
0 0.815625 0.978516 0.050000 0.042969
0 0.828125 0.925781 0.050000 0.062500
0 0.846875 0.953125 0.050000 0.062500
0 0.865625 0.975586 0.050000 0.048828
