0 0.631250 0.021484 0.050000 0.042969
0 0.959375 0.099609 0.050000 0.062500
0 0.776563 0.363281 0.050000 0.062500
0 0.765625 0.558594 0.050000 0.062500
0 0.926562 0.808594 0.050000 0.062500
0 0.801562 0.847656 0.050000 0.062500
0 0.671875 0.847656 0.050000 0.062500
0 0.606250 0.814453 0.050000 0.062500
0 0.400000 0.759766 0.050000 0.062500
0 0.354687 0.750000 0.050000 0.062500
0 0.331250 0.787109 0.050000 0.062500
0 0.654687 0.562500 0.050000 0.062500
0 0.590625 0.576172 0.050000 0.062500
0 0.568750 0.564453 0.050000 0.062500
0 0.759375 0.740234 0.050000 0.062500
