0 0.464062 0.253906 0.050000 0.062500
0 0.440625 0.263672 0.050000 0.062500
0 0.471875 0.187500 0.050000 0.062500
0 0.431250 0.160156 0.050000 0.062500
0 0.350000 0.154297 0.050000 0.062500
0 0.285938 0.214844 0.050000 0.062500
0 0.242188 0.203125 0.050000 0.062500
0 0.240625 0.257812 0.050000 0.062500
0 0.339062 0.281250 0.050000 0.062500
0 0.379688 0.228516 0.050000 0.062500
0 0.289062 0.291016 0.050000 0.062500
0 0.296875 0.408203 0.050000 0.062500
0 0.267188 0.439453 0.050000 0.062500
0 0.232813 0.470703 0.050000 0.062500
0 0.365625 0.345703 0.050000 0.062500
0 0.356250 0.439453 0.050000 0.062500
0 0.314063 0.482422 0.050000 0.062500
0 0.275000 0.539062 0.050000 0.062500
0 0.259375 0.603516 0.050000 0.062500
0 0.245312 0.650391 0.050000 0.062500
0 0.257812 0.726562 0.050000 0.062500
0 0.242188 0.777344 0.050000 0.062500
0 0.198437 0.771484 0.050000 0.062500
0 0.239063 0.820312 0.050000 0.062500
0 0.353125 0.753906 0.050000 0.062500
0 0.315625 0.679688 0.050000 0.062500
0 0.282813 0.806641 0.050000 0.062500
0 0.306250 0.851562 0.050000 0.062500
0 0.267188 0.890625 0.050000 0.062500
0 0.237500 0.876953 0.050000 0.062500
0 0.279687 0.951172 0.050000 0.062500
0 0.321875 0.933594 0.050000 0.062500
0 0.375000 0.906250 0.050000 0.062500
0 0.346875 0.968750 0.050000 0.062500
0 0.351562 0.830078 0.050000 0.062500
0 0.404687 0.808594 0.050000 0.062500
0 0.425000 0.933594 0.050000 0.062500
0 0.493750 0.935547 0.050000 0.062500
0 0.542188 0.882812 0.050000 0.062500
0 0.645312 0.796875 0.050000 0.062500
0 0.664062 0.716797 0.050000 0.062500
0 0.684375 0.623047 0.050000 0.062500
0 0.671875 0.564453 0.050000 0.062500
0 0.659375 0.486328 0.050000 0.062500
0 0.579688 0.365234 0.050000 0.062500
0 0.535937 0.291016 0.050000 0.062500
0 0.520312 0.242188 0.050000 0.062500
0 0.409375 0.367188 0.050000 0.062500
0 0.737500 0.677734 0.050000 0.062500
0 0.737500 0.750000 0.050000 0.062500
0 0.776563 0.716797 0.050000 0.062500
0 0.807813 0.761719 0.050000 0.062500
0 0.743750 0.810547 0.050000 0.062500
0 0.725000 0.871094 0.050000 0.062500
0 0.684375 0.906250 0.050000 0.062500
0 0.676562 0.929688 0.050000 0.062500
0 0.657813 0.964844 0.050000 0.062500
0 0.818750 0.779297 0.050000 0.062500
0 0.829688 0.876953 0.050000 0.062500
0 0.817187 0.916016 0.050000 0.062500
0 0.784375 0.974609 0.050000 0.050781
0 0.893750 0.892578 0.050000 0.062500
0 0.906250 0.802734 0.050000 0.062500
0 0.906250 0.759766 0.050000 0.062500
0 0.882812 0.660156 0.050000 0.062500
0 0.882812 0.570312 0.050000 0.062500
0 0.937500 0.738281 0.050000 0.062500
0 0.939063 0.701172 0.050000 0.062500
0 0.943750 0.630859 0.050000 0.062500
0 0.970313 0.640625 0.050000 0.062500
0 0.978906 0.673828 0.042188 0.062500
0 0.975000 0.775391 0.050000 0.062500
0 0.975000 0.869141 0.050000 0.062500
0 0.976562 0.937500 0.046875 0.062500
0 0.982031 0.900391 0.035937 0.062500
0 0.931250 0.910156 0.050000 0.062500
0 0.914062 0.969727 0.050000 0.060547
0 0.881250 0.933594 0.050000 0.062500
0 0.867188 0.970703 0.050000 0.058594
0 0.948438 0.931641 0.050000 0.062500
0 0.946875 0.894531 0.050000 0.062500
0 0.953125 0.847656 0.050000 0.062500
