0 0.334375 0.488281 0.050000 0.062500
0 0.359375 0.447266 0.050000 0.062500
0 0.403125 0.414062 0.050000 0.062500
0 0.445312 0.371094 0.050000 0.062500
0 0.490625 0.417969 0.050000 0.062500
0 0.443750 0.445312 0.050000 0.062500
0 0.398438 0.494141 0.050000 0.062500
0 0.371875 0.552734 0.050000 0.062500
0 0.346875 0.599609 0.050000 0.062500
0 0.351562 0.675781 0.050000 0.062500
0 0.323437 0.716797 0.050000 0.062500
0 0.290625 0.699219 0.050000 0.062500
0 0.356250 0.750000 0.050000 0.062500
0 0.317188 0.759766 0.050000 0.062500
0 0.312500 0.806641 0.050000 0.062500
0 0.335938 0.832031 0.050000 0.062500
0 0.368750 0.802734 0.050000 0.062500
0 0.334375 0.890625 0.050000 0.062500
0 0.381250 0.882812 0.050000 0.062500
0 0.404687 0.933594 0.050000 0.062500
0 0.396875 0.958984 0.050000 0.062500
0 0.442188 0.882812 0.050000 0.062500
0 0.417187 0.800781 0.050000 0.062500
0 0.468750 0.923828 0.050000 0.062500
0 0.507812 0.972656 0.050000 0.054688
0 0.537500 0.935547 0.050000 0.062500
0 0.479687 0.808594 0.050000 0.062500
0 0.439063 0.722656 0.050000 0.062500
0 0.417187 0.650391 0.050000 0.062500
0 0.546875 0.371094 0.050000 0.062500
0 0.485938 0.324219 0.050000 0.062500
0 0.453125 0.267578 0.050000 0.062500
0 0.404687 0.208984 0.050000 0.062500
0 0.417187 0.171875 0.050000 0.062500
0 0.453125 0.187500 0.050000 0.062500
0 0.501563 0.242188 0.050000 0.062500
0 0.545312 0.216797 0.050000 0.062500
0 0.537500 0.142578 0.050000 0.062500
0 0.493750 0.134766 0.050000 0.062500
0 0.442188 0.125000 0.050000 0.062500
0 0.571875 0.097656 0.050000 0.062500
0 0.609375 0.164062 0.050000 0.062500
0 0.635938 0.197266 0.050000 0.062500
0 0.639062 0.263672 0.050000 0.062500
0 0.606250 0.263672 0.050000 0.062500
0 0.687500 0.257812 0.050000 0.062500
0 0.685937 0.333984 0.050000 0.062500
0 0.718750 0.402344 0.050000 0.062500
0 0.770312 0.529297 0.050000 0.062500
0 0.781250 0.623047 0.050000 0.062500
0 0.784375 0.673828 0.050000 0.062500
0 0.740625 0.765625 0.050000 0.062500
0 0.728125 0.839844 0.050000 0.062500
0 0.607812 0.892578 0.050000 0.062500
0 0.814063 0.873047 0.050000 0.062500
0 0.809375 0.824219 0.050000 0.062500
0 0.787500 0.919922 0.050000 0.062500
0 0.734375 0.953125 0.050000 0.062500
0 0.870313 0.802734 0.050000 0.062500
0 0.889062 0.849609 0.050000 0.062500
0 0.876563 0.880859 0.050000 0.062500
0 0.884375 0.955078 0.050000 0.062500
0 0.973437 0.927734 0.050000 0.062500
0 0.977344 0.871094 0.045312 0.062500
0 0.962500 0.964844 0.050000 0.062500
0 0.943750 0.979492 0.050000 0.041016
0 0.840625 0.580078 0.050000 0.062500
