0 0.439063 0.591797 0.050000 0.062500
0 0.407813 0.546875 0.050000 0.062500
0 0.443750 0.527344 0.050000 0.062500
0 0.442188 0.445312 0.050000 0.062500
0 0.460938 0.404297 0.050000 0.062500
0 0.456250 0.333984 0.050000 0.062500
0 0.409375 0.349609 0.050000 0.062500
0 0.414062 0.320312 0.050000 0.062500
0 0.529687 0.289062 0.050000 0.062500
0 0.571875 0.248047 0.050000 0.062500
0 0.542188 0.369141 0.050000 0.062500
0 0.496875 0.400391 0.050000 0.062500
0 0.607812 0.314453 0.050000 0.062500
0 0.643750 0.332031 0.050000 0.062500
0 0.610938 0.417969 0.050000 0.062500
0 0.631250 0.417969 0.050000 0.062500
0 0.695312 0.412109 0.050000 0.062500
0 0.692187 0.480469 0.050000 0.062500
0 0.546875 0.519531 0.050000 0.062500
0 0.493750 0.562500 0.050000 0.062500
0 0.393750 0.640625 0.050000 0.062500
0 0.360938 0.580078 0.050000 0.062500
0 0.323437 0.630859 0.050000 0.062500
0 0.364063 0.703125 0.050000 0.062500
0 0.350000 0.744141 0.050000 0.062500
0 0.348438 0.828125 0.050000 0.062500
0 0.323437 0.861328 0.050000 0.062500
0 0.281250 0.847656 0.050000 0.062500
0 0.314063 0.919922 0.050000 0.062500
0 0.307812 0.968750 0.050000 0.062500
0 0.328125 0.981445 0.050000 0.037109
0 0.367188 0.943359 0.050000 0.062500
0 0.357812 0.906250 0.050000 0.062500
0 0.429688 0.873047 0.050000 0.062500
0 0.417187 0.945312 0.050000 0.062500
0 0.484375 0.953125 0.050000 0.062500
0 0.418750 0.781250 0.050000 0.062500
0 0.773438 0.681641 0.050000 0.062500
0 0.787500 0.761719 0.050000 0.062500
0 0.778125 0.812500 0.050000 0.062500
0 0.846875 0.740234 0.050000 0.062500
0 0.821875 0.908203 0.050000 0.062500
0 0.870313 0.957031 0.050000 0.062500
