0 0.576562 0.320312 0.050000 0.062500
0 0.601562 0.320312 0.050000 0.062500
0 0.618750 0.320312 0.050000 0.062500
0 0.667188 0.314453 0.050000 0.062500
0 0.654687 0.257812 0.050000 0.062500
0 0.626563 0.205078 0.050000 0.062500
0 0.581250 0.212891 0.050000 0.062500
0 0.504687 0.142578 0.050000 0.062500
0 0.471875 0.101562 0.050000 0.062500
0 0.445312 0.058594 0.050000 0.062500
0 0.404687 0.097656 0.050000 0.062500
0 0.384375 0.048828 0.050000 0.062500
0 0.334375 0.052734 0.050000 0.062500
0 0.332813 0.021484 0.050000 0.042969
0 0.400000 0.152344 0.050000 0.062500
0 0.454688 0.191406 0.050000 0.062500
0 0.526563 0.103516 0.050000 0.062500
0 0.592187 0.060547 0.050000 0.062500
0 0.720313 0.026367 0.050000 0.052734
0 0.881250 0.031250 0.050000 0.062500
0 0.829688 0.044922 0.050000 0.062500
0 0.795312 0.091797 0.050000 0.062500
0 0.731250 0.119141 0.050000 0.062500
0 0.698438 0.179688 0.050000 0.062500
0 0.671875 0.197266 0.050000 0.062500
0 0.689063 0.230469 0.050000 0.062500
0 0.775000 0.259766 0.050000 0.062500
0 0.723437 0.296875 0.050000 0.062500
0 0.820312 0.212891 0.050000 0.062500
0 0.854688 0.181641 0.050000 0.062500
0 0.882812 0.130859 0.050000 0.062500
0 0.973437 0.087891 0.050000 0.062500
0 0.946875 0.134766 0.050000 0.062500
0 0.937500 0.191406 0.050000 0.062500
0 0.893750 0.236328 0.050000 0.062500
0 0.865625 0.291016 0.050000 0.062500
0 0.842187 0.337891 0.050000 0.062500
0 0.795312 0.390625 0.050000 0.062500
0 0.768750 0.406250 0.050000 0.062500
0 0.737500 0.416016 0.050000 0.062500
0 0.710938 0.419922 0.050000 0.062500
0 0.689063 0.433594 0.050000 0.062500
0 0.640625 0.417969 0.050000 0.062500
0 0.621875 0.417969 0.050000 0.062500
0 0.587500 0.408203 0.050000 0.062500
0 0.534375 0.380859 0.050000 0.062500
0 0.493750 0.380859 0.050000 0.062500
0 0.446875 0.355469 0.050000 0.062500
0 0.439063 0.333984 0.050000 0.062500
0 0.482812 0.273438 0.050000 0.062500
0 0.537500 0.304688 0.050000 0.062500
0 0.732812 0.015625 0.050000 0.031250
0 0.512500 0.451172 0.050000 0.062500
0 0.431250 0.451172 0.050000 0.062500
0 0.300000 0.408203 0.050000 0.062500
0 0.160938 0.357422 0.050000 0.062500
0 0.548438 0.480469 0.050000 0.062500
0 0.582812 0.496094 0.050000 0.062500
0 0.645312 0.511719 0.050000 0.062500
0 0.690625 0.517578 0.050000 0.062500
0 0.740625 0.478516 0.050000 0.062500
0 0.798438 0.472656 0.050000 0.062500
0 0.901563 0.408203 0.050000 0.062500
0 0.853125 0.421875 0.050000 0.062500
0 0.865625 0.390625 0.050000 0.062500
0 0.901563 0.332031 0.050000 0.062500
0 0.971875 0.320312 0.050000 0.062500
0 0.957812 0.371094 0.050000 0.062500
0 0.940625 0.421875 0.050000 0.062500
0 0.889062 0.470703 0.050000 0.062500
0 0.839063 0.556641 0.050000 0.062500
0 0.831250 0.583984 0.050000 0.062500
0 0.848437 0.599609 0.050000 0.062500
0 0.851562 0.625000 0.050000 0.062500
0 0.885938 0.695312 0.050000 0.062500
0 0.840625 0.701172 0.050000 0.062500
0 0.560937 0.601562 0.050000 0.062500
0 0.475000 0.521484 0.050000 0.062500
0 0.467187 0.474609 0.050000 0.062500
0 0.639062 0.568359 0.050000 0.062500
0 0.532813 0.521484 0.050000 0.062500
0 0.695312 0.562500 0.050000 0.062500
0 0.606250 0.564453 0.050000 0.062500
0 0.714063 0.550781 0.050000 0.062500
0 0.746875 0.556641 0.050000 0.062500
