0 0.054688 0.056641 0.050000 0.062500
0 0.026562 0.119141 0.050000 0.062500
0 0.017969 0.187500 0.035937 0.062500
0 0.017969 0.248047 0.035937 0.062500
0 0.028125 0.320312 0.050000 0.062500
0 0.098437 0.300781 0.050000 0.062500
0 0.070312 0.390625 0.050000 0.062500
0 0.057813 0.431641 0.050000 0.062500
0 0.023438 0.451172 0.046875 0.062500
0 0.106250 0.441406 0.050000 0.062500
0 0.154688 0.484375 0.050000 0.062500
0 0.165625 0.367188 0.050000 0.062500
0 0.190625 0.443359 0.050000 0.062500
0 0.235937 0.396484 0.050000 0.062500
0 0.378125 0.384766 0.050000 0.062500
0 0.337500 0.464844 0.050000 0.062500
0 0.289062 0.505859 0.050000 0.062500
0 0.237500 0.488281 0.050000 0.062500
0 0.231250 0.550781 0.050000 0.062500
0 0.198437 0.533203 0.050000 0.062500
0 0.156250 0.572266 0.050000 0.062500
0 0.132812 0.529297 0.050000 0.062500
0 0.090625 0.525391 0.050000 0.062500
0 0.082812 0.476562 0.050000 0.062500
0 0.439063 0.191406 0.050000 0.062500
0 0.440625 0.099609 0.050000 0.062500
0 0.401562 0.042969 0.050000 0.062500
0 0.264062 0.205078 0.050000 0.062500
0 0.500000 0.117188 0.050000 0.062500
0 0.521875 0.166016 0.050000 0.062500
0 0.542188 0.218750 0.050000 0.062500
0 0.550000 0.291016 0.050000 0.062500
0 0.517188 0.339844 0.050000 0.062500
0 0.493750 0.431641 0.050000 0.062500
0 0.465625 0.484375 0.050000 0.062500
0 0.421875 0.509766 0.050000 0.062500
0 0.515625 0.500000 0.050000 0.062500
0 0.348438 0.523438 0.050000 0.062500
0 0.321875 0.599609 0.050000 0.062500
0 0.251563 0.603516 0.050000 0.062500
0 0.432812 0.630859 0.050000 0.062500
0 0.389062 0.638672 0.050000 0.062500
0 0.475000 0.619141 0.050000 0.062500
0 0.548438 0.546875 0.050000 0.062500
0 0.510938 0.593750 0.050000 0.062500
0 0.659375 0.580078 0.050000 0.062500
0 0.673438 0.554688 0.050000 0.062500
0 0.685937 0.515625 0.050000 0.062500
0 0.698438 0.455078 0.050000 0.062500
0 0.698438 0.408203 0.050000 0.062500
0 0.706250 0.283203 0.050000 0.062500
0 0.703125 0.203125 0.050000 0.062500
0 0.635938 0.238281 0.050000 0.062500
0 0.646875 0.296875 0.050000 0.062500
0 0.642188 0.367188 0.050000 0.062500
0 0.621875 0.417969 0.050000 0.062500
0 0.592187 0.478516 0.050000 0.062500
0 0.595313 0.162109 0.050000 0.062500
0 0.557813 0.134766 0.050000 0.062500
0 0.667188 0.099609 0.050000 0.062500
0 0.690625 0.148438 0.050000 0.062500
0 0.637500 0.020508 0.050000 0.041016
0 0.687500 0.037109 0.050000 0.062500
0 0.706250 0.080078 0.050000 0.062500
0 0.725000 0.097656 0.050000 0.062500
0 0.779687 0.189453 0.050000 0.062500
0 0.750000 0.150391 0.050000 0.062500
0 0.750000 0.030273 0.050000 0.060547
0 0.793750 0.224609 0.050000 0.062500
0 0.807813 0.271484 0.050000 0.062500
0 0.801562 0.312500 0.050000 0.062500
0 0.753125 0.384766 0.050000 0.062500
0 0.750000 0.441406 0.050000 0.062500
0 0.746875 0.507812 0.050000 0.062500
0 0.787500 0.466797 0.050000 0.062500
0 0.820312 0.429688 0.050000 0.062500
0 0.803125 0.509766 0.050000 0.062500
0 0.735938 0.355469 0.050000 0.062500
0 0.756250 0.302734 0.050000 0.062500
0 0.681250 0.617188 0.050000 0.062500
0 0.732812 0.583984 0.050000 0.062500
0 0.620313 0.628906 0.050000 0.062500
0 0.587500 0.640625 0.050000 0.062500
0 0.434375 0.716797 0.050000 0.062500
0 0.415625 0.724609 0.050000 0.062500
0 0.392188 0.728516 0.050000 0.062500
0 0.376563 0.714844 0.050000 0.062500
0 0.403125 0.822266 0.050000 0.062500
0 0.281250 0.886719 0.050000 0.062500
0 0.239063 0.917969 0.050000 0.062500
0 0.898438 0.861328 0.050000 0.062500
0 0.859375 0.728516 0.050000 0.062500
0 0.843750 0.697266 0.050000 0.062500
0 0.826562 0.699219 0.050000 0.062500
0 0.798438 0.644531 0.050000 0.062500
0 0.762500 0.644531 0.050000 0.062500
0 0.843750 0.533203 0.050000 0.062500
0 0.980469 0.658203 0.039062 0.062500
0 0.980469 0.701172 0.039062 0.062500
0 0.935937 0.701172 0.050000 0.062500
0 0.734375 0.685547 0.050000 0.062500
0 0.692187 0.734375 0.050000 0.062500
0 0.673438 0.687500 0.050000 0.062500
0 0.646875 0.765625 0.050000 0.062500
0 0.621875 0.781250 0.050000 0.062500
0 0.521875 0.781250 0.050000 0.062500
0 0.506250 0.775391 0.050000 0.062500
0 0.518750 0.816406 0.050000 0.062500
0 0.534375 0.796875 0.050000 0.062500
0 0.493750 0.806641 0.050000 0.062500
0 0.482812 0.783203 0.050000 0.062500
0 0.478125 0.816406 0.050000 0.062500
0 0.468750 0.818359 0.050000 0.062500
0 0.445312 0.820312 0.050000 0.062500
