0 0.431250 0.119141 0.050000 0.062500
0 0.396875 0.115234 0.050000 0.062500
0 0.384375 0.115234 0.050000 0.062500
0 0.362500 0.101562 0.050000 0.062500
0 0.385937 0.193359 0.050000 0.062500
0 0.395313 0.273438 0.050000 0.062500
0 0.420312 0.376953 0.050000 0.062500
0 0.353125 0.392578 0.050000 0.062500
0 0.287500 0.347656 0.050000 0.062500
0 0.242188 0.332031 0.050000 0.062500
0 0.251563 0.564453 0.050000 0.062500
0 0.189062 0.521484 0.050000 0.062500
0 0.398438 0.625000 0.050000 0.062500
0 0.342187 0.537109 0.050000 0.062500
0 0.435937 0.478516 0.050000 0.062500
0 0.514062 0.529297 0.050000 0.062500
0 0.510938 0.621094 0.050000 0.062500
0 0.445312 0.744141 0.050000 0.062500
0 0.498437 0.808594 0.050000 0.062500
0 0.560937 0.929688 0.050000 0.062500
0 0.639062 0.927734 0.050000 0.062500
0 0.764062 0.871094 0.050000 0.062500
0 0.845313 0.927734 0.050000 0.062500
0 0.695312 0.755859 0.050000 0.062500
0 0.595313 0.654297 0.050000 0.062500
0 0.610938 0.558594 0.050000 0.062500
0 0.564063 0.445312 0.050000 0.062500
0 0.551562 0.189453 0.050000 0.062500
0 0.553125 0.125000 0.050000 0.062500
0 0.587500 0.054688 0.050000 0.062500
0 0.445312 0.026367 0.050000 0.052734
0 0.485938 0.021484 0.050000 0.042969
0 0.768750 0.048828 0.050000 0.062500
0 0.728125 0.107422 0.050000 0.062500
0 0.725000 0.203125 0.050000 0.062500
0 0.700000 0.308594 0.050000 0.062500
0 0.714063 0.414062 0.050000 0.062500
0 0.746875 0.531250 0.050000 0.062500
0 0.785937 0.626953 0.050000 0.062500
0 0.923438 0.724609 0.050000 0.062500
0 0.980469 0.626953 0.039062 0.062500
0 0.943750 0.482422 0.050000 0.062500
0 0.953125 0.343750 0.050000 0.062500
0 0.914062 0.240234 0.050000 0.062500
0 0.926562 0.121094 0.050000 0.062500
0 0.982031 0.054688 0.035937 0.062500
