0 0.804688 0.822266 0.050000 0.062500
0 0.917188 0.835938 0.050000 0.062500
0 0.912500 0.632812 0.050000 0.062500
0 0.920312 0.361328 0.050000 0.062500
0 0.865625 0.269531 0.050000 0.062500
0 0.940625 0.169922 0.050000 0.062500
0 0.971875 0.119141 0.050000 0.062500
0 0.903125 0.058594 0.050000 0.062500
0 0.843750 0.212891 0.050000 0.062500
0 0.821875 0.121094 0.050000 0.062500
0 0.706250 0.105469 0.050000 0.062500
0 0.673438 0.029297 0.050000 0.058594
0 0.637500 0.039062 0.050000 0.062500
0 0.637500 0.179688 0.050000 0.062500
0 0.579688 0.208984 0.050000 0.062500
0 0.571875 0.070312 0.050000 0.062500
0 0.523438 0.125000 0.050000 0.062500
0 0.460938 0.187500 0.050000 0.062500
0 0.406250 0.246094 0.050000 0.062500
0 0.348438 0.333984 0.050000 0.062500
0 0.315625 0.402344 0.050000 0.062500
0 0.329688 0.449219 0.050000 0.062500
0 0.303125 0.539062 0.050000 0.062500
0 0.307812 0.642578 0.050000 0.062500
0 0.364063 0.724609 0.050000 0.062500
0 0.431250 0.822266 0.050000 0.062500
0 0.517188 0.687500 0.050000 0.062500
0 0.495312 0.582031 0.050000 0.062500
0 0.504687 0.468750 0.050000 0.062500
0 0.504687 0.390625 0.050000 0.062500
0 0.540625 0.300781 0.050000 0.062500
0 0.553125 0.259766 0.050000 0.062500
0 0.548438 0.775391 0.050000 0.062500
0 0.620313 0.890625 0.050000 0.062500
0 0.762500 0.947266 0.050000 0.062500
0 0.739062 0.685547 0.050000 0.062500
0 0.743750 0.576172 0.050000 0.062500
0 0.685937 0.445312 0.050000 0.062500
0 0.703125 0.349609 0.050000 0.062500
0 0.751563 0.287109 0.050000 0.062500
0 0.871875 0.423828 0.050000 0.062500
0 0.903125 0.970703 0.050000 0.058594
0 0.423438 0.929688 0.050000 0.062500
0 0.332813 0.929688 0.050000 0.062500
0 0.318750 0.824219 0.050000 0.062500
0 0.221875 0.947266 0.050000 0.062500
0 0.146875 0.832031 0.050000 0.062500
0 0.242188 0.785156 0.050000 0.062500
0 0.220312 0.683594 0.050000 0.062500
0 0.195312 0.599609 0.050000 0.062500
0 0.162500 0.705078 0.050000 0.062500
0 0.082812 0.660156 0.050000 0.062500
0 0.040625 0.929688 0.050000 0.062500
0 0.014063 0.716797 0.028125 0.062500
0 0.032813 0.644531 0.050000 0.062500
0 0.087500 0.488281 0.050000 0.062500
0 0.059375 0.478516 0.050000 0.062500
0 0.112500 0.496094 0.050000 0.062500
0 0.162500 0.509766 0.050000 0.062500
0 0.210938 0.414062 0.050000 0.062500
0 0.218750 0.326172 0.050000 0.062500
0 0.176563 0.265625 0.050000 0.062500
0 0.237500 0.273438 0.050000 0.062500
0 0.289062 0.220703 0.050000 0.062500
0 0.248438 0.167969 0.050000 0.062500
0 0.210938 0.203125 0.050000 0.062500
0 0.334375 0.171875 0.050000 0.062500
0 0.381250 0.142578 0.050000 0.062500
0 0.389062 0.074219 0.050000 0.062500
0 0.406250 0.022461 0.050000 0.044922
0 0.285938 0.028320 0.050000 0.056641
0 0.265625 0.023438 0.050000 0.046875
0 0.451562 0.024414 0.050000 0.048828
0 0.445312 0.064453 0.050000 0.062500
0 0.515625 0.037109 0.050000 0.062500
0 0.590625 0.020508 0.050000 0.041016
