0 0.737500 0.324219 0.050000 0.062500
0 0.790625 0.285156 0.050000 0.062500
0 0.804688 0.337891 0.050000 0.062500
0 0.748437 0.371094 0.050000 0.062500
0 0.893750 0.156250 0.050000 0.062500
0 0.576562 0.126953 0.050000 0.062500
0 0.581250 0.175781 0.050000 0.062500
0 0.539062 0.150391 0.050000 0.062500
0 0.559375 0.195312 0.050000 0.062500
0 0.339062 0.191406 0.050000 0.062500
0 0.017969 0.091797 0.035937 0.062500
0 0.017969 0.205078 0.035937 0.062500
0 0.020313 0.705078 0.040625 0.062500
0 0.607812 0.792969 0.050000 0.062500
0 0.785937 0.751953 0.050000 0.062500
0 0.928125 0.191406 0.050000 0.062500
0 0.965625 0.126953 0.050000 0.062500
0 0.721875 0.119141 0.050000 0.062500
0 0.781250 0.050781 0.050000 0.062500
0 0.554688 0.355469 0.050000 0.062500
