0 0.692187 0.312500 0.050000 0.062500
0 0.656250 0.330078 0.050000 0.062500
0 0.635938 0.343750 0.050000 0.062500
0 0.601562 0.324219 0.050000 0.062500
0 0.570312 0.343750 0.050000 0.062500
0 0.543750 0.328125 0.050000 0.062500
0 0.518750 0.328125 0.050000 0.062500
0 0.428125 0.335938 0.050000 0.062500
0 0.373437 0.302734 0.050000 0.062500
0 0.321875 0.314453 0.050000 0.062500
0 0.265625 0.347656 0.050000 0.062500
0 0.098437 0.457031 0.050000 0.062500
0 0.089063 0.287109 0.050000 0.062500
0 0.123438 0.201172 0.050000 0.062500
0 0.301563 0.025391 0.050000 0.050781
0 0.320312 0.203125 0.050000 0.062500
0 0.448437 0.199219 0.050000 0.062500
0 0.457813 0.111328 0.050000 0.062500
0 0.607812 0.056641 0.050000 0.062500
0 0.657813 0.020508 0.050000 0.041016
0 0.768750 0.179688 0.050000 0.062500
0 0.837500 0.302734 0.050000 0.062500
0 0.887500 0.304688 0.050000 0.062500
0 0.771875 0.275391 0.050000 0.062500
0 0.568750 0.255859 0.050000 0.062500
0 0.977344 0.238281 0.045312 0.062500
0 0.473438 0.337891 0.050000 0.062500
0 0.040625 0.603516 0.050000 0.062500
0 0.192188 0.308594 0.050000 0.062500
0 0.019531 0.875000 0.039062 0.062500
