0 0.095312 0.244141 0.050000 0.062500
0 0.279687 0.119141 0.050000 0.062500
0 0.300000 0.083984 0.050000 0.062500
0 0.314063 0.173828 0.050000 0.062500
0 0.457813 0.341797 0.050000 0.062500
0 0.500000 0.355469 0.050000 0.062500
0 0.528125 0.361328 0.050000 0.062500
0 0.573438 0.335938 0.050000 0.062500
0 0.612500 0.341797 0.050000 0.062500
0 0.651563 0.333984 0.050000 0.062500
0 0.695312 0.337891 0.050000 0.062500
0 0.725000 0.335938 0.050000 0.062500
0 0.759375 0.347656 0.050000 0.062500
0 0.790625 0.341797 0.050000 0.062500
0 0.826562 0.330078 0.050000 0.062500
0 0.851562 0.335938 0.050000 0.062500
0 0.879687 0.335938 0.050000 0.062500
0 0.932813 0.328125 0.050000 0.062500
0 0.946875 0.271484 0.050000 0.062500
0 0.975000 0.341797 0.050000 0.062500
0 0.885938 0.541016 0.050000 0.062500
0 0.760938 0.630859 0.050000 0.062500
0 0.639062 0.539062 0.050000 0.062500
0 0.815625 0.957031 0.050000 0.062500
0 0.896875 0.960938 0.050000 0.062500
0 0.960938 0.972656 0.050000 0.054688
0 0.937500 0.466797 0.050000 0.062500
0 0.977344 0.402344 0.045312 0.062500
0 0.904687 0.566406 0.050000 0.062500
