0 0.034375 0.328125 0.050000 0.062500
0 0.139063 0.314453 0.050000 0.062500
0 0.125000 0.166016 0.050000 0.062500
0 0.153125 0.101562 0.050000 0.062500
0 0.173437 0.207031 0.050000 0.062500
0 0.290625 0.238281 0.050000 0.062500
0 0.579688 0.097656 0.050000 0.062500
0 0.539062 0.343750 0.050000 0.062500
0 0.592187 0.361328 0.050000 0.062500
0 0.646875 0.457031 0.050000 0.062500
0 0.714063 0.583984 0.050000 0.062500
0 0.554688 0.812500 0.050000 0.062500
0 0.248438 0.951172 0.050000 0.062500
0 0.331250 0.947266 0.050000 0.062500
0 0.393750 0.955078 0.050000 0.062500
0 0.479687 0.968750 0.050000 0.062500
0 0.745313 0.341797 0.050000 0.062500
0 0.792188 0.361328 0.050000 0.062500
0 0.832812 0.351562 0.050000 0.062500
0 0.893750 0.300781 0.050000 0.062500
0 0.915625 0.349609 0.050000 0.062500
0 0.868750 0.234375 0.050000 0.062500
0 0.332813 0.503906 0.050000 0.062500
0 0.365625 0.433594 0.050000 0.062500
0 0.400000 0.375000 0.050000 0.062500
0 0.398438 0.308594 0.050000 0.062500
0 0.350000 0.287109 0.050000 0.062500
0 0.178125 0.326172 0.050000 0.062500
0 0.204687 0.314453 0.050000 0.062500
0 0.246875 0.308594 0.050000 0.062500
0 0.275000 0.310547 0.050000 0.062500
0 0.300000 0.310547 0.050000 0.062500
0 0.068750 0.328125 0.050000 0.062500
0 0.037500 0.402344 0.050000 0.062500
0 0.012500 0.330078 0.025000 0.062500
0 0.689063 0.050781 0.050000 0.062500
0 0.651563 0.021484 0.050000 0.042969
0 0.820312 0.416016 0.050000 0.062500
0 0.809375 0.517578 0.050000 0.062500
0 0.279687 0.978516 0.050000 0.042969
