0 0.081250 0.064453 0.050000 0.062500
0 0.031250 0.130859 0.050000 0.062500
0 0.093750 0.195312 0.050000 0.062500
0 0.292187 0.080078 0.050000 0.062500
0 0.089063 0.416016 0.050000 0.062500
0 0.075000 0.490234 0.050000 0.062500
0 0.046875 0.482422 0.050000 0.062500
0 0.296875 0.570312 0.050000 0.062500
0 0.309375 0.496094 0.050000 0.062500
0 0.354687 0.431641 0.050000 0.062500
0 0.423438 0.476562 0.050000 0.062500
0 0.453125 0.513672 0.050000 0.062500
0 0.545312 0.470703 0.050000 0.062500
0 0.542188 0.425781 0.050000 0.062500
0 0.495312 0.423828 0.050000 0.062500
0 0.514062 0.328125 0.050000 0.062500
0 0.479687 0.306641 0.050000 0.062500
0 0.467187 0.236328 0.050000 0.062500
0 0.915625 0.437500 0.050000 0.062500
0 0.882812 0.328125 0.050000 0.062500
0 0.953125 0.150391 0.050000 0.062500
0 0.942187 0.031250 0.050000 0.062500
0 0.977344 0.119141 0.045312 0.062500
0 0.189062 0.941406 0.050000 0.062500
0 0.112500 0.943359 0.050000 0.062500
0 0.048438 0.933594 0.050000 0.062500
0 0.153125 0.626953 0.050000 0.062500
0 0.412500 0.035156 0.050000 0.062500
0 0.073438 0.291016 0.050000 0.062500
0 0.115625 0.304688 0.050000 0.062500
0 0.112500 0.361328 0.050000 0.062500
0 0.024219 0.310547 0.048438 0.062500
0 0.012500 0.283203 0.025000 0.062500
0 0.017188 0.228516 0.034375 0.062500
0 0.467187 0.611328 0.050000 0.062500
