0 0.050000 0.203125 0.050000 0.062500
0 0.171875 0.193359 0.050000 0.062500
0 0.150000 0.253906 0.050000 0.062500
0 0.575000 0.234375 0.050000 0.062500
0 0.646875 0.173828 0.050000 0.062500
0 0.628125 0.044922 0.050000 0.062500
0 0.728125 0.072266 0.050000 0.062500
0 0.768750 0.046875 0.050000 0.062500
0 0.753125 0.021484 0.050000 0.042969
0 0.837500 0.074219 0.050000 0.062500
0 0.829688 0.126953 0.050000 0.062500
0 0.737500 0.177734 0.050000 0.062500
0 0.650000 0.773438 0.050000 0.062500
0 0.575000 0.759766 0.050000 0.062500
