0 0.476562 0.024414 0.050000 0.048828
0 0.490625 0.064453 0.050000 0.062500
0 0.526563 0.105469 0.050000 0.062500
0 0.503125 0.152344 0.050000 0.062500
0 0.568750 0.150391 0.050000 0.062500
0 0.614062 0.212891 0.050000 0.062500
0 0.771875 0.119141 0.050000 0.062500
0 0.765625 0.167969 0.050000 0.062500
0 0.212500 0.070312 0.050000 0.062500
0 0.376563 0.175781 0.050000 0.062500
0 0.095312 0.115234 0.050000 0.062500
0 0.021875 0.035156 0.043750 0.062500
0 0.496875 0.714844 0.050000 0.062500
0 0.700000 0.958984 0.050000 0.062500
