0 0.104688 0.052734 0.050000 0.062500
0 0.118750 0.041016 0.050000 0.062500
0 0.121875 0.027344 0.050000 0.054688
0 0.145313 0.029297 0.050000 0.058594
0 0.159375 0.022461 0.050000 0.044922
0 0.281250 0.025391 0.050000 0.050781
0 0.206250 0.082031 0.050000 0.062500
0 0.137500 0.138672 0.050000 0.062500
0 0.096875 0.142578 0.050000 0.062500
0 0.567187 0.500000 0.050000 0.062500
0 0.565625 0.537109 0.050000 0.062500
0 0.528125 0.859375 0.050000 0.062500
0 0.490625 0.851562 0.050000 0.062500
0 0.465625 0.871094 0.050000 0.062500
0 0.662500 0.455078 0.050000 0.062500
0 0.757812 0.462891 0.050000 0.062500
0 0.860938 0.527344 0.050000 0.062500
0 0.901563 0.712891 0.050000 0.062500
0 0.918750 0.896484 0.050000 0.062500
0 0.935937 0.394531 0.050000 0.062500
0 0.731250 0.382812 0.050000 0.062500
0 0.657813 0.113281 0.050000 0.062500
0 0.679688 0.650391 0.050000 0.062500
0 0.023438 0.134766 0.046875 0.062500
