0 0.107813 0.030273 0.050000 0.060547
0 0.189062 0.091797 0.050000 0.062500
0 0.303125 0.058594 0.050000 0.062500
0 0.531250 0.044922 0.050000 0.062500
0 0.431250 0.193359 0.050000 0.062500
0 0.487500 0.160156 0.050000 0.062500
0 0.576562 0.160156 0.050000 0.062500
0 0.565625 0.119141 0.050000 0.062500
0 0.565625 0.060547 0.050000 0.062500
0 0.154688 0.853516 0.050000 0.062500
0 0.767188 0.971680 0.050000 0.056641
0 0.650000 0.156250 0.050000 0.062500
0 0.801562 0.150391 0.050000 0.062500
0 0.801562 0.115234 0.050000 0.062500
0 0.618750 0.052734 0.050000 0.062500
0 0.625000 0.024414 0.050000 0.048828
