0 0.923438 0.033203 0.050000 0.062500
0 0.953125 0.099609 0.050000 0.062500
0 0.948438 0.136719 0.050000 0.062500
0 0.835938 0.144531 0.050000 0.062500
0 0.784375 0.095703 0.050000 0.062500
0 0.778125 0.058594 0.050000 0.062500
0 0.715625 0.072266 0.050000 0.062500
0 0.721875 0.105469 0.050000 0.062500
0 0.735938 0.146484 0.050000 0.062500
0 0.668750 0.103516 0.050000 0.062500
0 0.668750 0.160156 0.050000 0.062500
0 0.504687 0.080078 0.050000 0.062500
0 0.437500 0.185547 0.050000 0.062500
0 0.359375 0.082031 0.050000 0.062500
0 0.296875 0.044922 0.050000 0.062500
0 0.050000 0.853516 0.050000 0.062500
0 0.915625 0.975586 0.050000 0.048828
0 0.325000 0.966797 0.050000 0.062500
