0 0.150000 0.234375 0.050000 0.062500
0 0.187500 0.208984 0.050000 0.062500
0 0.217188 0.162109 0.050000 0.062500
0 0.346875 0.132812 0.050000 0.062500
0 0.353125 0.187500 0.050000 0.062500
0 0.360938 0.267578 0.050000 0.062500
0 0.348438 0.308594 0.050000 0.062500
0 0.409375 0.369141 0.050000 0.062500
0 0.539062 0.287109 0.050000 0.062500
0 0.545312 0.197266 0.050000 0.062500
0 0.710938 0.222656 0.050000 0.062500
0 0.715625 0.185547 0.050000 0.062500
0 0.726562 0.029297 0.050000 0.058594
0 0.403125 0.087891 0.050000 0.062500
0 0.565625 0.103516 0.050000 0.062500
