0 0.821875 0.324219 0.050000 0.062500
0 0.900000 0.316406 0.050000 0.062500
0 0.437500 0.064453 0.050000 0.062500
0 0.289062 0.156250 0.050000 0.062500
0 0.365625 0.230469 0.050000 0.062500
0 0.214062 0.109375 0.050000 0.062500
0 0.264062 0.066406 0.050000 0.062500
0 0.019531 0.162109 0.039062 0.062500
0 0.028125 0.251953 0.050000 0.062500
0 0.019531 0.306641 0.039062 0.062500
0 0.437500 0.132812 0.050000 0.062500
0 0.031250 0.099609 0.050000 0.062500
0 0.596875 0.279297 0.050000 0.062500
0 0.593750 0.320312 0.050000 0.062500
0 0.980469 0.044922 0.039062 0.062500
0 0.968750 0.031250 0.050000 0.062500
0 0.651563 0.585938 0.050000 0.062500
0 0.704688 0.580078 0.050000 0.062500
0 0.764062 0.570312 0.050000 0.062500
0 0.834375 0.587891 0.050000 0.062500
0 0.892188 0.570312 0.050000 0.062500
0 0.954688 0.566406 0.050000 0.062500
0 0.928125 0.018555 0.050000 0.037109
