0 0.022656 0.138672 0.045312 0.062500
0 0.096875 0.142578 0.050000 0.062500
0 0.134375 0.136719 0.050000 0.062500
0 0.207813 0.085938 0.050000 0.062500
0 0.285938 0.026367 0.050000 0.052734
0 0.106250 0.062500 0.050000 0.062500
0 0.120313 0.046875 0.050000 0.062500
0 0.128125 0.037109 0.050000 0.062500
0 0.145313 0.033203 0.050000 0.062500
0 0.153125 0.022461 0.050000 0.044922
0 0.275000 0.019531 0.050000 0.039062
0 0.670312 0.113281 0.050000 0.062500
0 0.928125 0.392578 0.050000 0.062500
0 0.860938 0.533203 0.050000 0.062500
0 0.921875 0.734375 0.050000 0.062500
0 0.910937 0.890625 0.050000 0.062500
0 0.520312 0.875000 0.050000 0.062500
0 0.492188 0.853516 0.050000 0.062500
0 0.467187 0.871094 0.050000 0.062500
0 0.645312 0.666016 0.050000 0.062500
0 0.564063 0.511719 0.050000 0.062500
0 0.567187 0.544922 0.050000 0.062500
0 0.671875 0.470703 0.050000 0.062500
0 0.756250 0.474609 0.050000 0.062500
0 0.737500 0.402344 0.050000 0.062500
