0 0.773438 0.126953 0.050000 0.062500
0 0.865625 0.062500 0.050000 0.062500
0 0.456250 0.152344 0.050000 0.062500
0 0.095312 0.376953 0.050000 0.062500
0 0.087500 0.328125 0.050000 0.062500
0 0.114062 0.240234 0.050000 0.062500
0 0.107813 0.173828 0.050000 0.062500
0 0.684375 0.449219 0.050000 0.062500
0 0.723437 0.416016 0.050000 0.062500
0 0.775000 0.392578 0.050000 0.062500
0 0.848437 0.371094 0.050000 0.062500
0 0.903125 0.326172 0.050000 0.062500
0 0.964063 0.298828 0.050000 0.062500
0 0.295312 0.166016 0.050000 0.062500
0 0.410938 0.107422 0.050000 0.062500
0 0.709375 0.193359 0.050000 0.062500
0 0.506250 0.062500 0.050000 0.062500
0 0.328125 0.029297 0.050000 0.058594
0 0.712500 0.226562 0.050000 0.062500
0 0.495312 0.017578 0.050000 0.035156
