0 0.504687 0.451172 0.050000 0.062500
0 0.543750 0.417969 0.050000 0.062500
0 0.595313 0.392578 0.050000 0.062500
0 0.662500 0.371094 0.050000 0.062500
0 0.720313 0.328125 0.050000 0.062500
0 0.771875 0.294922 0.050000 0.062500
0 0.042188 0.271484 0.050000 0.062500
0 0.054688 0.318359 0.050000 0.062500
0 0.145313 0.162109 0.050000 0.062500
0 0.134375 0.113281 0.050000 0.062500
0 0.321875 0.105469 0.050000 0.062500
0 0.312500 0.018555 0.050000 0.037109
0 0.457813 0.046875 0.050000 0.062500
0 0.740625 0.169922 0.050000 0.062500
0 0.737500 0.130859 0.050000 0.062500
0 0.596875 0.125000 0.050000 0.062500
0 0.673438 0.062500 0.050000 0.062500
0 0.889062 0.261719 0.050000 0.062500
0 0.915625 0.246094 0.050000 0.062500
0 0.962500 0.253906 0.050000 0.062500
0 0.982812 0.212891 0.034375 0.062500
