0 0.471875 0.091797 0.050000 0.062500
0 0.475000 0.025391 0.050000 0.050781
0 0.220312 0.201172 0.050000 0.062500
0 0.235937 0.156250 0.050000 0.062500
0 0.135937 0.441406 0.050000 0.062500
0 0.153125 0.476562 0.050000 0.062500
0 0.473438 0.468750 0.050000 0.062500
0 0.500000 0.408203 0.050000 0.062500
0 0.531250 0.351562 0.050000 0.062500
0 0.571875 0.281250 0.050000 0.062500
0 0.612500 0.216797 0.050000 0.062500
0 0.650000 0.156250 0.050000 0.062500
0 0.734375 0.060547 0.050000 0.062500
0 0.762500 0.031250 0.050000 0.062500
0 0.940625 0.179688 0.050000 0.062500
0 0.340625 0.021484 0.050000 0.042969
0 0.937500 0.148438 0.050000 0.062500
0 0.932813 0.130859 0.050000 0.062500
0 0.895312 0.031250 0.050000 0.062500
0 0.920312 0.101562 0.050000 0.062500
