0 0.254688 0.541016 0.050000 0.062500
0 0.231250 0.505859 0.050000 0.062500
0 0.153125 0.400391 0.050000 0.062500
0 0.064062 0.189453 0.050000 0.062500
0 0.207813 0.142578 0.050000 0.062500
0 0.323437 0.029297 0.050000 0.058594
0 0.139063 0.064453 0.050000 0.062500
0 0.365625 0.318359 0.050000 0.062500
0 0.057813 0.089844 0.050000 0.062500
0 0.023438 0.126953 0.046875 0.062500
0 0.656250 0.027344 0.050000 0.054688
0 0.659375 0.080078 0.050000 0.062500
0 0.551562 0.275391 0.050000 0.062500
0 0.534375 0.347656 0.050000 0.062500
0 0.520312 0.423828 0.050000 0.062500
0 0.484375 0.500000 0.050000 0.062500
0 0.457813 0.568359 0.050000 0.062500
0 0.450000 0.623047 0.050000 0.062500
0 0.625000 0.119141 0.050000 0.062500
0 0.840625 0.201172 0.050000 0.062500
0 0.818750 0.167969 0.050000 0.062500
0 0.798438 0.119141 0.050000 0.062500
0 0.762500 0.058594 0.050000 0.062500
0 0.739062 0.024414 0.050000 0.048828
0 0.975000 0.138672 0.050000 0.062500
0 0.614062 0.152344 0.050000 0.062500
0 0.351562 0.205078 0.050000 0.062500
0 0.192188 0.035156 0.050000 0.062500
