0 0.592187 0.179688 0.050000 0.062500
0 0.601562 0.146484 0.050000 0.062500
0 0.643750 0.105469 0.050000 0.062500
0 0.651563 0.060547 0.050000 0.062500
0 0.517188 0.287109 0.050000 0.062500
0 0.482812 0.343750 0.050000 0.062500
0 0.457813 0.416016 0.050000 0.062500
0 0.412500 0.484375 0.050000 0.062500
0 0.376563 0.531250 0.050000 0.062500
0 0.365625 0.597656 0.050000 0.062500
0 0.718750 0.028320 0.050000 0.056641
0 0.737500 0.072266 0.050000 0.062500
0 0.748437 0.119141 0.050000 0.062500
0 0.775000 0.191406 0.050000 0.062500
0 0.801562 0.230469 0.050000 0.062500
0 0.796875 0.273438 0.050000 0.062500
0 0.943750 0.240234 0.050000 0.062500
0 0.834375 0.044922 0.050000 0.062500
0 0.078125 0.615234 0.050000 0.062500
0 0.018750 0.210938 0.037500 0.062500
0 0.019531 0.027344 0.039062 0.054688
0 0.065625 0.018555 0.050000 0.037109
0 0.292187 0.320312 0.050000 0.062500
0 0.339062 0.283203 0.050000 0.062500
0 0.365625 0.306641 0.050000 0.062500
0 0.328125 0.167969 0.050000 0.062500
0 0.295312 0.046875 0.050000 0.062500
0 0.295312 0.018555 0.050000 0.037109
