0 0.026562 0.783203 0.050000 0.062500
0 0.040625 0.714844 0.050000 0.062500
0 0.079687 0.658203 0.050000 0.062500
0 0.118750 0.591797 0.050000 0.062500
0 0.151562 0.521484 0.050000 0.062500
0 0.182812 0.457031 0.050000 0.062500
0 0.260937 0.345703 0.050000 0.062500
0 0.271875 0.308594 0.050000 0.062500
0 0.087500 0.269531 0.050000 0.062500
0 0.185938 0.173828 0.050000 0.062500
0 0.164062 0.150391 0.050000 0.062500
0 0.314063 0.214844 0.050000 0.062500
0 0.279687 0.039062 0.050000 0.062500
0 0.359375 0.099609 0.050000 0.062500
0 0.550000 0.171875 0.050000 0.062500
0 0.543750 0.369141 0.050000 0.062500
0 0.615625 0.406250 0.050000 0.062500
0 0.784375 0.024414 0.050000 0.048828
0 0.462500 0.449219 0.050000 0.062500
0 0.473438 0.400391 0.050000 0.062500
0 0.456250 0.359375 0.050000 0.062500
0 0.418750 0.285156 0.050000 0.062500
0 0.401562 0.236328 0.050000 0.062500
0 0.392188 0.187500 0.050000 0.062500
0 0.295312 0.015625 0.050000 0.031250
0 0.303125 0.273438 0.050000 0.062500
0 0.571875 0.832031 0.050000 0.062500
