0 0.017188 0.244141 0.034375 0.062500
0 0.045312 0.183594 0.050000 0.062500
0 0.035937 0.201172 0.050000 0.062500
0 0.062500 0.146484 0.050000 0.062500
0 0.100000 0.121094 0.050000 0.062500
0 0.021094 0.326172 0.042188 0.062500
0 0.050000 0.302734 0.050000 0.062500
0 0.107813 0.226562 0.050000 0.062500
0 0.159375 0.125000 0.050000 0.062500
0 0.189062 0.082031 0.050000 0.062500
0 0.073438 0.024414 0.050000 0.048828
0 0.121875 0.021484 0.050000 0.042969
0 0.589063 0.046875 0.050000 0.062500
0 0.875000 0.265625 0.050000 0.062500
0 0.842187 0.417969 0.050000 0.062500
0 0.806250 0.447266 0.050000 0.062500
0 0.798438 0.478516 0.050000 0.062500
0 0.959375 0.705078 0.050000 0.062500
0 0.575000 0.916016 0.050000 0.062500
0 0.557813 0.876953 0.050000 0.062500
0 0.528125 0.888672 0.050000 0.062500
0 0.612500 0.636719 0.050000 0.062500
0 0.632812 0.482422 0.050000 0.062500
0 0.548438 0.503906 0.050000 0.062500
0 0.514062 0.507812 0.050000 0.062500
0 0.022656 0.208984 0.045312 0.062500
0 0.171875 0.142578 0.050000 0.062500
