0 0.023438 0.226562 0.046875 0.062500
0 0.068750 0.140625 0.050000 0.062500
0 0.019531 0.517578 0.039062 0.062500
0 0.060937 0.484375 0.050000 0.062500
0 0.121875 0.433594 0.050000 0.062500
0 0.167187 0.380859 0.050000 0.062500
0 0.215625 0.337891 0.050000 0.062500
0 0.312500 0.267578 0.050000 0.062500
0 0.331250 0.230469 0.050000 0.062500
0 0.376563 0.210938 0.050000 0.062500
0 0.409375 0.173828 0.050000 0.062500
0 0.485938 0.160156 0.050000 0.062500
0 0.471875 0.214844 0.050000 0.062500
0 0.478125 0.267578 0.050000 0.062500
0 0.493750 0.396484 0.050000 0.062500
0 0.495312 0.349609 0.050000 0.062500
0 0.484375 0.443359 0.050000 0.062500
0 0.667188 0.296875 0.050000 0.062500
0 0.654687 0.130859 0.050000 0.062500
0 0.607812 0.064453 0.050000 0.062500
0 0.629687 0.031250 0.050000 0.062500
0 0.629687 0.458984 0.050000 0.062500
0 0.864062 0.074219 0.050000 0.062500
0 0.600000 0.689453 0.050000 0.062500
0 0.660937 0.900391 0.050000 0.062500
0 0.481250 0.849609 0.050000 0.062500
