0 0.135937 0.076172 0.050000 0.062500
0 0.176563 0.070312 0.050000 0.062500
0 0.226562 0.083984 0.050000 0.062500
0 0.295312 0.101562 0.050000 0.062500
0 0.365625 0.109375 0.050000 0.062500
0 0.423438 0.115234 0.050000 0.062500
0 0.548438 0.441406 0.050000 0.062500
0 0.585938 0.408203 0.050000 0.062500
0 0.610938 0.375000 0.050000 0.062500
0 0.646875 0.574219 0.050000 0.062500
0 0.700000 0.656250 0.050000 0.062500
0 0.881250 0.789062 0.050000 0.062500
0 0.909375 0.779297 0.050000 0.062500
0 0.095312 0.853516 0.050000 0.062500
0 0.021875 0.748047 0.043750 0.062500
0 0.139063 0.933594 0.050000 0.062500
0 0.146875 0.892578 0.050000 0.062500
0 0.539062 0.152344 0.050000 0.062500
0 0.568750 0.156250 0.050000 0.062500
0 0.612500 0.179688 0.050000 0.062500
0 0.648438 0.171875 0.050000 0.062500
0 0.650000 0.298828 0.050000 0.062500
0 0.679688 0.269531 0.050000 0.062500
0 0.707812 0.230469 0.050000 0.062500
0 0.668750 0.044922 0.050000 0.062500
0 0.762500 0.050781 0.050000 0.062500
0 0.982812 0.316406 0.034375 0.062500
