0 0.198437 0.701172 0.050000 0.062500
0 0.228125 0.826172 0.050000 0.062500
0 0.545312 0.775391 0.050000 0.062500
0 0.593750 0.623047 0.050000 0.062500
0 0.603125 0.482422 0.050000 0.062500
0 0.648438 0.490234 0.050000 0.062500
0 0.681250 0.490234 0.050000 0.062500
0 0.743750 0.453125 0.050000 0.062500
0 0.782813 0.445312 0.050000 0.062500
0 0.828125 0.443359 0.050000 0.062500
0 0.951562 0.435547 0.050000 0.062500
0 0.942187 0.625000 0.050000 0.062500
0 0.812500 0.341797 0.050000 0.062500
0 0.768750 0.316406 0.050000 0.062500
0 0.720313 0.246094 0.050000 0.062500
0 0.756250 0.267578 0.050000 0.062500
0 0.651563 0.130859 0.050000 0.062500
0 0.618750 0.070312 0.050000 0.062500
0 0.567187 0.029297 0.050000 0.058594
0 0.932813 0.457031 0.050000 0.062500
