0 0.696875 0.775391 0.050000 0.062500
0 0.673438 0.775391 0.050000 0.062500
0 0.404687 0.773438 0.050000 0.062500
0 0.250000 0.779297 0.050000 0.062500
0 0.204687 0.955078 0.050000 0.062500
0 0.245312 0.971680 0.050000 0.056641
0 0.615625 0.523438 0.050000 0.062500
0 0.585938 0.611328 0.050000 0.062500
0 0.657813 0.552734 0.050000 0.062500
0 0.698438 0.564453 0.050000 0.062500
0 0.759375 0.560547 0.050000 0.062500
0 0.807813 0.578125 0.050000 0.062500
0 0.846875 0.599609 0.050000 0.062500
0 0.857812 0.498047 0.050000 0.062500
0 0.840625 0.457031 0.050000 0.062500
0 0.832812 0.402344 0.050000 0.062500
0 0.807813 0.371094 0.050000 0.062500
0 0.779687 0.226562 0.050000 0.062500
0 0.754687 0.164062 0.050000 0.062500
0 0.725000 0.091797 0.050000 0.062500
0 0.700000 0.021484 0.050000 0.042969
0 0.970313 0.095703 0.050000 0.062500
