0 0.017969 0.250000 0.035937 0.062500
0 0.021875 0.212891 0.043750 0.062500
0 0.050000 0.187500 0.050000 0.062500
0 0.035937 0.208984 0.050000 0.062500
0 0.067187 0.152344 0.050000 0.062500
0 0.098437 0.132812 0.050000 0.062500
0 0.021875 0.330078 0.043750 0.062500
0 0.050000 0.304688 0.050000 0.062500
0 0.109375 0.232422 0.050000 0.062500
0 0.164062 0.132812 0.050000 0.062500
0 0.193750 0.089844 0.050000 0.062500
0 0.079687 0.026367 0.050000 0.052734
0 0.106250 0.039062 0.050000 0.062500
0 0.126562 0.020508 0.050000 0.041016
0 0.596875 0.035156 0.050000 0.062500
0 0.875000 0.265625 0.050000 0.062500
0 0.843750 0.419922 0.050000 0.062500
0 0.829688 0.472656 0.050000 0.062500
0 0.820312 0.494141 0.050000 0.062500
0 0.954688 0.695312 0.050000 0.062500
0 0.573438 0.912109 0.050000 0.062500
0 0.562500 0.882812 0.050000 0.062500
0 0.528125 0.892578 0.050000 0.062500
0 0.615625 0.640625 0.050000 0.062500
0 0.643750 0.492188 0.050000 0.062500
0 0.548438 0.515625 0.050000 0.062500
0 0.506250 0.501953 0.050000 0.062500
0 0.178125 0.162109 0.050000 0.062500
