0 0.478125 0.943359 0.050000 0.062500
0 0.464062 0.890625 0.050000 0.062500
0 0.632812 0.738281 0.050000 0.062500
0 0.654687 0.642578 0.050000 0.062500
0 0.695312 0.656250 0.050000 0.062500
0 0.732812 0.650391 0.050000 0.062500
0 0.790625 0.644531 0.050000 0.062500
0 0.839063 0.630859 0.050000 0.062500
0 0.889062 0.638672 0.050000 0.062500
0 0.800000 0.423828 0.050000 0.062500
0 0.828125 0.457031 0.050000 0.062500
0 0.840625 0.503906 0.050000 0.062500
0 0.881250 0.541016 0.050000 0.062500
0 0.742188 0.296875 0.050000 0.062500
0 0.706250 0.234375 0.050000 0.062500
0 0.667188 0.175781 0.050000 0.062500
0 0.620313 0.111328 0.050000 0.062500
0 0.593750 0.052734 0.050000 0.062500
0 0.560937 0.024414 0.050000 0.048828
0 0.971875 0.769531 0.050000 0.062500
0 0.019531 0.453125 0.039062 0.062500
0 0.904687 0.105469 0.050000 0.062500
0 0.453125 0.892578 0.050000 0.062500
