0 0.757812 0.113281 0.050000 0.062500
0 0.739062 0.207031 0.050000 0.062500
0 0.662500 0.089844 0.050000 0.062500
0 0.350000 0.294922 0.050000 0.062500
0 0.387500 0.287109 0.050000 0.062500
0 0.439063 0.308594 0.050000 0.062500
0 0.509375 0.347656 0.050000 0.062500
0 0.570312 0.355469 0.050000 0.062500
0 0.640625 0.375000 0.050000 0.062500
0 0.748437 0.419922 0.050000 0.062500
0 0.789062 0.429688 0.050000 0.062500
0 0.864062 0.457031 0.050000 0.062500
0 0.821875 0.462891 0.050000 0.062500
0 0.925000 0.519531 0.050000 0.062500
0 0.882812 0.550781 0.050000 0.062500
0 0.843750 0.605469 0.050000 0.062500
0 0.812500 0.658203 0.050000 0.062500
0 0.785937 0.689453 0.050000 0.062500
0 0.745313 0.701172 0.050000 0.062500
0 0.728125 0.744141 0.050000 0.062500
0 0.812500 0.028320 0.050000 0.056641
0 0.878125 0.048828 0.050000 0.062500
