0 0.112500 0.246094 0.050000 0.062500
0 0.464062 0.140625 0.050000 0.062500
0 0.559375 0.132812 0.050000 0.062500
0 0.554688 0.082031 0.050000 0.062500
0 0.717187 0.050781 0.050000 0.062500
0 0.801562 0.085938 0.050000 0.062500
0 0.850000 0.117188 0.050000 0.062500
0 0.885938 0.132812 0.050000 0.062500
0 0.898438 0.087891 0.050000 0.062500
0 0.926562 0.046875 0.050000 0.062500
0 0.907813 0.024414 0.050000 0.048828
0 0.960938 0.162109 0.050000 0.062500
0 0.942187 0.271484 0.050000 0.062500
0 0.848437 0.261719 0.050000 0.062500
0 0.559375 0.556641 0.050000 0.062500
0 0.614062 0.542969 0.050000 0.062500
0 0.670312 0.550781 0.050000 0.062500
0 0.745313 0.550781 0.050000 0.062500
0 0.812500 0.539062 0.050000 0.062500
0 0.870313 0.548828 0.050000 0.062500
0 0.945312 0.541016 0.050000 0.062500
0 0.981250 0.564453 0.037500 0.062500
