0 0.062500 0.203125 0.050000 0.062500
0 0.209375 0.257812 0.050000 0.062500
0 0.656250 0.140625 0.050000 0.062500
0 0.637500 0.105469 0.050000 0.062500
0 0.568750 0.554688 0.050000 0.062500
0 0.610938 0.539062 0.050000 0.062500
0 0.678125 0.535156 0.050000 0.062500
0 0.746875 0.558594 0.050000 0.062500
0 0.809375 0.537109 0.050000 0.062500
0 0.876563 0.556641 0.050000 0.062500
0 0.940625 0.548828 0.050000 0.062500
0 0.982812 0.556641 0.034375 0.062500
0 0.893750 0.308594 0.050000 0.062500
0 0.821875 0.343750 0.050000 0.062500
0 0.796875 0.097656 0.050000 0.062500
0 0.728125 0.039062 0.050000 0.062500
0 0.851562 0.119141 0.050000 0.062500
0 0.893750 0.140625 0.050000 0.062500
0 0.896875 0.085938 0.050000 0.062500
0 0.909375 0.024414 0.050000 0.048828
0 0.982812 0.056641 0.034375 0.062500
0 0.334375 0.018555 0.050000 0.037109
0 0.845313 0.265625 0.050000 0.062500
