0 0.160938 0.212891 0.050000 0.062500
0 0.306250 0.238281 0.050000 0.062500
0 0.568750 0.537109 0.050000 0.062500
0 0.621875 0.531250 0.050000 0.062500
0 0.673438 0.531250 0.050000 0.062500
0 0.745313 0.535156 0.050000 0.062500
0 0.815625 0.529297 0.050000 0.062500
0 0.881250 0.529297 0.050000 0.062500
0 0.940625 0.537109 0.050000 0.062500
0 0.715625 0.330078 0.050000 0.062500
0 0.673438 0.132812 0.050000 0.062500
0 0.651563 0.078125 0.050000 0.062500
0 0.732812 0.031250 0.050000 0.062500
0 0.796875 0.066406 0.050000 0.062500
0 0.800000 0.314453 0.050000 0.062500
0 0.851562 0.248047 0.050000 0.062500
0 0.856250 0.105469 0.050000 0.062500
0 0.893750 0.126953 0.050000 0.062500
0 0.915625 0.078125 0.050000 0.062500
0 0.867188 0.028320 0.050000 0.056641
0 0.982812 0.542969 0.034375 0.062500
0 0.912500 0.021484 0.050000 0.042969
