0 0.226562 0.248047 0.050000 0.062500
0 0.375000 0.275391 0.050000 0.062500
0 0.570312 0.556641 0.050000 0.062500
0 0.621875 0.546875 0.050000 0.062500
0 0.675000 0.542969 0.050000 0.062500
0 0.743750 0.550781 0.050000 0.062500
0 0.812500 0.537109 0.050000 0.062500
0 0.882812 0.539062 0.050000 0.062500
0 0.937500 0.542969 0.050000 0.062500
0 0.982812 0.548828 0.034375 0.062500
0 0.659375 0.330078 0.050000 0.062500
0 0.712500 0.304688 0.050000 0.062500
0 0.665625 0.152344 0.050000 0.062500
0 0.645312 0.101562 0.050000 0.062500
0 0.729688 0.056641 0.050000 0.062500
0 0.751563 0.024414 0.050000 0.048828
0 0.793750 0.087891 0.050000 0.062500
0 0.851562 0.119141 0.050000 0.062500
0 0.878125 0.126953 0.050000 0.062500
0 0.900000 0.072266 0.050000 0.062500
0 0.904687 0.020508 0.050000 0.041016
0 0.851562 0.261719 0.050000 0.062500
0 0.828125 0.283203 0.050000 0.062500
