0 0.200000 0.275391 0.050000 0.062500
0 0.446875 0.322266 0.050000 0.062500
0 0.596875 0.292969 0.050000 0.062500
0 0.625000 0.238281 0.050000 0.062500
0 0.629687 0.128906 0.050000 0.062500
0 0.604688 0.080078 0.050000 0.062500
0 0.550000 0.020508 0.050000 0.041016
0 0.570312 0.548828 0.050000 0.062500
0 0.614062 0.525391 0.050000 0.062500
0 0.673438 0.511719 0.050000 0.062500
0 0.743750 0.517578 0.050000 0.062500
0 0.806250 0.490234 0.050000 0.062500
0 0.867188 0.486328 0.050000 0.062500
0 0.942187 0.490234 0.050000 0.062500
0 0.983594 0.474609 0.032813 0.062500
0 0.820312 0.212891 0.050000 0.062500
0 0.831250 0.085938 0.050000 0.062500
0 0.803125 0.068359 0.050000 0.062500
0 0.681250 0.031250 0.050000 0.062500
0 0.740625 0.024414 0.050000 0.048828
0 0.873437 0.026367 0.050000 0.052734
0 0.793750 0.238281 0.050000 0.062500
