0 0.501563 0.494141 0.050000 0.062500
0 0.024219 0.226562 0.048438 0.062500
0 0.017969 0.259766 0.035937 0.062500
0 0.045312 0.187500 0.050000 0.062500
0 0.075000 0.162109 0.050000 0.062500
0 0.053125 0.054688 0.050000 0.062500
0 0.089063 0.072266 0.050000 0.062500
0 0.104688 0.046875 0.050000 0.062500
0 0.017969 0.380859 0.035937 0.062500
0 0.039062 0.337891 0.050000 0.062500
0 0.095312 0.265625 0.050000 0.062500
0 0.142187 0.158203 0.050000 0.062500
0 0.165625 0.115234 0.050000 0.062500
0 0.215625 0.023438 0.050000 0.046875
0 0.542188 0.511719 0.050000 0.062500
0 0.621875 0.634766 0.050000 0.062500
0 0.598437 0.914062 0.050000 0.062500
0 0.575000 0.888672 0.050000 0.062500
0 0.545312 0.884766 0.050000 0.062500
0 0.964063 0.656250 0.050000 0.062500
0 0.826562 0.476562 0.050000 0.062500
0 0.837500 0.458984 0.050000 0.062500
0 0.834375 0.394531 0.050000 0.062500
0 0.860938 0.240234 0.050000 0.062500
0 0.650000 0.478516 0.050000 0.062500
0 0.575000 0.025391 0.050000 0.050781
0 0.167187 0.207031 0.050000 0.062500
