0 0.021094 0.244141 0.042188 0.062500
0 0.035937 0.207031 0.050000 0.062500
0 0.071875 0.177734 0.050000 0.062500
0 0.087500 0.283203 0.050000 0.062500
0 0.031250 0.363281 0.050000 0.062500
0 0.181250 0.261719 0.050000 0.062500
0 0.135937 0.177734 0.050000 0.062500
0 0.159375 0.132812 0.050000 0.062500
0 0.037500 0.074219 0.050000 0.062500
0 0.068750 0.091797 0.050000 0.062500
0 0.084375 0.058594 0.050000 0.062500
0 0.200000 0.030273 0.050000 0.060547
0 0.207813 0.018555 0.050000 0.037109
0 0.575000 0.019531 0.050000 0.039062
0 0.850000 0.230469 0.050000 0.062500
0 0.828125 0.390625 0.050000 0.062500
0 0.845313 0.453125 0.050000 0.062500
0 0.968750 0.630859 0.050000 0.062500
0 0.840625 0.478516 0.050000 0.062500
0 0.671875 0.457031 0.050000 0.062500
0 0.498437 0.474609 0.050000 0.062500
0 0.537500 0.527344 0.050000 0.062500
0 0.625000 0.636719 0.050000 0.062500
0 0.543750 0.894531 0.050000 0.062500
0 0.575000 0.906250 0.050000 0.062500
0 0.603125 0.910156 0.050000 0.062500
