0 0.246875 0.613281 0.050000 0.062500
0 0.245312 0.445312 0.050000 0.062500
0 0.171875 0.253906 0.050000 0.062500
0 0.146875 0.085938 0.050000 0.062500
0 0.579688 0.240234 0.050000 0.062500
0 0.735938 0.173828 0.050000 0.062500
0 0.609375 0.449219 0.050000 0.062500
0 0.500000 0.431641 0.050000 0.062500
0 0.451562 0.470703 0.050000 0.062500
0 0.618750 0.044922 0.050000 0.062500
0 0.685937 0.050781 0.050000 0.062500
0 0.645312 0.091797 0.050000 0.062500
0 0.275000 0.390625 0.050000 0.062500
0 0.560937 0.445312 0.050000 0.062500
