0 0.057813 0.583984 0.050000 0.062500
0 0.092188 0.587891 0.050000 0.062500
0 0.503125 0.638672 0.050000 0.062500
0 0.520312 0.460938 0.050000 0.062500
0 0.407813 0.267578 0.050000 0.062500
0 0.431250 0.119141 0.050000 0.062500
0 0.228125 0.024414 0.050000 0.048828
0 0.142187 0.029297 0.050000 0.058594
0 0.856250 0.259766 0.050000 0.062500
0 0.721875 0.476562 0.050000 0.062500
0 0.770312 0.439453 0.050000 0.062500
0 0.878125 0.462891 0.050000 0.062500
0 0.651563 0.257812 0.050000 0.062500
0 0.726562 0.022461 0.050000 0.044922
0 0.985156 0.222656 0.029687 0.062500
0 0.100000 0.018555 0.050000 0.037109
0 0.214062 0.544922 0.050000 0.062500
0 0.237500 0.490234 0.050000 0.062500
0 0.821875 0.449219 0.050000 0.062500
