0 0.079687 0.482422 0.050000 0.062500
0 0.037500 0.529297 0.050000 0.062500
0 0.050000 0.583984 0.050000 0.062500
0 0.050000 0.662109 0.050000 0.062500
0 0.465625 0.177734 0.050000 0.062500
0 0.437500 0.365234 0.050000 0.062500
0 0.021094 0.136719 0.042188 0.062500
0 0.596875 0.455078 0.050000 0.062500
0 0.604688 0.552734 0.050000 0.062500
0 0.485938 0.646484 0.050000 0.062500
0 0.959375 0.359375 0.050000 0.062500
0 0.732812 0.625000 0.050000 0.062500
0 0.801562 0.589844 0.050000 0.062500
0 0.843750 0.669922 0.050000 0.062500
0 0.162500 0.734375 0.050000 0.062500
0 0.195312 0.666016 0.050000 0.062500
0 0.170313 0.691406 0.050000 0.062500
0 0.342187 0.541016 0.050000 0.062500
0 0.087500 0.556641 0.050000 0.062500
0 0.793750 0.646484 0.050000 0.062500
