0 0.095312 0.511719 0.050000 0.062500
0 0.145313 0.570312 0.050000 0.062500
0 0.151562 0.650391 0.050000 0.062500
0 0.178125 0.470703 0.050000 0.062500
0 0.050000 0.099609 0.050000 0.062500
0 0.109375 0.113281 0.050000 0.062500
0 0.546875 0.351562 0.050000 0.062500
0 0.581250 0.183594 0.050000 0.062500
0 0.579688 0.638672 0.050000 0.062500
0 0.495312 0.640625 0.050000 0.062500
0 0.259375 0.724609 0.050000 0.062500
0 0.284375 0.658203 0.050000 0.062500
0 0.271875 0.679688 0.050000 0.062500
0 0.696875 0.544922 0.050000 0.062500
0 0.910937 0.470703 0.050000 0.062500
0 0.903125 0.583984 0.050000 0.062500
0 0.825000 0.621094 0.050000 0.062500
0 0.983594 0.457031 0.032813 0.062500
0 0.985156 0.398438 0.029687 0.062500
0 0.185938 0.544922 0.050000 0.062500
