0 0.016406 0.458984 0.032813 0.062500
0 0.043750 0.466797 0.050000 0.062500
0 0.078125 0.464844 0.050000 0.062500
0 0.118750 0.458984 0.050000 0.062500
0 0.151562 0.466797 0.050000 0.062500
0 0.179688 0.468750 0.050000 0.062500
0 0.225000 0.455078 0.050000 0.062500
0 0.275000 0.470703 0.050000 0.062500
0 0.221875 0.658203 0.050000 0.062500
0 0.248438 0.593750 0.050000 0.062500
0 0.284375 0.541016 0.050000 0.062500
0 0.301563 0.753906 0.050000 0.062500
0 0.554688 0.546875 0.050000 0.062500
0 0.610938 0.578125 0.050000 0.062500
0 0.676562 0.564453 0.050000 0.062500
0 0.615625 0.683594 0.050000 0.062500
0 0.878125 0.269531 0.050000 0.062500
0 0.573438 0.146484 0.050000 0.062500
0 0.512500 0.105469 0.050000 0.062500
0 0.376563 0.287109 0.050000 0.062500
0 0.173437 0.203125 0.050000 0.062500
0 0.092188 0.197266 0.050000 0.062500
0 0.734375 0.751953 0.050000 0.062500
0 0.756250 0.677734 0.050000 0.062500
0 0.734375 0.699219 0.050000 0.062500
0 0.868750 0.583984 0.050000 0.062500
0 0.198437 0.658203 0.050000 0.062500
0 0.020313 0.439453 0.040625 0.062500
