0 0.132812 0.216797 0.050000 0.062500
0 0.226562 0.216797 0.050000 0.062500
0 0.367188 0.757812 0.050000 0.062500
0 0.259375 0.685547 0.050000 0.062500
0 0.296875 0.609375 0.050000 0.062500
0 0.328125 0.564453 0.050000 0.062500
0 0.721875 0.578125 0.050000 0.062500
0 0.656250 0.595703 0.050000 0.062500
0 0.600000 0.568359 0.050000 0.062500
0 0.653125 0.705078 0.050000 0.062500
0 0.770312 0.775391 0.050000 0.062500
0 0.807813 0.705078 0.050000 0.062500
0 0.781250 0.732422 0.050000 0.062500
0 0.460938 0.341797 0.050000 0.062500
0 0.614062 0.166016 0.050000 0.062500
0 0.559375 0.123047 0.050000 0.062500
0 0.323437 0.492188 0.050000 0.062500
0 0.273438 0.482422 0.050000 0.062500
0 0.231250 0.490234 0.050000 0.062500
0 0.200000 0.490234 0.050000 0.062500
0 0.165625 0.466797 0.050000 0.062500
0 0.120313 0.482422 0.050000 0.062500
0 0.090625 0.482422 0.050000 0.062500
0 0.050000 0.486328 0.050000 0.062500
0 0.977344 0.625000 0.045312 0.062500
0 0.048438 0.457031 0.050000 0.062500
