0 0.982812 0.617188 0.034375 0.062500
0 0.646875 0.699219 0.050000 0.062500
0 0.367188 0.755859 0.050000 0.062500
0 0.767188 0.779297 0.050000 0.062500
0 0.803125 0.705078 0.050000 0.062500
0 0.768750 0.718750 0.050000 0.062500
0 0.715625 0.583984 0.050000 0.062500
0 0.653125 0.599609 0.050000 0.062500
0 0.593750 0.562500 0.050000 0.062500
0 0.504687 0.357422 0.050000 0.062500
0 0.614062 0.160156 0.050000 0.062500
0 0.554688 0.126953 0.050000 0.062500
0 0.215625 0.212891 0.050000 0.062500
0 0.120313 0.195312 0.050000 0.062500
0 0.014844 0.287109 0.029687 0.062500
0 0.314063 0.490234 0.050000 0.062500
0 0.317188 0.560547 0.050000 0.062500
0 0.284375 0.597656 0.050000 0.062500
0 0.257812 0.677734 0.050000 0.062500
0 0.259375 0.482422 0.050000 0.062500
0 0.223438 0.486328 0.050000 0.062500
0 0.187500 0.494141 0.050000 0.062500
0 0.156250 0.466797 0.050000 0.062500
0 0.115625 0.476562 0.050000 0.062500
0 0.081250 0.482422 0.050000 0.062500
0 0.040625 0.488281 0.050000 0.062500
0 0.042188 0.457031 0.050000 0.062500
