0 0.440625 0.226562 0.050000 0.062500
0 0.553125 0.197266 0.050000 0.062500
0 0.900000 0.142578 0.050000 0.062500
0 0.914062 0.542969 0.050000 0.062500
0 0.953125 0.570312 0.050000 0.062500
0 0.909375 0.705078 0.050000 0.062500
0 0.618750 0.746094 0.050000 0.062500
0 0.626563 0.611328 0.050000 0.062500
0 0.659375 0.564453 0.050000 0.062500
0 0.662500 0.494141 0.050000 0.062500
0 0.614062 0.492188 0.050000 0.062500
0 0.562500 0.513672 0.050000 0.062500
0 0.532813 0.494141 0.050000 0.062500
0 0.496875 0.486328 0.050000 0.062500
0 0.126562 0.480469 0.050000 0.062500
0 0.193750 0.457031 0.050000 0.062500
0 0.273438 0.496094 0.050000 0.062500
0 0.328125 0.535156 0.050000 0.062500
0 0.376563 0.486328 0.050000 0.062500
0 0.420312 0.496094 0.050000 0.062500
0 0.454688 0.490234 0.050000 0.062500
0 0.975000 0.146484 0.050000 0.062500
0 0.656250 0.339844 0.050000 0.062500
0 0.376563 0.464844 0.050000 0.062500
