0 0.156250 0.681641 0.050000 0.062500
0 0.203125 0.679688 0.050000 0.062500
0 0.231250 0.673828 0.050000 0.062500
0 0.346875 0.699219 0.050000 0.062500
0 0.576562 0.671875 0.050000 0.062500
0 0.629687 0.666016 0.050000 0.062500
0 0.734375 0.669922 0.050000 0.062500
0 0.762500 0.681641 0.050000 0.062500
0 0.828125 0.734375 0.050000 0.062500
0 0.804688 0.677734 0.050000 0.062500
0 0.876563 0.685547 0.050000 0.062500
0 0.878125 0.640625 0.050000 0.062500
0 0.732812 0.501953 0.050000 0.062500
0 0.568750 0.408203 0.050000 0.062500
0 0.712500 0.296875 0.050000 0.062500
0 0.609375 0.189453 0.050000 0.062500
0 0.571875 0.210938 0.050000 0.062500
0 0.517188 0.273438 0.050000 0.062500
0 0.395313 0.242188 0.050000 0.062500
0 0.143750 0.412109 0.050000 0.062500
0 0.057813 0.656250 0.050000 0.062500
0 0.978125 0.718750 0.043750 0.062500
0 0.292187 0.679688 0.050000 0.062500
0 0.448437 0.699219 0.050000 0.062500
0 0.414062 0.687500 0.050000 0.062500
