0 0.159375 0.435547 0.050000 0.062500
0 0.415625 0.263672 0.050000 0.062500
0 0.532813 0.285156 0.050000 0.062500
0 0.593750 0.218750 0.050000 0.062500
0 0.618750 0.199219 0.050000 0.062500
0 0.584375 0.419922 0.050000 0.062500
0 0.759375 0.408203 0.050000 0.062500
0 0.746875 0.505859 0.050000 0.062500
0 0.889062 0.630859 0.050000 0.062500
0 0.892188 0.685547 0.050000 0.062500
0 0.843750 0.736328 0.050000 0.062500
0 0.823438 0.681641 0.050000 0.062500
0 0.781250 0.685547 0.050000 0.062500
0 0.739062 0.685547 0.050000 0.062500
0 0.648438 0.677734 0.050000 0.062500
0 0.593750 0.677734 0.050000 0.062500
0 0.471875 0.710938 0.050000 0.062500
0 0.440625 0.691406 0.050000 0.062500
0 0.375000 0.726562 0.050000 0.062500
0 0.317188 0.691406 0.050000 0.062500
0 0.259375 0.699219 0.050000 0.062500
0 0.220312 0.691406 0.050000 0.062500
0 0.178125 0.695312 0.050000 0.062500
0 0.073438 0.677734 0.050000 0.062500
