0 0.153125 0.431641 0.050000 0.062500
0 0.431250 0.267578 0.050000 0.062500
0 0.534375 0.287109 0.050000 0.062500
0 0.582812 0.216797 0.050000 0.062500
0 0.614062 0.199219 0.050000 0.062500
0 0.582812 0.421875 0.050000 0.062500
0 0.764062 0.435547 0.050000 0.062500
0 0.742188 0.503906 0.050000 0.062500
0 0.879687 0.625000 0.050000 0.062500
0 0.890625 0.687500 0.050000 0.062500
0 0.840625 0.742188 0.050000 0.062500
0 0.821875 0.685547 0.050000 0.062500
0 0.775000 0.683594 0.050000 0.062500
0 0.739062 0.685547 0.050000 0.062500
0 0.654687 0.677734 0.050000 0.062500
0 0.600000 0.677734 0.050000 0.062500
0 0.471875 0.708984 0.050000 0.062500
0 0.440625 0.701172 0.050000 0.062500
0 0.368750 0.718750 0.050000 0.062500
0 0.312500 0.699219 0.050000 0.062500
0 0.257812 0.697266 0.050000 0.062500
0 0.220312 0.685547 0.050000 0.062500
0 0.179688 0.697266 0.050000 0.062500
0 0.071875 0.677734 0.050000 0.062500
0 0.983594 0.712891 0.032813 0.062500
