0 0.150000 0.437500 0.050000 0.062500
0 0.414062 0.267578 0.050000 0.062500
0 0.534375 0.294922 0.050000 0.062500
0 0.576562 0.212891 0.050000 0.062500
0 0.607812 0.201172 0.050000 0.062500
0 0.781250 0.462891 0.050000 0.062500
0 0.740625 0.509766 0.050000 0.062500
0 0.581250 0.427734 0.050000 0.062500
0 0.887500 0.634766 0.050000 0.062500
0 0.892188 0.687500 0.050000 0.062500
0 0.840625 0.746094 0.050000 0.062500
0 0.818750 0.679688 0.050000 0.062500
0 0.778125 0.683594 0.050000 0.062500
0 0.742188 0.691406 0.050000 0.062500
0 0.650000 0.677734 0.050000 0.062500
0 0.592187 0.677734 0.050000 0.062500
0 0.471875 0.707031 0.050000 0.062500
0 0.435937 0.701172 0.050000 0.062500
0 0.371875 0.718750 0.050000 0.062500
0 0.312500 0.691406 0.050000 0.062500
0 0.259375 0.693359 0.050000 0.062500
0 0.214062 0.685547 0.050000 0.062500
0 0.176563 0.689453 0.050000 0.062500
0 0.076563 0.673828 0.050000 0.062500
0 0.981250 0.724609 0.037500 0.062500
