0 0.198437 0.171875 0.050000 0.062500
0 0.162500 0.160156 0.050000 0.062500
0 0.209375 0.099609 0.050000 0.062500
0 0.260937 0.080078 0.050000 0.062500
0 0.301563 0.072266 0.050000 0.062500
0 0.231250 0.048828 0.050000 0.062500
0 0.764062 0.472656 0.050000 0.062500
0 0.593750 0.583984 0.050000 0.062500
0 0.785937 0.734375 0.050000 0.062500
0 0.826562 0.710938 0.050000 0.062500
0 0.867188 0.726562 0.050000 0.062500
0 0.932813 0.720703 0.050000 0.062500
0 0.980469 0.734375 0.039062 0.062500
0 0.167187 0.652344 0.050000 0.062500
0 0.123438 0.591797 0.050000 0.062500
0 0.198437 0.560547 0.050000 0.062500
0 0.240625 0.601562 0.050000 0.062500
0 0.676562 0.705078 0.050000 0.062500
0 0.773438 0.718750 0.050000 0.062500
