0 0.667188 0.705078 0.050000 0.062500
0 0.190625 0.166016 0.050000 0.062500
0 0.154688 0.158203 0.050000 0.062500
0 0.195312 0.091797 0.050000 0.062500
0 0.248438 0.080078 0.050000 0.062500
0 0.220312 0.044922 0.050000 0.062500
0 0.295312 0.076172 0.050000 0.062500
0 0.107813 0.583984 0.050000 0.062500
0 0.196875 0.560547 0.050000 0.062500
0 0.232813 0.599609 0.050000 0.062500
0 0.156250 0.652344 0.050000 0.062500
0 0.589063 0.587891 0.050000 0.062500
0 0.754687 0.462891 0.050000 0.062500
0 0.977344 0.740234 0.045312 0.062500
0 0.928125 0.712891 0.050000 0.062500
0 0.860938 0.722656 0.050000 0.062500
0 0.826562 0.705078 0.050000 0.062500
0 0.781250 0.728516 0.050000 0.062500
0 0.759375 0.720703 0.050000 0.062500
