0 0.264062 0.148438 0.050000 0.062500
0 0.393750 0.472656 0.050000 0.062500
0 0.364063 0.468750 0.050000 0.062500
0 0.357812 0.523438 0.050000 0.062500
0 0.392188 0.564453 0.050000 0.062500
0 0.720313 0.628906 0.050000 0.062500
0 0.756250 0.675781 0.050000 0.062500
0 0.792188 0.544922 0.050000 0.062500
0 0.829688 0.607422 0.050000 0.062500
0 0.789062 0.179688 0.050000 0.062500
0 0.756250 0.169922 0.050000 0.062500
0 0.796875 0.095703 0.050000 0.062500
0 0.825000 0.058594 0.050000 0.062500
0 0.857812 0.080078 0.050000 0.062500
0 0.906250 0.072266 0.050000 0.062500
0 0.307812 0.232422 0.050000 0.062500
