0 0.309375 0.097656 0.050000 0.062500
0 0.357812 0.457031 0.050000 0.062500
0 0.401562 0.482422 0.050000 0.062500
0 0.356250 0.517578 0.050000 0.062500
0 0.387500 0.576172 0.050000 0.062500
0 0.781250 0.542969 0.050000 0.062500
0 0.718750 0.630859 0.050000 0.062500
0 0.760938 0.683594 0.050000 0.062500
0 0.823438 0.611328 0.050000 0.062500
0 0.796875 0.179688 0.050000 0.062500
0 0.764062 0.181641 0.050000 0.062500
0 0.796875 0.099609 0.050000 0.062500
0 0.828125 0.062500 0.050000 0.062500
0 0.860938 0.087891 0.050000 0.062500
0 0.900000 0.082031 0.050000 0.062500
0 0.304688 0.234375 0.050000 0.062500
