0 0.028125 0.392578 0.050000 0.062500
0 0.076563 0.310547 0.050000 0.062500
0 0.212500 0.302734 0.050000 0.062500
0 0.114062 0.201172 0.050000 0.062500
0 0.140625 0.154297 0.050000 0.062500
0 0.054688 0.212891 0.050000 0.062500
0 0.026562 0.240234 0.050000 0.062500
0 0.017188 0.279297 0.034375 0.062500
0 0.024219 0.109375 0.048438 0.062500
0 0.056250 0.119141 0.050000 0.062500
0 0.067187 0.089844 0.050000 0.062500
0 0.179688 0.050781 0.050000 0.062500
0 0.185938 0.026367 0.050000 0.052734
0 0.529687 0.462891 0.050000 0.062500
0 0.539062 0.525391 0.050000 0.062500
0 0.628125 0.628906 0.050000 0.062500
0 0.610938 0.892578 0.050000 0.062500
0 0.582812 0.914062 0.050000 0.062500
0 0.545312 0.890625 0.050000 0.062500
0 0.715625 0.416016 0.050000 0.062500
0 0.821875 0.375000 0.050000 0.062500
0 0.842187 0.210938 0.050000 0.062500
0 0.860938 0.423828 0.050000 0.062500
0 0.860938 0.457031 0.050000 0.062500
0 0.975781 0.558594 0.048438 0.062500
