0 0.034375 0.109375 0.050000 0.062500
0 0.103125 0.113281 0.050000 0.062500
0 0.079687 0.441406 0.050000 0.062500
0 0.045312 0.427734 0.050000 0.062500
0 0.818750 0.511719 0.050000 0.062500
0 0.809375 0.570312 0.050000 0.062500
0 0.851562 0.552734 0.050000 0.062500
0 0.832812 0.630859 0.050000 0.062500
0 0.870313 0.435547 0.050000 0.062500
0 0.284375 0.248047 0.050000 0.062500
0 0.179688 0.320312 0.050000 0.062500
0 0.210938 0.316406 0.050000 0.062500
0 0.192188 0.373047 0.050000 0.062500
0 0.016406 0.503906 0.032813 0.062500
0 0.771875 0.275391 0.050000 0.062500
