0 0.170313 0.046875 0.050000 0.062500
0 0.128125 0.179688 0.050000 0.062500
0 0.292187 0.265625 0.050000 0.062500
0 0.273438 0.234375 0.050000 0.062500
0 0.389062 0.298828 0.050000 0.062500
0 0.320312 0.199219 0.050000 0.062500
0 0.356250 0.189453 0.050000 0.062500
0 0.606250 0.089844 0.050000 0.062500
0 0.493750 0.187500 0.050000 0.062500
0 0.470313 0.443359 0.050000 0.062500
0 0.425000 0.421875 0.050000 0.062500
0 0.434375 0.583984 0.050000 0.062500
0 0.192188 0.972656 0.050000 0.054688
0 0.795312 0.316406 0.050000 0.062500
0 0.751563 0.191406 0.050000 0.062500
0 0.856250 0.091797 0.050000 0.062500
0 0.823438 0.046875 0.050000 0.062500
0 0.804688 0.226562 0.050000 0.062500
0 0.689063 0.414062 0.050000 0.062500
0 0.634375 0.025391 0.050000 0.050781
0 0.692187 0.035156 0.050000 0.062500
