0 0.054688 0.468750 0.050000 0.062500
0 0.117188 0.048828 0.050000 0.062500
0 0.231250 0.267578 0.050000 0.062500
0 0.279687 0.242188 0.050000 0.062500
0 0.367188 0.148438 0.050000 0.062500
0 0.440625 0.119141 0.050000 0.062500
0 0.343750 0.023438 0.050000 0.046875
0 0.590625 0.091797 0.050000 0.062500
0 0.554688 0.050781 0.050000 0.062500
0 0.740625 0.099609 0.050000 0.062500
0 0.651563 0.111328 0.050000 0.062500
0 0.625000 0.062500 0.050000 0.062500
0 0.721875 0.236328 0.050000 0.062500
0 0.289062 0.361328 0.050000 0.062500
0 0.118750 0.691406 0.050000 0.062500
0 0.139063 0.611328 0.050000 0.062500
0 0.079687 0.746094 0.050000 0.062500
0 0.134375 0.878906 0.050000 0.062500
0 0.281250 0.957031 0.050000 0.062500
0 0.457813 0.769531 0.050000 0.062500
0 0.545312 0.652344 0.050000 0.062500
0 0.692187 0.726562 0.050000 0.062500
0 0.776563 0.634766 0.050000 0.062500
0 0.770312 0.591797 0.050000 0.062500
0 0.759375 0.845703 0.050000 0.062500
0 0.759375 0.759766 0.050000 0.062500
0 0.504687 0.468750 0.050000 0.062500
0 0.571875 0.583984 0.050000 0.062500
0 0.646875 0.593750 0.050000 0.062500
0 0.484375 0.517578 0.050000 0.062500
0 0.648438 0.955078 0.050000 0.062500
0 0.268750 0.798828 0.050000 0.062500
0 0.264062 0.759766 0.050000 0.062500
0 0.250000 0.583984 0.050000 0.062500
0 0.221875 0.730469 0.050000 0.062500
0 0.201563 0.621094 0.050000 0.062500
0 0.420312 0.981445 0.050000 0.037109
0 0.623437 0.738281 0.050000 0.062500
