0 0.193750 0.024414 0.050000 0.048828
0 0.150000 0.024414 0.050000 0.048828
0 0.742188 0.027344 0.050000 0.054688
0 0.667188 0.103516 0.050000 0.062500
0 0.704688 0.132812 0.050000 0.062500
0 0.825000 0.169922 0.050000 0.062500
0 0.682813 0.185547 0.050000 0.062500
0 0.759375 0.207031 0.050000 0.062500
0 0.759375 0.257812 0.050000 0.062500
0 0.828125 0.246094 0.050000 0.062500
0 0.959375 0.322266 0.050000 0.062500
0 0.643750 0.353516 0.050000 0.062500
0 0.510938 0.140625 0.050000 0.062500
0 0.451562 0.220703 0.050000 0.062500
0 0.368750 0.316406 0.050000 0.062500
0 0.596875 0.535156 0.050000 0.062500
0 0.554688 0.585938 0.050000 0.062500
0 0.575000 0.595703 0.050000 0.062500
0 0.373437 0.482422 0.050000 0.062500
0 0.867188 0.666016 0.050000 0.062500
0 0.895312 0.707031 0.050000 0.062500
0 0.670312 0.662109 0.050000 0.062500
0 0.731250 0.666016 0.050000 0.062500
0 0.790625 0.785156 0.050000 0.062500
0 0.865625 0.830078 0.050000 0.062500
0 0.728125 0.800781 0.050000 0.062500
0 0.712500 0.626953 0.050000 0.062500
0 0.640625 0.720703 0.050000 0.062500
0 0.856250 0.912109 0.050000 0.062500
0 0.360938 0.449219 0.050000 0.062500
0 0.540625 0.835938 0.050000 0.062500
0 0.262500 0.689453 0.050000 0.062500
0 0.284375 0.742188 0.050000 0.062500
0 0.343750 0.818359 0.050000 0.062500
0 0.296875 0.648438 0.050000 0.062500
0 0.321875 0.765625 0.050000 0.062500
0 0.318750 0.820312 0.050000 0.062500
0 0.371875 0.871094 0.050000 0.062500
