0 0.318750 0.025391 0.050000 0.050781
0 0.298438 0.080078 0.050000 0.062500
0 0.618750 0.232422 0.050000 0.062500
0 0.529687 0.306641 0.050000 0.062500
0 0.842187 0.105469 0.050000 0.062500
0 0.870313 0.136719 0.050000 0.062500
0 0.850000 0.191406 0.050000 0.062500
0 0.840625 0.234375 0.050000 0.062500
0 0.925000 0.218750 0.050000 0.062500
0 0.982812 0.177734 0.034375 0.062500
0 0.460938 0.500000 0.050000 0.062500
0 0.528125 0.666016 0.050000 0.062500
0 0.568750 0.689453 0.050000 0.062500
0 0.589063 0.728516 0.050000 0.062500
0 0.750000 0.599609 0.050000 0.062500
0 0.767188 0.552734 0.050000 0.062500
0 0.845313 0.660156 0.050000 0.062500
0 0.809375 0.726562 0.050000 0.062500
0 0.900000 0.669922 0.050000 0.062500
0 0.718750 0.845703 0.050000 0.062500
0 0.537500 0.595703 0.050000 0.062500
0 0.539062 0.851562 0.050000 0.062500
0 0.520312 0.839844 0.050000 0.062500
0 0.487500 0.828125 0.050000 0.062500
0 0.490625 0.863281 0.050000 0.062500
0 0.537500 0.884766 0.050000 0.062500
0 0.746875 0.955078 0.050000 0.062500
0 0.973437 0.800781 0.050000 0.062500
0 0.229687 0.957031 0.050000 0.062500
0 0.968750 0.658203 0.050000 0.062500
