0 0.019531 0.111328 0.039062 0.062500
0 0.070312 0.101562 0.050000 0.062500
0 0.051562 0.126953 0.050000 0.062500
0 0.135937 0.158203 0.050000 0.062500
0 0.114062 0.212891 0.050000 0.062500
0 0.051562 0.208984 0.050000 0.062500
0 0.024219 0.244141 0.048438 0.062500
0 0.017188 0.285156 0.034375 0.062500
0 0.076563 0.320312 0.050000 0.062500
0 0.026562 0.398438 0.050000 0.062500
0 0.176563 0.058594 0.050000 0.062500
0 0.181250 0.028320 0.050000 0.056641
0 0.201563 0.016602 0.050000 0.033203
0 0.229687 0.292969 0.050000 0.062500
0 0.546875 0.896484 0.050000 0.062500
0 0.578125 0.919922 0.050000 0.062500
0 0.607812 0.888672 0.050000 0.062500
0 0.632812 0.634766 0.050000 0.062500
0 0.540625 0.521484 0.050000 0.062500
0 0.539062 0.470703 0.050000 0.062500
0 0.737500 0.417969 0.050000 0.062500
0 0.820312 0.373047 0.050000 0.062500
0 0.875000 0.423828 0.050000 0.062500
0 0.878125 0.468750 0.050000 0.062500
0 0.971875 0.548828 0.050000 0.062500
0 0.840625 0.208984 0.050000 0.062500
