0 0.371875 0.109375 0.050000 0.062500
0 0.370312 0.212891 0.050000 0.062500
0 0.300000 0.333984 0.050000 0.062500
0 0.335938 0.382812 0.050000 0.062500
0 0.437500 0.279297 0.050000 0.062500
0 0.479687 0.218750 0.050000 0.062500
0 0.567187 0.214844 0.050000 0.062500
0 0.662500 0.212891 0.050000 0.062500
0 0.793750 0.185547 0.050000 0.062500
0 0.896875 0.226562 0.050000 0.062500
0 0.801562 0.375000 0.050000 0.062500
0 0.848437 0.478516 0.050000 0.062500
0 0.892188 0.519531 0.050000 0.062500
0 0.873437 0.583984 0.050000 0.062500
0 0.943750 0.613281 0.050000 0.062500
0 0.637500 0.621094 0.050000 0.062500
0 0.546875 0.677734 0.050000 0.062500
0 0.545312 0.875000 0.050000 0.062500
0 0.635938 0.896484 0.050000 0.062500
0 0.665625 0.839844 0.050000 0.062500
0 0.525000 0.875000 0.050000 0.062500
0 0.670312 0.933594 0.050000 0.062500
0 0.700000 0.947266 0.050000 0.062500
0 0.778125 0.939453 0.050000 0.062500
0 0.760938 0.979492 0.050000 0.041016
