0 0.326562 0.414062 0.050000 0.062500
0 0.317188 0.337891 0.050000 0.062500
0 0.359375 0.228516 0.050000 0.062500
0 0.359375 0.113281 0.050000 0.062500
0 0.457813 0.095703 0.050000 0.062500
0 0.429688 0.296875 0.050000 0.062500
0 0.568750 0.234375 0.050000 0.062500
0 0.664062 0.222656 0.050000 0.062500
0 0.792188 0.201172 0.050000 0.062500
0 0.887500 0.232422 0.050000 0.062500
0 0.784375 0.400391 0.050000 0.062500
0 0.846875 0.500000 0.050000 0.062500
0 0.876563 0.523438 0.050000 0.062500
0 0.864062 0.597656 0.050000 0.062500
0 0.940625 0.628906 0.050000 0.062500
0 0.626563 0.632812 0.050000 0.062500
0 0.537500 0.689453 0.050000 0.062500
0 0.665625 0.847656 0.050000 0.062500
0 0.679688 0.906250 0.050000 0.062500
0 0.775000 0.958984 0.050000 0.062500
0 0.560937 0.894531 0.050000 0.062500
0 0.717187 0.812500 0.050000 0.062500
0 0.707812 0.923828 0.050000 0.062500
