0 0.381250 0.974609 0.050000 0.050781
0 0.429688 0.937500 0.050000 0.062500
0 0.404687 0.794922 0.050000 0.062500
0 0.395313 0.742188 0.050000 0.062500
0 0.228125 0.900391 0.050000 0.062500
0 0.204687 0.685547 0.050000 0.062500
0 0.270313 0.652344 0.050000 0.062500
0 0.567187 0.671875 0.050000 0.062500
0 0.801562 0.751953 0.050000 0.062500
0 0.670312 0.582031 0.050000 0.062500
0 0.564063 0.599609 0.050000 0.062500
0 0.518750 0.589844 0.050000 0.062500
0 0.617188 0.498047 0.050000 0.062500
0 0.553125 0.419922 0.050000 0.062500
0 0.465625 0.384766 0.050000 0.062500
0 0.664062 0.050781 0.050000 0.062500
0 0.581250 0.214844 0.050000 0.062500
0 0.507812 0.203125 0.050000 0.062500
0 0.265625 0.222656 0.050000 0.062500
0 0.100000 0.271484 0.050000 0.062500
0 0.029687 0.404297 0.050000 0.062500
0 0.032813 0.195312 0.050000 0.062500
0 0.046875 0.082031 0.050000 0.062500
0 0.137500 0.066406 0.050000 0.062500
0 0.626563 0.683594 0.050000 0.062500
0 0.676562 0.917969 0.050000 0.062500
0 0.381250 0.261719 0.050000 0.062500
0 0.209375 0.904297 0.050000 0.062500
0 0.975000 0.792969 0.050000 0.062500
