0 0.676562 0.916016 0.050000 0.062500
0 0.378125 0.976562 0.050000 0.046875
0 0.434375 0.943359 0.050000 0.062500
0 0.215625 0.900391 0.050000 0.062500
0 0.404687 0.785156 0.050000 0.062500
0 0.389062 0.726562 0.050000 0.062500
0 0.587500 0.675781 0.050000 0.062500
0 0.668750 0.580078 0.050000 0.062500
0 0.579688 0.599609 0.050000 0.062500
0 0.523438 0.583984 0.050000 0.062500
0 0.656250 0.683594 0.050000 0.062500
0 0.557813 0.406250 0.050000 0.062500
0 0.465625 0.378906 0.050000 0.062500
0 0.587500 0.212891 0.050000 0.062500
0 0.667188 0.046875 0.050000 0.062500
0 0.507812 0.193359 0.050000 0.062500
0 0.382812 0.251953 0.050000 0.062500
0 0.275000 0.228516 0.050000 0.062500
0 0.098437 0.267578 0.050000 0.062500
0 0.032813 0.408203 0.050000 0.062500
0 0.028125 0.191406 0.050000 0.062500
0 0.040625 0.078125 0.050000 0.062500
0 0.135937 0.064453 0.050000 0.062500
0 0.267188 0.660156 0.050000 0.062500
0 0.203125 0.683594 0.050000 0.062500
0 0.618750 0.507812 0.050000 0.062500
0 0.013281 0.386719 0.026562 0.062500
0 0.803125 0.751953 0.050000 0.062500
