0 0.389062 0.972656 0.050000 0.054688
0 0.431250 0.935547 0.050000 0.062500
0 0.403125 0.763672 0.050000 0.062500
0 0.385937 0.716797 0.050000 0.062500
0 0.235937 0.896484 0.050000 0.062500
0 0.254688 0.714844 0.050000 0.062500
0 0.206250 0.683594 0.050000 0.062500
0 0.623437 0.664062 0.050000 0.062500
0 0.681250 0.660156 0.050000 0.062500
0 0.731250 0.623047 0.050000 0.062500
0 0.814063 0.750000 0.050000 0.062500
0 0.673438 0.580078 0.050000 0.062500
0 0.532813 0.574219 0.050000 0.062500
0 0.628125 0.542969 0.050000 0.062500
0 0.556250 0.390625 0.050000 0.062500
0 0.475000 0.378906 0.050000 0.062500
0 0.596875 0.201172 0.050000 0.062500
0 0.673438 0.042969 0.050000 0.062500
0 0.529687 0.183594 0.050000 0.062500
0 0.412500 0.234375 0.050000 0.062500
0 0.301563 0.220703 0.050000 0.062500
0 0.110937 0.265625 0.050000 0.062500
0 0.039062 0.402344 0.050000 0.062500
0 0.035937 0.185547 0.050000 0.062500
0 0.045312 0.070312 0.050000 0.062500
0 0.140625 0.060547 0.050000 0.062500
0 0.215625 0.906250 0.050000 0.062500
0 0.676562 0.919922 0.050000 0.062500
