0 0.045312 0.408203 0.050000 0.062500
0 0.101562 0.267578 0.050000 0.062500
0 0.039062 0.197266 0.050000 0.062500
0 0.042188 0.072266 0.050000 0.062500
0 0.146875 0.058594 0.050000 0.062500
0 0.301563 0.228516 0.050000 0.062500
0 0.404687 0.230469 0.050000 0.062500
0 0.523438 0.179688 0.050000 0.062500
0 0.607812 0.210938 0.050000 0.062500
0 0.675000 0.046875 0.050000 0.062500
0 0.478125 0.380859 0.050000 0.062500
0 0.557813 0.392578 0.050000 0.062500
0 0.626563 0.542969 0.050000 0.062500
0 0.525000 0.585938 0.050000 0.062500
0 0.681250 0.582031 0.050000 0.062500
0 0.746875 0.621094 0.050000 0.062500
0 0.698438 0.656250 0.050000 0.062500
0 0.635938 0.710938 0.050000 0.062500
0 0.809375 0.751953 0.050000 0.062500
0 0.435937 0.945312 0.050000 0.062500
0 0.220312 0.914062 0.050000 0.062500
0 0.400000 0.765625 0.050000 0.062500
0 0.387500 0.724609 0.050000 0.062500
0 0.239063 0.724609 0.050000 0.062500
0 0.206250 0.679688 0.050000 0.062500
0 0.673438 0.925781 0.050000 0.062500
0 0.235937 0.896484 0.050000 0.062500
