0 0.062500 0.095703 0.050000 0.062500
0 0.050000 0.126953 0.050000 0.062500
0 0.021094 0.115234 0.042188 0.062500
0 0.178125 0.060547 0.050000 0.062500
0 0.184375 0.031250 0.050000 0.062500
0 0.201563 0.018555 0.050000 0.037109
0 0.137500 0.164062 0.050000 0.062500
0 0.118750 0.216797 0.050000 0.062500
0 0.054688 0.218750 0.050000 0.062500
0 0.025000 0.248047 0.050000 0.062500
0 0.017188 0.289062 0.034375 0.062500
0 0.079687 0.324219 0.050000 0.062500
0 0.031250 0.404297 0.050000 0.062500
0 0.239063 0.289062 0.050000 0.062500
0 0.553125 0.474609 0.050000 0.062500
0 0.543750 0.531250 0.050000 0.062500
0 0.632812 0.628906 0.050000 0.062500
0 0.545312 0.898438 0.050000 0.062500
0 0.571875 0.931641 0.050000 0.062500
0 0.604688 0.892578 0.050000 0.062500
0 0.970313 0.537109 0.050000 0.062500
0 0.893750 0.484375 0.050000 0.062500
0 0.895312 0.421875 0.050000 0.062500
0 0.823438 0.375000 0.050000 0.062500
0 0.750000 0.429688 0.050000 0.062500
0 0.840625 0.214844 0.050000 0.062500
