0 0.980469 0.601562 0.039062 0.062500
0 0.817187 0.761719 0.050000 0.062500
0 0.829688 0.619141 0.050000 0.062500
0 0.775000 0.615234 0.050000 0.062500
0 0.743750 0.849609 0.050000 0.062500
0 0.673438 0.971680 0.050000 0.056641
0 0.679688 0.580078 0.050000 0.062500
0 0.625000 0.630859 0.050000 0.062500
0 0.528125 0.589844 0.050000 0.062500
0 0.554688 0.396484 0.050000 0.062500
0 0.473438 0.378906 0.050000 0.062500
0 0.612500 0.226562 0.050000 0.062500
0 0.745313 0.066406 0.050000 0.062500
0 0.675000 0.048828 0.050000 0.062500
0 0.521875 0.195312 0.050000 0.062500
0 0.412500 0.251953 0.050000 0.062500
0 0.296875 0.222656 0.050000 0.062500
0 0.098437 0.273438 0.050000 0.062500
0 0.034375 0.197266 0.050000 0.062500
0 0.046875 0.076172 0.050000 0.062500
0 0.139063 0.060547 0.050000 0.062500
0 0.042188 0.406250 0.050000 0.062500
0 0.201563 0.685547 0.050000 0.062500
0 0.181250 0.794922 0.050000 0.062500
0 0.223438 0.906250 0.050000 0.062500
0 0.434375 0.943359 0.050000 0.062500
0 0.381250 0.730469 0.050000 0.062500
0 0.396875 0.771484 0.050000 0.062500
0 0.385937 0.974609 0.050000 0.050781
0 0.687500 0.884766 0.050000 0.062500
