0 0.434375 0.945312 0.050000 0.062500
0 0.678125 0.960938 0.050000 0.062500
0 0.753125 0.859375 0.050000 0.062500
0 0.817187 0.753906 0.050000 0.062500
0 0.851562 0.626953 0.050000 0.062500
0 0.793750 0.611328 0.050000 0.062500
0 0.675000 0.582031 0.050000 0.062500
0 0.531250 0.591797 0.050000 0.062500
0 0.557813 0.396484 0.050000 0.062500
0 0.475000 0.375000 0.050000 0.062500
0 0.621875 0.226562 0.050000 0.062500
0 0.778125 0.109375 0.050000 0.062500
0 0.673438 0.044922 0.050000 0.062500
0 0.510938 0.197266 0.050000 0.062500
0 0.406250 0.248047 0.050000 0.062500
0 0.292187 0.220703 0.050000 0.062500
0 0.096875 0.265625 0.050000 0.062500
0 0.039062 0.408203 0.050000 0.062500
0 0.028125 0.189453 0.050000 0.062500
0 0.051562 0.080078 0.050000 0.062500
0 0.137500 0.060547 0.050000 0.062500
0 0.204687 0.683594 0.050000 0.062500
0 0.381250 0.722656 0.050000 0.062500
0 0.404687 0.765625 0.050000 0.062500
0 0.170313 0.802734 0.050000 0.062500
0 0.223438 0.906250 0.050000 0.062500
0 0.642188 0.658203 0.050000 0.062500
0 0.979688 0.603516 0.040625 0.062500
0 0.689063 0.876953 0.050000 0.062500
0 0.387500 0.977539 0.050000 0.044922
