0 0.698438 0.878906 0.050000 0.062500
0 0.757812 0.855469 0.050000 0.062500
0 0.682813 0.951172 0.050000 0.062500
0 0.817187 0.753906 0.050000 0.062500
0 0.876563 0.609375 0.050000 0.062500
0 0.979688 0.599609 0.040625 0.062500
0 0.812500 0.587891 0.050000 0.062500
0 0.681250 0.585938 0.050000 0.062500
0 0.664062 0.693359 0.050000 0.062500
0 0.434375 0.937500 0.050000 0.062500
0 0.220312 0.900391 0.050000 0.062500
0 0.170313 0.820312 0.050000 0.062500
0 0.203125 0.685547 0.050000 0.062500
0 0.407813 0.767578 0.050000 0.062500
0 0.382812 0.720703 0.050000 0.062500
0 0.532813 0.587891 0.050000 0.062500
0 0.557813 0.390625 0.050000 0.062500
0 0.478125 0.373047 0.050000 0.062500
0 0.631250 0.226562 0.050000 0.062500
0 0.851562 0.185547 0.050000 0.062500
0 0.676562 0.042969 0.050000 0.062500
0 0.496875 0.195312 0.050000 0.062500
0 0.393750 0.244141 0.050000 0.062500
0 0.284375 0.226562 0.050000 0.062500
0 0.103125 0.263672 0.050000 0.062500
0 0.040625 0.404297 0.050000 0.062500
0 0.031250 0.189453 0.050000 0.062500
0 0.054688 0.082031 0.050000 0.062500
0 0.142187 0.056641 0.050000 0.062500
0 0.387500 0.974609 0.050000 0.050781
0 0.014063 0.406250 0.028125 0.062500
