0 0.276562 0.975586 0.050000 0.048828
0 0.492188 0.958984 0.050000 0.062500
0 0.731250 0.888672 0.050000 0.062500
0 0.732812 0.810547 0.050000 0.062500
0 0.785937 0.775391 0.050000 0.062500
0 0.831250 0.646484 0.050000 0.062500
0 0.712500 0.705078 0.050000 0.062500
0 0.981250 0.494141 0.037500 0.062500
0 0.948438 0.460938 0.050000 0.062500
0 0.975781 0.402344 0.048438 0.062500
0 0.879687 0.412109 0.050000 0.062500
0 0.653125 0.533203 0.050000 0.062500
0 0.515625 0.585938 0.050000 0.062500
0 0.421875 0.400391 0.050000 0.062500
0 0.490625 0.390625 0.050000 0.062500
0 0.539062 0.203125 0.050000 0.062500
0 0.410938 0.259766 0.050000 0.062500
0 0.323437 0.289062 0.050000 0.062500
0 0.551562 0.023438 0.050000 0.046875
0 0.206250 0.298828 0.050000 0.062500
0 0.018750 0.582031 0.037500 0.062500
0 0.031250 0.398438 0.050000 0.062500
0 0.032813 0.187500 0.050000 0.062500
0 0.217188 0.773438 0.050000 0.062500
0 0.395313 0.753906 0.050000 0.062500
0 0.426563 0.792969 0.050000 0.062500
0 0.954688 0.498047 0.050000 0.062500
