0 0.823438 0.076172 0.050000 0.062500
0 0.975781 0.503906 0.048438 0.062500
0 0.937500 0.722656 0.050000 0.062500
0 0.909375 0.796875 0.050000 0.062500
0 0.817187 0.857422 0.050000 0.062500
0 0.832812 0.812500 0.050000 0.062500
0 0.789062 0.794922 0.050000 0.062500
0 0.793750 0.466797 0.050000 0.062500
0 0.646875 0.785156 0.050000 0.062500
0 0.606250 0.798828 0.050000 0.062500
0 0.534375 0.593750 0.050000 0.062500
0 0.437500 0.636719 0.050000 0.062500
0 0.359375 0.603516 0.050000 0.062500
0 0.223438 0.744141 0.050000 0.062500
0 0.248438 0.634766 0.050000 0.062500
0 0.276562 0.496094 0.050000 0.062500
0 0.292187 0.365234 0.050000 0.062500
0 0.037500 0.927734 0.050000 0.062500
0 0.151562 0.285156 0.050000 0.062500
0 0.593750 0.101562 0.050000 0.062500
0 0.651563 0.162109 0.050000 0.062500
0 0.681250 0.093750 0.050000 0.062500
0 0.692187 0.546875 0.050000 0.062500
0 0.728125 0.439453 0.050000 0.062500
0 0.728125 0.398438 0.050000 0.062500
0 0.795312 0.384766 0.050000 0.062500
0 0.728125 0.285156 0.050000 0.062500
0 0.681250 0.144531 0.050000 0.062500
0 0.892188 0.683594 0.050000 0.062500
0 0.573438 0.406250 0.050000 0.062500
0 0.014063 0.240234 0.028125 0.062500
0 0.935937 0.753906 0.050000 0.062500
