0 0.587500 0.052734 0.050000 0.062500
0 0.581250 0.093750 0.050000 0.062500
0 0.487500 0.078125 0.050000 0.062500
0 0.582812 0.154297 0.050000 0.062500
0 0.673438 0.208984 0.050000 0.062500
0 0.757812 0.292969 0.050000 0.062500
0 0.721875 0.365234 0.050000 0.062500
0 0.626563 0.333984 0.050000 0.062500
0 0.548438 0.390625 0.050000 0.062500
0 0.554688 0.578125 0.050000 0.062500
0 0.504687 0.697266 0.050000 0.062500
0 0.284375 0.845703 0.050000 0.062500
0 0.267188 0.714844 0.050000 0.062500
0 0.390625 0.644531 0.050000 0.062500
0 0.275000 0.582031 0.050000 0.062500
0 0.275000 0.443359 0.050000 0.062500
0 0.120313 0.408203 0.050000 0.062500
0 0.703125 0.730469 0.050000 0.062500
0 0.667188 0.753906 0.050000 0.062500
0 0.642188 0.975586 0.050000 0.048828
0 0.823438 0.957031 0.050000 0.062500
0 0.881250 0.746094 0.050000 0.062500
0 0.843750 0.685547 0.050000 0.062500
0 0.964063 0.566406 0.050000 0.062500
0 0.884375 0.685547 0.050000 0.062500
0 0.632812 0.292969 0.050000 0.062500
0 0.660937 0.511719 0.050000 0.062500
0 0.809375 0.937500 0.050000 0.062500
0 0.953125 0.365234 0.050000 0.062500
0 0.981250 0.318359 0.037500 0.062500
0 0.959375 0.642578 0.050000 0.062500
0 0.970313 0.597656 0.050000 0.062500
0 0.914062 0.546875 0.050000 0.062500
