0 0.118750 0.421875 0.050000 0.062500
0 0.276562 0.449219 0.050000 0.062500
0 0.298438 0.621094 0.050000 0.062500
0 0.284375 0.763672 0.050000 0.062500
0 0.306250 0.884766 0.050000 0.062500
0 0.653125 0.973633 0.050000 0.052734
0 0.673438 0.748047 0.050000 0.062500
0 0.706250 0.724609 0.050000 0.062500
0 0.395313 0.652344 0.050000 0.062500
0 0.500000 0.660156 0.050000 0.062500
0 0.559375 0.578125 0.050000 0.062500
0 0.550000 0.394531 0.050000 0.062500
0 0.645312 0.511719 0.050000 0.062500
0 0.689063 0.359375 0.050000 0.062500
0 0.575000 0.304688 0.050000 0.062500
0 0.589063 0.275391 0.050000 0.062500
0 0.575000 0.154297 0.050000 0.062500
0 0.479687 0.076172 0.050000 0.062500
0 0.575000 0.058594 0.050000 0.062500
0 0.665625 0.216797 0.050000 0.062500
0 0.753125 0.287109 0.050000 0.062500
0 0.965625 0.544922 0.050000 0.062500
0 0.821875 0.927734 0.050000 0.062500
0 0.834375 0.957031 0.050000 0.062500
0 0.568750 0.099609 0.050000 0.062500
0 0.848437 0.671875 0.050000 0.062500
0 0.885938 0.679688 0.050000 0.062500
0 0.885938 0.734375 0.050000 0.062500
0 0.957812 0.345703 0.050000 0.062500
0 0.981250 0.304688 0.037500 0.062500
0 0.956250 0.630859 0.050000 0.062500
0 0.970313 0.580078 0.050000 0.062500
0 0.918750 0.537109 0.050000 0.062500
