0 0.081250 0.289062 0.050000 0.062500
0 0.100000 0.232422 0.050000 0.062500
0 0.017188 0.335938 0.034375 0.062500
0 0.121875 0.117188 0.050000 0.062500
0 0.128125 0.091797 0.050000 0.062500
0 0.135937 0.060547 0.050000 0.062500
0 0.051562 0.398438 0.050000 0.062500
0 0.212500 0.337891 0.050000 0.062500
0 0.534375 0.531250 0.050000 0.062500
0 0.543750 0.472656 0.050000 0.062500
0 0.637500 0.585938 0.050000 0.062500
0 0.587500 0.898438 0.050000 0.062500
0 0.614062 0.917969 0.050000 0.062500
0 0.637500 0.861328 0.050000 0.062500
0 0.728125 0.394531 0.050000 0.062500
0 0.956250 0.443359 0.050000 0.062500
0 0.887500 0.435547 0.050000 0.062500
0 0.884375 0.363281 0.050000 0.062500
0 0.796875 0.322266 0.050000 0.062500
0 0.798438 0.160156 0.050000 0.062500
