0 0.980469 0.845703 0.039062 0.062500
0 0.971875 0.806641 0.050000 0.062500
0 0.957812 0.878906 0.050000 0.062500
0 0.901563 0.941406 0.050000 0.062500
0 0.860938 0.935547 0.050000 0.062500
0 0.593750 0.833984 0.050000 0.062500
0 0.576562 0.792969 0.050000 0.062500
0 0.637500 0.710938 0.050000 0.062500
0 0.554688 0.667969 0.050000 0.062500
0 0.637500 0.603516 0.050000 0.062500
0 0.773438 0.560547 0.050000 0.062500
0 0.959375 0.607422 0.050000 0.062500
0 0.979688 0.568359 0.040625 0.062500
0 0.587500 0.427734 0.050000 0.062500
0 0.665625 0.486328 0.050000 0.062500
0 0.450000 0.416016 0.050000 0.062500
0 0.401562 0.390625 0.050000 0.062500
0 0.562500 0.373047 0.050000 0.062500
0 0.578125 0.337891 0.050000 0.062500
0 0.704688 0.257812 0.050000 0.062500
0 0.504687 0.242188 0.050000 0.062500
0 0.470313 0.191406 0.050000 0.062500
0 0.593750 0.109375 0.050000 0.062500
0 0.339062 0.042969 0.050000 0.062500
0 0.259375 0.757812 0.050000 0.062500
0 0.128125 0.789062 0.050000 0.062500
0 0.134375 0.929688 0.050000 0.062500
0 0.403125 0.943359 0.050000 0.062500
0 0.921875 0.798828 0.050000 0.062500
0 0.715625 0.978516 0.050000 0.042969
