0 0.965625 0.884766 0.050000 0.062500
0 0.980469 0.861328 0.039062 0.062500
0 0.977344 0.828125 0.045312 0.062500
0 0.928125 0.818359 0.050000 0.062500
0 0.951562 0.630859 0.050000 0.062500
0 0.979688 0.582031 0.040625 0.062500
0 0.600000 0.843750 0.050000 0.062500
0 0.401562 0.962891 0.050000 0.062500
0 0.118750 0.937500 0.050000 0.062500
0 0.131250 0.802734 0.050000 0.062500
0 0.243750 0.783203 0.050000 0.062500
0 0.550000 0.681641 0.050000 0.062500
0 0.646875 0.621094 0.050000 0.062500
0 0.645312 0.714844 0.050000 0.062500
0 0.771875 0.576172 0.050000 0.062500
0 0.665625 0.503906 0.050000 0.062500
0 0.585938 0.447266 0.050000 0.062500
0 0.554688 0.392578 0.050000 0.062500
0 0.576562 0.355469 0.050000 0.062500
0 0.701562 0.271484 0.050000 0.062500
0 0.592187 0.128906 0.050000 0.062500
0 0.482812 0.199219 0.050000 0.062500
0 0.504687 0.263672 0.050000 0.062500
0 0.442188 0.417969 0.050000 0.062500
0 0.387500 0.388672 0.050000 0.062500
0 0.340625 0.078125 0.050000 0.062500
0 0.860938 0.947266 0.050000 0.062500
0 0.900000 0.951172 0.050000 0.062500
0 0.576562 0.798828 0.050000 0.062500
0 0.714063 0.979492 0.050000 0.041016
