0 0.973437 0.824219 0.050000 0.062500
0 0.981250 0.859375 0.037500 0.062500
0 0.964063 0.882812 0.050000 0.062500
0 0.931250 0.822266 0.050000 0.062500
0 0.960938 0.630859 0.050000 0.062500
0 0.982031 0.591797 0.035937 0.062500
0 0.864062 0.949219 0.050000 0.062500
0 0.909375 0.955078 0.050000 0.062500
0 0.715625 0.975586 0.050000 0.048828
0 0.771875 0.580078 0.050000 0.062500
0 0.654687 0.710938 0.050000 0.062500
0 0.643750 0.623047 0.050000 0.062500
0 0.551562 0.689453 0.050000 0.062500
0 0.587500 0.789062 0.050000 0.062500
0 0.593750 0.841797 0.050000 0.062500
0 0.589063 0.447266 0.050000 0.062500
0 0.706250 0.275391 0.050000 0.062500
0 0.575000 0.363281 0.050000 0.062500
0 0.507812 0.255859 0.050000 0.062500
0 0.382812 0.382812 0.050000 0.062500
0 0.439063 0.412109 0.050000 0.062500
0 0.345313 0.087891 0.050000 0.062500
0 0.593750 0.130859 0.050000 0.062500
0 0.485938 0.181641 0.050000 0.062500
0 0.234375 0.783203 0.050000 0.062500
0 0.151562 0.791016 0.050000 0.062500
0 0.095312 0.937500 0.050000 0.062500
0 0.406250 0.968750 0.050000 0.062500
0 0.667188 0.500000 0.050000 0.062500
0 0.551562 0.390625 0.050000 0.062500
