0 0.864062 0.917969 0.050000 0.062500
0 0.909375 0.925781 0.050000 0.062500
0 0.895312 0.978516 0.050000 0.042969
0 0.693750 0.884766 0.050000 0.062500
0 0.664062 0.894531 0.050000 0.062500
0 0.521875 0.894531 0.050000 0.062500
0 0.407813 0.935547 0.050000 0.062500
0 0.585938 0.777344 0.050000 0.062500
0 0.556250 0.660156 0.050000 0.062500
0 0.584375 0.542969 0.050000 0.062500
0 0.775000 0.544922 0.050000 0.062500
0 0.325000 0.128906 0.050000 0.062500
0 0.462500 0.136719 0.050000 0.062500
0 0.595313 0.099609 0.050000 0.062500
0 0.709375 0.240234 0.050000 0.062500
0 0.475000 0.222656 0.050000 0.062500
0 0.393750 0.304688 0.050000 0.062500
0 0.340625 0.320312 0.050000 0.062500
0 0.567187 0.332031 0.050000 0.062500
0 0.565625 0.421875 0.050000 0.062500
0 0.590625 0.414062 0.050000 0.062500
0 0.668750 0.470703 0.050000 0.062500
0 0.234375 0.769531 0.050000 0.062500
0 0.189062 0.734375 0.050000 0.062500
0 0.087500 0.949219 0.050000 0.062500
0 0.689063 0.632812 0.050000 0.062500
0 0.965625 0.595703 0.050000 0.062500
0 0.982812 0.556641 0.034375 0.062500
0 0.928125 0.791016 0.050000 0.062500
0 0.973437 0.791016 0.050000 0.062500
0 0.978906 0.841797 0.042188 0.062500
0 0.971875 0.855469 0.050000 0.062500
0 0.606250 0.746094 0.050000 0.062500
