0 0.321875 0.132812 0.050000 0.062500
0 0.470313 0.113281 0.050000 0.062500
0 0.346875 0.298828 0.050000 0.062500
0 0.392188 0.292969 0.050000 0.062500
0 0.479687 0.212891 0.050000 0.062500
0 0.596875 0.099609 0.050000 0.062500
0 0.570312 0.337891 0.050000 0.062500
0 0.562500 0.410156 0.050000 0.062500
0 0.596875 0.410156 0.050000 0.062500
0 0.670312 0.472656 0.050000 0.062500
0 0.775000 0.550781 0.050000 0.062500
0 0.701562 0.244141 0.050000 0.062500
0 0.956250 0.595703 0.050000 0.062500
0 0.982031 0.564453 0.035937 0.062500
0 0.929688 0.789062 0.050000 0.062500
0 0.977344 0.791016 0.045312 0.062500
0 0.981250 0.828125 0.037500 0.062500
0 0.968750 0.861328 0.050000 0.062500
0 0.904687 0.919922 0.050000 0.062500
0 0.864062 0.927734 0.050000 0.062500
0 0.903125 0.979492 0.050000 0.041016
0 0.690625 0.832031 0.050000 0.062500
0 0.660937 0.837891 0.050000 0.062500
0 0.409375 0.927734 0.050000 0.062500
0 0.492188 0.800781 0.050000 0.062500
0 0.576562 0.763672 0.050000 0.062500
0 0.632812 0.707031 0.050000 0.062500
0 0.714063 0.632812 0.050000 0.062500
0 0.554688 0.666016 0.050000 0.062500
0 0.571875 0.531250 0.050000 0.062500
0 0.235937 0.765625 0.050000 0.062500
0 0.179688 0.728516 0.050000 0.062500
0 0.093750 0.931641 0.050000 0.062500
