0 0.403125 0.974609 0.050000 0.050781
0 0.375000 0.931641 0.050000 0.062500
0 0.584375 0.929688 0.050000 0.062500
0 0.748437 0.531250 0.050000 0.062500
0 0.465625 0.830078 0.050000 0.062500
0 0.459375 0.695312 0.050000 0.062500
0 0.362500 0.658203 0.050000 0.062500
0 0.232813 0.605469 0.050000 0.062500
0 0.126562 0.638672 0.050000 0.062500
0 0.129688 0.263672 0.050000 0.062500
0 0.314063 0.152344 0.050000 0.062500
0 0.021094 0.210938 0.042188 0.062500
0 0.571875 0.228516 0.050000 0.062500
0 0.601562 0.101562 0.050000 0.062500
0 0.473438 0.367188 0.050000 0.062500
0 0.589063 0.443359 0.050000 0.062500
0 0.382812 0.953125 0.050000 0.062500
