0 0.015625 0.373047 0.031250 0.062500
0 0.051562 0.339844 0.050000 0.062500
0 0.065625 0.287109 0.050000 0.062500
0 0.087500 0.173828 0.050000 0.062500
0 0.090625 0.148438 0.050000 0.062500
0 0.095312 0.107422 0.050000 0.062500
0 0.037500 0.458984 0.050000 0.062500
0 0.017188 0.556641 0.034375 0.062500
0 0.196875 0.365234 0.050000 0.062500
0 0.525000 0.537109 0.050000 0.062500
0 0.529687 0.466797 0.050000 0.062500
0 0.628125 0.541016 0.050000 0.062500
0 0.653125 0.857422 0.050000 0.062500
0 0.601562 0.900391 0.050000 0.062500
0 0.623437 0.925781 0.050000 0.062500
0 0.876563 0.416016 0.050000 0.062500
0 0.940625 0.402344 0.050000 0.062500
0 0.690625 0.384766 0.050000 0.062500
0 0.875000 0.324219 0.050000 0.062500
0 0.768750 0.294922 0.050000 0.062500
0 0.757812 0.132812 0.050000 0.062500
