0 0.346875 0.958984 0.050000 0.062500
0 0.376563 0.947266 0.050000 0.062500
0 0.292187 0.978516 0.050000 0.042969
0 0.276562 0.953125 0.050000 0.062500
0 0.618750 0.564453 0.050000 0.062500
0 0.657813 0.357422 0.050000 0.062500
0 0.035937 0.710938 0.050000 0.062500
0 0.242188 0.470703 0.050000 0.062500
0 0.250000 0.361328 0.050000 0.062500
0 0.385937 0.443359 0.050000 0.062500
0 0.506250 0.441406 0.050000 0.062500
0 0.628125 0.482422 0.050000 0.062500
0 0.717187 0.238281 0.050000 0.062500
0 0.753125 0.033203 0.050000 0.062500
0 0.546875 0.302734 0.050000 0.062500
0 0.420312 0.349609 0.050000 0.062500
0 0.359375 0.251953 0.050000 0.062500
