0 0.656250 0.449219 0.050000 0.062500
0 0.704688 0.380859 0.050000 0.062500
0 0.642188 0.324219 0.050000 0.062500
0 0.676562 0.322266 0.050000 0.062500
0 0.335938 0.361328 0.050000 0.062500
0 0.318750 0.222656 0.050000 0.062500
0 0.212500 0.322266 0.050000 0.062500
0 0.125000 0.337891 0.050000 0.062500
0 0.137500 0.271484 0.050000 0.062500
0 0.610938 0.349609 0.050000 0.062500
0 0.064062 0.380859 0.050000 0.062500
0 0.028125 0.324219 0.050000 0.062500
0 0.262500 0.093750 0.050000 0.062500
0 0.368750 0.041016 0.050000 0.062500
0 0.429688 0.076172 0.050000 0.062500
0 0.089063 0.126953 0.050000 0.062500
0 0.139063 0.173828 0.050000 0.062500
