0 0.873437 0.451172 0.050000 0.062500
0 0.910937 0.392578 0.050000 0.062500
0 0.884375 0.333984 0.050000 0.062500
0 0.850000 0.304688 0.050000 0.062500
0 0.826562 0.367188 0.050000 0.062500
0 0.539062 0.392578 0.050000 0.062500
0 0.518750 0.259766 0.050000 0.062500
0 0.425000 0.371094 0.050000 0.062500
0 0.346875 0.328125 0.050000 0.062500
0 0.328125 0.390625 0.050000 0.062500
0 0.273438 0.435547 0.050000 0.062500
0 0.232813 0.386719 0.050000 0.062500
0 0.022656 0.539062 0.045312 0.062500
0 0.051562 0.542969 0.050000 0.062500
0 0.082812 0.513672 0.050000 0.062500
0 0.115625 0.464844 0.050000 0.062500
0 0.114062 0.416016 0.050000 0.062500
0 0.150000 0.197266 0.050000 0.062500
0 0.050000 0.312500 0.050000 0.062500
0 0.289062 0.173828 0.050000 0.062500
0 0.037500 0.134766 0.050000 0.062500
0 0.017969 0.115234 0.035937 0.062500
0 0.014063 0.177734 0.028125 0.062500
0 0.450000 0.132812 0.050000 0.062500
0 0.625000 0.105469 0.050000 0.062500
0 0.560937 0.072266 0.050000 0.062500
0 0.560937 0.020508 0.050000 0.041016
0 0.671875 0.025391 0.050000 0.050781
0 0.142187 0.066406 0.050000 0.062500
0 0.332813 0.220703 0.050000 0.062500
