0 0.017188 0.115234 0.034375 0.062500
0 0.870313 0.445312 0.050000 0.062500
0 0.912500 0.394531 0.050000 0.062500
0 0.879687 0.332031 0.050000 0.062500
0 0.853125 0.300781 0.050000 0.062500
0 0.823438 0.361328 0.050000 0.062500
0 0.535937 0.396484 0.050000 0.062500
0 0.520312 0.253906 0.050000 0.062500
0 0.576562 0.326172 0.050000 0.062500
0 0.418750 0.373047 0.050000 0.062500
0 0.328125 0.394531 0.050000 0.062500
0 0.343750 0.322266 0.050000 0.062500
0 0.271875 0.431641 0.050000 0.062500
0 0.231250 0.390625 0.050000 0.062500
0 0.165625 0.378906 0.050000 0.062500
0 0.020313 0.541016 0.040625 0.062500
0 0.051562 0.541016 0.050000 0.062500
0 0.095312 0.509766 0.050000 0.062500
0 0.115625 0.468750 0.050000 0.062500
0 0.114062 0.408203 0.050000 0.062500
0 0.050000 0.322266 0.050000 0.062500
0 0.140625 0.199219 0.050000 0.062500
0 0.448437 0.126953 0.050000 0.062500
0 0.621875 0.099609 0.050000 0.062500
0 0.559375 0.020508 0.050000 0.041016
0 0.564063 0.064453 0.050000 0.062500
0 0.668750 0.024414 0.050000 0.048828
0 0.034375 0.132812 0.050000 0.062500
0 0.284375 0.167969 0.050000 0.062500
0 0.332813 0.220703 0.050000 0.062500
0 0.139063 0.062500 0.050000 0.062500
