0 0.031250 0.173828 0.050000 0.062500
0 0.059375 0.208984 0.050000 0.062500
0 0.020313 0.240234 0.040625 0.062500
0 0.185938 0.154297 0.050000 0.062500
0 0.395313 0.080078 0.050000 0.062500
0 0.839063 0.167969 0.050000 0.062500
0 0.709375 0.210938 0.050000 0.062500
0 0.684375 0.167969 0.050000 0.062500
0 0.648438 0.152344 0.050000 0.062500
0 0.590625 0.187500 0.050000 0.062500
0 0.585938 0.253906 0.050000 0.062500
0 0.650000 0.296875 0.050000 0.062500
0 0.843750 0.541016 0.050000 0.062500
0 0.865625 0.583984 0.050000 0.062500
0 0.887500 0.638672 0.050000 0.062500
0 0.840625 0.691406 0.050000 0.062500
0 0.809375 0.605469 0.050000 0.062500
0 0.526563 0.576172 0.050000 0.062500
0 0.525000 0.427734 0.050000 0.062500
0 0.410938 0.521484 0.050000 0.062500
0 0.343750 0.460938 0.050000 0.062500
0 0.320312 0.519531 0.050000 0.062500
0 0.251563 0.546875 0.050000 0.062500
0 0.218750 0.492188 0.050000 0.062500
0 0.031250 0.613281 0.050000 0.062500
0 0.070312 0.593750 0.050000 0.062500
0 0.100000 0.550781 0.050000 0.062500
0 0.106250 0.505859 0.050000 0.062500
0 0.048438 0.398438 0.050000 0.062500
0 0.159375 0.289062 0.050000 0.062500
0 0.309375 0.289062 0.050000 0.062500
0 0.340625 0.351562 0.050000 0.062500
0 0.475000 0.289062 0.050000 0.062500
0 0.292187 0.037109 0.050000 0.062500
