0 0.078125 0.255859 0.050000 0.062500
0 0.051562 0.220703 0.050000 0.062500
0 0.025000 0.277344 0.050000 0.062500
0 0.056250 0.443359 0.050000 0.062500
0 0.085938 0.558594 0.050000 0.062500
0 0.093750 0.605469 0.050000 0.062500
0 0.060937 0.640625 0.050000 0.062500
0 0.020313 0.652344 0.040625 0.062500
0 0.223438 0.564453 0.050000 0.062500
0 0.251563 0.630859 0.050000 0.062500
0 0.156250 0.537109 0.050000 0.062500
0 0.170313 0.353516 0.050000 0.062500
0 0.354687 0.453125 0.050000 0.062500
0 0.321875 0.386719 0.050000 0.062500
0 0.412500 0.617188 0.050000 0.062500
0 0.343750 0.550781 0.050000 0.062500
0 0.312500 0.609375 0.050000 0.062500
0 0.517188 0.679688 0.050000 0.062500
0 0.529687 0.546875 0.050000 0.062500
0 0.492188 0.392578 0.050000 0.062500
0 0.664062 0.431641 0.050000 0.062500
0 0.607812 0.384766 0.050000 0.062500
0 0.614062 0.320312 0.050000 0.062500
0 0.670312 0.291016 0.050000 0.062500
0 0.710938 0.322266 0.050000 0.062500
0 0.725000 0.359375 0.050000 0.062500
0 0.857812 0.332031 0.050000 0.062500
0 0.871875 0.810547 0.050000 0.062500
0 0.818750 0.857422 0.050000 0.062500
0 0.854688 0.746094 0.050000 0.062500
0 0.834375 0.710938 0.050000 0.062500
0 0.793750 0.751953 0.050000 0.062500
0 0.364063 0.189453 0.050000 0.062500
0 0.428125 0.179688 0.050000 0.062500
0 0.210938 0.220703 0.050000 0.062500
