0 0.278125 0.326172 0.050000 0.062500
0 0.307812 0.359375 0.050000 0.062500
0 0.268750 0.394531 0.050000 0.062500
0 0.417187 0.417969 0.050000 0.062500
0 0.434375 0.298828 0.050000 0.062500
0 0.650000 0.201172 0.050000 0.062500
0 0.854688 0.365234 0.050000 0.062500
0 0.856250 0.302734 0.050000 0.062500
0 0.903125 0.269531 0.050000 0.062500
0 0.946875 0.271484 0.050000 0.062500
0 0.973437 0.320312 0.050000 0.062500
0 0.917188 0.404297 0.050000 0.062500
0 0.837500 0.503906 0.050000 0.062500
0 0.798438 0.552734 0.050000 0.062500
0 0.806250 0.683594 0.050000 0.062500
0 0.689063 0.646484 0.050000 0.062500
0 0.593750 0.650391 0.050000 0.062500
0 0.618750 0.591797 0.050000 0.062500
0 0.542188 0.689453 0.050000 0.062500
0 0.496875 0.642578 0.050000 0.062500
0 0.571875 0.425781 0.050000 0.062500
0 0.614062 0.478516 0.050000 0.062500
0 0.737500 0.410156 0.050000 0.062500
0 0.428125 0.617188 0.050000 0.062500
0 0.317188 0.558594 0.050000 0.062500
0 0.245312 0.642578 0.050000 0.062500
0 0.260937 0.697266 0.050000 0.062500
0 0.270313 0.757812 0.050000 0.062500
0 0.251563 0.580078 0.050000 0.062500
0 0.342187 0.656250 0.050000 0.062500
0 0.381250 0.705078 0.050000 0.062500
0 0.354687 0.750000 0.050000 0.062500
0 0.320312 0.742188 0.050000 0.062500
