0 0.015625 0.365234 0.031250 0.062500
0 0.053125 0.337891 0.050000 0.062500
0 0.064062 0.287109 0.050000 0.062500
0 0.092188 0.173828 0.050000 0.062500
0 0.087500 0.142578 0.050000 0.062500
0 0.098437 0.103516 0.050000 0.062500
0 0.037500 0.453125 0.050000 0.062500
0 0.017188 0.554688 0.034375 0.062500
0 0.221875 0.351562 0.050000 0.062500
0 0.535937 0.449219 0.050000 0.062500
0 0.526563 0.535156 0.050000 0.062500
0 0.639062 0.492188 0.050000 0.062500
0 0.659375 0.398438 0.050000 0.062500
0 0.771875 0.289062 0.050000 0.062500
0 0.762500 0.126953 0.050000 0.062500
0 0.890625 0.341797 0.050000 0.062500
0 0.946875 0.404297 0.050000 0.062500
0 0.884375 0.425781 0.050000 0.062500
0 0.650000 0.849609 0.050000 0.062500
0 0.598437 0.902344 0.050000 0.062500
0 0.629687 0.929688 0.050000 0.062500
