0 0.745313 0.410156 0.050000 0.062500
0 0.289062 0.330078 0.050000 0.062500
0 0.317188 0.357422 0.050000 0.062500
0 0.276562 0.394531 0.050000 0.062500
0 0.320312 0.552734 0.050000 0.062500
0 0.257812 0.583984 0.050000 0.062500
0 0.259375 0.648438 0.050000 0.062500
0 0.265625 0.701172 0.050000 0.062500
0 0.275000 0.748047 0.050000 0.062500
0 0.315625 0.767578 0.050000 0.062500
0 0.362500 0.750000 0.050000 0.062500
0 0.382812 0.701172 0.050000 0.062500
0 0.348438 0.662109 0.050000 0.062500
0 0.434375 0.621094 0.050000 0.062500
0 0.548438 0.687500 0.050000 0.062500
0 0.501563 0.630859 0.050000 0.062500
0 0.603125 0.650391 0.050000 0.062500
0 0.625000 0.591797 0.050000 0.062500
0 0.695312 0.644531 0.050000 0.062500
0 0.804688 0.550781 0.050000 0.062500
0 0.814063 0.685547 0.050000 0.062500
0 0.971875 0.466797 0.050000 0.062500
0 0.871875 0.507812 0.050000 0.062500
0 0.923438 0.404297 0.050000 0.062500
0 0.978125 0.326172 0.043750 0.062500
0 0.951562 0.277344 0.050000 0.062500
0 0.910937 0.261719 0.050000 0.062500
0 0.857812 0.300781 0.050000 0.062500
0 0.860938 0.367188 0.050000 0.062500
0 0.425000 0.423828 0.050000 0.062500
0 0.623437 0.490234 0.050000 0.062500
0 0.579688 0.429688 0.050000 0.062500
0 0.656250 0.214844 0.050000 0.062500
0 0.356250 0.710938 0.050000 0.062500
0 0.446875 0.302734 0.050000 0.062500
