0 0.296875 0.408203 0.050000 0.062500
0 0.328125 0.660156 0.050000 0.062500
0 0.357812 0.863281 0.050000 0.062500
0 0.376563 0.822266 0.050000 0.062500
0 0.417187 0.863281 0.050000 0.062500
0 0.539062 0.785156 0.050000 0.062500
0 0.568750 0.865234 0.050000 0.062500
0 0.625000 0.865234 0.050000 0.062500
0 0.659375 0.845703 0.050000 0.062500
0 0.707812 0.820312 0.050000 0.062500
0 0.706250 0.763672 0.050000 0.062500
0 0.650000 0.701172 0.050000 0.062500
0 0.620313 0.738281 0.050000 0.062500
0 0.581250 0.642578 0.050000 0.062500
0 0.589063 0.558594 0.050000 0.062500
0 0.628125 0.490234 0.050000 0.062500
0 0.593750 0.431641 0.050000 0.062500
0 0.535937 0.414062 0.050000 0.062500
0 0.573438 0.310547 0.050000 0.062500
0 0.492188 0.189453 0.050000 0.062500
0 0.598437 0.175781 0.050000 0.062500
0 0.485938 0.039062 0.050000 0.062500
0 0.400000 0.287109 0.050000 0.062500
0 0.425000 0.478516 0.050000 0.062500
0 0.448437 0.425781 0.050000 0.062500
0 0.287500 0.146484 0.050000 0.062500
0 0.337500 0.136719 0.050000 0.062500
0 0.365625 0.054688 0.050000 0.062500
0 0.257812 0.083984 0.050000 0.062500
0 0.246875 0.025391 0.050000 0.050781
0 0.350000 0.016602 0.050000 0.033203
0 0.226562 0.394531 0.050000 0.062500
0 0.434375 0.669922 0.050000 0.062500
0 0.690625 0.716797 0.050000 0.062500
0 0.293750 0.017578 0.050000 0.035156
