0 0.378125 0.028320 0.050000 0.056641
0 0.470313 0.026367 0.050000 0.052734
0 0.517188 0.041016 0.050000 0.062500
0 0.540625 0.085938 0.050000 0.062500
0 0.570312 0.107422 0.050000 0.062500
0 0.470313 0.085938 0.050000 0.062500
0 0.443750 0.175781 0.050000 0.062500
0 0.567187 0.021484 0.050000 0.042969
0 0.120313 0.119141 0.050000 0.062500
0 0.092188 0.152344 0.050000 0.062500
0 0.085938 0.195312 0.050000 0.062500
0 0.085938 0.265625 0.050000 0.062500
0 0.131250 0.429688 0.050000 0.062500
0 0.132812 0.361328 0.050000 0.062500
0 0.157812 0.417969 0.050000 0.062500
0 0.178125 0.402344 0.050000 0.062500
0 0.382812 0.533203 0.050000 0.062500
0 0.401562 0.498047 0.050000 0.062500
0 0.418750 0.765625 0.050000 0.062500
0 0.615625 0.892578 0.050000 0.062500
0 0.675000 0.794922 0.050000 0.062500
0 0.656250 0.826172 0.050000 0.062500
0 0.696875 0.689453 0.050000 0.062500
0 0.692187 0.646484 0.050000 0.062500
0 0.423438 0.273438 0.050000 0.062500
0 0.414062 0.308594 0.050000 0.062500
0 0.392188 0.335938 0.050000 0.062500
0 0.404687 0.212891 0.050000 0.062500
0 0.357812 0.183594 0.050000 0.062500
0 0.315625 0.201172 0.050000 0.062500
0 0.275000 0.267578 0.050000 0.062500
0 0.300000 0.236328 0.050000 0.062500
0 0.287500 0.316406 0.050000 0.062500
0 0.204687 0.281250 0.050000 0.062500
0 0.209375 0.183594 0.050000 0.062500
0 0.662500 0.981445 0.050000 0.037109
0 0.371875 0.238281 0.050000 0.062500
