0 0.421875 0.025391 0.050000 0.050781
0 0.321875 0.072266 0.050000 0.062500
0 0.317188 0.097656 0.050000 0.062500
0 0.290625 0.123047 0.050000 0.062500
0 0.264062 0.187500 0.050000 0.062500
0 0.295312 0.207031 0.050000 0.062500
0 0.478125 0.269531 0.050000 0.062500
0 0.529687 0.220703 0.050000 0.062500
0 0.548438 0.263672 0.050000 0.062500
0 0.367188 0.476562 0.050000 0.062500
0 0.318750 0.517578 0.050000 0.062500
0 0.318750 0.570312 0.050000 0.062500
0 0.335938 0.638672 0.050000 0.062500
0 0.403125 0.501953 0.050000 0.062500
0 0.443750 0.541016 0.050000 0.062500
0 0.359375 0.738281 0.050000 0.062500
0 0.351562 0.792969 0.050000 0.062500
0 0.404687 0.798828 0.050000 0.062500
0 0.612500 0.896484 0.050000 0.062500
0 0.651563 0.675781 0.050000 0.062500
0 0.628125 0.699219 0.050000 0.062500
0 0.507812 0.644531 0.050000 0.062500
0 0.517188 0.693359 0.050000 0.062500
0 0.534375 0.611328 0.050000 0.062500
0 0.721875 0.544922 0.050000 0.062500
0 0.750000 0.505859 0.050000 0.062500
0 0.737500 0.458984 0.050000 0.062500
0 0.826562 0.355469 0.050000 0.062500
0 0.684375 0.455078 0.050000 0.062500
0 0.667188 0.542969 0.050000 0.062500
0 0.625000 0.419922 0.050000 0.062500
0 0.559375 0.496094 0.050000 0.062500
0 0.587500 0.550781 0.050000 0.062500
0 0.629687 0.578125 0.050000 0.062500
0 0.603125 0.615234 0.050000 0.062500
0 0.548438 0.582031 0.050000 0.062500
