0 0.220312 0.044922 0.050000 0.062500
0 0.401562 0.020508 0.050000 0.041016
0 0.332813 0.115234 0.050000 0.062500
0 0.371875 0.166016 0.050000 0.062500
0 0.389062 0.203125 0.050000 0.062500
0 0.426563 0.097656 0.050000 0.062500
0 0.446875 0.119141 0.050000 0.062500
0 0.626563 0.242188 0.050000 0.062500
0 0.632812 0.285156 0.050000 0.062500
0 0.668750 0.208984 0.050000 0.062500
0 0.684375 0.253906 0.050000 0.062500
0 0.818750 0.443359 0.050000 0.062500
0 0.796875 0.531250 0.050000 0.062500
0 0.835938 0.548828 0.050000 0.062500
0 0.878125 0.503906 0.050000 0.062500
0 0.875000 0.458984 0.050000 0.062500
0 0.681250 0.451172 0.050000 0.062500
0 0.687500 0.509766 0.050000 0.062500
0 0.770312 0.570312 0.050000 0.062500
0 0.745313 0.599609 0.050000 0.062500
0 0.750000 0.880859 0.050000 0.062500
0 0.760938 0.691406 0.050000 0.062500
0 0.781250 0.666016 0.050000 0.062500
0 0.782813 0.630859 0.050000 0.062500
0 0.654687 0.599609 0.050000 0.062500
0 0.651563 0.652344 0.050000 0.062500
0 0.451562 0.503906 0.050000 0.062500
0 0.457813 0.570312 0.050000 0.062500
0 0.459375 0.630859 0.050000 0.062500
0 0.490625 0.779297 0.050000 0.062500
0 0.490625 0.730469 0.050000 0.062500
0 0.535937 0.783203 0.050000 0.062500
0 0.498437 0.462891 0.050000 0.062500
0 0.484375 0.486328 0.050000 0.062500
0 0.539062 0.498047 0.050000 0.062500
0 0.576562 0.537109 0.050000 0.062500
0 0.576562 0.625000 0.050000 0.062500
0 0.510938 0.656250 0.050000 0.062500
