0 0.753125 0.091797 0.050000 0.062500
0 0.312500 0.255859 0.050000 0.062500
0 0.246875 0.316406 0.050000 0.062500
0 0.290625 0.314453 0.050000 0.062500
0 0.132812 0.041016 0.050000 0.062500
0 0.062500 0.173828 0.050000 0.062500
0 0.024219 0.218750 0.048438 0.062500
0 0.207813 0.759766 0.050000 0.062500
0 0.029687 0.771484 0.050000 0.062500
0 0.064062 0.757812 0.050000 0.062500
0 0.253125 0.580078 0.050000 0.062500
0 0.275000 0.556641 0.050000 0.062500
0 0.267188 0.521484 0.050000 0.062500
0 0.264062 0.410156 0.050000 0.062500
0 0.295312 0.359375 0.050000 0.062500
0 0.193750 0.644531 0.050000 0.062500
0 0.112500 0.576172 0.050000 0.062500
0 0.217188 0.503906 0.050000 0.062500
0 0.145313 0.529297 0.050000 0.062500
0 0.185938 0.455078 0.050000 0.062500
0 0.065625 0.433594 0.050000 0.062500
0 0.017969 0.564453 0.035937 0.062500
0 0.026562 0.712891 0.050000 0.062500
0 0.062500 0.650391 0.050000 0.062500
0 0.015625 0.486328 0.031250 0.062500
0 0.085938 0.203125 0.050000 0.062500
0 0.151562 0.423828 0.050000 0.062500
0 0.118750 0.457031 0.050000 0.062500
0 0.148438 0.492188 0.050000 0.062500
