0 0.392188 0.468750 0.050000 0.062500
0 0.460938 0.564453 0.050000 0.062500
0 0.754687 0.703125 0.050000 0.062500
0 0.742188 0.638672 0.050000 0.062500
0 0.750000 0.578125 0.050000 0.062500
0 0.743750 0.097656 0.050000 0.062500
0 0.714063 0.164062 0.050000 0.062500
0 0.689063 0.113281 0.050000 0.062500
0 0.754687 0.144531 0.050000 0.062500
0 0.793750 0.162109 0.050000 0.062500
0 0.656250 0.263672 0.050000 0.062500
0 0.701562 0.246094 0.050000 0.062500
0 0.743750 0.259766 0.050000 0.062500
0 0.782813 0.279297 0.050000 0.062500
0 0.779687 0.328125 0.050000 0.062500
0 0.753125 0.376953 0.050000 0.062500
0 0.053125 0.971680 0.050000 0.056641
0 0.029687 0.976562 0.050000 0.046875
0 0.983594 0.906250 0.032813 0.062500
0 0.520312 0.429688 0.050000 0.062500
0 0.535937 0.365234 0.050000 0.062500
0 0.570312 0.308594 0.050000 0.062500
0 0.626563 0.417969 0.050000 0.062500
0 0.659375 0.470703 0.050000 0.062500
0 0.700000 0.503906 0.050000 0.062500
0 0.732812 0.541016 0.050000 0.062500
0 0.968750 0.482422 0.050000 0.062500
0 0.521875 0.304688 0.050000 0.062500
0 0.671875 0.185547 0.050000 0.062500
0 0.704688 0.617188 0.050000 0.062500
0 0.571875 0.552734 0.050000 0.062500
