0 0.365625 0.482422 0.050000 0.062500
0 0.450000 0.564453 0.050000 0.062500
0 0.704688 0.623047 0.050000 0.062500
0 0.739062 0.517578 0.050000 0.062500
0 0.731250 0.466797 0.050000 0.062500
0 0.678125 0.410156 0.050000 0.062500
0 0.715625 0.421875 0.050000 0.062500
0 0.585938 0.369141 0.050000 0.062500
0 0.475000 0.402344 0.050000 0.062500
0 0.490625 0.486328 0.050000 0.062500
0 0.485938 0.330078 0.050000 0.062500
0 0.453125 0.285156 0.050000 0.062500
0 0.500000 0.267578 0.050000 0.062500
0 0.957812 0.279297 0.050000 0.062500
0 0.750000 0.300781 0.050000 0.062500
0 0.620313 0.283203 0.050000 0.062500
0 0.657813 0.160156 0.050000 0.062500
0 0.690625 0.160156 0.050000 0.062500
0 0.707812 0.207031 0.050000 0.062500
0 0.603125 0.150391 0.050000 0.062500
0 0.575000 0.117188 0.050000 0.062500
0 0.514062 0.113281 0.050000 0.062500
0 0.600000 0.066406 0.050000 0.062500
0 0.543750 0.039062 0.050000 0.062500
0 0.570312 0.193359 0.050000 0.062500
0 0.534375 0.177734 0.050000 0.062500
0 0.907813 0.298828 0.050000 0.062500
0 0.904687 0.021484 0.050000 0.042969
0 0.623437 0.018555 0.050000 0.037109
0 0.553125 0.248047 0.050000 0.062500
0 0.703125 0.517578 0.050000 0.062500
