0 0.359375 0.484375 0.050000 0.062500
0 0.453125 0.570312 0.050000 0.062500
0 0.701562 0.517578 0.050000 0.062500
0 0.662500 0.656250 0.050000 0.062500
0 0.959375 0.277344 0.050000 0.062500
0 0.909375 0.306641 0.050000 0.062500
0 0.759375 0.332031 0.050000 0.062500
0 0.709375 0.208984 0.050000 0.062500
0 0.695312 0.173828 0.050000 0.062500
0 0.664062 0.167969 0.050000 0.062500
0 0.604688 0.160156 0.050000 0.062500
0 0.489063 0.158203 0.050000 0.062500
0 0.532813 0.205078 0.050000 0.062500
0 0.481250 0.343750 0.050000 0.062500
0 0.500000 0.275391 0.050000 0.062500
0 0.453125 0.292969 0.050000 0.062500
0 0.479687 0.416016 0.050000 0.062500
0 0.495312 0.486328 0.050000 0.062500
0 0.676562 0.414062 0.050000 0.062500
0 0.739062 0.470703 0.050000 0.062500
0 0.737500 0.529297 0.050000 0.062500
0 0.715625 0.431641 0.050000 0.062500
0 0.582812 0.371094 0.050000 0.062500
0 0.626563 0.255859 0.050000 0.062500
0 0.570312 0.201172 0.050000 0.062500
0 0.531250 0.076172 0.050000 0.062500
0 0.554688 0.031250 0.050000 0.062500
0 0.554688 0.126953 0.050000 0.062500
0 0.579688 0.091797 0.050000 0.062500
0 0.910937 0.021484 0.050000 0.042969
0 0.020313 0.974609 0.040625 0.050781
0 0.982031 0.767578 0.035937 0.062500
