0 0.775000 0.951172 0.050000 0.062500
0 0.759375 0.886719 0.050000 0.062500
0 0.378125 0.941406 0.050000 0.062500
0 0.334375 0.927734 0.050000 0.062500
0 0.340625 0.865234 0.050000 0.062500
0 0.398438 0.882812 0.050000 0.062500
0 0.475000 0.841797 0.050000 0.062500
0 0.395313 0.783203 0.050000 0.062500
0 0.679688 0.394531 0.050000 0.062500
0 0.721875 0.408203 0.050000 0.062500
0 0.693750 0.234375 0.050000 0.062500
0 0.450000 0.171875 0.050000 0.062500
0 0.250000 0.169922 0.050000 0.062500
0 0.267188 0.222656 0.050000 0.062500
0 0.496875 0.316406 0.050000 0.062500
0 0.460938 0.335938 0.050000 0.062500
0 0.429688 0.333984 0.050000 0.062500
0 0.442188 0.302734 0.050000 0.062500
0 0.460938 0.251953 0.050000 0.062500
0 0.629687 0.064453 0.050000 0.062500
0 0.629687 0.022461 0.050000 0.044922
0 0.475000 0.273438 0.050000 0.062500
0 0.831250 0.611328 0.050000 0.062500
0 0.829688 0.707031 0.050000 0.062500
0 0.839063 0.671875 0.050000 0.062500
0 0.737500 0.791016 0.050000 0.062500
0 0.731250 0.710938 0.050000 0.062500
0 0.740625 0.677734 0.050000 0.062500
0 0.528125 0.728516 0.050000 0.062500
0 0.546875 0.658203 0.050000 0.062500
0 0.564063 0.621094 0.050000 0.062500
0 0.593750 0.623047 0.050000 0.062500
0 0.576562 0.919922 0.050000 0.062500
0 0.578125 0.873047 0.050000 0.062500
0 0.623437 0.923828 0.050000 0.062500
0 0.673438 0.951172 0.050000 0.062500
0 0.675000 0.798828 0.050000 0.062500
0 0.618750 0.791016 0.050000 0.062500
0 0.800000 0.978516 0.050000 0.042969
0 0.031250 0.582031 0.050000 0.062500
0 0.020313 0.615234 0.040625 0.062500
0 0.542188 0.759766 0.050000 0.062500
