0 0.193750 0.550781 0.050000 0.062500
0 0.207813 0.582031 0.050000 0.062500
0 0.510938 0.714844 0.050000 0.062500
0 0.531250 0.666016 0.050000 0.062500
0 0.598437 0.712891 0.050000 0.062500
0 0.595313 0.757812 0.050000 0.062500
0 0.610938 0.628906 0.050000 0.062500
0 0.775000 0.691406 0.050000 0.062500
0 0.604688 0.251953 0.050000 0.062500
0 0.690625 0.195312 0.050000 0.062500
0 0.703125 0.240234 0.050000 0.062500
0 0.846875 0.302734 0.050000 0.062500
0 0.807813 0.322266 0.050000 0.062500
0 0.781250 0.328125 0.050000 0.062500
0 0.782813 0.285156 0.050000 0.062500
0 0.818750 0.117188 0.050000 0.062500
0 0.962500 0.591797 0.050000 0.062500
0 0.929688 0.603516 0.050000 0.062500
0 0.909375 0.634766 0.050000 0.062500
0 0.910937 0.746094 0.050000 0.062500
0 0.900000 0.712891 0.050000 0.062500
0 0.942187 0.904297 0.050000 0.062500
0 0.942187 0.847656 0.050000 0.062500
0 0.982812 0.902344 0.034375 0.062500
0 0.850000 0.018555 0.050000 0.037109
0 0.806250 0.236328 0.050000 0.062500
0 0.818750 0.259766 0.050000 0.062500
