0 0.104688 0.113281 0.050000 0.062500
0 0.093750 0.146484 0.050000 0.062500
0 0.092188 0.175781 0.050000 0.062500
0 0.068750 0.292969 0.050000 0.062500
0 0.060937 0.347656 0.050000 0.062500
0 0.040625 0.460938 0.050000 0.062500
0 0.248438 0.349609 0.050000 0.062500
0 0.525000 0.369141 0.050000 0.062500
0 0.607812 0.402344 0.050000 0.062500
0 0.653125 0.453125 0.050000 0.062500
0 0.526563 0.541016 0.050000 0.062500
0 0.650000 0.859375 0.050000 0.062500
0 0.600000 0.908203 0.050000 0.062500
0 0.620313 0.943359 0.050000 0.062500
0 0.881250 0.429688 0.050000 0.062500
0 0.945312 0.412109 0.050000 0.062500
0 0.895312 0.365234 0.050000 0.062500
0 0.775000 0.291016 0.050000 0.062500
0 0.762500 0.134766 0.050000 0.062500
0 0.015625 0.554688 0.031250 0.062500
