0 0.376563 0.644531 0.050000 0.062500
0 0.393750 0.507812 0.050000 0.062500
0 0.423438 0.416016 0.050000 0.062500
0 0.432812 0.382812 0.050000 0.062500
0 0.404687 0.138672 0.050000 0.062500
0 0.046875 0.052734 0.050000 0.062500
0 0.070312 0.019531 0.050000 0.039062
0 0.503125 0.726562 0.050000 0.062500
0 0.937500 0.798828 0.050000 0.062500
0 0.609375 0.933594 0.050000 0.062500
0 0.559375 0.580078 0.050000 0.062500
0 0.525000 0.490234 0.050000 0.062500
0 0.551562 0.470703 0.050000 0.062500
0 0.468750 0.294922 0.050000 0.062500
0 0.939063 0.363281 0.050000 0.062500
0 0.664062 0.406250 0.050000 0.062500
0 0.664062 0.466797 0.050000 0.062500
0 0.596875 0.406250 0.050000 0.062500
0 0.504687 0.332031 0.050000 0.062500
0 0.732812 0.460938 0.050000 0.062500
0 0.926562 0.839844 0.050000 0.062500
0 0.834375 0.973633 0.050000 0.052734
0 0.807813 0.981445 0.050000 0.037109
0 0.184375 0.396484 0.050000 0.062500
0 0.618750 0.281250 0.050000 0.062500
