0 0.087500 0.564453 0.050000 0.062500
0 0.115625 0.496094 0.050000 0.062500
0 0.132812 0.443359 0.050000 0.062500
0 0.176563 0.375000 0.050000 0.062500
0 0.342187 0.250000 0.050000 0.062500
0 0.448437 0.242188 0.050000 0.062500
0 0.570312 0.216797 0.050000 0.062500
0 0.659375 0.214844 0.050000 0.062500
0 0.762500 0.230469 0.050000 0.062500
0 0.864062 0.230469 0.050000 0.062500
0 0.973437 0.279297 0.050000 0.062500
0 0.596875 0.363281 0.050000 0.062500
0 0.439063 0.396484 0.050000 0.062500
0 0.495312 0.568359 0.050000 0.062500
0 0.559375 0.718750 0.050000 0.062500
0 0.521875 0.802734 0.050000 0.062500
0 0.517188 0.839844 0.050000 0.062500
0 0.490625 0.939453 0.050000 0.062500
0 0.626563 0.925781 0.050000 0.062500
0 0.654687 0.892578 0.050000 0.062500
0 0.764062 0.871094 0.050000 0.062500
0 0.684375 0.812500 0.050000 0.062500
0 0.523438 0.134766 0.050000 0.062500
0 0.629687 0.060547 0.050000 0.062500
0 0.775000 0.097656 0.050000 0.062500
0 0.500000 0.023438 0.050000 0.046875
0 0.326562 0.136719 0.050000 0.062500
0 0.678125 0.765625 0.050000 0.062500
0 0.709375 0.699219 0.050000 0.062500
0 0.848437 0.812500 0.050000 0.062500
0 0.848437 0.869141 0.050000 0.062500
0 0.592187 0.751953 0.050000 0.062500
0 0.234375 0.253906 0.050000 0.062500
0 0.279687 0.833984 0.050000 0.062500
