0 0.107813 0.935547 0.050000 0.062500
0 0.128125 0.873047 0.050000 0.062500
0 0.157812 0.792969 0.050000 0.062500
0 0.334375 0.652344 0.050000 0.062500
0 0.435937 0.648438 0.050000 0.062500
0 0.456250 0.792969 0.050000 0.062500
0 0.615625 0.748047 0.050000 0.062500
0 0.514062 0.902344 0.050000 0.062500
0 0.640625 0.585938 0.050000 0.062500
0 0.560937 0.603516 0.050000 0.062500
0 0.756250 0.578125 0.050000 0.062500
0 0.834375 0.570312 0.050000 0.062500
0 0.942187 0.591797 0.050000 0.062500
0 0.740625 0.472656 0.050000 0.062500
0 0.582812 0.447266 0.050000 0.062500
0 0.498437 0.503906 0.050000 0.062500
0 0.295312 0.529297 0.050000 0.062500
0 0.451562 0.394531 0.050000 0.062500
0 0.584375 0.320312 0.050000 0.062500
0 0.700000 0.294922 0.050000 0.062500
0 0.904687 0.310547 0.050000 0.062500
0 0.668750 0.144531 0.050000 0.062500
0 0.501563 0.154297 0.050000 0.062500
0 0.292187 0.341797 0.050000 0.062500
0 0.220312 0.662109 0.050000 0.062500
