0 0.040625 0.306641 0.050000 0.062500
0 0.264062 0.132812 0.050000 0.062500
0 0.434375 0.111328 0.050000 0.062500
0 0.475000 0.277344 0.050000 0.062500
0 0.337500 0.300781 0.050000 0.062500
0 0.220312 0.367188 0.050000 0.062500
0 0.059375 0.482422 0.050000 0.062500
0 0.098437 0.601562 0.050000 0.062500
0 0.203125 0.601562 0.050000 0.062500
0 0.284375 0.595703 0.050000 0.062500
0 0.257812 0.478516 0.050000 0.062500
0 0.334375 0.421875 0.050000 0.062500
0 0.500000 0.447266 0.050000 0.062500
0 0.406250 0.572266 0.050000 0.062500
0 0.521875 0.558594 0.050000 0.062500
0 0.593750 0.560547 0.050000 0.062500
0 0.714063 0.582031 0.050000 0.062500
0 0.195312 0.757812 0.050000 0.062500
0 0.256250 0.886719 0.050000 0.062500
0 0.368750 0.789062 0.050000 0.062500
0 0.854688 0.414062 0.050000 0.062500
0 0.679688 0.310547 0.050000 0.062500
