0 0.043750 0.312500 0.050000 0.062500
0 0.046875 0.482422 0.050000 0.062500
0 0.090625 0.599609 0.050000 0.062500
0 0.189062 0.753906 0.050000 0.062500
0 0.253125 0.886719 0.050000 0.062500
0 0.379688 0.798828 0.050000 0.062500
0 0.201563 0.593750 0.050000 0.062500
0 0.285938 0.593750 0.050000 0.062500
0 0.393750 0.574219 0.050000 0.062500
0 0.503125 0.564453 0.050000 0.062500
0 0.601562 0.556641 0.050000 0.062500
0 0.707812 0.582031 0.050000 0.062500
0 0.503125 0.431641 0.050000 0.062500
0 0.340625 0.427734 0.050000 0.062500
0 0.253125 0.480469 0.050000 0.062500
0 0.210938 0.363281 0.050000 0.062500
0 0.334375 0.302734 0.050000 0.062500
0 0.473438 0.277344 0.050000 0.062500
0 0.671875 0.300781 0.050000 0.062500
0 0.856250 0.414062 0.050000 0.062500
0 0.426563 0.121094 0.050000 0.062500
0 0.278125 0.140625 0.050000 0.062500
0 0.985156 0.806641 0.029687 0.062500
