0 0.031250 0.203125 0.050000 0.062500
0 0.029687 0.250000 0.050000 0.062500
0 0.031250 0.281250 0.050000 0.062500
0 0.031250 0.390625 0.050000 0.062500
0 0.026562 0.453125 0.050000 0.062500
0 0.028125 0.570312 0.050000 0.062500
0 0.017188 0.673828 0.034375 0.062500
0 0.221875 0.390625 0.050000 0.062500
0 0.493750 0.300781 0.050000 0.062500
0 0.543750 0.365234 0.050000 0.062500
0 0.635938 0.402344 0.050000 0.062500
0 0.523438 0.529297 0.050000 0.062500
0 0.421875 0.957031 0.050000 0.062500
0 0.639062 0.876953 0.050000 0.062500
0 0.665625 0.898438 0.050000 0.062500
0 0.687500 0.833984 0.050000 0.062500
0 0.850000 0.339844 0.050000 0.062500
0 0.854688 0.283203 0.050000 0.062500
0 0.914062 0.312500 0.050000 0.062500
0 0.721875 0.226562 0.050000 0.062500
0 0.685937 0.072266 0.050000 0.062500
0 0.983594 0.230469 0.032813 0.062500
