0 0.060937 0.322266 0.050000 0.062500
0 0.021875 0.322266 0.043750 0.062500
0 0.014844 0.416016 0.029687 0.062500
0 0.037500 0.503906 0.050000 0.062500
0 0.084375 0.425781 0.050000 0.062500
0 0.107813 0.371094 0.050000 0.062500
0 0.101562 0.507812 0.050000 0.062500
0 0.328125 0.449219 0.050000 0.062500
0 0.284375 0.332031 0.050000 0.062500
0 0.382812 0.267578 0.050000 0.062500
0 0.504687 0.388672 0.050000 0.062500
0 0.504687 0.541016 0.050000 0.062500
0 0.510938 0.648438 0.050000 0.062500
0 0.454688 0.765625 0.050000 0.062500
0 0.457813 0.908203 0.050000 0.062500
0 0.632812 0.625000 0.050000 0.062500
0 0.737500 0.634766 0.050000 0.062500
0 0.693750 0.888672 0.050000 0.062500
0 0.635938 0.453125 0.050000 0.062500
0 0.579688 0.308594 0.050000 0.062500
0 0.517188 0.255859 0.050000 0.062500
0 0.500000 0.158203 0.050000 0.062500
0 0.587500 0.082031 0.050000 0.062500
0 0.742188 0.058594 0.050000 0.062500
0 0.865625 0.359375 0.050000 0.062500
0 0.889062 0.597656 0.050000 0.062500
0 0.743750 0.464844 0.050000 0.062500
0 0.670312 0.269531 0.050000 0.062500
