0 0.153125 0.617188 0.050000 0.062500
0 0.748437 0.849609 0.050000 0.062500
0 0.756250 0.751953 0.050000 0.062500
0 0.848437 0.601562 0.050000 0.062500
0 0.968750 0.642578 0.050000 0.062500
0 0.862500 0.474609 0.050000 0.062500
0 0.667188 0.392578 0.050000 0.062500
0 0.884375 0.355469 0.050000 0.062500
0 0.982812 0.457031 0.034375 0.062500
0 0.667188 0.240234 0.050000 0.062500
0 0.785937 0.220703 0.050000 0.062500
0 0.882812 0.220703 0.050000 0.062500
0 0.917188 0.107422 0.050000 0.062500
0 0.473438 0.242188 0.050000 0.062500
0 0.356250 0.244141 0.050000 0.062500
0 0.312500 0.306641 0.050000 0.062500
0 0.279687 0.333984 0.050000 0.062500
0 0.346875 0.382812 0.050000 0.062500
0 0.440625 0.373047 0.050000 0.062500
0 0.467187 0.435547 0.050000 0.062500
0 0.309375 0.476562 0.050000 0.062500
0 0.290625 0.558594 0.050000 0.062500
0 0.390625 0.175781 0.050000 0.062500
0 0.435937 0.179688 0.050000 0.062500
0 0.306250 0.134766 0.050000 0.062500
0 0.020313 0.775391 0.040625 0.062500
0 0.014844 0.710938 0.029687 0.062500
0 0.977344 0.314453 0.045312 0.062500
0 0.442188 0.294922 0.050000 0.062500
