0 0.562500 0.119141 0.050000 0.062500
0 0.451562 0.185547 0.050000 0.062500
0 0.484375 0.328125 0.050000 0.062500
0 0.187500 0.203125 0.050000 0.062500
0 0.214062 0.191406 0.050000 0.062500
0 0.089063 0.179688 0.050000 0.062500
0 0.112500 0.332031 0.050000 0.062500
0 0.087500 0.375000 0.050000 0.062500
0 0.026562 0.654297 0.050000 0.062500
0 0.157812 0.507812 0.050000 0.062500
0 0.135937 0.607422 0.050000 0.062500
0 0.256250 0.373047 0.050000 0.062500
0 0.625000 0.625000 0.050000 0.062500
0 0.637500 0.751953 0.050000 0.062500
0 0.823438 0.933594 0.050000 0.062500
0 0.912500 0.673828 0.050000 0.062500
0 0.785937 0.462891 0.050000 0.062500
0 0.679688 0.466797 0.050000 0.062500
0 0.660937 0.341797 0.050000 0.062500
0 0.662500 0.226562 0.050000 0.062500
0 0.745313 0.169922 0.050000 0.062500
0 0.656250 0.103516 0.050000 0.062500
0 0.643750 0.020508 0.050000 0.041016
0 0.831250 0.105469 0.050000 0.062500
0 0.898438 0.253906 0.050000 0.062500
0 0.932813 0.443359 0.050000 0.062500
0 0.275000 0.248047 0.050000 0.062500
0 0.251563 0.302734 0.050000 0.062500
0 0.126562 0.298828 0.050000 0.062500
0 0.170313 0.404297 0.050000 0.062500
0 0.295312 0.437500 0.050000 0.062500
