0 0.134375 0.429688 0.050000 0.062500
0 0.128125 0.718750 0.050000 0.062500
0 0.220312 0.703125 0.050000 0.062500
0 0.242188 0.685547 0.050000 0.062500
0 0.178125 0.916016 0.050000 0.062500
0 0.173437 0.789062 0.050000 0.062500
0 0.234375 0.863281 0.050000 0.062500
0 0.334375 0.847656 0.050000 0.062500
0 0.481250 0.615234 0.050000 0.062500
0 0.559375 0.515625 0.050000 0.062500
0 0.651563 0.464844 0.050000 0.062500
0 0.693750 0.574219 0.050000 0.062500
0 0.750000 0.503906 0.050000 0.062500
0 0.800000 0.435547 0.050000 0.062500
0 0.706250 0.273438 0.050000 0.062500
0 0.339062 0.115234 0.050000 0.062500
0 0.379688 0.123047 0.050000 0.062500
0 0.450000 0.142578 0.050000 0.062500
0 0.854688 0.208984 0.050000 0.062500
0 0.921875 0.531250 0.050000 0.062500
0 0.982812 0.699219 0.034375 0.062500
0 0.621875 0.375000 0.050000 0.062500
0 0.823438 0.583984 0.050000 0.062500
0 0.715625 0.677734 0.050000 0.062500
0 0.539062 0.720703 0.050000 0.062500
0 0.889062 0.750000 0.050000 0.062500
0 0.762500 0.820312 0.050000 0.062500
0 0.726562 0.943359 0.050000 0.062500
0 0.328125 0.971680 0.050000 0.056641
0 0.368750 0.921875 0.050000 0.062500
0 0.315625 0.712891 0.050000 0.062500
0 0.304688 0.769531 0.050000 0.062500
