0 0.118750 0.367188 0.050000 0.062500
0 0.164062 0.341797 0.050000 0.062500
0 0.220312 0.298828 0.050000 0.062500
0 0.125000 0.773438 0.050000 0.062500
0 0.457813 0.628906 0.050000 0.062500
0 0.506250 0.496094 0.050000 0.062500
0 0.532813 0.400391 0.050000 0.062500
0 0.467187 0.347656 0.050000 0.062500
0 0.640625 0.343750 0.050000 0.062500
0 0.623437 0.437500 0.050000 0.062500
0 0.587500 0.658203 0.050000 0.062500
0 0.698438 0.492188 0.050000 0.062500
0 0.796875 0.556641 0.050000 0.062500
0 0.867188 0.677734 0.050000 0.062500
0 0.945312 0.757812 0.050000 0.062500
0 0.843750 0.417969 0.050000 0.062500
0 0.721875 0.333984 0.050000 0.062500
0 0.634375 0.236328 0.050000 0.062500
0 0.557813 0.025391 0.050000 0.050781
0 0.473438 0.179688 0.050000 0.062500
0 0.785937 0.203125 0.050000 0.062500
0 0.920312 0.281250 0.050000 0.062500
0 0.970313 0.160156 0.050000 0.062500
0 0.806250 0.031250 0.050000 0.062500
0 0.350000 0.882812 0.050000 0.062500
0 0.345313 0.921875 0.050000 0.062500
0 0.234375 0.977539 0.050000 0.044922
0 0.279687 0.979492 0.050000 0.041016
0 0.425000 0.851562 0.050000 0.062500
0 0.440625 0.898438 0.050000 0.062500
0 0.503125 0.955078 0.050000 0.062500
0 0.565625 0.975586 0.050000 0.048828
