0 0.025000 0.210938 0.050000 0.062500
0 0.139063 0.476562 0.050000 0.062500
0 0.114062 0.492188 0.050000 0.062500
0 0.053125 0.597656 0.050000 0.062500
0 0.023438 0.699219 0.046875 0.062500
0 0.085938 0.886719 0.050000 0.062500
0 0.167187 0.818359 0.050000 0.062500
0 0.221875 0.753906 0.050000 0.062500
0 0.235937 0.732422 0.050000 0.062500
0 0.215625 0.666016 0.050000 0.062500
0 0.156250 0.687500 0.050000 0.062500
0 0.210938 0.501953 0.050000 0.062500
0 0.201563 0.556641 0.050000 0.062500
0 0.359375 0.388672 0.050000 0.062500
0 0.462500 0.324219 0.050000 0.062500
0 0.440625 0.498047 0.050000 0.062500
0 0.640625 0.599609 0.050000 0.062500
0 0.657813 0.740234 0.050000 0.062500
0 0.670312 0.863281 0.050000 0.062500
0 0.910937 0.748047 0.050000 0.062500
0 0.929688 0.953125 0.050000 0.062500
0 0.759375 0.556641 0.050000 0.062500
0 0.625000 0.470703 0.050000 0.062500
0 0.575000 0.349609 0.050000 0.062500
0 0.531250 0.265625 0.050000 0.062500
0 0.517188 0.177734 0.050000 0.062500
0 0.643750 0.291016 0.050000 0.062500
0 0.710938 0.369141 0.050000 0.062500
0 0.823438 0.308594 0.050000 0.062500
0 0.704688 0.197266 0.050000 0.062500
0 0.606250 0.056641 0.050000 0.062500
0 0.762500 0.024414 0.050000 0.048828
0 0.918750 0.214844 0.050000 0.062500
0 0.887500 0.501953 0.050000 0.062500
