0 0.031250 0.212891 0.050000 0.062500
0 0.028125 0.251953 0.050000 0.062500
0 0.032813 0.283203 0.050000 0.062500
0 0.034375 0.392578 0.050000 0.062500
0 0.029687 0.455078 0.050000 0.062500
0 0.026562 0.570312 0.050000 0.062500
0 0.215625 0.384766 0.050000 0.062500
0 0.521875 0.531250 0.050000 0.062500
0 0.401562 0.910156 0.050000 0.062500
0 0.642188 0.873047 0.050000 0.062500
0 0.659375 0.898438 0.050000 0.062500
0 0.687500 0.843750 0.050000 0.062500
0 0.706250 0.983398 0.050000 0.033203
0 0.645312 0.396484 0.050000 0.062500
0 0.520312 0.333984 0.050000 0.062500
0 0.518750 0.224609 0.050000 0.062500
0 0.689063 0.076172 0.050000 0.062500
0 0.721875 0.232422 0.050000 0.062500
0 0.848437 0.341797 0.050000 0.062500
0 0.851562 0.292969 0.050000 0.062500
0 0.909375 0.312500 0.050000 0.062500
0 0.971875 0.234375 0.050000 0.062500
