0 0.132812 0.087891 0.050000 0.062500
0 0.118750 0.115234 0.050000 0.062500
0 0.173437 0.275391 0.050000 0.062500
0 0.159375 0.496094 0.050000 0.062500
0 0.246875 0.427734 0.050000 0.062500
0 0.260937 0.359375 0.050000 0.062500
0 0.242188 0.310547 0.050000 0.062500
0 0.103125 0.859375 0.050000 0.062500
0 0.179688 0.865234 0.050000 0.062500
0 0.167187 0.917969 0.050000 0.062500
0 0.889062 0.787109 0.050000 0.062500
0 0.771875 0.718750 0.050000 0.062500
0 0.904687 0.726562 0.050000 0.062500
0 0.870313 0.724609 0.050000 0.062500
0 0.435937 0.033203 0.050000 0.062500
0 0.920312 0.025391 0.050000 0.050781
0 0.220312 0.166016 0.050000 0.062500
0 0.231250 0.103516 0.050000 0.062500
0 0.023438 0.880859 0.046875 0.062500
0 0.653125 0.024414 0.050000 0.048828
0 0.700000 0.294922 0.050000 0.062500
0 0.651563 0.189453 0.050000 0.062500
