0 0.167187 0.451172 0.050000 0.062500
0 0.084375 0.355469 0.050000 0.062500
0 0.145313 0.257812 0.050000 0.062500
0 0.296875 0.253906 0.050000 0.062500
0 0.339062 0.390625 0.050000 0.062500
0 0.395313 0.517578 0.050000 0.062500
0 0.443750 0.662109 0.050000 0.062500
0 0.470313 0.777344 0.050000 0.062500
0 0.710938 0.746094 0.050000 0.062500
0 0.662500 0.554688 0.050000 0.062500
0 0.595313 0.355469 0.050000 0.062500
0 0.476562 0.429688 0.050000 0.062500
0 0.420312 0.253906 0.050000 0.062500
0 0.353125 0.199219 0.050000 0.062500
0 0.229687 0.179688 0.050000 0.062500
0 0.168750 0.085938 0.050000 0.062500
0 0.376563 0.072266 0.050000 0.062500
0 0.526563 0.179688 0.050000 0.062500
0 0.726562 0.197266 0.050000 0.062500
0 0.589063 0.044922 0.050000 0.062500
