0 0.029687 0.648438 0.050000 0.062500
0 0.075000 0.718750 0.050000 0.062500
0 0.135937 0.802734 0.050000 0.062500
0 0.190625 0.923828 0.050000 0.062500
0 0.156250 0.849609 0.050000 0.062500
0 0.023438 0.855469 0.046875 0.062500
0 0.209375 0.617188 0.050000 0.062500
0 0.254688 0.572266 0.050000 0.062500
0 0.328125 0.619141 0.050000 0.062500
0 0.312500 0.666016 0.050000 0.062500
0 0.437500 0.437500 0.050000 0.062500
0 0.528125 0.531250 0.050000 0.062500
0 0.720313 0.433594 0.050000 0.062500
0 0.792188 0.310547 0.050000 0.062500
0 0.651563 0.320312 0.050000 0.062500
0 0.526563 0.326172 0.050000 0.062500
0 0.771875 0.560547 0.050000 0.062500
0 0.829688 0.707031 0.050000 0.062500
0 0.867188 0.835938 0.050000 0.062500
0 0.878125 0.474609 0.050000 0.062500
0 0.893750 0.218750 0.050000 0.062500
0 0.756250 0.134766 0.050000 0.062500
0 0.723437 0.240234 0.050000 0.062500
0 0.531250 0.140625 0.050000 0.062500
0 0.601562 0.226562 0.050000 0.062500
0 0.965625 0.070312 0.050000 0.062500
0 0.982812 0.406250 0.034375 0.062500
0 0.604688 0.028320 0.050000 0.056641
0 0.265625 0.021484 0.050000 0.042969
0 0.210938 0.022461 0.050000 0.044922
0 0.334375 0.020508 0.050000 0.041016
0 0.082812 0.378906 0.050000 0.062500
0 0.189062 0.980469 0.050000 0.039062
