0 0.022656 0.388672 0.045312 0.062500
0 0.056250 0.320312 0.050000 0.062500
0 0.273438 0.089844 0.050000 0.062500
0 0.284375 0.207031 0.050000 0.062500
0 0.395313 0.234375 0.050000 0.062500
0 0.484375 0.246094 0.050000 0.062500
0 0.595313 0.285156 0.050000 0.062500
0 0.698438 0.332031 0.050000 0.062500
0 0.826562 0.382812 0.050000 0.062500
0 0.923438 0.449219 0.050000 0.062500
0 0.392188 0.373047 0.050000 0.062500
0 0.392188 0.531250 0.050000 0.062500
0 0.495312 0.537109 0.050000 0.062500
0 0.392188 0.769531 0.050000 0.062500
0 0.318750 0.822266 0.050000 0.062500
0 0.306250 0.871094 0.050000 0.062500
0 0.404687 0.822266 0.050000 0.062500
0 0.573438 0.123047 0.050000 0.062500
0 0.481250 0.138672 0.050000 0.062500
0 0.726562 0.171875 0.050000 0.062500
0 0.953125 0.099609 0.050000 0.062500
0 0.767188 0.031250 0.050000 0.062500
0 0.450000 0.039062 0.050000 0.062500
