0 0.085938 0.800781 0.050000 0.062500
0 0.090625 0.876953 0.050000 0.062500
0 0.089063 0.949219 0.050000 0.062500
0 0.031250 0.302734 0.050000 0.062500
0 0.109375 0.476562 0.050000 0.062500
0 0.187500 0.537109 0.050000 0.062500
0 0.264062 0.470703 0.050000 0.062500
0 0.340625 0.408203 0.050000 0.062500
0 0.439063 0.328125 0.050000 0.062500
0 0.285938 0.337891 0.050000 0.062500
0 0.351562 0.566406 0.050000 0.062500
0 0.431250 0.644531 0.050000 0.062500
0 0.576562 0.800781 0.050000 0.062500
0 0.610938 0.832031 0.050000 0.062500
0 0.554688 0.910156 0.050000 0.062500
0 0.570312 0.957031 0.050000 0.062500
0 0.543750 0.253906 0.050000 0.062500
0 0.517188 0.556641 0.050000 0.062500
0 0.829688 0.425781 0.050000 0.062500
0 0.764062 0.146484 0.050000 0.062500
0 0.656250 0.199219 0.050000 0.062500
0 0.471875 0.138672 0.050000 0.062500
0 0.337500 0.246094 0.050000 0.062500
0 0.201563 0.296875 0.050000 0.062500
0 0.271875 0.123047 0.050000 0.062500
0 0.159375 0.022461 0.050000 0.044922
0 0.407813 0.018555 0.050000 0.037109
0 0.543750 0.981445 0.050000 0.037109
