0 0.025000 0.287109 0.050000 0.062500
0 0.020313 0.513672 0.040625 0.062500
0 0.151562 0.503906 0.050000 0.062500
0 0.262500 0.509766 0.050000 0.062500
0 0.384375 0.482422 0.050000 0.062500
0 0.373437 0.611328 0.050000 0.062500
0 0.279687 0.638672 0.050000 0.062500
0 0.204687 0.666016 0.050000 0.062500
0 0.354687 0.726562 0.050000 0.062500
0 0.462500 0.705078 0.050000 0.062500
0 0.562500 0.699219 0.050000 0.062500
0 0.740625 0.666016 0.050000 0.062500
0 0.775000 0.656250 0.050000 0.062500
0 0.779687 0.761719 0.050000 0.062500
0 0.821875 0.771484 0.050000 0.062500
0 0.162500 0.294922 0.050000 0.062500
0 0.287500 0.316406 0.050000 0.062500
0 0.417187 0.355469 0.050000 0.062500
0 0.440625 0.207031 0.050000 0.062500
0 0.576562 0.259766 0.050000 0.062500
0 0.489063 0.070312 0.050000 0.062500
0 0.245312 0.064453 0.050000 0.062500
0 0.092188 0.828125 0.050000 0.062500
0 0.253125 0.873047 0.050000 0.062500
0 0.348438 0.839844 0.050000 0.062500
0 0.709375 0.783203 0.050000 0.062500
0 0.975000 0.927734 0.050000 0.062500
0 0.548438 0.550781 0.050000 0.062500
