0 0.059375 0.263672 0.050000 0.062500
0 0.100000 0.476562 0.050000 0.062500
0 0.290625 0.269531 0.050000 0.062500
0 0.321875 0.431641 0.050000 0.062500
0 0.375000 0.531250 0.050000 0.062500
0 0.268750 0.628906 0.050000 0.062500
0 0.156250 0.730469 0.050000 0.062500
0 0.075000 0.826172 0.050000 0.062500
0 0.171875 0.972656 0.050000 0.054688
0 0.281250 0.876953 0.050000 0.062500
0 0.357812 0.769531 0.050000 0.062500
0 0.437500 0.861328 0.050000 0.062500
0 0.396875 0.957031 0.050000 0.062500
0 0.603125 0.941406 0.050000 0.062500
0 0.540625 0.837891 0.050000 0.062500
0 0.490625 0.767578 0.050000 0.062500
0 0.432812 0.654297 0.050000 0.062500
0 0.614062 0.748047 0.050000 0.062500
0 0.670312 0.625000 0.050000 0.062500
0 0.529687 0.593750 0.050000 0.062500
0 0.571875 0.562500 0.050000 0.062500
0 0.771875 0.578125 0.050000 0.062500
0 0.853125 0.509766 0.050000 0.062500
0 0.893750 0.480469 0.050000 0.062500
0 0.778125 0.476562 0.050000 0.062500
0 0.785937 0.433594 0.050000 0.062500
0 0.959375 0.016602 0.050000 0.033203
0 0.985156 0.024414 0.029687 0.048828
