0 0.221875 0.169922 0.050000 0.062500
0 0.198437 0.183594 0.050000 0.062500
0 0.215625 0.210938 0.050000 0.062500
0 0.246875 0.193359 0.050000 0.062500
0 0.342187 0.281250 0.050000 0.062500
0 0.309375 0.234375 0.050000 0.062500
0 0.365625 0.212891 0.050000 0.062500
0 0.450000 0.218750 0.050000 0.062500
0 0.471875 0.195312 0.050000 0.062500
0 0.289062 0.091797 0.050000 0.062500
0 0.421875 0.093750 0.050000 0.062500
0 0.418750 0.042969 0.050000 0.062500
0 0.400000 0.042969 0.050000 0.062500
0 0.275000 0.048828 0.050000 0.062500
0 0.687500 0.126953 0.050000 0.062500
0 0.739062 0.111328 0.050000 0.062500
0 0.276562 0.343750 0.050000 0.062500
0 0.473438 0.802734 0.050000 0.062500
0 0.445312 0.810547 0.050000 0.062500
0 0.367188 0.794922 0.050000 0.062500
0 0.357812 0.849609 0.050000 0.062500
0 0.459375 0.969727 0.050000 0.060547
0 0.350000 0.974609 0.050000 0.050781
0 0.196875 0.981445 0.050000 0.037109
