0 0.031250 0.787109 0.050000 0.062500
0 0.015625 0.800781 0.031250 0.062500
0 0.104688 0.925781 0.050000 0.062500
0 0.134375 0.914062 0.050000 0.062500
0 0.171875 0.900391 0.050000 0.062500
0 0.140625 0.742188 0.050000 0.062500
0 0.103125 0.648438 0.050000 0.062500
0 0.312500 0.464844 0.050000 0.062500
0 0.451562 0.470703 0.050000 0.062500
0 0.445312 0.935547 0.050000 0.062500
0 0.310937 0.951172 0.050000 0.062500
0 0.496875 0.869141 0.050000 0.062500
0 0.635938 0.867188 0.050000 0.062500
0 0.878125 0.775391 0.050000 0.062500
0 0.201563 0.203125 0.050000 0.062500
0 0.260937 0.021484 0.050000 0.042969
0 0.423438 0.089844 0.050000 0.062500
0 0.350000 0.302734 0.050000 0.062500
0 0.471875 0.244141 0.050000 0.062500
0 0.559375 0.224609 0.050000 0.062500
0 0.571875 0.335938 0.050000 0.062500
0 0.582812 0.453125 0.050000 0.062500
0 0.751563 0.443359 0.050000 0.062500
0 0.659375 0.210938 0.050000 0.062500
0 0.760938 0.253906 0.050000 0.062500
0 0.812500 0.078125 0.050000 0.062500
0 0.981250 0.095703 0.037500 0.062500
0 0.940625 0.306641 0.050000 0.062500
