0 0.192188 0.875000 0.050000 0.062500
0 0.157812 0.888672 0.050000 0.062500
0 0.126562 0.892578 0.050000 0.062500
0 0.046875 0.767578 0.050000 0.062500
0 0.164062 0.728516 0.050000 0.062500
0 0.121875 0.630859 0.050000 0.062500
0 0.446875 0.902344 0.050000 0.062500
0 0.503125 0.832031 0.050000 0.062500
0 0.854688 0.750000 0.050000 0.062500
0 0.767188 0.714844 0.050000 0.062500
0 0.207813 0.199219 0.050000 0.062500
0 0.270313 0.033203 0.050000 0.062500
0 0.434375 0.095703 0.050000 0.062500
0 0.318750 0.318359 0.050000 0.062500
0 0.326562 0.443359 0.050000 0.062500
0 0.453125 0.466797 0.050000 0.062500
0 0.582812 0.447266 0.050000 0.062500
0 0.571875 0.333984 0.050000 0.062500
0 0.456250 0.273438 0.050000 0.062500
0 0.579688 0.232422 0.050000 0.062500
0 0.645312 0.208984 0.050000 0.062500
0 0.742188 0.437500 0.050000 0.062500
0 0.753125 0.261719 0.050000 0.062500
0 0.920312 0.324219 0.050000 0.062500
0 0.970313 0.107422 0.050000 0.062500
0 0.790625 0.076172 0.050000 0.062500
0 0.871875 0.767578 0.050000 0.062500
0 0.954688 0.099609 0.050000 0.062500
