0 0.079687 0.878906 0.050000 0.062500
0 0.015625 0.708984 0.031250 0.062500
0 0.223438 0.871094 0.050000 0.062500
0 0.592187 0.898438 0.050000 0.062500
0 0.489063 0.689453 0.050000 0.062500
0 0.659375 0.615234 0.050000 0.062500
0 0.734375 0.500000 0.050000 0.062500
0 0.601562 0.462891 0.050000 0.062500
0 0.687500 0.294922 0.050000 0.062500
0 0.775000 0.146484 0.050000 0.062500
0 0.648438 0.074219 0.050000 0.062500
0 0.393750 0.117188 0.050000 0.062500
0 0.382812 0.347656 0.050000 0.062500
0 0.403125 0.421875 0.050000 0.062500
0 0.459375 0.527344 0.050000 0.062500
0 0.315625 0.599609 0.050000 0.062500
0 0.123438 0.347656 0.050000 0.062500
0 0.200000 0.435547 0.050000 0.062500
0 0.285938 0.214844 0.050000 0.062500
0 0.203125 0.136719 0.050000 0.062500
0 0.060937 0.169922 0.050000 0.062500
