0 0.364063 0.378906 0.050000 0.062500
0 0.376563 0.351562 0.050000 0.062500
0 0.410938 0.390625 0.050000 0.062500
0 0.712500 0.800781 0.050000 0.062500
0 0.781250 0.490234 0.050000 0.062500
0 0.851562 0.486328 0.050000 0.062500
0 0.962500 0.433594 0.050000 0.062500
0 0.757812 0.320312 0.050000 0.062500
0 0.635938 0.250000 0.050000 0.062500
0 0.634375 0.220703 0.050000 0.062500
0 0.639062 0.195312 0.050000 0.062500
0 0.462500 0.019531 0.050000 0.039062
0 0.982031 0.949219 0.035937 0.062500
0 0.970313 0.957031 0.050000 0.062500
0 0.873437 0.981445 0.050000 0.037109
0 0.732812 0.977539 0.050000 0.044922
