0 0.021875 0.470703 0.043750 0.062500
0 0.109375 0.691406 0.050000 0.062500
0 0.017969 0.703125 0.035937 0.062500
0 0.014063 0.656250 0.028125 0.062500
0 0.045312 0.824219 0.050000 0.062500
0 0.060937 0.925781 0.050000 0.062500
0 0.059375 0.974609 0.050000 0.050781
0 0.346875 0.531250 0.050000 0.062500
0 0.704688 0.804688 0.050000 0.062500
0 0.726562 0.785156 0.050000 0.062500
0 0.750000 0.802734 0.050000 0.062500
0 0.853125 0.292969 0.050000 0.062500
0 0.764062 0.208984 0.050000 0.062500
0 0.806250 0.126953 0.050000 0.062500
0 0.760938 0.103516 0.050000 0.062500
0 0.707812 0.148438 0.050000 0.062500
0 0.596875 0.136719 0.050000 0.062500
0 0.498437 0.218750 0.050000 0.062500
0 0.675000 0.042969 0.050000 0.062500
0 0.509375 0.021484 0.050000 0.042969
0 0.962500 0.030273 0.050000 0.060547
0 0.940625 0.020508 0.050000 0.041016
0 0.054688 0.022461 0.050000 0.044922
0 0.473438 0.517578 0.050000 0.062500
