0 0.265625 0.664062 0.050000 0.062500
0 0.279687 0.699219 0.050000 0.062500
0 0.390625 0.638672 0.050000 0.062500
0 0.404687 0.648438 0.050000 0.062500
0 0.565625 0.759766 0.050000 0.062500
0 0.590625 0.791016 0.050000 0.062500
0 0.395313 0.361328 0.050000 0.062500
0 0.400000 0.318359 0.050000 0.062500
0 0.078125 0.410156 0.050000 0.062500
0 0.095312 0.443359 0.050000 0.062500
0 0.126562 0.062500 0.050000 0.062500
0 0.118750 0.140625 0.050000 0.062500
0 0.378125 0.144531 0.050000 0.062500
0 0.403125 0.164062 0.050000 0.062500
0 0.720313 0.169922 0.050000 0.062500
0 0.732812 0.205078 0.050000 0.062500
0 0.960938 0.068359 0.050000 0.062500
