0 0.295312 0.617188 0.050000 0.062500
0 0.312500 0.589844 0.050000 0.062500
0 0.418750 0.621094 0.050000 0.062500
0 0.428125 0.580078 0.050000 0.062500
0 0.506250 0.732422 0.050000 0.062500
0 0.517188 0.773438 0.050000 0.062500
0 0.220312 0.246094 0.050000 0.062500
0 0.192188 0.257812 0.050000 0.062500
0 0.564063 0.142578 0.050000 0.062500
0 0.539062 0.126953 0.050000 0.062500
0 0.865625 0.242188 0.050000 0.062500
0 0.906250 0.250000 0.050000 0.062500
0 0.468750 0.230469 0.050000 0.062500
0 0.475000 0.251953 0.050000 0.062500
0 0.503125 0.244141 0.050000 0.062500
