0 0.360938 0.876953 0.050000 0.062500
0 0.353125 0.894531 0.050000 0.062500
0 0.489063 0.802734 0.050000 0.062500
0 0.487500 0.783203 0.050000 0.062500
0 0.523438 0.615234 0.050000 0.062500
0 0.535937 0.630859 0.050000 0.062500
0 0.593750 0.628906 0.050000 0.062500
0 0.606250 0.638672 0.050000 0.062500
0 0.409375 0.652344 0.050000 0.062500
0 0.393750 0.667969 0.050000 0.062500
0 0.325000 0.695312 0.050000 0.062500
0 0.318750 0.712891 0.050000 0.062500
0 0.035937 0.623047 0.050000 0.062500
0 0.226562 0.503906 0.050000 0.062500
0 0.243750 0.505859 0.050000 0.062500
0 0.828125 0.781250 0.050000 0.062500
0 0.843750 0.800781 0.050000 0.062500
0 0.921875 0.818359 0.050000 0.062500
0 0.918750 0.730469 0.050000 0.062500
0 0.981250 0.644531 0.037500 0.062500
0 0.932813 0.576172 0.050000 0.062500
0 0.590625 0.333984 0.050000 0.062500
0 0.151562 0.396484 0.050000 0.062500
0 0.198437 0.365234 0.050000 0.062500
0 0.123438 0.457031 0.050000 0.062500
0 0.646875 0.443359 0.050000 0.062500
