0 0.082812 0.384766 0.050000 0.062500
0 0.140625 0.335938 0.050000 0.062500
0 0.184375 0.271484 0.050000 0.062500
0 0.229687 0.226562 0.050000 0.062500
0 0.289062 0.224609 0.050000 0.062500
0 0.306250 0.183594 0.050000 0.062500
0 0.250000 0.357422 0.050000 0.062500
0 0.259375 0.369141 0.050000 0.062500
0 0.310937 0.583984 0.050000 0.062500
0 0.325000 0.603516 0.050000 0.062500
0 0.389062 0.562500 0.050000 0.062500
0 0.406250 0.550781 0.050000 0.062500
0 0.287500 0.763672 0.050000 0.062500
0 0.304688 0.748047 0.050000 0.062500
0 0.431250 0.748047 0.050000 0.062500
0 0.420312 0.763672 0.050000 0.062500
0 0.514062 0.593750 0.050000 0.062500
0 0.518750 0.619141 0.050000 0.062500
0 0.578125 0.640625 0.050000 0.062500
0 0.568750 0.662109 0.050000 0.062500
0 0.517188 0.503906 0.050000 0.062500
0 0.653125 0.369141 0.050000 0.062500
0 0.532813 0.406250 0.050000 0.062500
0 0.675000 0.488281 0.050000 0.062500
0 0.898438 0.480469 0.050000 0.062500
0 0.965625 0.484375 0.050000 0.062500
0 0.903125 0.750000 0.050000 0.062500
0 0.821875 0.742188 0.050000 0.062500
0 0.931250 0.835938 0.050000 0.062500
0 0.907813 0.917969 0.050000 0.062500
0 0.848437 0.892578 0.050000 0.062500
0 0.835938 0.949219 0.050000 0.062500
0 0.745313 0.890625 0.050000 0.062500
