0 0.092188 0.111328 0.050000 0.062500
0 0.095312 0.128906 0.050000 0.062500
0 0.137500 0.259766 0.050000 0.062500
0 0.196875 0.269531 0.050000 0.062500
0 0.022656 0.386719 0.045312 0.062500
0 0.016406 0.187500 0.032813 0.062500
0 0.567187 0.292969 0.050000 0.062500
0 0.560937 0.312500 0.050000 0.062500
0 0.570312 0.326172 0.050000 0.062500
0 0.590625 0.349609 0.050000 0.062500
0 0.626563 0.312500 0.050000 0.062500
0 0.590625 0.396484 0.050000 0.062500
0 0.500000 0.398438 0.050000 0.062500
0 0.528125 0.472656 0.050000 0.062500
0 0.426563 0.455078 0.050000 0.062500
0 0.335938 0.541016 0.050000 0.062500
0 0.350000 0.500000 0.050000 0.062500
0 0.418750 0.615234 0.050000 0.062500
0 0.490625 0.607422 0.050000 0.062500
0 0.471875 0.578125 0.050000 0.062500
0 0.521875 0.626953 0.050000 0.062500
0 0.571875 0.701172 0.050000 0.062500
0 0.537500 0.599609 0.050000 0.062500
0 0.581250 0.613281 0.050000 0.062500
0 0.603125 0.546875 0.050000 0.062500
0 0.592187 0.845703 0.050000 0.062500
0 0.685937 0.416016 0.050000 0.062500
0 0.668750 0.560547 0.050000 0.062500
0 0.751563 0.744141 0.050000 0.062500
0 0.834375 0.589844 0.050000 0.062500
0 0.893750 0.556641 0.050000 0.062500
0 0.810937 0.351562 0.050000 0.062500
0 0.815625 0.328125 0.050000 0.062500
0 0.898438 0.951172 0.050000 0.062500
0 0.270313 0.908203 0.050000 0.062500
0 0.256250 0.912109 0.050000 0.062500
0 0.239063 0.910156 0.050000 0.062500
0 0.173437 0.902344 0.050000 0.062500
0 0.132812 0.912109 0.050000 0.062500
0 0.178125 0.853516 0.050000 0.062500
0 0.248438 0.808594 0.050000 0.062500
0 0.132812 0.035156 0.050000 0.062500
