0 0.039062 0.028320 0.050000 0.056641
0 0.118750 0.132812 0.050000 0.062500
0 0.234375 0.078125 0.050000 0.062500
0 0.265625 0.207031 0.050000 0.062500
0 0.109375 0.226562 0.050000 0.062500
0 0.121875 0.236328 0.050000 0.062500
0 0.200000 0.365234 0.050000 0.062500
0 0.206250 0.345703 0.050000 0.062500
0 0.118750 0.341797 0.050000 0.062500
0 0.137500 0.343750 0.050000 0.062500
0 0.023438 0.482422 0.046875 0.062500
0 0.040625 0.496094 0.050000 0.062500
0 0.210938 0.979492 0.050000 0.041016
0 0.013281 0.318359 0.026562 0.062500
0 0.248438 0.975586 0.050000 0.048828
0 0.254688 0.931641 0.050000 0.062500
0 0.312500 0.869141 0.050000 0.062500
0 0.312500 0.974609 0.050000 0.050781
0 0.329688 0.972656 0.050000 0.054688
0 0.348438 0.968750 0.050000 0.062500
0 0.400000 0.890625 0.050000 0.062500
0 0.373437 0.589844 0.050000 0.062500
0 0.368750 0.523438 0.050000 0.062500
0 0.403125 0.505859 0.050000 0.062500
0 0.450000 0.492188 0.050000 0.062500
0 0.446875 0.585938 0.050000 0.062500
0 0.459375 0.656250 0.050000 0.062500
0 0.471875 0.751953 0.050000 0.062500
0 0.409375 0.736328 0.050000 0.062500
0 0.462500 0.955078 0.050000 0.062500
0 0.589063 0.861328 0.050000 0.062500
0 0.559375 0.646484 0.050000 0.062500
0 0.504687 0.615234 0.050000 0.062500
0 0.551562 0.496094 0.050000 0.062500
0 0.514062 0.419922 0.050000 0.062500
0 0.490625 0.167969 0.050000 0.062500
0 0.556250 0.152344 0.050000 0.062500
0 0.593750 0.294922 0.050000 0.062500
0 0.587500 0.314453 0.050000 0.062500
0 0.596875 0.328125 0.050000 0.062500
0 0.578125 0.369141 0.050000 0.062500
0 0.604688 0.404297 0.050000 0.062500
0 0.639062 0.552734 0.050000 0.062500
0 0.625000 0.630859 0.050000 0.062500
0 0.625000 0.708984 0.050000 0.062500
0 0.654687 0.853516 0.050000 0.062500
0 0.687500 0.646484 0.050000 0.062500
0 0.710938 0.707031 0.050000 0.062500
0 0.698438 0.552734 0.050000 0.062500
0 0.698438 0.406250 0.050000 0.062500
0 0.759375 0.537109 0.050000 0.062500
0 0.823438 0.300781 0.050000 0.062500
0 0.818750 0.332031 0.050000 0.062500
0 0.928125 0.529297 0.050000 0.062500
0 0.860938 0.550781 0.050000 0.062500
0 0.875000 0.564453 0.050000 0.062500
0 0.814063 0.679688 0.050000 0.062500
0 0.828125 0.699219 0.050000 0.062500
0 0.835938 0.720703 0.050000 0.062500
0 0.975000 0.908203 0.050000 0.062500
0 0.040625 0.857422 0.050000 0.062500
