0 0.040625 0.648438 0.050000 0.062500
0 0.039062 0.619141 0.050000 0.062500
0 0.100000 0.367188 0.050000 0.062500
0 0.042188 0.357422 0.050000 0.062500
0 0.060937 0.218750 0.050000 0.062500
0 0.310937 0.052734 0.050000 0.062500
0 0.379688 0.050781 0.050000 0.062500
0 0.437500 0.041016 0.050000 0.062500
0 0.603125 0.101562 0.050000 0.062500
0 0.735938 0.091797 0.050000 0.062500
0 0.689063 0.154297 0.050000 0.062500
0 0.698438 0.230469 0.050000 0.062500
0 0.518750 0.212891 0.050000 0.062500
0 0.423438 0.167969 0.050000 0.062500
0 0.278125 0.140625 0.050000 0.062500
0 0.329688 0.187500 0.050000 0.062500
0 0.256250 0.230469 0.050000 0.062500
0 0.315625 0.238281 0.050000 0.062500
0 0.475000 0.261719 0.050000 0.062500
0 0.451562 0.357422 0.050000 0.062500
0 0.378125 0.273438 0.050000 0.062500
0 0.357812 0.349609 0.050000 0.062500
0 0.284375 0.320312 0.050000 0.062500
0 0.179688 0.404297 0.050000 0.062500
0 0.221875 0.341797 0.050000 0.062500
0 0.362500 0.423828 0.050000 0.062500
0 0.353125 0.447266 0.050000 0.062500
0 0.293750 0.642578 0.050000 0.062500
0 0.579688 0.591797 0.050000 0.062500
0 0.592187 0.601562 0.050000 0.062500
0 0.517188 0.707031 0.050000 0.062500
0 0.509375 0.718750 0.050000 0.062500
0 0.556250 0.710938 0.050000 0.062500
0 0.550000 0.724609 0.050000 0.062500
0 0.431250 0.833984 0.050000 0.062500
0 0.575000 0.853516 0.050000 0.062500
0 0.562500 0.822266 0.050000 0.062500
0 0.648438 0.902344 0.050000 0.062500
0 0.675000 0.908203 0.050000 0.062500
0 0.667188 0.917969 0.050000 0.062500
0 0.506250 0.957031 0.050000 0.062500
0 0.832812 0.876953 0.050000 0.062500
0 0.848437 0.900391 0.050000 0.062500
0 0.850000 0.833984 0.050000 0.062500
0 0.868750 0.830078 0.050000 0.062500
0 0.973437 0.808594 0.050000 0.062500
0 0.973437 0.830078 0.050000 0.062500
0 0.434375 0.880859 0.050000 0.062500
0 0.509375 0.535156 0.050000 0.062500
0 0.039062 0.822266 0.050000 0.062500
0 0.334375 0.101562 0.050000 0.062500
0 0.320312 0.128906 0.050000 0.062500
