0 0.042188 0.468750 0.050000 0.062500
0 0.032813 0.634766 0.050000 0.062500
0 0.017188 0.705078 0.034375 0.062500
0 0.039062 0.822266 0.050000 0.062500
0 0.059375 0.925781 0.050000 0.062500
0 0.051562 0.976562 0.050000 0.046875
0 0.700000 0.798828 0.050000 0.062500
0 0.728125 0.781250 0.050000 0.062500
0 0.737500 0.808594 0.050000 0.062500
0 0.467187 0.517578 0.050000 0.062500
0 0.282813 0.552734 0.050000 0.062500
0 0.804688 0.269531 0.050000 0.062500
0 0.771875 0.214844 0.050000 0.062500
0 0.809375 0.132812 0.050000 0.062500
0 0.756250 0.109375 0.050000 0.062500
0 0.710938 0.164062 0.050000 0.062500
0 0.650000 0.087891 0.050000 0.062500
0 0.592187 0.138672 0.050000 0.062500
0 0.495312 0.218750 0.050000 0.062500
0 0.507812 0.021484 0.050000 0.042969
0 0.934375 0.017578 0.050000 0.035156
0 0.960938 0.030273 0.050000 0.060547
0 0.982031 0.031250 0.035937 0.062500
