0 0.273438 0.839844 0.050000 0.062500
0 0.276562 0.761719 0.050000 0.062500
0 0.246875 0.738281 0.050000 0.062500
0 0.276562 0.714844 0.050000 0.062500
0 0.729688 0.710938 0.050000 0.062500
0 0.792188 0.728516 0.050000 0.062500
0 0.798438 0.746094 0.050000 0.062500
0 0.246875 0.353516 0.050000 0.062500
0 0.262500 0.230469 0.050000 0.062500
0 0.164062 0.218750 0.050000 0.062500
0 0.878125 0.048828 0.050000 0.062500
0 0.950000 0.277344 0.050000 0.062500
0 0.771875 0.310547 0.050000 0.062500
0 0.826562 0.267578 0.050000 0.062500
0 0.843750 0.240234 0.050000 0.062500
0 0.870313 0.236328 0.050000 0.062500
0 0.850000 0.216797 0.050000 0.062500
0 0.862500 0.207031 0.050000 0.062500
0 0.871875 0.199219 0.050000 0.062500
