0 0.048438 0.238281 0.050000 0.062500
0 0.045312 0.322266 0.050000 0.062500
0 0.050000 0.394531 0.050000 0.062500
0 0.042188 0.712891 0.050000 0.062500
0 0.075000 0.714844 0.050000 0.062500
0 0.304688 0.873047 0.050000 0.062500
0 0.431250 0.843750 0.050000 0.062500
0 0.601562 0.876953 0.050000 0.062500
0 0.903125 0.906250 0.050000 0.062500
0 0.853125 0.826172 0.050000 0.062500
0 0.589063 0.802734 0.050000 0.062500
0 0.601562 0.732422 0.050000 0.062500
0 0.559375 0.646484 0.050000 0.062500
0 0.701562 0.628906 0.050000 0.062500
0 0.725000 0.619141 0.050000 0.062500
0 0.657813 0.513672 0.050000 0.062500
0 0.781250 0.570312 0.050000 0.062500
0 0.875000 0.468750 0.050000 0.062500
0 0.942187 0.308594 0.050000 0.062500
0 0.789062 0.320312 0.050000 0.062500
0 0.895312 0.205078 0.050000 0.062500
0 0.871875 0.199219 0.050000 0.062500
0 0.884375 0.080078 0.050000 0.062500
0 0.793750 0.148438 0.050000 0.062500
0 0.632812 0.020508 0.050000 0.041016
0 0.578125 0.029297 0.050000 0.058594
0 0.235937 0.357422 0.050000 0.062500
0 0.259375 0.064453 0.050000 0.062500
0 0.318750 0.042969 0.050000 0.062500
0 0.406250 0.041016 0.050000 0.062500
0 0.465625 0.041016 0.050000 0.062500
0 0.462500 0.024414 0.050000 0.048828
0 0.395313 0.028320 0.050000 0.056641
