0 0.350000 0.361328 0.050000 0.062500
0 0.346875 0.048828 0.050000 0.062500
0 0.050000 0.177734 0.050000 0.062500
0 0.034375 0.169922 0.050000 0.062500
0 0.040625 0.271484 0.050000 0.062500
0 0.046875 0.345703 0.050000 0.062500
0 0.064062 0.562500 0.050000 0.062500
0 0.016406 0.617188 0.032813 0.062500
0 0.209375 0.923828 0.050000 0.062500
0 0.142187 0.979492 0.050000 0.041016
0 0.392188 0.773438 0.050000 0.062500
0 0.506250 0.740234 0.050000 0.062500
0 0.546875 0.853516 0.050000 0.062500
0 0.709375 0.945312 0.050000 0.062500
0 0.718750 0.966797 0.050000 0.062500
0 0.742188 0.981445 0.050000 0.037109
0 0.707812 0.632812 0.050000 0.062500
0 0.667188 0.595703 0.050000 0.062500
0 0.671875 0.464844 0.050000 0.062500
0 0.756250 0.498047 0.050000 0.062500
0 0.792188 0.457031 0.050000 0.062500
0 0.834375 0.414062 0.050000 0.062500
0 0.920312 0.312500 0.050000 0.062500
0 0.837500 0.218750 0.050000 0.062500
0 0.828125 0.140625 0.050000 0.062500
0 0.903125 0.030273 0.050000 0.060547
0 0.935937 0.037109 0.050000 0.062500
0 0.921875 0.052734 0.050000 0.062500
0 0.976562 0.142578 0.046875 0.062500
0 0.968750 0.154297 0.050000 0.062500
0 0.800000 0.030273 0.050000 0.060547
