0 0.024219 0.121094 0.048438 0.062500
0 0.162500 0.181641 0.050000 0.062500
0 0.182812 0.035156 0.050000 0.062500
0 0.059375 0.380859 0.050000 0.062500
0 0.046875 0.244141 0.050000 0.062500
0 0.267188 0.681641 0.050000 0.062500
0 0.404687 0.771484 0.050000 0.062500
0 0.431250 0.617188 0.050000 0.062500
0 0.532813 0.642578 0.050000 0.062500
0 0.493750 0.312500 0.050000 0.062500
0 0.012500 0.572266 0.025000 0.062500
0 0.131250 0.701172 0.050000 0.062500
0 0.120313 0.753906 0.050000 0.062500
0 0.115625 0.781250 0.050000 0.062500
0 0.068750 0.974609 0.050000 0.050781
0 0.548438 0.949219 0.050000 0.062500
0 0.550000 0.970703 0.050000 0.058594
0 0.743750 0.578125 0.050000 0.062500
0 0.803125 0.611328 0.050000 0.062500
0 0.839063 0.537109 0.050000 0.062500
0 0.840625 0.435547 0.050000 0.062500
0 0.903125 0.492188 0.050000 0.062500
0 0.950000 0.488281 0.050000 0.062500
