0 0.225000 0.971680 0.050000 0.056641
0 0.064062 0.773438 0.050000 0.062500
0 0.076563 0.767578 0.050000 0.062500
0 0.207813 0.818359 0.050000 0.062500
0 0.281250 0.589844 0.050000 0.062500
0 0.167187 0.554688 0.050000 0.062500
0 0.104688 0.513672 0.050000 0.062500
0 0.143750 0.453125 0.050000 0.062500
0 0.064062 0.273438 0.050000 0.062500
0 0.185938 0.041016 0.050000 0.062500
0 0.243750 0.304688 0.050000 0.062500
0 0.339062 0.199219 0.050000 0.062500
0 0.473438 0.464844 0.050000 0.062500
0 0.503125 0.355469 0.050000 0.062500
0 0.548438 0.265625 0.050000 0.062500
0 0.600000 0.226562 0.050000 0.062500
0 0.728125 0.312500 0.050000 0.062500
0 0.739062 0.310547 0.050000 0.062500
0 0.762500 0.490234 0.050000 0.062500
0 0.773438 0.478516 0.050000 0.062500
0 0.792188 0.462891 0.050000 0.062500
0 0.726562 0.080078 0.050000 0.062500
0 0.979688 0.574219 0.040625 0.062500
0 0.979688 0.593750 0.040625 0.062500
0 0.935937 0.818359 0.050000 0.062500
0 0.965625 0.873047 0.050000 0.062500
0 0.983594 0.919922 0.032813 0.062500
0 0.862500 0.595703 0.050000 0.062500
0 0.848437 0.312500 0.050000 0.062500
0 0.892188 0.380859 0.050000 0.062500
0 0.876563 0.390625 0.050000 0.062500
0 0.878125 0.375000 0.050000 0.062500
0 0.942187 0.042969 0.050000 0.062500
0 0.115625 0.150391 0.050000 0.062500
