0 0.092188 0.724609 0.050000 0.062500
0 0.139063 0.753906 0.050000 0.062500
0 0.171875 0.839844 0.050000 0.062500
0 0.248438 0.765625 0.050000 0.062500
0 0.443750 0.820312 0.050000 0.062500
0 0.693750 0.824219 0.050000 0.062500
0 0.714063 0.824219 0.050000 0.062500
0 0.740625 0.828125 0.050000 0.062500
0 0.829688 0.906250 0.050000 0.062500
0 0.835938 0.925781 0.050000 0.062500
0 0.857812 0.914062 0.050000 0.062500
0 0.889062 0.904297 0.050000 0.062500
0 0.832812 0.830078 0.050000 0.062500
0 0.746875 0.666016 0.050000 0.062500
0 0.662500 0.628906 0.050000 0.062500
0 0.589063 0.599609 0.050000 0.062500
0 0.501563 0.591797 0.050000 0.062500
0 0.310937 0.460938 0.050000 0.062500
0 0.432812 0.416016 0.050000 0.062500
0 0.135937 0.447266 0.050000 0.062500
0 0.037500 0.347656 0.050000 0.062500
0 0.132812 0.220703 0.050000 0.062500
0 0.140625 0.212891 0.050000 0.062500
0 0.232813 0.134766 0.050000 0.062500
0 0.254688 0.232422 0.050000 0.062500
0 0.359375 0.250000 0.050000 0.062500
0 0.018750 0.292969 0.037500 0.062500
0 0.034375 0.294922 0.050000 0.062500
0 0.521875 0.224609 0.050000 0.062500
0 0.559375 0.253906 0.050000 0.062500
0 0.639062 0.271484 0.050000 0.062500
0 0.756250 0.345703 0.050000 0.062500
0 0.851562 0.462891 0.050000 0.062500
0 0.806250 0.556641 0.050000 0.062500
0 0.912500 0.615234 0.050000 0.062500
0 0.973437 0.449219 0.050000 0.062500
0 0.890625 0.378906 0.050000 0.062500
0 0.903125 0.410156 0.050000 0.062500
0 0.925000 0.412109 0.050000 0.062500
0 0.921875 0.339844 0.050000 0.062500
0 0.779687 0.203125 0.050000 0.062500
0 0.862500 0.160156 0.050000 0.062500
0 0.950000 0.199219 0.050000 0.062500
0 0.950000 0.035156 0.050000 0.062500
0 0.900000 0.030273 0.050000 0.060547
0 0.784375 0.024414 0.050000 0.048828
0 0.637500 0.068359 0.050000 0.062500
0 0.690625 0.109375 0.050000 0.062500
0 0.695312 0.203125 0.050000 0.062500
0 0.631250 0.173828 0.050000 0.062500
0 0.553125 0.142578 0.050000 0.062500
0 0.537500 0.113281 0.050000 0.062500
