0 0.029687 0.097656 0.050000 0.062500
0 0.068750 0.093750 0.050000 0.062500
0 0.142187 0.074219 0.050000 0.062500
0 0.026562 0.125000 0.050000 0.062500
0 0.028125 0.148438 0.050000 0.062500
0 0.039062 0.279297 0.050000 0.062500
0 0.046875 0.238281 0.050000 0.062500
0 0.026562 0.224609 0.050000 0.062500
0 0.089063 0.316406 0.050000 0.062500
0 0.073438 0.349609 0.050000 0.062500
0 0.017969 0.427734 0.035937 0.062500
0 0.054688 0.625000 0.050000 0.062500
0 0.037500 0.636719 0.050000 0.062500
0 0.046875 0.978516 0.050000 0.042969
0 0.016406 0.981445 0.032813 0.037109
0 0.198437 0.753906 0.050000 0.062500
0 0.228125 0.687500 0.050000 0.062500
0 0.254688 0.664062 0.050000 0.062500
0 0.153125 0.515625 0.050000 0.062500
0 0.267188 0.511719 0.050000 0.062500
0 0.215625 0.425781 0.050000 0.062500
0 0.237500 0.425781 0.050000 0.062500
0 0.253125 0.421875 0.050000 0.062500
0 0.304688 0.367188 0.050000 0.062500
0 0.331250 0.320312 0.050000 0.062500
0 0.243750 0.333984 0.050000 0.062500
0 0.228125 0.322266 0.050000 0.062500
0 0.237500 0.279297 0.050000 0.062500
0 0.359375 0.026367 0.050000 0.052734
0 0.317188 0.236328 0.050000 0.062500
0 0.346875 0.236328 0.050000 0.062500
0 0.365625 0.251953 0.050000 0.062500
0 0.307812 0.851562 0.050000 0.062500
0 0.379688 0.625000 0.050000 0.062500
0 0.453125 0.800781 0.050000 0.062500
0 0.575000 0.931641 0.050000 0.062500
0 0.639062 0.947266 0.050000 0.062500
0 0.681250 0.935547 0.050000 0.062500
0 0.817187 0.979492 0.050000 0.041016
0 0.795312 0.979492 0.050000 0.041016
0 0.956250 0.888672 0.050000 0.062500
0 0.851562 0.853516 0.050000 0.062500
0 0.779687 0.847656 0.050000 0.062500
0 0.876563 0.751953 0.050000 0.062500
0 0.517188 0.593750 0.050000 0.062500
0 0.565625 0.609375 0.050000 0.062500
0 0.634375 0.599609 0.050000 0.062500
0 0.531250 0.511719 0.050000 0.062500
0 0.514062 0.474609 0.050000 0.062500
0 0.614062 0.515625 0.050000 0.062500
0 0.676562 0.521484 0.050000 0.062500
0 0.760938 0.519531 0.050000 0.062500
0 0.670312 0.431641 0.050000 0.062500
0 0.614062 0.412109 0.050000 0.062500
0 0.523438 0.312500 0.050000 0.062500
0 0.510938 0.316406 0.050000 0.062500
0 0.589063 0.253906 0.050000 0.062500
0 0.598437 0.248047 0.050000 0.062500
0 0.667188 0.326172 0.050000 0.062500
0 0.656250 0.207031 0.050000 0.062500
0 0.687500 0.259766 0.050000 0.062500
0 0.746875 0.341797 0.050000 0.062500
0 0.843750 0.447266 0.050000 0.062500
0 0.821875 0.277344 0.050000 0.062500
0 0.840625 0.246094 0.050000 0.062500
0 0.779687 0.167969 0.050000 0.062500
0 0.770312 0.128906 0.050000 0.062500
0 0.898438 0.033203 0.050000 0.062500
0 0.885938 0.289062 0.050000 0.062500
0 0.862500 0.302734 0.050000 0.062500
0 0.857812 0.322266 0.050000 0.062500
0 0.904687 0.666016 0.050000 0.062500
0 0.918750 0.681641 0.050000 0.062500
0 0.957812 0.642578 0.050000 0.062500
0 0.980469 0.628906 0.039062 0.062500
0 0.978906 0.416016 0.042188 0.062500
0 0.975781 0.394531 0.048438 0.062500
0 0.983594 0.365234 0.032813 0.062500
0 0.937500 0.451172 0.050000 0.062500
0 0.926562 0.177734 0.050000 0.062500
0 0.943750 0.136719 0.050000 0.062500
0 0.957812 0.138672 0.050000 0.062500
0 0.980469 0.183594 0.039062 0.062500
0 0.882812 0.076172 0.050000 0.062500
