0 0.107813 0.972656 0.050000 0.054688
0 0.296875 0.892578 0.050000 0.062500
0 0.317188 0.882812 0.050000 0.062500
0 0.482812 0.912109 0.050000 0.062500
0 0.637500 0.941406 0.050000 0.062500
0 0.792188 0.898438 0.050000 0.062500
0 0.826562 0.767578 0.050000 0.062500
0 0.843750 0.619141 0.050000 0.062500
0 0.860938 0.607422 0.050000 0.062500
0 0.862500 0.552734 0.050000 0.062500
0 0.928125 0.542969 0.050000 0.062500
0 0.881250 0.507812 0.050000 0.062500
0 0.957812 0.449219 0.050000 0.062500
0 0.928125 0.591797 0.050000 0.062500
0 0.550000 0.759766 0.050000 0.062500
0 0.604688 0.712891 0.050000 0.062500
0 0.648438 0.640625 0.050000 0.062500
0 0.528125 0.675781 0.050000 0.062500
0 0.482812 0.664062 0.050000 0.062500
0 0.573438 0.601562 0.050000 0.062500
0 0.618750 0.552734 0.050000 0.062500
0 0.673438 0.462891 0.050000 0.062500
0 0.781250 0.455078 0.050000 0.062500
0 0.571875 0.484375 0.050000 0.062500
0 0.501563 0.537109 0.050000 0.062500
0 0.396875 0.544922 0.050000 0.062500
0 0.406250 0.533203 0.050000 0.062500
0 0.676562 0.335938 0.050000 0.062500
0 0.546875 0.369141 0.050000 0.062500
0 0.492188 0.431641 0.050000 0.062500
0 0.464062 0.394531 0.050000 0.062500
0 0.389062 0.375000 0.050000 0.062500
0 0.406250 0.437500 0.050000 0.062500
0 0.237500 0.580078 0.050000 0.062500
0 0.215625 0.550781 0.050000 0.062500
0 0.114062 0.488281 0.050000 0.062500
0 0.073438 0.373047 0.050000 0.062500
0 0.107813 0.378906 0.050000 0.062500
0 0.042188 0.373047 0.050000 0.062500
0 0.016406 0.437500 0.032813 0.062500
0 0.035937 0.466797 0.050000 0.062500
0 0.173437 0.357422 0.050000 0.062500
0 0.196875 0.394531 0.050000 0.062500
0 0.187500 0.236328 0.050000 0.062500
0 0.106250 0.152344 0.050000 0.062500
0 0.073438 0.095703 0.050000 0.062500
0 0.051562 0.095703 0.050000 0.062500
0 0.160938 0.121094 0.050000 0.062500
0 0.201563 0.083984 0.050000 0.062500
0 0.207813 0.023438 0.050000 0.046875
0 0.268750 0.158203 0.050000 0.062500
0 0.259375 0.113281 0.050000 0.062500
0 0.351562 0.072266 0.050000 0.062500
0 0.434375 0.191406 0.050000 0.062500
0 0.468750 0.216797 0.050000 0.062500
0 0.501563 0.226562 0.050000 0.062500
0 0.556250 0.244141 0.050000 0.062500
0 0.603125 0.226562 0.050000 0.062500
0 0.543750 0.214844 0.050000 0.062500
0 0.557813 0.195312 0.050000 0.062500
0 0.545312 0.179688 0.050000 0.062500
0 0.478125 0.107422 0.050000 0.062500
0 0.471875 0.052734 0.050000 0.062500
0 0.492188 0.052734 0.050000 0.062500
0 0.506250 0.056641 0.050000 0.062500
0 0.559375 0.027344 0.050000 0.054688
0 0.553125 0.039062 0.050000 0.062500
0 0.582812 0.152344 0.050000 0.062500
0 0.603125 0.144531 0.050000 0.062500
0 0.600000 0.173828 0.050000 0.062500
0 0.539062 0.146484 0.050000 0.062500
0 0.715625 0.179688 0.050000 0.062500
0 0.742188 0.181641 0.050000 0.062500
0 0.750000 0.253906 0.050000 0.062500
0 0.734375 0.246094 0.050000 0.062500
0 0.795312 0.162109 0.050000 0.062500
0 0.860938 0.054688 0.050000 0.062500
0 0.946875 0.052734 0.050000 0.062500
0 0.865625 0.298828 0.050000 0.062500
0 0.867188 0.253906 0.050000 0.062500
0 0.835938 0.363281 0.050000 0.062500
0 0.848437 0.421875 0.050000 0.062500
