0 0.082812 0.929688 0.050000 0.062500
0 0.015625 0.880859 0.031250 0.062500
0 0.064062 0.810547 0.050000 0.062500
0 0.019531 0.755859 0.039062 0.062500
0 0.028125 0.716797 0.050000 0.062500
0 0.024219 0.673828 0.048438 0.062500
0 0.040625 0.630859 0.050000 0.062500
0 0.134375 0.636719 0.050000 0.062500
0 0.212500 0.685547 0.050000 0.062500
0 0.181250 0.839844 0.050000 0.062500
0 0.173437 0.859375 0.050000 0.062500
0 0.232813 0.876953 0.050000 0.062500
0 0.215625 0.900391 0.050000 0.062500
0 0.154688 0.492188 0.050000 0.062500
0 0.123438 0.470703 0.050000 0.062500
0 0.187500 0.457031 0.050000 0.062500
0 0.198437 0.447266 0.050000 0.062500
0 0.146875 0.386719 0.050000 0.062500
0 0.167187 0.386719 0.050000 0.062500
0 0.159375 0.363281 0.050000 0.062500
0 0.106250 0.384766 0.050000 0.062500
0 0.120313 0.396484 0.050000 0.062500
0 0.098437 0.208984 0.050000 0.062500
0 0.078125 0.105469 0.050000 0.062500
0 0.056250 0.087891 0.050000 0.062500
0 0.064062 0.062500 0.050000 0.062500
0 0.084375 0.046875 0.050000 0.062500
0 0.151562 0.052734 0.050000 0.062500
0 0.164062 0.054688 0.050000 0.062500
0 0.150000 0.080078 0.050000 0.062500
0 0.170313 0.115234 0.050000 0.062500
0 0.139063 0.187500 0.050000 0.062500
0 0.198437 0.179688 0.050000 0.062500
0 0.673438 0.025391 0.050000 0.050781
0 0.234375 0.074219 0.050000 0.062500
0 0.250000 0.074219 0.050000 0.062500
0 0.312500 0.072266 0.050000 0.062500
0 0.354687 0.078125 0.050000 0.062500
0 0.350000 0.117188 0.050000 0.062500
0 0.354687 0.134766 0.050000 0.062500
0 0.256250 0.179688 0.050000 0.062500
0 0.295312 0.197266 0.050000 0.062500
0 0.423438 0.164062 0.050000 0.062500
0 0.337500 0.240234 0.050000 0.062500
0 0.282813 0.316406 0.050000 0.062500
0 0.229687 0.312500 0.050000 0.062500
0 0.232813 0.380859 0.050000 0.062500
0 0.287500 0.490234 0.050000 0.062500
0 0.278125 0.484375 0.050000 0.062500
0 0.356250 0.361328 0.050000 0.062500
0 0.376563 0.277344 0.050000 0.062500
0 0.435937 0.261719 0.050000 0.062500
0 0.500000 0.316406 0.050000 0.062500
0 0.437500 0.349609 0.050000 0.062500
0 0.448437 0.437500 0.050000 0.062500
0 0.528125 0.441406 0.050000 0.062500
0 0.518750 0.478516 0.050000 0.062500
0 0.420312 0.478516 0.050000 0.062500
0 0.743750 0.351562 0.050000 0.062500
0 0.771875 0.140625 0.050000 0.062500
0 0.689063 0.519531 0.050000 0.062500
0 0.525000 0.636719 0.050000 0.062500
0 0.348438 0.667969 0.050000 0.062500
0 0.410938 0.798828 0.050000 0.062500
0 0.407813 0.898438 0.050000 0.062500
0 0.465625 0.798828 0.050000 0.062500
0 0.478125 0.775391 0.050000 0.062500
0 0.620313 0.785156 0.050000 0.062500
0 0.678125 0.855469 0.050000 0.062500
0 0.734375 0.804688 0.050000 0.062500
0 0.725000 0.656250 0.050000 0.062500
0 0.735938 0.833984 0.050000 0.062500
0 0.754687 0.878906 0.050000 0.062500
0 0.912500 0.798828 0.050000 0.062500
0 0.957812 0.804688 0.050000 0.062500
0 0.980469 0.748047 0.039062 0.062500
0 0.826562 0.982422 0.050000 0.035156
