0 0.096875 0.977539 0.050000 0.044922
0 0.062500 0.968750 0.050000 0.062500
0 0.054688 0.833984 0.050000 0.062500
0 0.019531 0.759766 0.039062 0.062500
0 0.040625 0.724609 0.050000 0.062500
0 0.073438 0.710938 0.050000 0.062500
0 0.121875 0.689453 0.050000 0.062500
0 0.168750 0.660156 0.050000 0.062500
0 0.248438 0.716797 0.050000 0.062500
0 0.189062 0.845703 0.050000 0.062500
0 0.184375 0.867188 0.050000 0.062500
0 0.223438 0.917969 0.050000 0.062500
0 0.235937 0.890625 0.050000 0.062500
0 0.418750 0.933594 0.050000 0.062500
0 0.475000 0.832031 0.050000 0.062500
0 0.495312 0.865234 0.050000 0.062500
0 0.585938 0.847656 0.050000 0.062500
0 0.592187 0.826172 0.050000 0.062500
0 0.750000 0.890625 0.050000 0.062500
0 0.750000 0.861328 0.050000 0.062500
0 0.767188 0.916016 0.050000 0.062500
0 0.837500 0.941406 0.050000 0.062500
0 0.931250 0.875000 0.050000 0.062500
0 0.984375 0.878906 0.031250 0.062500
0 0.704688 0.072266 0.050000 0.062500
0 0.565625 0.016602 0.050000 0.033203
0 0.081250 0.056641 0.050000 0.062500
0 0.092188 0.037109 0.050000 0.062500
0 0.187500 0.044922 0.050000 0.062500
0 0.196875 0.044922 0.050000 0.062500
0 0.181250 0.066406 0.050000 0.062500
0 0.193750 0.082031 0.050000 0.062500
0 0.106250 0.085938 0.050000 0.062500
0 0.264062 0.072266 0.050000 0.062500
0 0.278125 0.074219 0.050000 0.062500
0 0.303125 0.101562 0.050000 0.062500
0 0.382812 0.095703 0.050000 0.062500
0 0.331250 0.134766 0.050000 0.062500
0 0.332813 0.152344 0.050000 0.062500
0 0.440625 0.167969 0.050000 0.062500
0 0.118750 0.185547 0.050000 0.062500
0 0.159375 0.169922 0.050000 0.062500
0 0.182812 0.181641 0.050000 0.062500
0 0.248438 0.216797 0.050000 0.062500
0 0.154688 0.404297 0.050000 0.062500
0 0.160938 0.427734 0.050000 0.062500
0 0.134375 0.429688 0.050000 0.062500
0 0.112500 0.421875 0.050000 0.062500
0 0.101562 0.408203 0.050000 0.062500
0 0.109375 0.501953 0.050000 0.062500
0 0.151562 0.537109 0.050000 0.062500
0 0.373437 0.667969 0.050000 0.062500
0 0.279687 0.488281 0.050000 0.062500
0 0.207813 0.433594 0.050000 0.062500
0 0.246875 0.351562 0.050000 0.062500
0 0.243750 0.267578 0.050000 0.062500
0 0.312500 0.191406 0.050000 0.062500
0 0.293750 0.291016 0.050000 0.062500
0 0.335938 0.302734 0.050000 0.062500
0 0.359375 0.343750 0.050000 0.062500
0 0.446875 0.339844 0.050000 0.062500
0 0.445312 0.431641 0.050000 0.062500
0 0.509375 0.492188 0.050000 0.062500
0 0.521875 0.472656 0.050000 0.062500
0 0.423438 0.480469 0.050000 0.062500
0 0.410938 0.488281 0.050000 0.062500
0 0.496875 0.644531 0.050000 0.062500
0 0.676562 0.572266 0.050000 0.062500
0 0.700000 0.720703 0.050000 0.062500
0 0.509375 0.320312 0.050000 0.062500
0 0.378125 0.271484 0.050000 0.062500
0 0.448437 0.257812 0.050000 0.062500
0 0.771875 0.226562 0.050000 0.062500
0 0.765625 0.378906 0.050000 0.062500
0 0.968750 0.026367 0.050000 0.052734
