0 0.207813 0.857422 0.050000 0.062500
0 0.232813 0.880859 0.050000 0.062500
0 0.201563 0.763672 0.050000 0.062500
0 0.393750 0.894531 0.050000 0.062500
0 0.412500 0.859375 0.050000 0.062500
0 0.215625 0.500000 0.050000 0.062500
0 0.189062 0.488281 0.050000 0.062500
0 0.178125 0.519531 0.050000 0.062500
0 0.131250 0.568359 0.050000 0.062500
0 0.175000 0.587891 0.050000 0.062500
0 0.016406 0.250000 0.032813 0.062500
0 0.100000 0.259766 0.050000 0.062500
0 0.146875 0.197266 0.050000 0.062500
0 0.210938 0.224609 0.050000 0.062500
0 0.253125 0.185547 0.050000 0.062500
0 0.245312 0.382812 0.050000 0.062500
0 0.303125 0.484375 0.050000 0.062500
0 0.345313 0.572266 0.050000 0.062500
0 0.329688 0.574219 0.050000 0.062500
0 0.318750 0.582031 0.050000 0.062500
0 0.296875 0.648438 0.050000 0.062500
0 0.362500 0.636719 0.050000 0.062500
0 0.378125 0.630859 0.050000 0.062500
0 0.367188 0.595703 0.050000 0.062500
0 0.417187 0.695312 0.050000 0.062500
0 0.520312 0.808594 0.050000 0.062500
0 0.570312 0.888672 0.050000 0.062500
0 0.581250 0.923828 0.050000 0.062500
0 0.570312 0.941406 0.050000 0.062500
0 0.618750 0.976562 0.050000 0.046875
0 0.689063 0.916016 0.050000 0.062500
0 0.678125 0.841797 0.050000 0.062500
0 0.590625 0.802734 0.050000 0.062500
0 0.870313 0.859375 0.050000 0.062500
0 0.864062 0.902344 0.050000 0.062500
0 0.965625 0.728516 0.050000 0.062500
0 0.942187 0.601562 0.050000 0.062500
0 0.768750 0.687500 0.050000 0.062500
0 0.760938 0.619141 0.050000 0.062500
0 0.767188 0.554688 0.050000 0.062500
0 0.785937 0.517578 0.050000 0.062500
0 0.676562 0.539062 0.050000 0.062500
0 0.710938 0.498047 0.050000 0.062500
0 0.684375 0.515625 0.050000 0.062500
0 0.543750 0.523438 0.050000 0.062500
0 0.506250 0.476562 0.050000 0.062500
0 0.492188 0.412109 0.050000 0.062500
0 0.456250 0.408203 0.050000 0.062500
0 0.418750 0.384766 0.050000 0.062500
0 0.498437 0.345703 0.050000 0.062500
0 0.551562 0.351562 0.050000 0.062500
0 0.620313 0.419922 0.050000 0.062500
0 0.706250 0.412109 0.050000 0.062500
0 0.775000 0.373047 0.050000 0.062500
0 0.709375 0.324219 0.050000 0.062500
0 0.640625 0.333984 0.050000 0.062500
0 0.568750 0.255859 0.050000 0.062500
0 0.707812 0.222656 0.050000 0.062500
0 0.642188 0.132812 0.050000 0.062500
0 0.393750 0.255859 0.050000 0.062500
0 0.379688 0.224609 0.050000 0.062500
0 0.409375 0.214844 0.050000 0.062500
0 0.462500 0.191406 0.050000 0.062500
0 0.475000 0.195312 0.050000 0.062500
0 0.478125 0.226562 0.050000 0.062500
0 0.468750 0.210938 0.050000 0.062500
0 0.528125 0.115234 0.050000 0.062500
0 0.368750 0.128906 0.050000 0.062500
0 0.965625 0.111328 0.050000 0.062500
0 0.887500 0.078125 0.050000 0.062500
0 0.171875 0.087891 0.050000 0.062500
0 0.198437 0.080078 0.050000 0.062500
0 0.225000 0.018555 0.050000 0.037109
0 0.331250 0.042969 0.050000 0.062500
0 0.353125 0.060547 0.050000 0.062500
0 0.446875 0.082031 0.050000 0.062500
0 0.437500 0.103516 0.050000 0.062500
0 0.453125 0.113281 0.050000 0.062500
0 0.650000 0.021484 0.050000 0.042969
0 0.773438 0.025391 0.050000 0.050781
0 0.818750 0.048828 0.050000 0.062500
0 0.826562 0.035156 0.050000 0.062500
0 0.389062 0.020508 0.050000 0.041016
0 0.112500 0.031250 0.050000 0.062500
