0 0.035937 0.024414 0.050000 0.048828
0 0.056250 0.031250 0.050000 0.062500
0 0.153125 0.042969 0.050000 0.062500
0 0.142187 0.070312 0.050000 0.062500
0 0.132812 0.064453 0.050000 0.062500
0 0.217188 0.076172 0.050000 0.062500
0 0.231250 0.076172 0.050000 0.062500
0 0.339062 0.093750 0.050000 0.062500
0 0.060937 0.085938 0.050000 0.062500
0 0.521875 0.021484 0.050000 0.042969
0 0.582812 0.048828 0.050000 0.062500
0 0.659375 0.072266 0.050000 0.062500
0 0.062500 0.183594 0.050000 0.062500
0 0.070312 0.199219 0.050000 0.062500
0 0.081250 0.216797 0.050000 0.062500
0 0.100000 0.222656 0.050000 0.062500
0 0.026562 0.283203 0.050000 0.062500
0 0.176563 0.197266 0.050000 0.062500
0 0.135937 0.298828 0.050000 0.062500
0 0.401562 0.199219 0.050000 0.062500
0 0.268750 0.218750 0.050000 0.062500
0 0.193750 0.306641 0.050000 0.062500
0 0.243750 0.316406 0.050000 0.062500
0 0.334375 0.300781 0.050000 0.062500
0 0.409375 0.300781 0.050000 0.062500
0 0.465625 0.357422 0.050000 0.062500
0 0.393750 0.384766 0.050000 0.062500
0 0.306250 0.382812 0.050000 0.062500
0 0.179688 0.427734 0.050000 0.062500
0 0.234375 0.490234 0.050000 0.062500
0 0.378125 0.505859 0.050000 0.062500
0 0.403125 0.476562 0.050000 0.062500
0 0.465625 0.521484 0.050000 0.062500
0 0.485938 0.511719 0.050000 0.062500
0 0.016406 0.523438 0.032813 0.062500
0 0.014844 0.623047 0.029687 0.062500
0 0.015625 0.703125 0.031250 0.062500
0 0.023438 0.732422 0.046875 0.062500
0 0.037500 0.759766 0.050000 0.062500
0 0.262500 0.787109 0.050000 0.062500
0 0.050000 0.977539 0.050000 0.044922
0 0.268750 0.929688 0.050000 0.062500
0 0.264062 0.964844 0.050000 0.062500
0 0.446875 0.937500 0.050000 0.062500
0 0.443750 0.958984 0.050000 0.062500
0 0.423438 0.878906 0.050000 0.062500
0 0.517188 0.865234 0.050000 0.062500
0 0.562500 0.826172 0.050000 0.062500
0 0.609375 0.880859 0.050000 0.062500
0 0.671875 0.919922 0.050000 0.062500
0 0.737500 0.977539 0.050000 0.044922
0 0.812500 0.937500 0.050000 0.062500
0 0.745313 0.882812 0.050000 0.062500
0 0.645312 0.714844 0.050000 0.062500
0 0.446875 0.683594 0.050000 0.062500
0 0.635938 0.574219 0.050000 0.062500
0 0.626563 0.447266 0.050000 0.062500
0 0.737500 0.380859 0.050000 0.062500
0 0.742188 0.341797 0.050000 0.062500
0 0.732812 0.310547 0.050000 0.062500
