0 0.464062 0.492188 0.050000 0.062500
0 0.564063 0.224609 0.050000 0.062500
0 0.671875 0.183594 0.050000 0.062500
0 0.706250 0.197266 0.050000 0.062500
0 0.818750 0.238281 0.050000 0.062500
0 0.887500 0.253906 0.050000 0.062500
0 0.773438 0.335938 0.050000 0.062500
0 0.785937 0.281250 0.050000 0.062500
0 0.639062 0.853516 0.050000 0.062500
0 0.635938 0.882812 0.050000 0.062500
0 0.610938 0.855469 0.050000 0.062500
0 0.189062 0.435547 0.050000 0.062500
0 0.059375 0.453125 0.050000 0.062500
0 0.617188 0.029297 0.050000 0.058594
