0 0.075000 0.027344 0.050000 0.054688
0 0.076563 0.060547 0.050000 0.062500
0 0.096875 0.042969 0.050000 0.062500
0 0.025000 0.115234 0.050000 0.062500
0 0.192188 0.130859 0.050000 0.062500
0 0.042188 0.470703 0.050000 0.062500
0 0.073438 0.523438 0.050000 0.062500
0 0.095312 0.511719 0.050000 0.062500
0 0.167187 0.443359 0.050000 0.062500
0 0.014063 0.316406 0.028125 0.062500
0 0.054688 0.568359 0.050000 0.062500
0 0.026562 0.607422 0.050000 0.062500
0 0.018750 0.630859 0.037500 0.062500
0 0.039062 0.628906 0.050000 0.062500
0 0.068750 0.818359 0.050000 0.062500
0 0.037500 0.714844 0.050000 0.062500
0 0.051562 0.730469 0.050000 0.062500
0 0.167187 0.654297 0.050000 0.062500
0 0.184375 0.830078 0.050000 0.062500
0 0.212500 0.845703 0.050000 0.062500
0 0.275000 0.867188 0.050000 0.062500
0 0.303125 0.890625 0.050000 0.062500
0 0.295312 0.975586 0.050000 0.048828
0 0.375000 0.906250 0.050000 0.062500
0 0.368750 0.822266 0.050000 0.062500
0 0.373437 0.781250 0.050000 0.062500
0 0.209375 0.937500 0.050000 0.062500
0 0.493750 0.701172 0.050000 0.062500
0 0.554688 0.771484 0.050000 0.062500
0 0.556250 0.794922 0.050000 0.062500
0 0.595313 0.843750 0.050000 0.062500
0 0.587500 0.876953 0.050000 0.062500
0 0.590625 0.914062 0.050000 0.062500
0 0.573438 0.974609 0.050000 0.050781
0 0.590625 0.972656 0.050000 0.054688
0 0.123438 0.945312 0.050000 0.062500
0 0.100000 0.943359 0.050000 0.062500
0 0.800000 0.857422 0.050000 0.062500
0 0.862500 0.804688 0.050000 0.062500
0 0.921875 0.714844 0.050000 0.062500
0 0.864062 0.693359 0.050000 0.062500
0 0.746875 0.710938 0.050000 0.062500
0 0.648438 0.746094 0.050000 0.062500
0 0.657813 0.691406 0.050000 0.062500
0 0.585938 0.652344 0.050000 0.062500
0 0.667188 0.519531 0.050000 0.062500
0 0.467187 0.517578 0.050000 0.062500
0 0.656250 0.402344 0.050000 0.062500
0 0.751563 0.263672 0.050000 0.062500
0 0.760938 0.207031 0.050000 0.062500
0 0.765625 0.166016 0.050000 0.062500
0 0.757812 0.140625 0.050000 0.062500
0 0.501563 0.341797 0.050000 0.062500
0 0.485938 0.343750 0.050000 0.062500
0 0.395313 0.333984 0.050000 0.062500
0 0.400000 0.310547 0.050000 0.062500
0 0.429688 0.298828 0.050000 0.062500
0 0.260937 0.316406 0.050000 0.062500
0 0.218750 0.255859 0.050000 0.062500
0 0.214062 0.132812 0.050000 0.062500
0 0.264062 0.138672 0.050000 0.062500
0 0.337500 0.214844 0.050000 0.062500
0 0.421875 0.210938 0.050000 0.062500
0 0.482812 0.179688 0.050000 0.062500
0 0.367188 0.195312 0.050000 0.062500
0 0.434375 0.128906 0.050000 0.062500
0 0.357812 0.130859 0.050000 0.062500
0 0.293750 0.039062 0.050000 0.062500
0 0.426563 0.028320 0.050000 0.056641
