0 0.973437 0.046875 0.050000 0.062500
0 0.964063 0.026367 0.050000 0.052734
0 0.951562 0.025391 0.050000 0.050781
0 0.892188 0.028320 0.050000 0.056641
0 0.681250 0.113281 0.050000 0.062500
0 0.607812 0.091797 0.050000 0.062500
0 0.543750 0.050781 0.050000 0.062500
0 0.556250 0.041016 0.050000 0.062500
0 0.501563 0.028320 0.050000 0.056641
0 0.412500 0.022461 0.050000 0.044922
0 0.381250 0.026367 0.050000 0.052734
0 0.118750 0.022461 0.050000 0.044922
0 0.135937 0.033203 0.050000 0.062500
0 0.056250 0.041016 0.050000 0.062500
0 0.073438 0.052734 0.050000 0.062500
0 0.179688 0.085938 0.050000 0.062500
0 0.192188 0.087891 0.050000 0.062500
0 0.170313 0.107422 0.050000 0.062500
0 0.187500 0.113281 0.050000 0.062500
0 0.253125 0.115234 0.050000 0.062500
0 0.267188 0.117188 0.050000 0.062500
0 0.015625 0.018555 0.031250 0.037109
0 0.098437 0.126953 0.050000 0.062500
0 0.371875 0.134766 0.050000 0.062500
0 0.026562 0.964844 0.050000 0.062500
0 0.040625 0.943359 0.050000 0.062500
0 0.059375 0.969727 0.050000 0.060547
0 0.050000 0.979492 0.050000 0.041016
0 0.089063 0.234375 0.050000 0.062500
0 0.076563 0.257812 0.050000 0.062500
0 0.089063 0.271484 0.050000 0.062500
0 0.092188 0.289062 0.050000 0.062500
0 0.106250 0.253906 0.050000 0.062500
0 0.031250 0.332031 0.050000 0.062500
0 0.112500 0.591797 0.050000 0.062500
0 0.081250 0.675781 0.050000 0.062500
0 0.021875 0.714844 0.043750 0.062500
0 0.148438 0.894531 0.050000 0.062500
0 0.153125 0.923828 0.050000 0.062500
0 0.210938 0.900391 0.050000 0.062500
0 0.209375 0.830078 0.050000 0.062500
0 0.229687 0.810547 0.050000 0.062500
0 0.365625 0.955078 0.050000 0.062500
0 0.715625 0.980469 0.050000 0.039062
0 0.718750 0.972656 0.050000 0.054688
0 0.875000 0.888672 0.050000 0.062500
0 0.882812 0.925781 0.050000 0.062500
0 0.954688 0.875000 0.050000 0.062500
0 0.593750 0.853516 0.050000 0.062500
0 0.429688 0.855469 0.050000 0.062500
0 0.276562 0.697266 0.050000 0.062500
0 0.396875 0.689453 0.050000 0.062500
0 0.635938 0.740234 0.050000 0.062500
0 0.662500 0.603516 0.050000 0.062500
0 0.765625 0.445312 0.050000 0.062500
0 0.943750 0.439453 0.050000 0.062500
0 0.770312 0.373047 0.050000 0.062500
0 0.767188 0.296875 0.050000 0.062500
0 0.514062 0.539062 0.050000 0.062500
0 0.493750 0.546875 0.050000 0.062500
0 0.407813 0.539062 0.050000 0.062500
0 0.407813 0.513672 0.050000 0.062500
0 0.445312 0.501953 0.050000 0.062500
0 0.273438 0.523438 0.050000 0.062500
0 0.251563 0.464844 0.050000 0.062500
0 0.179688 0.460938 0.050000 0.062500
0 0.221875 0.367188 0.050000 0.062500
0 0.287500 0.349609 0.050000 0.062500
0 0.350000 0.416016 0.050000 0.062500
0 0.440625 0.419922 0.050000 0.062500
0 0.506250 0.378906 0.050000 0.062500
0 0.440625 0.333984 0.050000 0.062500
0 0.373437 0.328125 0.050000 0.062500
0 0.300000 0.257812 0.050000 0.062500
0 0.434375 0.226562 0.050000 0.062500
0 0.040625 0.826172 0.050000 0.062500
