0 0.878125 0.022461 0.050000 0.044922
0 0.878125 0.054688 0.050000 0.062500
0 0.915625 0.062500 0.050000 0.062500
0 0.962500 0.203125 0.050000 0.062500
0 0.760938 0.072266 0.050000 0.062500
0 0.076563 0.734375 0.050000 0.062500
0 0.087500 0.748047 0.050000 0.062500
0 0.014844 0.574219 0.029687 0.062500
0 0.017969 0.550781 0.035937 0.062500
0 0.162500 0.591797 0.050000 0.062500
0 0.148438 0.710938 0.050000 0.062500
0 0.218750 0.738281 0.050000 0.062500
0 0.198437 0.759766 0.050000 0.062500
0 0.395313 0.847656 0.050000 0.062500
0 0.406250 0.828125 0.050000 0.062500
0 0.389062 0.919922 0.050000 0.062500
0 0.364063 0.947266 0.050000 0.062500
0 0.384375 0.753906 0.050000 0.062500
0 0.623437 0.917969 0.050000 0.062500
0 0.714063 0.945312 0.050000 0.062500
0 0.698438 0.976562 0.050000 0.046875
0 0.881250 0.644531 0.050000 0.062500
0 0.034375 0.404297 0.050000 0.062500
0 0.062500 0.339844 0.050000 0.062500
0 0.090625 0.332031 0.050000 0.062500
0 0.134375 0.326172 0.050000 0.062500
0 0.195312 0.300781 0.050000 0.062500
0 0.062500 0.214844 0.050000 0.062500
0 0.137500 0.130859 0.050000 0.062500
0 0.053125 0.028320 0.050000 0.056641
0 0.237500 0.017578 0.050000 0.035156
0 0.279687 0.326172 0.050000 0.062500
0 0.268750 0.529297 0.050000 0.062500
0 0.403125 0.503906 0.050000 0.062500
0 0.465625 0.402344 0.050000 0.062500
0 0.628125 0.382812 0.050000 0.062500
0 0.670312 0.341797 0.050000 0.062500
0 0.700000 0.302734 0.050000 0.062500
0 0.471875 0.103516 0.050000 0.062500
0 0.393750 0.232422 0.050000 0.062500
0 0.371875 0.220703 0.050000 0.062500
0 0.320312 0.130859 0.050000 0.062500
0 0.354687 0.125000 0.050000 0.062500
0 0.404687 0.068359 0.050000 0.062500
0 0.459375 0.022461 0.050000 0.044922
0 0.339062 0.121094 0.050000 0.062500
