0 0.717187 0.746094 0.050000 0.062500
0 0.701562 0.755859 0.050000 0.062500
0 0.718750 0.775391 0.050000 0.062500
0 0.906250 0.398438 0.050000 0.062500
0 0.239063 0.947266 0.050000 0.062500
0 0.218750 0.953125 0.050000 0.062500
0 0.095312 0.919922 0.050000 0.062500
0 0.079687 0.910156 0.050000 0.062500
0 0.070312 0.871094 0.050000 0.062500
0 0.090625 0.878906 0.050000 0.062500
0 0.104688 0.884766 0.050000 0.062500
0 0.115625 0.898438 0.050000 0.062500
0 0.175000 0.808594 0.050000 0.062500
0 0.165625 0.769531 0.050000 0.062500
0 0.156250 0.742188 0.050000 0.062500
0 0.190625 0.753906 0.050000 0.062500
0 0.201563 0.806641 0.050000 0.062500
0 0.032813 0.365234 0.050000 0.062500
0 0.019531 0.343750 0.039062 0.062500
0 0.251563 0.091797 0.050000 0.062500
0 0.245312 0.113281 0.050000 0.062500
0 0.264062 0.115234 0.050000 0.062500
0 0.273438 0.099609 0.050000 0.062500
0 0.345313 0.285156 0.050000 0.062500
0 0.385937 0.318359 0.050000 0.062500
0 0.435937 0.087891 0.050000 0.062500
0 0.512500 0.160156 0.050000 0.062500
0 0.543750 0.134766 0.050000 0.062500
0 0.596875 0.167969 0.050000 0.062500
0 0.629687 0.218750 0.050000 0.062500
0 0.645312 0.146484 0.050000 0.062500
0 0.557813 0.039062 0.050000 0.062500
0 0.925000 0.076172 0.050000 0.062500
0 0.931250 0.056641 0.050000 0.062500
0 0.956250 0.022461 0.050000 0.044922
0 0.980469 0.035156 0.039062 0.062500
0 0.918750 0.021484 0.050000 0.042969
0 0.948438 0.947266 0.050000 0.062500
0 0.706250 0.728516 0.050000 0.062500
