0 0.176563 0.884766 0.050000 0.062500
0 0.246875 0.906250 0.050000 0.062500
0 0.664062 0.789062 0.050000 0.062500
0 0.679688 0.771484 0.050000 0.062500
0 0.159375 0.978516 0.050000 0.042969
0 0.092188 0.529297 0.050000 0.062500
0 0.107813 0.531250 0.050000 0.062500
0 0.056250 0.546875 0.050000 0.062500
0 0.056250 0.492188 0.050000 0.062500
0 0.068750 0.468750 0.050000 0.062500
0 0.864062 0.427734 0.050000 0.062500
0 0.820312 0.285156 0.050000 0.062500
0 0.757812 0.167969 0.050000 0.062500
0 0.685937 0.024414 0.050000 0.048828
0 0.803125 0.027344 0.050000 0.054688
0 0.807813 0.093750 0.050000 0.062500
0 0.978906 0.121094 0.042188 0.062500
