0 0.125000 0.947266 0.050000 0.062500
0 0.164062 0.914062 0.050000 0.062500
0 0.148438 0.974609 0.050000 0.050781
0 0.071875 0.884766 0.050000 0.062500
0 0.060937 0.898438 0.050000 0.062500
0 0.139063 0.785156 0.050000 0.062500
0 0.507812 0.972656 0.050000 0.054688
0 0.500000 0.927734 0.050000 0.062500
0 0.498437 0.902344 0.050000 0.062500
0 0.567187 0.937500 0.050000 0.062500
0 0.539062 0.931641 0.050000 0.062500
0 0.523438 0.910156 0.050000 0.062500
0 0.951562 0.355469 0.050000 0.062500
0 0.982812 0.332031 0.034375 0.062500
0 0.935937 0.298828 0.050000 0.062500
0 0.982031 0.283203 0.035937 0.062500
0 0.951562 0.296875 0.050000 0.062500
0 0.739062 0.738281 0.050000 0.062500
0 0.470313 0.671875 0.050000 0.062500
0 0.426563 0.673828 0.050000 0.062500
0 0.478125 0.638672 0.050000 0.062500
0 0.657813 0.574219 0.050000 0.062500
0 0.657813 0.341797 0.050000 0.062500
0 0.337500 0.345703 0.050000 0.062500
0 0.145313 0.355469 0.050000 0.062500
0 0.137500 0.542969 0.050000 0.062500
0 0.112500 0.537109 0.050000 0.062500
0 0.075000 0.492188 0.050000 0.062500
0 0.060937 0.251953 0.050000 0.062500
0 0.031250 0.302734 0.050000 0.062500
0 0.331250 0.226562 0.050000 0.062500
0 0.350000 0.250000 0.050000 0.062500
0 0.157812 0.089844 0.050000 0.062500
0 0.203125 0.044922 0.050000 0.062500
0 0.223438 0.024414 0.050000 0.048828
0 0.418750 0.037109 0.050000 0.062500
0 0.535937 0.121094 0.050000 0.062500
0 0.662500 0.230469 0.050000 0.062500
0 0.915625 0.171875 0.050000 0.062500
0 0.646875 0.125000 0.050000 0.062500
0 0.675000 0.074219 0.050000 0.062500
0 0.660937 0.030273 0.050000 0.060547
0 0.942187 0.787109 0.050000 0.062500
