0 0.476562 0.910156 0.050000 0.062500
0 0.462500 0.906250 0.050000 0.062500
0 0.471875 0.871094 0.050000 0.062500
0 0.106250 0.949219 0.050000 0.062500
0 0.068750 0.876953 0.050000 0.062500
0 0.019531 0.931641 0.039062 0.062500
0 0.651563 0.791016 0.050000 0.062500
0 0.865625 0.863281 0.050000 0.062500
0 0.650000 0.697266 0.050000 0.062500
0 0.704688 0.628906 0.050000 0.062500
0 0.653125 0.574219 0.050000 0.062500
0 0.332813 0.572266 0.050000 0.062500
0 0.150000 0.580078 0.050000 0.062500
0 0.364063 0.570312 0.050000 0.062500
0 0.951562 0.537109 0.050000 0.062500
0 0.977344 0.517578 0.045312 0.062500
0 0.985938 0.568359 0.028125 0.062500
0 0.970313 0.412109 0.050000 0.062500
0 0.975781 0.455078 0.048438 0.062500
0 0.764062 0.404297 0.050000 0.062500
0 0.514062 0.425781 0.050000 0.062500
0 0.196875 0.453125 0.050000 0.062500
0 0.223438 0.474609 0.050000 0.062500
0 0.103125 0.250000 0.050000 0.062500
0 0.079687 0.277344 0.050000 0.062500
0 0.306250 0.263672 0.050000 0.062500
0 0.360938 0.339844 0.050000 0.062500
0 0.500000 0.359375 0.050000 0.062500
0 0.550000 0.298828 0.050000 0.062500
0 0.504687 0.259766 0.050000 0.062500
0 0.525000 0.189453 0.050000 0.062500
0 0.396875 0.083984 0.050000 0.062500
