0 0.181250 0.375000 0.050000 0.062500
0 0.251563 0.431641 0.050000 0.062500
0 0.270313 0.486328 0.050000 0.062500
0 0.262500 0.537109 0.050000 0.062500
0 0.260937 0.232422 0.050000 0.062500
0 0.442188 0.388672 0.050000 0.062500
0 0.123438 0.595703 0.050000 0.062500
0 0.084375 0.632812 0.050000 0.062500
0 0.110937 0.677734 0.050000 0.062500
0 0.132812 0.699219 0.050000 0.062500
0 0.145313 0.775391 0.050000 0.062500
0 0.126562 0.937500 0.050000 0.062500
0 0.304688 0.978516 0.050000 0.042969
0 0.589063 0.308594 0.050000 0.062500
0 0.601562 0.359375 0.050000 0.062500
0 0.646875 0.386719 0.050000 0.062500
0 0.671875 0.341797 0.050000 0.062500
0 0.623437 0.283203 0.050000 0.062500
0 0.628125 0.308594 0.050000 0.062500
0 0.625000 0.162109 0.050000 0.062500
0 0.670312 0.203125 0.050000 0.062500
0 0.701562 0.255859 0.050000 0.062500
0 0.770312 0.423828 0.050000 0.062500
0 0.385937 0.203125 0.050000 0.062500
0 0.464062 0.167969 0.050000 0.062500
0 0.884375 0.339844 0.050000 0.062500
0 0.970313 0.371094 0.050000 0.062500
0 0.977344 0.447266 0.045312 0.062500
0 0.923438 0.615234 0.050000 0.062500
0 0.712500 0.542969 0.050000 0.062500
0 0.725000 0.578125 0.050000 0.062500
0 0.600000 0.562500 0.050000 0.062500
0 0.656250 0.677734 0.050000 0.062500
0 0.112500 0.742188 0.050000 0.062500
0 0.132812 0.445312 0.050000 0.062500
0 0.048438 0.843750 0.050000 0.062500
0 0.064062 0.847656 0.050000 0.062500
0 0.068750 0.873047 0.050000 0.062500
0 0.076563 0.890625 0.050000 0.062500
0 0.021094 0.789062 0.042188 0.062500
0 0.032813 0.978516 0.050000 0.042969
0 0.717187 0.851562 0.050000 0.062500
0 0.800000 0.714844 0.050000 0.062500
0 0.831250 0.650391 0.050000 0.062500
0 0.818750 0.675781 0.050000 0.062500
0 0.806250 0.679688 0.050000 0.062500
