0 0.221875 0.880859 0.050000 0.062500
0 0.373437 0.664062 0.050000 0.062500
0 0.246875 0.767578 0.050000 0.062500
0 0.204687 0.732422 0.050000 0.062500
0 0.181250 0.746094 0.050000 0.062500
0 0.234375 0.640625 0.050000 0.062500
0 0.293750 0.609375 0.050000 0.062500
0 0.290625 0.470703 0.050000 0.062500
0 0.165625 0.511719 0.050000 0.062500
0 0.082812 0.496094 0.050000 0.062500
0 0.017188 0.546875 0.034375 0.062500
0 0.022656 0.539062 0.045312 0.062500
0 0.121875 0.396484 0.050000 0.062500
0 0.160938 0.398438 0.050000 0.062500
0 0.162500 0.419922 0.050000 0.062500
0 0.154688 0.433594 0.050000 0.062500
0 0.182812 0.408203 0.050000 0.062500
0 0.196875 0.417969 0.050000 0.062500
0 0.264062 0.390625 0.050000 0.062500
0 0.279687 0.396484 0.050000 0.062500
0 0.278125 0.373047 0.050000 0.062500
0 0.290625 0.355469 0.050000 0.062500
0 0.290625 0.337891 0.050000 0.062500
0 0.262500 0.283203 0.050000 0.062500
0 0.282813 0.261719 0.050000 0.062500
0 0.293750 0.275391 0.050000 0.062500
0 0.057813 0.179688 0.050000 0.062500
0 0.375000 0.267578 0.050000 0.062500
0 0.390625 0.333984 0.050000 0.062500
0 0.393750 0.384766 0.050000 0.062500
0 0.426563 0.316406 0.050000 0.062500
0 0.425000 0.285156 0.050000 0.062500
0 0.103125 0.046875 0.050000 0.062500
0 0.132812 0.060547 0.050000 0.062500
0 0.151562 0.066406 0.050000 0.062500
0 0.267188 0.097656 0.050000 0.062500
0 0.248438 0.064453 0.050000 0.062500
0 0.220312 0.019531 0.050000 0.039062
0 0.262500 0.119141 0.050000 0.062500
0 0.465625 0.201172 0.050000 0.062500
0 0.496875 0.154297 0.050000 0.062500
0 0.506250 0.099609 0.050000 0.062500
0 0.453125 0.066406 0.050000 0.062500
0 0.459375 0.042969 0.050000 0.062500
0 0.656250 0.152344 0.050000 0.062500
0 0.664062 0.224609 0.050000 0.062500
0 0.756250 0.130859 0.050000 0.062500
0 0.932813 0.054688 0.050000 0.062500
0 0.893750 0.203125 0.050000 0.062500
0 0.878125 0.261719 0.050000 0.062500
0 0.898438 0.351562 0.050000 0.062500
0 0.884375 0.371094 0.050000 0.062500
0 0.954688 0.412109 0.050000 0.062500
0 0.918750 0.455078 0.050000 0.062500
0 0.881250 0.458984 0.050000 0.062500
0 0.865625 0.521484 0.050000 0.062500
0 0.795312 0.578125 0.050000 0.062500
0 0.771875 0.632812 0.050000 0.062500
0 0.815625 0.626953 0.050000 0.062500
0 0.846875 0.707031 0.050000 0.062500
0 0.981250 0.798828 0.037500 0.062500
0 0.978906 0.837891 0.042188 0.062500
0 0.931250 0.925781 0.050000 0.062500
0 0.904687 0.919922 0.050000 0.062500
0 0.878125 0.943359 0.050000 0.062500
0 0.735938 0.953125 0.050000 0.062500
