0 0.948438 0.931641 0.050000 0.062500
0 0.918750 0.929688 0.050000 0.062500
0 0.890625 0.951172 0.050000 0.062500
0 0.850000 0.839844 0.050000 0.062500
0 0.787500 0.773438 0.050000 0.062500
0 0.817187 0.724609 0.050000 0.062500
0 0.214062 0.882812 0.050000 0.062500
0 0.303125 0.841797 0.050000 0.062500
0 0.370312 0.695312 0.050000 0.062500
0 0.435937 0.425781 0.050000 0.062500
0 0.278125 0.781250 0.050000 0.062500
0 0.254688 0.769531 0.050000 0.062500
0 0.196875 0.738281 0.050000 0.062500
0 0.215625 0.732422 0.050000 0.062500
0 0.214062 0.759766 0.050000 0.062500
0 0.243750 0.648438 0.050000 0.062500
0 0.301563 0.474609 0.050000 0.062500
0 0.271875 0.386719 0.050000 0.062500
0 0.284375 0.390625 0.050000 0.062500
0 0.292187 0.375000 0.050000 0.062500
0 0.298438 0.359375 0.050000 0.062500
0 0.300000 0.341797 0.050000 0.062500
0 0.206250 0.416016 0.050000 0.062500
0 0.190625 0.400391 0.050000 0.062500
0 0.173437 0.400391 0.050000 0.062500
0 0.125000 0.402344 0.050000 0.062500
0 0.162500 0.509766 0.050000 0.062500
0 0.164062 0.431641 0.050000 0.062500
0 0.275000 0.281250 0.050000 0.062500
0 0.298438 0.265625 0.050000 0.062500
0 0.092188 0.500000 0.050000 0.062500
0 0.024219 0.544922 0.048438 0.062500
0 0.025000 0.384766 0.050000 0.062500
0 0.015625 0.390625 0.031250 0.062500
0 0.070312 0.181641 0.050000 0.062500
0 0.114062 0.066406 0.050000 0.062500
0 0.056250 0.050781 0.050000 0.062500
0 0.140625 0.024414 0.050000 0.048828
0 0.079687 0.020508 0.050000 0.041016
0 0.359375 0.044922 0.050000 0.062500
0 0.334375 0.121094 0.050000 0.062500
0 0.426563 0.123047 0.050000 0.062500
0 0.531250 0.091797 0.050000 0.062500
0 0.384375 0.265625 0.050000 0.062500
0 0.401562 0.337891 0.050000 0.062500
0 0.437500 0.318359 0.050000 0.062500
0 0.434375 0.281250 0.050000 0.062500
0 0.750000 0.958984 0.050000 0.062500
0 0.667188 0.154297 0.050000 0.062500
0 0.746875 0.091797 0.050000 0.062500
0 0.940625 0.054688 0.050000 0.062500
0 0.931250 0.251953 0.050000 0.062500
0 0.795312 0.169922 0.050000 0.062500
0 0.814063 0.214844 0.050000 0.062500
0 0.807813 0.236328 0.050000 0.062500
0 0.851562 0.271484 0.050000 0.062500
0 0.854688 0.349609 0.050000 0.062500
0 0.742188 0.347656 0.050000 0.062500
0 0.693750 0.445312 0.050000 0.062500
0 0.795312 0.529297 0.050000 0.062500
0 0.940625 0.560547 0.050000 0.062500
0 0.976562 0.529297 0.046875 0.062500
0 0.931250 0.628906 0.050000 0.062500
0 0.975781 0.728516 0.048438 0.062500
0 0.900000 0.695312 0.050000 0.062500
0 0.889062 0.453125 0.050000 0.062500
