0 0.410938 0.726562 0.050000 0.062500
0 0.273438 0.884766 0.050000 0.062500
0 0.293750 0.882812 0.050000 0.062500
0 0.339062 0.865234 0.050000 0.062500
0 0.321875 0.927734 0.050000 0.062500
0 0.409375 0.882812 0.050000 0.062500
0 0.267188 0.763672 0.050000 0.062500
0 0.081250 0.960938 0.050000 0.062500
0 0.050000 0.792969 0.050000 0.062500
0 0.050000 0.677734 0.050000 0.062500
0 0.050000 0.693359 0.050000 0.062500
0 0.082812 0.697266 0.050000 0.062500
0 0.096875 0.720703 0.050000 0.062500
0 0.126562 0.583984 0.050000 0.062500
0 0.089063 0.609375 0.050000 0.062500
0 0.168750 0.681641 0.050000 0.062500
0 0.151562 0.580078 0.050000 0.062500
0 0.167187 0.580078 0.050000 0.062500
0 0.270313 0.572266 0.050000 0.062500
0 0.231250 0.511719 0.050000 0.062500
0 0.225000 0.490234 0.050000 0.062500
0 0.226562 0.470703 0.050000 0.062500
0 0.220312 0.455078 0.050000 0.062500
0 0.212500 0.513672 0.050000 0.062500
0 0.192188 0.390625 0.050000 0.062500
0 0.176563 0.421875 0.050000 0.062500
0 0.309375 0.394531 0.050000 0.062500
0 0.359375 0.433594 0.050000 0.062500
0 0.337500 0.355469 0.050000 0.062500
0 0.321875 0.332031 0.050000 0.062500
0 0.270313 0.347656 0.050000 0.062500
0 0.371875 0.189453 0.050000 0.062500
0 0.237500 0.080078 0.050000 0.062500
0 0.068750 0.101562 0.050000 0.062500
0 0.068750 0.125000 0.050000 0.062500
0 0.054688 0.154297 0.050000 0.062500
0 0.070312 0.187500 0.050000 0.062500
0 0.076563 0.238281 0.050000 0.062500
0 0.078125 0.253906 0.050000 0.062500
0 0.168750 0.115234 0.050000 0.062500
0 0.181250 0.107422 0.050000 0.062500
0 0.475000 0.080078 0.050000 0.062500
0 0.514062 0.167969 0.050000 0.062500
0 0.523438 0.296875 0.050000 0.062500
0 0.573438 0.283203 0.050000 0.062500
0 0.551562 0.363281 0.050000 0.062500
0 0.529687 0.020508 0.050000 0.041016
0 0.556250 0.060547 0.050000 0.062500
0 0.560937 0.037109 0.050000 0.062500
0 0.612500 0.058594 0.050000 0.062500
0 0.710938 0.142578 0.050000 0.062500
0 0.798438 0.388672 0.050000 0.062500
0 0.748437 0.333984 0.050000 0.062500
0 0.801562 0.318359 0.050000 0.062500
0 0.779687 0.251953 0.050000 0.062500
0 0.790625 0.216797 0.050000 0.062500
0 0.834375 0.205078 0.050000 0.062500
0 0.960938 0.207031 0.050000 0.062500
0 0.946875 0.072266 0.050000 0.062500
0 0.846875 0.751953 0.050000 0.062500
0 0.893750 0.632812 0.050000 0.062500
0 0.835938 0.568359 0.050000 0.062500
0 0.859375 0.531250 0.050000 0.062500
0 0.968750 0.666016 0.050000 0.062500
0 0.981250 0.626953 0.037500 0.062500
