0 0.353125 0.916016 0.050000 0.062500
0 0.345313 0.947266 0.050000 0.062500
0 0.398438 0.971680 0.050000 0.056641
0 0.404687 0.912109 0.050000 0.062500
0 0.457813 0.937500 0.050000 0.062500
0 0.556250 0.914062 0.050000 0.062500
0 0.454688 0.755859 0.050000 0.062500
0 0.329688 0.824219 0.050000 0.062500
0 0.206250 0.767578 0.050000 0.062500
0 0.348438 0.851562 0.050000 0.062500
0 0.275000 0.632812 0.050000 0.062500
0 0.140625 0.828125 0.050000 0.062500
0 0.126562 0.835938 0.050000 0.062500
0 0.120313 0.812500 0.050000 0.062500
0 0.106250 0.927734 0.050000 0.062500
0 0.081250 0.826172 0.050000 0.062500
0 0.024219 0.857422 0.048438 0.062500
0 0.109375 0.728516 0.050000 0.062500
0 0.142187 0.695312 0.050000 0.062500
0 0.160938 0.724609 0.050000 0.062500
0 0.168750 0.695312 0.050000 0.062500
0 0.171875 0.685547 0.050000 0.062500
0 0.182812 0.679688 0.050000 0.062500
0 0.218750 0.601562 0.050000 0.062500
0 0.235937 0.597656 0.050000 0.062500
0 0.226562 0.580078 0.050000 0.062500
0 0.225000 0.558594 0.050000 0.062500
0 0.212500 0.542969 0.050000 0.062500
0 0.175000 0.486328 0.050000 0.062500
0 0.165625 0.523438 0.050000 0.062500
0 0.364063 0.505859 0.050000 0.062500
0 0.290625 0.460938 0.050000 0.062500
0 0.240625 0.419922 0.050000 0.062500
0 0.309375 0.414062 0.050000 0.062500
0 0.289062 0.390625 0.050000 0.062500
0 0.159375 0.279297 0.050000 0.062500
0 0.153125 0.292969 0.050000 0.062500
0 0.067187 0.203125 0.050000 0.062500
0 0.354687 0.281250 0.050000 0.062500
0 0.389062 0.298828 0.050000 0.062500
0 0.417187 0.337891 0.050000 0.062500
0 0.434375 0.214844 0.050000 0.062500
0 0.476562 0.261719 0.050000 0.062500
0 0.329688 0.185547 0.050000 0.062500
0 0.375000 0.109375 0.050000 0.062500
0 0.359375 0.029297 0.050000 0.058594
0 0.382812 0.056641 0.050000 0.062500
0 0.432812 0.048828 0.050000 0.062500
0 0.665625 0.914062 0.050000 0.062500
0 0.706250 0.890625 0.050000 0.062500
0 0.681250 0.855469 0.050000 0.062500
0 0.643750 0.787109 0.050000 0.062500
0 0.871875 0.654297 0.050000 0.062500
0 0.970313 0.675781 0.050000 0.062500
0 0.896875 0.521484 0.050000 0.062500
0 0.831250 0.476562 0.050000 0.062500
0 0.968750 0.515625 0.050000 0.062500
0 0.983594 0.492188 0.032813 0.062500
0 0.875000 0.427734 0.050000 0.062500
0 0.889062 0.345703 0.050000 0.062500
0 0.675000 0.306641 0.050000 0.062500
0 0.665625 0.236328 0.050000 0.062500
0 0.628125 0.167969 0.050000 0.062500
0 0.632812 0.097656 0.050000 0.062500
0 0.698438 0.117188 0.050000 0.062500
0 0.801562 0.078125 0.050000 0.062500
0 0.975000 0.076172 0.050000 0.062500
0 0.977344 0.095703 0.045312 0.062500
0 0.890625 0.212891 0.050000 0.062500
