0 0.453125 0.798828 0.050000 0.062500
0 0.401562 0.810547 0.050000 0.062500
0 0.364063 0.871094 0.050000 0.062500
0 0.445312 0.945312 0.050000 0.062500
0 0.395313 0.955078 0.050000 0.062500
0 0.389062 0.977539 0.050000 0.044922
0 0.243750 0.837891 0.050000 0.062500
0 0.229687 0.666016 0.050000 0.062500
0 0.246875 0.656250 0.050000 0.062500
0 0.231250 0.644531 0.050000 0.062500
0 0.229687 0.630859 0.050000 0.062500
0 0.217188 0.613281 0.050000 0.062500
0 0.301563 0.695312 0.050000 0.062500
0 0.193750 0.753906 0.050000 0.062500
0 0.187500 0.779297 0.050000 0.062500
0 0.181250 0.804688 0.050000 0.062500
0 0.148438 0.923828 0.050000 0.062500
0 0.175000 0.910156 0.050000 0.062500
0 0.025000 0.935547 0.050000 0.062500
0 0.014063 0.925781 0.028125 0.062500
0 0.168750 0.597656 0.050000 0.062500
0 0.173437 0.570312 0.050000 0.062500
0 0.232813 0.492188 0.050000 0.062500
0 0.284375 0.515625 0.050000 0.062500
0 0.362500 0.539062 0.050000 0.062500
0 0.626563 0.748047 0.050000 0.062500
0 0.846875 0.876953 0.050000 0.062500
0 0.968750 0.894531 0.050000 0.062500
0 0.835938 0.585938 0.050000 0.062500
0 0.982031 0.662109 0.035937 0.062500
0 0.971875 0.593750 0.050000 0.062500
0 0.973437 0.560547 0.050000 0.062500
0 0.932813 0.544922 0.050000 0.062500
0 0.892188 0.476562 0.050000 0.062500
0 0.917188 0.451172 0.050000 0.062500
0 0.975000 0.449219 0.050000 0.062500
0 0.984375 0.427734 0.031250 0.062500
0 0.828125 0.445312 0.050000 0.062500
0 0.298438 0.468750 0.050000 0.062500
0 0.382812 0.425781 0.050000 0.062500
0 0.414062 0.414062 0.050000 0.062500
0 0.273438 0.447266 0.050000 0.062500
0 0.254688 0.421875 0.050000 0.062500
0 0.264062 0.408203 0.050000 0.062500
0 0.256250 0.375000 0.050000 0.062500
0 0.245312 0.357422 0.050000 0.062500
0 0.067187 0.439453 0.050000 0.062500
0 0.075000 0.394531 0.050000 0.062500
0 0.120313 0.320312 0.050000 0.062500
0 0.196875 0.109375 0.050000 0.062500
0 0.198437 0.152344 0.050000 0.062500
0 0.201563 0.171875 0.050000 0.062500
0 0.251563 0.166016 0.050000 0.062500
0 0.335938 0.158203 0.050000 0.062500
0 0.382812 0.142578 0.050000 0.062500
0 0.423438 0.197266 0.050000 0.062500
0 0.487500 0.255859 0.050000 0.062500
0 0.495312 0.304688 0.050000 0.062500
0 0.703125 0.310547 0.050000 0.062500
0 0.956250 0.332031 0.050000 0.062500
0 0.912500 0.253906 0.050000 0.062500
0 0.934375 0.156250 0.050000 0.062500
0 0.806250 0.024414 0.050000 0.048828
0 0.807813 0.041016 0.050000 0.062500
0 0.607812 0.066406 0.050000 0.062500
0 0.510938 0.097656 0.050000 0.062500
0 0.543750 0.126953 0.050000 0.062500
0 0.534375 0.148438 0.050000 0.062500
0 0.601562 0.222656 0.050000 0.062500
0 0.728125 0.189453 0.050000 0.062500
