0 0.687500 0.916016 0.050000 0.062500
0 0.667188 0.968750 0.050000 0.062500
0 0.668750 0.978516 0.050000 0.042969
0 0.587500 0.939453 0.050000 0.062500
0 0.443750 0.876953 0.050000 0.062500
0 0.418750 0.816406 0.050000 0.062500
0 0.528125 0.826172 0.050000 0.062500
0 0.532813 0.777344 0.050000 0.062500
0 0.559375 0.791016 0.050000 0.062500
0 0.517188 0.666016 0.050000 0.062500
0 0.557813 0.642578 0.050000 0.062500
0 0.378125 0.685547 0.050000 0.062500
0 0.335938 0.724609 0.050000 0.062500
0 0.312500 0.718750 0.050000 0.062500
0 0.287500 0.730469 0.050000 0.062500
0 0.329688 0.765625 0.050000 0.062500
0 0.245312 0.798828 0.050000 0.062500
0 0.282813 0.839844 0.050000 0.062500
0 0.282813 0.900391 0.050000 0.062500
0 0.304688 0.927734 0.050000 0.062500
0 0.384375 0.890625 0.050000 0.062500
0 0.368750 0.902344 0.050000 0.062500
0 0.354687 0.896484 0.050000 0.062500
0 0.339062 0.892578 0.050000 0.062500
0 0.207813 0.943359 0.050000 0.062500
0 0.151562 0.837891 0.050000 0.062500
0 0.051562 0.851562 0.050000 0.062500
0 0.160938 0.714844 0.050000 0.062500
0 0.143750 0.703125 0.050000 0.062500
0 0.254688 0.607422 0.050000 0.062500
0 0.157812 0.464844 0.050000 0.062500
0 0.067187 0.501953 0.050000 0.062500
0 0.115625 0.554688 0.050000 0.062500
0 0.139063 0.552734 0.050000 0.062500
0 0.143750 0.580078 0.050000 0.062500
0 0.271875 0.427734 0.050000 0.062500
0 0.329688 0.425781 0.050000 0.062500
0 0.321875 0.324219 0.050000 0.062500
0 0.389062 0.355469 0.050000 0.062500
0 0.410938 0.386719 0.050000 0.062500
0 0.440625 0.382812 0.050000 0.062500
0 0.234375 0.224609 0.050000 0.062500
0 0.218750 0.212891 0.050000 0.062500
0 0.235937 0.142578 0.050000 0.062500
0 0.071875 0.107422 0.050000 0.062500
0 0.462500 0.107422 0.050000 0.062500
0 0.489063 0.164062 0.050000 0.062500
0 0.556250 0.195312 0.050000 0.062500
0 0.556250 0.208984 0.050000 0.062500
0 0.634375 0.277344 0.050000 0.062500
0 0.626563 0.240234 0.050000 0.062500
0 0.729688 0.173828 0.050000 0.062500
0 0.804688 0.148438 0.050000 0.062500
0 0.856250 0.226562 0.050000 0.062500
0 0.876563 0.218750 0.050000 0.062500
0 0.764062 0.083984 0.050000 0.062500
0 0.767188 0.052734 0.050000 0.062500
