0 0.170313 0.974609 0.050000 0.050781
0 0.232813 0.969727 0.050000 0.060547
0 0.251563 0.953125 0.050000 0.062500
0 0.270313 0.966797 0.050000 0.062500
0 0.364063 0.910156 0.050000 0.062500
0 0.439063 0.888672 0.050000 0.062500
0 0.457813 0.857422 0.050000 0.062500
0 0.470313 0.845703 0.050000 0.062500
0 0.478125 0.830078 0.050000 0.062500
0 0.495312 0.876953 0.050000 0.062500
0 0.453125 0.970703 0.050000 0.058594
0 0.496875 0.969727 0.050000 0.060547
0 0.531250 0.973633 0.050000 0.052734
0 0.610938 0.951172 0.050000 0.062500
0 0.610938 0.927734 0.050000 0.062500
0 0.596875 0.937500 0.050000 0.062500
0 0.584375 0.945312 0.050000 0.062500
0 0.568750 0.962891 0.050000 0.062500
0 0.645312 0.849609 0.050000 0.062500
0 0.725000 0.951172 0.050000 0.062500
0 0.679688 0.976562 0.050000 0.046875
0 0.695312 0.975586 0.050000 0.048828
0 0.984375 0.949219 0.031250 0.062500
0 0.778125 0.781250 0.050000 0.062500
0 0.792188 0.800781 0.050000 0.062500
0 0.842187 0.679688 0.050000 0.062500
0 0.850000 0.742188 0.050000 0.062500
0 0.871875 0.753906 0.050000 0.062500
0 0.875000 0.734375 0.050000 0.062500
0 0.664062 0.656250 0.050000 0.062500
0 0.571875 0.640625 0.050000 0.062500
0 0.601562 0.638672 0.050000 0.062500
0 0.532813 0.697266 0.050000 0.062500
0 0.609375 0.597656 0.050000 0.062500
0 0.640625 0.541016 0.050000 0.062500
0 0.371875 0.705078 0.050000 0.062500
0 0.343750 0.705078 0.050000 0.062500
0 0.328125 0.722656 0.050000 0.062500
0 0.270313 0.744141 0.050000 0.062500
0 0.201563 0.798828 0.050000 0.062500
0 0.107813 0.625000 0.050000 0.062500
0 0.131250 0.625000 0.050000 0.062500
0 0.046875 0.564453 0.050000 0.062500
0 0.250000 0.640625 0.050000 0.062500
0 0.362500 0.583984 0.050000 0.062500
0 0.073438 0.523438 0.050000 0.062500
0 0.234375 0.427734 0.050000 0.062500
0 0.292187 0.402344 0.050000 0.062500
0 0.037500 0.232422 0.050000 0.062500
0 0.239063 0.070312 0.050000 0.062500
0 0.293750 0.062500 0.050000 0.062500
0 0.348438 0.275391 0.050000 0.062500
0 0.417187 0.248047 0.050000 0.062500
0 0.454688 0.296875 0.050000 0.062500
0 0.467187 0.101562 0.050000 0.062500
0 0.515625 0.023438 0.050000 0.046875
0 0.443750 0.018555 0.050000 0.037109
0 0.643750 0.066406 0.050000 0.062500
0 0.632812 0.080078 0.050000 0.062500
0 0.945312 0.126953 0.050000 0.062500
0 0.982812 0.113281 0.034375 0.062500
0 0.982812 0.132812 0.034375 0.062500
