0 0.029687 0.115234 0.050000 0.062500
0 0.021875 0.156250 0.043750 0.062500
0 0.023438 0.183594 0.046875 0.062500
0 0.031250 0.244141 0.050000 0.062500
0 0.017969 0.304688 0.035937 0.062500
0 0.014063 0.359375 0.028125 0.062500
0 0.235937 0.238281 0.050000 0.062500
0 0.553125 0.906250 0.050000 0.062500
0 0.579688 0.898438 0.050000 0.062500
0 0.575000 0.931641 0.050000 0.062500
0 0.896875 0.869141 0.050000 0.062500
0 0.853125 0.468750 0.050000 0.062500
0 0.900000 0.433594 0.050000 0.062500
0 0.939063 0.396484 0.050000 0.062500
0 0.862500 0.380859 0.050000 0.062500
0 0.704688 0.320312 0.050000 0.062500
0 0.737500 0.265625 0.050000 0.062500
0 0.606250 0.253906 0.050000 0.062500
0 0.718750 0.097656 0.050000 0.062500
0 0.478125 0.501953 0.050000 0.062500
