0 0.107813 0.207031 0.050000 0.062500
0 0.470313 0.156250 0.050000 0.062500
0 0.981250 0.408203 0.037500 0.062500
0 0.964063 0.472656 0.050000 0.062500
0 0.937500 0.539062 0.050000 0.062500
0 0.879687 0.634766 0.050000 0.062500
0 0.860938 0.578125 0.050000 0.062500
0 0.948438 0.662109 0.050000 0.062500
0 0.971875 0.677734 0.050000 0.062500
0 0.985938 0.718750 0.028125 0.062500
0 0.759375 0.718750 0.050000 0.062500
0 0.626563 0.804688 0.050000 0.062500
0 0.573438 0.841797 0.050000 0.062500
0 0.595313 0.951172 0.050000 0.062500
0 0.231250 0.953125 0.050000 0.062500
0 0.212500 0.979492 0.050000 0.041016
0 0.173437 0.937500 0.050000 0.062500
0 0.109375 0.734375 0.050000 0.062500
0 0.103125 0.835938 0.050000 0.062500
0 0.070312 0.906250 0.050000 0.062500
0 0.050000 0.951172 0.050000 0.062500
0 0.254688 0.496094 0.050000 0.062500
0 0.251563 0.417969 0.050000 0.062500
0 0.245312 0.322266 0.050000 0.062500
0 0.039062 0.468750 0.050000 0.062500
0 0.126562 0.580078 0.050000 0.062500
0 0.015625 0.439453 0.031250 0.062500
0 0.016406 0.265625 0.032813 0.062500
0 0.060937 0.630859 0.050000 0.062500
0 0.165625 0.035156 0.050000 0.062500
0 0.459375 0.056641 0.050000 0.062500
0 0.471875 0.030273 0.050000 0.060547
0 0.495312 0.042969 0.050000 0.062500
0 0.631250 0.016602 0.050000 0.033203
