0 0.481250 0.037109 0.050000 0.062500
0 0.501563 0.052734 0.050000 0.062500
0 0.464062 0.066406 0.050000 0.062500
0 0.632812 0.022461 0.050000 0.044922
0 0.614062 0.017578 0.050000 0.035156
0 0.078125 0.099609 0.050000 0.062500
0 0.100000 0.220703 0.050000 0.062500
0 0.251563 0.326172 0.050000 0.062500
0 0.475000 0.166016 0.050000 0.062500
0 0.948438 0.478516 0.050000 0.062500
0 0.982031 0.488281 0.035937 0.062500
0 0.984375 0.617188 0.031250 0.062500
0 0.918750 0.605469 0.050000 0.062500
0 0.804688 0.703125 0.050000 0.062500
0 0.739062 0.728516 0.050000 0.062500
0 0.685937 0.783203 0.050000 0.062500
0 0.659375 0.943359 0.050000 0.062500
0 0.292187 0.931641 0.050000 0.062500
0 0.304688 0.953125 0.050000 0.062500
0 0.276562 0.980469 0.050000 0.039062
0 0.128125 0.958984 0.050000 0.062500
0 0.110937 0.981445 0.050000 0.037109
0 0.076563 0.916016 0.050000 0.062500
0 0.015625 0.949219 0.031250 0.062500
0 0.064062 0.857422 0.050000 0.062500
0 0.114062 0.746094 0.050000 0.062500
0 0.260937 0.505859 0.050000 0.062500
0 0.132812 0.585938 0.050000 0.062500
0 0.064062 0.640625 0.050000 0.062500
0 0.024219 0.533203 0.048438 0.062500
0 0.017969 0.273438 0.035937 0.062500
0 0.251563 0.425781 0.050000 0.062500
0 0.093750 0.234375 0.050000 0.062500
