0 0.081250 0.097656 0.050000 0.062500
0 0.078125 0.080078 0.050000 0.062500
0 0.467187 0.064453 0.050000 0.062500
0 0.482812 0.037109 0.050000 0.062500
0 0.504687 0.052734 0.050000 0.062500
0 0.610938 0.019531 0.050000 0.039062
0 0.635938 0.018555 0.050000 0.037109
0 0.478125 0.162109 0.050000 0.062500
0 0.939063 0.582031 0.050000 0.062500
0 0.826562 0.687500 0.050000 0.062500
0 0.803125 0.673828 0.050000 0.062500
0 0.748437 0.732422 0.050000 0.062500
0 0.696875 0.931641 0.050000 0.062500
0 0.360938 0.921875 0.050000 0.062500
0 0.337500 0.953125 0.050000 0.062500
0 0.306250 0.980469 0.050000 0.039062
0 0.171875 0.953125 0.050000 0.062500
0 0.079687 0.914062 0.050000 0.062500
0 0.039062 0.955078 0.050000 0.062500
0 0.035937 0.865234 0.050000 0.062500
0 0.118750 0.751953 0.050000 0.062500
0 0.132812 0.585938 0.050000 0.062500
0 0.064062 0.640625 0.050000 0.062500
0 0.019531 0.564453 0.039062 0.062500
0 0.262500 0.507812 0.050000 0.062500
0 0.254688 0.425781 0.050000 0.062500
0 0.251563 0.333984 0.050000 0.062500
0 0.081250 0.248047 0.050000 0.062500
0 0.985938 0.423828 0.028125 0.062500
