0 0.051562 0.087891 0.050000 0.062500
0 0.078125 0.095703 0.050000 0.062500
0 0.100000 0.050781 0.050000 0.062500
0 0.120313 0.019531 0.050000 0.039062
0 0.471875 0.070312 0.050000 0.062500
0 0.489063 0.039062 0.050000 0.062500
0 0.512500 0.052734 0.050000 0.062500
0 0.618750 0.018555 0.050000 0.037109
0 0.481250 0.164062 0.050000 0.062500
0 0.895312 0.148438 0.050000 0.062500
0 0.951562 0.501953 0.050000 0.062500
0 0.986719 0.525391 0.026562 0.062500
0 0.900000 0.576172 0.050000 0.062500
0 0.882812 0.640625 0.050000 0.062500
0 0.784375 0.888672 0.050000 0.062500
0 0.610938 0.964844 0.050000 0.062500
0 0.535937 0.859375 0.050000 0.062500
0 0.432812 0.916016 0.050000 0.062500
0 0.389062 0.966797 0.050000 0.062500
0 0.285938 0.937500 0.050000 0.062500
0 0.104688 0.275391 0.050000 0.062500
0 0.207813 0.322266 0.050000 0.062500
0 0.264062 0.505859 0.050000 0.062500
0 0.134375 0.583984 0.050000 0.062500
0 0.067187 0.632812 0.050000 0.062500
0 0.131250 0.746094 0.050000 0.062500
0 0.076563 0.908203 0.050000 0.062500
0 0.131250 0.951172 0.050000 0.062500
