0 0.015625 0.123047 0.031250 0.062500
0 0.014844 0.144531 0.029687 0.062500
0 0.178125 0.169922 0.050000 0.062500
0 0.167187 0.148438 0.050000 0.062500
0 0.087500 0.054688 0.050000 0.062500
0 0.659375 0.171875 0.050000 0.062500
0 0.646875 0.070312 0.050000 0.062500
0 0.667188 0.042969 0.050000 0.062500
0 0.687500 0.058594 0.050000 0.062500
0 0.792188 0.022461 0.050000 0.044922
0 0.350000 0.318359 0.050000 0.062500
0 0.573438 0.533203 0.050000 0.062500
0 0.048438 0.076172 0.050000 0.062500
0 0.014844 0.089844 0.029687 0.062500
0 0.118750 0.273438 0.050000 0.062500
0 0.028125 0.183594 0.050000 0.062500
0 0.196875 0.275391 0.050000 0.062500
0 0.123438 0.412109 0.050000 0.062500
0 0.175000 0.417969 0.050000 0.062500
0 0.135937 0.492188 0.050000 0.062500
0 0.187500 0.537109 0.050000 0.062500
0 0.134375 0.552734 0.050000 0.062500
0 0.139063 0.599609 0.050000 0.062500
0 0.245312 0.634766 0.050000 0.062500
0 0.314063 0.585938 0.050000 0.062500
0 0.293750 0.755859 0.050000 0.062500
0 0.107813 0.730469 0.050000 0.062500
0 0.035937 0.679688 0.050000 0.062500
0 0.018750 0.648438 0.037500 0.062500
0 0.025000 0.593750 0.050000 0.062500
0 0.046875 0.494141 0.050000 0.062500
0 0.051562 0.402344 0.050000 0.062500
0 0.054688 0.923828 0.050000 0.062500
0 0.012500 0.871094 0.025000 0.062500
0 0.251563 0.916016 0.050000 0.062500
0 0.070312 0.979492 0.050000 0.041016
0 0.434375 0.964844 0.050000 0.062500
0 0.525000 0.983398 0.050000 0.033203
0 0.606250 0.943359 0.050000 0.062500
0 0.609375 0.912109 0.050000 0.062500
0 0.700000 0.933594 0.050000 0.062500
0 0.803125 0.882812 0.050000 0.062500
0 0.751563 0.869141 0.050000 0.062500
0 0.909375 0.900391 0.050000 0.062500
0 0.946875 0.728516 0.050000 0.062500
0 0.301563 0.031250 0.050000 0.062500
0 0.164062 0.074219 0.050000 0.062500
0 0.529687 0.972656 0.050000 0.054688
