0 0.068750 0.089844 0.050000 0.062500
0 0.176563 0.072266 0.050000 0.062500
0 0.284375 0.029297 0.050000 0.058594
0 0.225000 0.126953 0.050000 0.062500
0 0.189062 0.197266 0.050000 0.062500
0 0.175000 0.259766 0.050000 0.062500
0 0.156250 0.304688 0.050000 0.062500
0 0.070312 0.203125 0.050000 0.062500
0 0.125000 0.134766 0.050000 0.062500
0 0.278125 0.189453 0.050000 0.062500
0 0.207813 0.296875 0.050000 0.062500
0 0.079687 0.378906 0.050000 0.062500
0 0.225000 0.419922 0.050000 0.062500
0 0.210938 0.537109 0.050000 0.062500
0 0.315625 0.400391 0.050000 0.062500
0 0.481250 0.398438 0.050000 0.062500
0 0.465625 0.265625 0.050000 0.062500
0 0.562500 0.511719 0.050000 0.062500
0 0.785937 0.373047 0.050000 0.062500
0 0.818750 0.291016 0.050000 0.062500
0 0.850000 0.269531 0.050000 0.062500
0 0.860938 0.292969 0.050000 0.062500
0 0.973437 0.337891 0.050000 0.062500
0 0.984375 0.345703 0.031250 0.062500
0 0.485938 0.962891 0.050000 0.062500
0 0.353125 0.943359 0.050000 0.062500
0 0.204687 0.943359 0.050000 0.062500
0 0.293750 0.873047 0.050000 0.062500
0 0.098437 0.644531 0.050000 0.062500
0 0.026562 0.607422 0.050000 0.062500
0 0.016406 0.712891 0.032813 0.062500
0 0.016406 0.560547 0.032813 0.062500
