0 0.037500 0.018555 0.050000 0.037109
0 0.026562 0.203125 0.050000 0.062500
0 0.059375 0.312500 0.050000 0.062500
0 0.115625 0.355469 0.050000 0.062500
0 0.131250 0.335938 0.050000 0.062500
0 0.153125 0.273438 0.050000 0.062500
0 0.068750 0.402344 0.050000 0.062500
0 0.019531 0.443359 0.039062 0.062500
0 0.184375 0.582031 0.050000 0.062500
0 0.120313 0.744141 0.050000 0.062500
0 0.104688 0.767578 0.050000 0.062500
0 0.254688 0.775391 0.050000 0.062500
0 0.121875 0.880859 0.050000 0.062500
0 0.254688 0.863281 0.050000 0.062500
0 0.267188 0.847656 0.050000 0.062500
0 0.237500 0.941406 0.050000 0.062500
0 0.107813 0.971680 0.050000 0.056641
0 0.468750 0.020508 0.050000 0.041016
0 0.532813 0.074219 0.050000 0.062500
0 0.723437 0.070312 0.050000 0.062500
0 0.739062 0.017578 0.050000 0.035156
0 0.881250 0.117188 0.050000 0.062500
0 0.817187 0.150391 0.050000 0.062500
0 0.879687 0.298828 0.050000 0.062500
0 0.931250 0.419922 0.050000 0.062500
0 0.928125 0.595703 0.050000 0.062500
0 0.918750 0.611328 0.050000 0.062500
0 0.878125 0.580078 0.050000 0.062500
0 0.978906 0.744141 0.042188 0.062500
0 0.635938 0.345703 0.050000 0.062500
0 0.510938 0.425781 0.050000 0.062500
0 0.467187 0.261719 0.050000 0.062500
0 0.356250 0.291016 0.050000 0.062500
0 0.365625 0.210938 0.050000 0.062500
0 0.421875 0.031250 0.050000 0.062500
0 0.368750 0.070312 0.050000 0.062500
0 0.425000 0.101562 0.050000 0.062500
0 0.025000 0.437500 0.050000 0.062500
0 0.985938 0.750000 0.028125 0.062500
0 0.984375 0.771484 0.031250 0.062500
