0 0.109375 0.048828 0.050000 0.062500
0 0.085938 0.152344 0.050000 0.062500
0 0.104688 0.148438 0.050000 0.062500
0 0.185938 0.232422 0.050000 0.062500
0 0.143750 0.193359 0.050000 0.062500
0 0.265625 0.179688 0.050000 0.062500
0 0.126562 0.310547 0.050000 0.062500
0 0.145313 0.310547 0.050000 0.062500
0 0.198437 0.339844 0.050000 0.062500
0 0.195312 0.488281 0.050000 0.062500
0 0.082812 0.425781 0.050000 0.062500
0 0.129688 0.492188 0.050000 0.062500
0 0.190625 0.652344 0.050000 0.062500
0 0.148438 0.699219 0.050000 0.062500
0 0.089063 0.748047 0.050000 0.062500
0 0.118750 0.783203 0.050000 0.062500
0 0.134375 0.771484 0.050000 0.062500
0 0.239063 0.740234 0.050000 0.062500
0 0.262500 0.707031 0.050000 0.062500
0 0.239063 0.634766 0.050000 0.062500
0 0.296875 0.783203 0.050000 0.062500
0 0.201563 0.845703 0.050000 0.062500
0 0.150000 0.806641 0.050000 0.062500
0 0.237500 0.960938 0.050000 0.062500
0 0.345313 0.955078 0.050000 0.062500
0 0.356250 0.933594 0.050000 0.062500
0 0.385937 0.945312 0.050000 0.062500
0 0.403125 0.933594 0.050000 0.062500
0 0.459375 0.550781 0.050000 0.062500
0 0.504687 0.453125 0.050000 0.062500
0 0.593750 0.431641 0.050000 0.062500
0 0.435937 0.333984 0.050000 0.062500
0 0.276562 0.349609 0.050000 0.062500
0 0.390625 0.179688 0.050000 0.062500
0 0.423438 0.199219 0.050000 0.062500
0 0.503125 0.162109 0.050000 0.062500
0 0.487500 0.089844 0.050000 0.062500
0 0.437500 0.103516 0.050000 0.062500
0 0.393750 0.125000 0.050000 0.062500
0 0.378125 0.046875 0.050000 0.062500
0 0.435937 0.031250 0.050000 0.062500
0 0.489063 0.035156 0.050000 0.062500
0 0.560937 0.070312 0.050000 0.062500
0 0.617188 0.142578 0.050000 0.062500
0 0.656250 0.125000 0.050000 0.062500
0 0.693750 0.030273 0.050000 0.060547
0 0.692187 0.052734 0.050000 0.062500
0 0.714063 0.113281 0.050000 0.062500
0 0.856250 0.029297 0.050000 0.058594
0 0.951562 0.125000 0.050000 0.062500
0 0.942187 0.244141 0.050000 0.062500
0 0.983594 0.324219 0.032813 0.062500
0 0.948438 0.455078 0.050000 0.062500
0 0.977344 0.542969 0.045312 0.062500
0 0.835938 0.542969 0.050000 0.062500
0 0.806250 0.597656 0.050000 0.062500
0 0.876563 0.728516 0.050000 0.062500
0 0.929688 0.972656 0.050000 0.054688
0 0.775000 0.359375 0.050000 0.062500
0 0.754687 0.248047 0.050000 0.062500
0 0.023438 0.117188 0.046875 0.062500
0 0.026562 0.083984 0.050000 0.062500
