0 0.031250 0.115234 0.050000 0.062500
0 0.023438 0.158203 0.046875 0.062500
0 0.023438 0.183594 0.046875 0.062500
0 0.243750 0.238281 0.050000 0.062500
0 0.018750 0.306641 0.037500 0.062500
0 0.014063 0.363281 0.028125 0.062500
0 0.479687 0.500000 0.050000 0.062500
0 0.585938 0.896484 0.050000 0.062500
0 0.551562 0.904297 0.050000 0.062500
0 0.578125 0.935547 0.050000 0.062500
0 0.875000 0.869141 0.050000 0.062500
0 0.848437 0.480469 0.050000 0.062500
0 0.876563 0.384766 0.050000 0.062500
0 0.943750 0.396484 0.050000 0.062500
0 0.929688 0.441406 0.050000 0.062500
0 0.695312 0.322266 0.050000 0.062500
0 0.667188 0.302734 0.050000 0.062500
0 0.739062 0.263672 0.050000 0.062500
0 0.593750 0.216797 0.050000 0.062500
0 0.721875 0.099609 0.050000 0.062500
