0 0.017188 0.044922 0.034375 0.062500
0 0.062500 0.029297 0.050000 0.058594
0 0.079687 0.029297 0.050000 0.058594
0 0.131250 0.019531 0.050000 0.039062
0 0.151562 0.024414 0.050000 0.048828
0 0.135937 0.082031 0.050000 0.062500
0 0.260937 0.017578 0.050000 0.035156
0 0.225000 0.082031 0.050000 0.062500
0 0.243750 0.089844 0.050000 0.062500
0 0.067187 0.175781 0.050000 0.062500
0 0.101562 0.234375 0.050000 0.062500
0 0.182812 0.177734 0.050000 0.062500
0 0.198437 0.146484 0.050000 0.062500
0 0.181250 0.144531 0.050000 0.062500
0 0.282813 0.107422 0.050000 0.062500
0 0.289062 0.123047 0.050000 0.062500
0 0.326562 0.099609 0.050000 0.062500
0 0.343750 0.083984 0.050000 0.062500
0 0.350000 0.025391 0.050000 0.050781
0 0.562500 0.037109 0.050000 0.062500
0 0.281250 0.261719 0.050000 0.062500
0 0.121875 0.345703 0.050000 0.062500
0 0.098437 0.462891 0.050000 0.062500
0 0.042188 0.474609 0.050000 0.062500
0 0.026562 0.501953 0.050000 0.062500
0 0.128125 0.587891 0.050000 0.062500
0 0.148438 0.582031 0.050000 0.062500
0 0.128125 0.625000 0.050000 0.062500
0 0.145313 0.675781 0.050000 0.062500
0 0.135937 0.701172 0.050000 0.062500
0 0.189062 0.705078 0.050000 0.062500
0 0.207813 0.689453 0.050000 0.062500
0 0.189062 0.742188 0.050000 0.062500
0 0.243750 0.746094 0.050000 0.062500
0 0.379688 0.765625 0.050000 0.062500
0 0.375000 0.742188 0.050000 0.062500
0 0.393750 0.724609 0.050000 0.062500
0 0.407813 0.699219 0.050000 0.062500
0 0.379688 0.644531 0.050000 0.062500
0 0.348438 0.650391 0.050000 0.062500
0 0.240625 0.601562 0.050000 0.062500
0 0.240625 0.445312 0.050000 0.062500
0 0.426563 0.220703 0.050000 0.062500
0 0.395313 0.271484 0.050000 0.062500
0 0.400000 0.302734 0.050000 0.062500
0 0.473438 0.173828 0.050000 0.062500
0 0.871875 0.035156 0.050000 0.062500
0 0.870313 0.072266 0.050000 0.062500
0 0.975781 0.066406 0.048438 0.062500
0 0.854688 0.113281 0.050000 0.062500
0 0.801562 0.166016 0.050000 0.062500
0 0.665625 0.181641 0.050000 0.062500
0 0.595313 0.128906 0.050000 0.062500
0 0.617188 0.134766 0.050000 0.062500
0 0.876563 0.337891 0.050000 0.062500
0 0.837500 0.468750 0.050000 0.062500
0 0.940625 0.558594 0.050000 0.062500
0 0.750000 0.669922 0.050000 0.062500
0 0.600000 0.632812 0.050000 0.062500
0 0.648438 0.546875 0.050000 0.062500
0 0.660937 0.486328 0.050000 0.062500
0 0.601562 0.464844 0.050000 0.062500
0 0.542188 0.453125 0.050000 0.062500
0 0.493750 0.445312 0.050000 0.062500
0 0.457813 0.529297 0.050000 0.062500
0 0.484375 0.365234 0.050000 0.062500
0 0.539062 0.365234 0.050000 0.062500
0 0.601562 0.283203 0.050000 0.062500
0 0.493750 0.287109 0.050000 0.062500
0 0.600000 0.384766 0.050000 0.062500
0 0.648438 0.392578 0.050000 0.062500
0 0.529687 0.521484 0.050000 0.062500
0 0.603125 0.517578 0.050000 0.062500
0 0.615625 0.818359 0.050000 0.062500
0 0.614062 0.837891 0.050000 0.062500
0 0.595313 0.916016 0.050000 0.062500
0 0.526563 0.912109 0.050000 0.062500
0 0.493750 0.964844 0.050000 0.062500
0 0.468750 0.949219 0.050000 0.062500
0 0.721875 0.792969 0.050000 0.062500
0 0.818750 0.785156 0.050000 0.062500
0 0.840625 0.839844 0.050000 0.062500
0 0.889062 0.927734 0.050000 0.062500
0 0.890625 0.953125 0.050000 0.062500
0 0.971875 0.929688 0.050000 0.062500
0 0.976562 0.835938 0.046875 0.062500
0 0.165625 0.042969 0.050000 0.062500
0 0.396875 0.167969 0.050000 0.062500
0 0.415625 0.148438 0.050000 0.062500
0 0.400000 0.142578 0.050000 0.062500
0 0.414062 0.169922 0.050000 0.062500
0 0.554688 0.107422 0.050000 0.062500
0 0.726562 0.572266 0.050000 0.062500
0 0.257812 0.447266 0.050000 0.062500
