0 0.301563 0.070312 0.050000 0.062500
0 0.250000 0.080078 0.050000 0.062500
0 0.253125 0.095703 0.050000 0.062500
0 0.275000 0.076172 0.050000 0.062500
0 0.296875 0.017578 0.050000 0.035156
0 0.246875 0.220703 0.050000 0.062500
0 0.150000 0.119141 0.050000 0.062500
0 0.170313 0.125000 0.050000 0.062500
0 0.151562 0.154297 0.050000 0.062500
0 0.050000 0.210938 0.050000 0.062500
0 0.082812 0.275391 0.050000 0.062500
0 0.112500 0.373047 0.050000 0.062500
0 0.087500 0.478516 0.050000 0.062500
0 0.034375 0.484375 0.050000 0.062500
0 0.024219 0.501953 0.048438 0.062500
0 0.093750 0.605469 0.050000 0.062500
0 0.082812 0.644531 0.050000 0.062500
0 0.132812 0.611328 0.050000 0.062500
0 0.114062 0.679688 0.050000 0.062500
0 0.154688 0.689453 0.050000 0.062500
0 0.190625 0.712891 0.050000 0.062500
0 0.182812 0.740234 0.050000 0.062500
0 0.248438 0.613281 0.050000 0.062500
0 0.423438 0.509766 0.050000 0.062500
0 0.515625 0.500000 0.050000 0.062500
0 0.310937 0.580078 0.050000 0.062500
0 0.390625 0.664062 0.050000 0.062500
0 0.417187 0.642578 0.050000 0.062500
0 0.401562 0.689453 0.050000 0.062500
0 0.396875 0.738281 0.050000 0.062500
0 0.448437 0.734375 0.050000 0.062500
0 0.431250 0.783203 0.050000 0.062500
0 0.429688 0.800781 0.050000 0.062500
0 0.037500 0.044922 0.050000 0.062500
0 0.056250 0.048828 0.050000 0.062500
0 0.198437 0.060547 0.050000 0.062500
0 0.215625 0.486328 0.050000 0.062500
0 0.198437 0.494141 0.050000 0.062500
0 0.532813 0.025391 0.050000 0.050781
0 0.343750 0.255859 0.050000 0.062500
0 0.389062 0.207031 0.050000 0.062500
0 0.476562 0.261719 0.050000 0.062500
0 0.590625 0.261719 0.050000 0.062500
0 0.479687 0.341797 0.050000 0.062500
0 0.534375 0.351562 0.050000 0.062500
0 0.592187 0.365234 0.050000 0.062500
0 0.631250 0.376953 0.050000 0.062500
0 0.593750 0.443359 0.050000 0.062500
0 0.525000 0.433594 0.050000 0.062500
0 0.478125 0.412109 0.050000 0.062500
0 0.592187 0.492188 0.050000 0.062500
0 0.615625 0.529297 0.050000 0.062500
0 0.575000 0.609375 0.050000 0.062500
0 0.690625 0.554688 0.050000 0.062500
0 0.709375 0.656250 0.050000 0.062500
0 0.803125 0.455078 0.050000 0.062500
0 0.904687 0.542969 0.050000 0.062500
0 0.434375 0.148438 0.050000 0.062500
0 0.851562 0.314453 0.050000 0.062500
0 0.979688 0.177734 0.040625 0.062500
0 0.801562 0.019531 0.050000 0.039062
0 0.943750 0.048828 0.050000 0.062500
0 0.854688 0.093750 0.050000 0.062500
0 0.762500 0.113281 0.050000 0.062500
0 0.817187 0.060547 0.050000 0.062500
0 0.634375 0.164062 0.050000 0.062500
0 0.212500 0.066406 0.050000 0.062500
0 0.434375 0.927734 0.050000 0.062500
0 0.459375 0.945312 0.050000 0.062500
0 0.529687 0.912109 0.050000 0.062500
0 0.601562 0.906250 0.050000 0.062500
0 0.607812 0.832031 0.050000 0.062500
0 0.609375 0.808594 0.050000 0.062500
0 0.685937 0.775391 0.050000 0.062500
0 0.776563 0.816406 0.050000 0.062500
0 0.729688 0.898438 0.050000 0.062500
0 0.898438 0.904297 0.050000 0.062500
0 0.903125 0.931641 0.050000 0.062500
0 0.904687 0.828125 0.050000 0.062500
0 0.634375 0.464844 0.050000 0.062500
0 0.381250 0.144531 0.050000 0.062500
0 0.362500 0.119141 0.050000 0.062500
0 0.526563 0.087891 0.050000 0.062500
0 0.562500 0.111328 0.050000 0.062500
0 0.581250 0.113281 0.050000 0.062500
0 0.635938 0.091797 0.050000 0.062500
0 0.704688 0.240234 0.050000 0.062500
0 0.379688 0.125000 0.050000 0.062500
0 0.975000 0.785156 0.050000 0.062500
0 0.445312 0.160156 0.050000 0.062500
