0 0.046875 0.087891 0.050000 0.062500
0 0.024219 0.082031 0.048438 0.062500
0 0.059375 0.271484 0.050000 0.062500
0 0.093750 0.330078 0.050000 0.062500
0 0.132812 0.410156 0.050000 0.062500
0 0.104688 0.503906 0.050000 0.062500
0 0.040625 0.503906 0.050000 0.062500
0 0.031250 0.519531 0.050000 0.062500
0 0.045312 0.613281 0.050000 0.062500
0 0.081250 0.597656 0.050000 0.062500
0 0.098437 0.666016 0.050000 0.062500
0 0.121875 0.705078 0.050000 0.062500
0 0.137500 0.681641 0.050000 0.062500
0 0.148438 0.656250 0.050000 0.062500
0 0.170313 0.650391 0.050000 0.062500
0 0.276562 0.638672 0.050000 0.062500
0 0.340625 0.617188 0.050000 0.062500
0 0.200000 0.550781 0.050000 0.062500
0 0.178125 0.552734 0.050000 0.062500
0 0.440625 0.650391 0.050000 0.062500
0 0.423438 0.689453 0.050000 0.062500
0 0.432812 0.759766 0.050000 0.062500
0 0.493750 0.728516 0.050000 0.062500
0 0.521875 0.769531 0.050000 0.062500
0 0.525000 0.820312 0.050000 0.062500
0 0.525000 0.839844 0.050000 0.062500
0 0.421875 0.914062 0.050000 0.062500
0 0.443750 0.931641 0.050000 0.062500
0 0.553125 0.917969 0.050000 0.062500
0 0.634375 0.908203 0.050000 0.062500
0 0.625000 0.812500 0.050000 0.062500
0 0.628125 0.833984 0.050000 0.062500
0 0.696875 0.830078 0.050000 0.062500
0 0.762500 0.847656 0.050000 0.062500
0 0.939063 0.880859 0.050000 0.062500
0 0.946875 0.910156 0.050000 0.062500
0 0.701562 0.652344 0.050000 0.062500
0 0.553125 0.597656 0.050000 0.062500
0 0.675000 0.537109 0.050000 0.062500
0 0.601562 0.517578 0.050000 0.062500
0 0.579688 0.478516 0.050000 0.062500
0 0.184375 0.046875 0.050000 0.062500
0 0.198437 0.048828 0.050000 0.062500
0 0.137500 0.109375 0.050000 0.062500
0 0.156250 0.107422 0.050000 0.062500
0 0.135937 0.142578 0.050000 0.062500
0 0.234375 0.066406 0.050000 0.062500
0 0.251563 0.064453 0.050000 0.062500
0 0.231250 0.203125 0.050000 0.062500
0 0.353125 0.195312 0.050000 0.062500
0 0.367188 0.207031 0.050000 0.062500
0 0.348438 0.242188 0.050000 0.062500
0 0.420312 0.138672 0.050000 0.062500
0 0.509375 0.074219 0.050000 0.062500
0 0.517188 0.016602 0.050000 0.033203
0 0.548438 0.099609 0.050000 0.062500
0 0.565625 0.093750 0.050000 0.062500
0 0.625000 0.076172 0.050000 0.062500
0 0.618750 0.146484 0.050000 0.062500
0 0.746875 0.093750 0.050000 0.062500
0 0.790625 0.046875 0.050000 0.062500
0 0.867188 0.072266 0.050000 0.062500
0 0.931250 0.035156 0.050000 0.062500
0 0.842187 0.296875 0.050000 0.062500
0 0.787500 0.435547 0.050000 0.062500
0 0.890625 0.529297 0.050000 0.062500
0 0.618750 0.361328 0.050000 0.062500
0 0.621875 0.447266 0.050000 0.062500
0 0.575000 0.429688 0.050000 0.062500
0 0.510938 0.414062 0.050000 0.062500
0 0.451562 0.410156 0.050000 0.062500
0 0.495312 0.492188 0.050000 0.062500
0 0.406250 0.498047 0.050000 0.062500
0 0.520312 0.333984 0.050000 0.062500
0 0.462500 0.320312 0.050000 0.062500
0 0.462500 0.248047 0.050000 0.062500
0 0.578125 0.248047 0.050000 0.062500
0 0.692187 0.210938 0.050000 0.062500
0 0.576562 0.351562 0.050000 0.062500
0 0.671875 0.759766 0.050000 0.062500
0 0.364063 0.132812 0.050000 0.062500
0 0.365625 0.109375 0.050000 0.062500
0 0.345313 0.109375 0.050000 0.062500
0 0.970313 0.160156 0.050000 0.062500
