0 0.023438 0.425781 0.046875 0.062500
0 0.046875 0.427734 0.050000 0.062500
0 0.014063 0.527344 0.028125 0.062500
0 0.039062 0.685547 0.050000 0.062500
0 0.126562 0.656250 0.050000 0.062500
0 0.181250 0.697266 0.050000 0.062500
0 0.179688 0.191406 0.050000 0.062500
0 0.273438 0.097656 0.050000 0.062500
0 0.320312 0.072266 0.050000 0.062500
0 0.493750 0.220703 0.050000 0.062500
0 0.478125 0.316406 0.050000 0.062500
0 0.401562 0.359375 0.050000 0.062500
0 0.340625 0.421875 0.050000 0.062500
0 0.326562 0.472656 0.050000 0.062500
0 0.375000 0.451172 0.050000 0.062500
0 0.454688 0.466797 0.050000 0.062500
0 0.454688 0.537109 0.050000 0.062500
0 0.453125 0.617188 0.050000 0.062500
0 0.510938 0.552734 0.050000 0.062500
0 0.567187 0.464844 0.050000 0.062500
0 0.618750 0.390625 0.050000 0.062500
0 0.490625 0.378906 0.050000 0.062500
0 0.545312 0.316406 0.050000 0.062500
0 0.598437 0.296875 0.050000 0.062500
0 0.718750 0.234375 0.050000 0.062500
0 0.776563 0.128906 0.050000 0.062500
0 0.826562 0.185547 0.050000 0.062500
0 0.851562 0.195312 0.050000 0.062500
0 0.946875 0.382812 0.050000 0.062500
0 0.807813 0.513672 0.050000 0.062500
0 0.779687 0.658203 0.050000 0.062500
0 0.868750 0.748047 0.050000 0.062500
0 0.885938 0.791016 0.050000 0.062500
0 0.685937 0.851562 0.050000 0.062500
0 0.654687 0.751953 0.050000 0.062500
0 0.582812 0.730469 0.050000 0.062500
0 0.589063 0.687500 0.050000 0.062500
0 0.614062 0.658203 0.050000 0.062500
0 0.578125 0.638672 0.050000 0.062500
0 0.604688 0.580078 0.050000 0.062500
0 0.570312 0.568359 0.050000 0.062500
0 0.504687 0.626953 0.050000 0.062500
0 0.387500 0.714844 0.050000 0.062500
0 0.490625 0.703125 0.050000 0.062500
0 0.193750 0.416016 0.050000 0.062500
0 0.215625 0.289062 0.050000 0.062500
0 0.212500 0.306641 0.050000 0.062500
0 0.153125 0.257812 0.050000 0.062500
0 0.107813 0.330078 0.050000 0.062500
0 0.131250 0.328125 0.050000 0.062500
0 0.112500 0.361328 0.050000 0.062500
0 0.196875 0.753906 0.050000 0.062500
0 0.162500 0.833984 0.050000 0.062500
0 0.020313 0.783203 0.040625 0.062500
0 0.057813 0.814453 0.050000 0.062500
0 0.082812 0.826172 0.050000 0.062500
0 0.100000 0.796875 0.050000 0.062500
0 0.076563 0.880859 0.050000 0.062500
0 0.110937 0.896484 0.050000 0.062500
0 0.373437 0.937500 0.050000 0.062500
0 0.453125 0.925781 0.050000 0.062500
0 0.498437 0.923828 0.050000 0.062500
0 0.542188 0.974609 0.050000 0.050781
0 0.651563 0.973633 0.050000 0.052734
0 0.539062 0.814453 0.050000 0.062500
0 0.659375 0.398438 0.050000 0.062500
0 0.328125 0.152344 0.050000 0.062500
0 0.315625 0.138672 0.050000 0.062500
0 0.325000 0.126953 0.050000 0.062500
0 0.053125 0.185547 0.050000 0.062500
0 0.082812 0.201172 0.050000 0.062500
0 0.062500 0.250000 0.050000 0.062500
0 0.237500 0.289062 0.050000 0.062500
0 0.343750 0.324219 0.050000 0.062500
0 0.337500 0.353516 0.050000 0.062500
0 0.323437 0.337891 0.050000 0.062500
0 0.329688 0.322266 0.050000 0.062500
0 0.526563 0.314453 0.050000 0.062500
0 0.698438 0.248047 0.050000 0.062500
0 0.395313 0.113281 0.050000 0.062500
0 0.368750 0.060547 0.050000 0.062500
