0 0.040625 0.107422 0.050000 0.062500
0 0.160938 0.018555 0.050000 0.037109
0 0.150000 0.273438 0.050000 0.062500
0 0.200000 0.347656 0.050000 0.062500
0 0.226562 0.361328 0.050000 0.062500
0 0.081250 0.458984 0.050000 0.062500
0 0.028125 0.376953 0.050000 0.062500
0 0.037500 0.365234 0.050000 0.062500
0 0.035937 0.324219 0.050000 0.062500
0 0.057813 0.328125 0.050000 0.062500
0 0.268750 0.537109 0.050000 0.062500
0 0.284375 0.527344 0.050000 0.062500
0 0.270313 0.671875 0.050000 0.062500
0 0.164062 0.685547 0.050000 0.062500
0 0.218750 0.808594 0.050000 0.062500
0 0.276562 0.835938 0.050000 0.062500
0 0.276562 0.906250 0.050000 0.062500
0 0.317188 0.921875 0.050000 0.062500
0 0.345313 0.906250 0.050000 0.062500
0 0.371875 0.880859 0.050000 0.062500
0 0.409375 0.791016 0.050000 0.062500
0 0.479687 0.820312 0.050000 0.062500
0 0.473438 0.861328 0.050000 0.062500
0 0.429688 0.925781 0.050000 0.062500
0 0.784375 0.755859 0.050000 0.062500
0 0.768750 0.716797 0.050000 0.062500
0 0.815625 0.699219 0.050000 0.062500
0 0.857812 0.777344 0.050000 0.062500
0 0.884375 0.847656 0.050000 0.062500
0 0.850000 0.982422 0.050000 0.035156
0 0.651563 0.925781 0.050000 0.062500
0 0.715625 0.955078 0.050000 0.062500
0 0.687500 0.722656 0.050000 0.062500
0 0.590625 0.738281 0.050000 0.062500
0 0.642188 0.650391 0.050000 0.062500
0 0.696875 0.642578 0.050000 0.062500
0 0.764062 0.652344 0.050000 0.062500
0 0.807813 0.603516 0.050000 0.062500
0 0.759375 0.582031 0.050000 0.062500
0 0.701562 0.580078 0.050000 0.062500
0 0.642188 0.574219 0.050000 0.062500
0 0.756250 0.500000 0.050000 0.062500
0 0.656250 0.496094 0.050000 0.062500
0 0.537500 0.511719 0.050000 0.062500
0 0.495312 0.486328 0.050000 0.062500
0 0.398438 0.441406 0.050000 0.062500
0 0.315625 0.353516 0.050000 0.062500
0 0.335938 0.349609 0.050000 0.062500
0 0.321875 0.386719 0.050000 0.062500
0 0.385937 0.218750 0.050000 0.062500
0 0.357812 0.285156 0.050000 0.062500
0 0.378125 0.298828 0.050000 0.062500
0 0.356250 0.208984 0.050000 0.062500
0 0.335938 0.068359 0.050000 0.062500
0 0.475000 0.117188 0.050000 0.062500
0 0.510938 0.130859 0.050000 0.062500
0 0.570312 0.083984 0.050000 0.062500
0 0.720313 0.025391 0.050000 0.050781
0 0.695312 0.244141 0.050000 0.062500
0 0.800000 0.394531 0.050000 0.062500
0 0.820312 0.402344 0.050000 0.062500
0 0.898438 0.412109 0.050000 0.062500
0 0.537500 0.431641 0.050000 0.062500
0 0.601562 0.380859 0.050000 0.062500
0 0.625000 0.417969 0.050000 0.062500
0 0.417187 0.314453 0.050000 0.062500
0 0.435937 0.326172 0.050000 0.062500
0 0.253125 0.212891 0.050000 0.062500
0 0.289062 0.226562 0.050000 0.062500
0 0.748437 0.837891 0.050000 0.062500
0 0.593750 0.138672 0.050000 0.062500
0 0.514062 0.164062 0.050000 0.062500
0 0.526563 0.154297 0.050000 0.062500
0 0.531250 0.177734 0.050000 0.062500
0 0.728125 0.343750 0.050000 0.062500
0 0.746875 0.341797 0.050000 0.062500
0 0.796875 0.320312 0.050000 0.062500
0 0.468750 0.390625 0.050000 0.062500
