0 0.723437 0.097656 0.050000 0.062500
0 0.739062 0.265625 0.050000 0.062500
0 0.879687 0.380859 0.050000 0.062500
0 0.940625 0.394531 0.050000 0.062500
0 0.945312 0.453125 0.050000 0.062500
0 0.846875 0.474609 0.050000 0.062500
0 0.856250 0.861328 0.050000 0.062500
0 0.578125 0.892578 0.050000 0.062500
0 0.553125 0.904297 0.050000 0.062500
0 0.575000 0.927734 0.050000 0.062500
0 0.019531 0.787109 0.039062 0.062500
0 0.243750 0.230469 0.050000 0.062500
0 0.576562 0.189453 0.050000 0.062500
0 0.664062 0.306641 0.050000 0.062500
0 0.692187 0.324219 0.050000 0.062500
0 0.479687 0.503906 0.050000 0.062500
0 0.031250 0.113281 0.050000 0.062500
0 0.023438 0.156250 0.046875 0.062500
0 0.021875 0.187500 0.043750 0.062500
0 0.017188 0.302734 0.034375 0.062500
0 0.014063 0.363281 0.028125 0.062500
