0 0.060937 0.119141 0.050000 0.062500
0 0.101562 0.113281 0.050000 0.062500
0 0.125000 0.101562 0.050000 0.062500
0 0.137500 0.115234 0.050000 0.062500
0 0.126562 0.125000 0.050000 0.062500
0 0.201563 0.125000 0.050000 0.062500
0 0.225000 0.076172 0.050000 0.062500
0 0.385937 0.376953 0.050000 0.062500
0 0.410938 0.419922 0.050000 0.062500
0 0.182812 0.371094 0.050000 0.062500
0 0.234375 0.455078 0.050000 0.062500
0 0.282813 0.480469 0.050000 0.062500
0 0.287500 0.550781 0.050000 0.062500
0 0.323437 0.562500 0.050000 0.062500
0 0.542188 0.541016 0.050000 0.062500
0 0.395313 0.492188 0.050000 0.062500
0 0.350000 0.316406 0.050000 0.062500
0 0.365625 0.306641 0.050000 0.062500
0 0.575000 0.576172 0.050000 0.062500
0 0.614062 0.587891 0.050000 0.062500
0 0.667188 0.595703 0.050000 0.062500
0 0.623437 0.738281 0.050000 0.062500
0 0.610938 0.783203 0.050000 0.062500
0 0.634375 0.804688 0.050000 0.062500
0 0.551562 0.666016 0.050000 0.062500
0 0.842187 0.669922 0.050000 0.062500
0 0.871875 0.587891 0.050000 0.062500
0 0.857812 0.626953 0.050000 0.062500
0 0.892188 0.494141 0.050000 0.062500
0 0.856250 0.402344 0.050000 0.062500
0 0.750000 0.445312 0.050000 0.062500
0 0.798438 0.376953 0.050000 0.062500
0 0.810937 0.373047 0.050000 0.062500
0 0.757812 0.328125 0.050000 0.062500
0 0.684375 0.357422 0.050000 0.062500
0 0.590625 0.373047 0.050000 0.062500
0 0.792188 0.028320 0.050000 0.056641
0 0.746875 0.111328 0.050000 0.062500
0 0.646875 0.107422 0.050000 0.062500
0 0.625000 0.195312 0.050000 0.062500
0 0.690625 0.195312 0.050000 0.062500
0 0.748437 0.185547 0.050000 0.062500
0 0.809375 0.210938 0.050000 0.062500
0 0.751563 0.257812 0.050000 0.062500
0 0.690625 0.269531 0.050000 0.062500
0 0.635938 0.257812 0.050000 0.062500
0 0.523438 0.177734 0.050000 0.062500
0 0.396875 0.097656 0.050000 0.062500
0 0.315625 0.030273 0.050000 0.060547
0 0.532813 0.068359 0.050000 0.062500
0 0.595313 0.025391 0.050000 0.050781
0 0.982031 0.667969 0.035937 0.062500
0 0.901563 0.126953 0.050000 0.062500
0 0.973437 0.066406 0.050000 0.062500
0 0.537500 0.021484 0.050000 0.042969
