0 0.126562 0.037109 0.050000 0.062500
0 0.121875 0.136719 0.050000 0.062500
0 0.104688 0.203125 0.050000 0.062500
0 0.040625 0.222656 0.050000 0.062500
0 0.051562 0.212891 0.050000 0.062500
0 0.207813 0.048828 0.050000 0.062500
0 0.228125 0.052734 0.050000 0.062500
0 0.251563 0.052734 0.050000 0.062500
0 0.245312 0.132812 0.050000 0.062500
0 0.160938 0.296875 0.050000 0.062500
0 0.143750 0.314453 0.050000 0.062500
0 0.118750 0.337891 0.050000 0.062500
0 0.187500 0.337891 0.050000 0.062500
0 0.092188 0.443359 0.050000 0.062500
0 0.126562 0.470703 0.050000 0.062500
0 0.176563 0.482422 0.050000 0.062500
0 0.215625 0.474609 0.050000 0.062500
0 0.310937 0.480469 0.050000 0.062500
0 0.298438 0.494141 0.050000 0.062500
0 0.279687 0.550781 0.050000 0.062500
0 0.273438 0.568359 0.050000 0.062500
0 0.331250 0.595703 0.050000 0.062500
0 0.407813 0.667969 0.050000 0.062500
0 0.503125 0.638672 0.050000 0.062500
0 0.510938 0.664062 0.050000 0.062500
0 0.523438 0.689453 0.050000 0.062500
0 0.496875 0.675781 0.050000 0.062500
0 0.471875 0.687500 0.050000 0.062500
0 0.492188 0.714844 0.050000 0.062500
0 0.471875 0.714844 0.050000 0.062500
0 0.507812 0.726562 0.050000 0.062500
0 0.445312 0.761719 0.050000 0.062500
0 0.459375 0.798828 0.050000 0.062500
0 0.509375 0.777344 0.050000 0.062500
0 0.545312 0.824219 0.050000 0.062500
0 0.568750 0.841797 0.050000 0.062500
0 0.592187 0.808594 0.050000 0.062500
0 0.639062 0.841797 0.050000 0.062500
0 0.673438 0.785156 0.050000 0.062500
0 0.625000 0.707031 0.050000 0.062500
0 0.667188 0.705078 0.050000 0.062500
0 0.673438 0.679688 0.050000 0.062500
0 0.653125 0.652344 0.050000 0.062500
0 0.759375 0.664062 0.050000 0.062500
0 0.812500 0.689453 0.050000 0.062500
0 0.881250 0.742188 0.050000 0.062500
0 0.867188 0.802734 0.050000 0.062500
0 0.718750 0.765625 0.050000 0.062500
0 0.954688 0.792969 0.050000 0.062500
0 0.984375 0.728516 0.031250 0.062500
0 0.980469 0.697266 0.039062 0.062500
0 0.979688 0.650391 0.040625 0.062500
0 0.815625 0.562500 0.050000 0.062500
0 0.881250 0.269531 0.050000 0.062500
0 0.875000 0.302734 0.050000 0.062500
0 0.893750 0.306641 0.050000 0.062500
0 0.814063 0.287109 0.050000 0.062500
0 0.406250 0.054688 0.050000 0.062500
0 0.515625 0.064453 0.050000 0.062500
0 0.739062 0.082031 0.050000 0.062500
0 0.662500 0.179688 0.050000 0.062500
0 0.620313 0.287109 0.050000 0.062500
0 0.546875 0.283203 0.050000 0.062500
0 0.445312 0.265625 0.050000 0.062500
0 0.492188 0.302734 0.050000 0.062500
0 0.501563 0.357422 0.050000 0.062500
0 0.495312 0.406250 0.050000 0.062500
0 0.434375 0.433594 0.050000 0.062500
0 0.453125 0.433594 0.050000 0.062500
0 0.454688 0.468750 0.050000 0.062500
0 0.578125 0.433594 0.050000 0.062500
0 0.617188 0.433594 0.050000 0.062500
0 0.684375 0.417969 0.050000 0.062500
0 0.732812 0.402344 0.050000 0.062500
0 0.757812 0.384766 0.050000 0.062500
0 0.620313 0.355469 0.050000 0.062500
0 0.559375 0.355469 0.050000 0.062500
0 0.664062 0.279297 0.050000 0.062500
0 0.682813 0.353516 0.050000 0.062500
0 0.592187 0.486328 0.050000 0.062500
0 0.565625 0.503906 0.050000 0.062500
0 0.659375 0.544922 0.050000 0.062500
0 0.781250 0.443359 0.050000 0.062500
0 0.739062 0.195312 0.050000 0.062500
0 0.465625 0.125000 0.050000 0.062500
0 0.476562 0.138672 0.050000 0.062500
0 0.329688 0.022461 0.050000 0.044922
0 0.332813 0.017578 0.050000 0.035156
0 0.485938 0.099609 0.050000 0.062500
0 0.429688 0.039062 0.050000 0.062500
0 0.456250 0.041016 0.050000 0.062500
0 0.412500 0.380859 0.050000 0.062500
