0 0.056250 0.253906 0.050000 0.062500
0 0.234375 0.095703 0.050000 0.062500
0 0.245312 0.064453 0.050000 0.062500
0 0.303125 0.064453 0.050000 0.062500
0 0.284375 0.160156 0.050000 0.062500
0 0.264062 0.156250 0.050000 0.062500
0 0.301563 0.199219 0.050000 0.062500
0 0.323437 0.187500 0.050000 0.062500
0 0.251563 0.353516 0.050000 0.062500
0 0.304688 0.402344 0.050000 0.062500
0 0.284375 0.421875 0.050000 0.062500
0 0.293750 0.500000 0.050000 0.062500
0 0.334375 0.507812 0.050000 0.062500
0 0.359375 0.628906 0.050000 0.062500
0 0.320312 0.751953 0.050000 0.062500
0 0.293750 0.738281 0.050000 0.062500
0 0.287500 0.835938 0.050000 0.062500
0 0.318750 0.837891 0.050000 0.062500
0 0.375000 0.951172 0.050000 0.062500
0 0.407813 0.951172 0.050000 0.062500
0 0.418750 0.939453 0.050000 0.062500
0 0.457813 0.981445 0.050000 0.037109
0 0.550000 0.425781 0.050000 0.062500
0 0.528125 0.386719 0.050000 0.062500
0 0.473438 0.396484 0.050000 0.062500
0 0.554688 0.375000 0.050000 0.062500
0 0.604688 0.349609 0.050000 0.062500
0 0.585938 0.310547 0.050000 0.062500
0 0.571875 0.242188 0.050000 0.062500
0 0.487500 0.208984 0.050000 0.062500
0 0.978906 0.380859 0.042188 0.062500
0 0.981250 0.492188 0.037500 0.062500
0 0.934375 0.427734 0.050000 0.062500
0 0.909375 0.628906 0.050000 0.062500
0 0.973437 0.939453 0.050000 0.062500
0 0.931250 0.285156 0.050000 0.062500
0 0.848437 0.322266 0.050000 0.062500
0 0.829688 0.359375 0.050000 0.062500
0 0.778125 0.226562 0.050000 0.062500
0 0.693750 0.232422 0.050000 0.062500
0 0.684375 0.160156 0.050000 0.062500
0 0.632812 0.169922 0.050000 0.062500
0 0.623437 0.238281 0.050000 0.062500
0 0.568750 0.169922 0.050000 0.062500
0 0.578125 0.099609 0.050000 0.062500
0 0.632812 0.105469 0.050000 0.062500
0 0.693750 0.072266 0.050000 0.062500
0 0.679688 0.020508 0.050000 0.041016
0 0.628125 0.024414 0.050000 0.048828
0 0.589063 0.022461 0.050000 0.044922
0 0.864062 0.048828 0.050000 0.062500
0 0.670312 0.486328 0.050000 0.062500
0 0.687500 0.503906 0.050000 0.062500
0 0.681250 0.484375 0.050000 0.062500
0 0.675000 0.464844 0.050000 0.062500
0 0.693750 0.480469 0.050000 0.062500
0 0.392188 0.022461 0.050000 0.044922
0 0.378125 0.015625 0.050000 0.031250
