0 0.148438 0.156250 0.050000 0.062500
0 0.165625 0.146484 0.050000 0.062500
0 0.110937 0.109375 0.050000 0.062500
0 0.096875 0.103516 0.050000 0.062500
0 0.859375 0.371094 0.050000 0.062500
0 0.878125 0.679688 0.050000 0.062500
0 0.942187 0.777344 0.050000 0.062500
0 0.787500 0.156250 0.050000 0.062500
0 0.818750 0.218750 0.050000 0.062500
0 0.792188 0.273438 0.050000 0.062500
0 0.818750 0.398438 0.050000 0.062500
0 0.765625 0.503906 0.050000 0.062500
0 0.784375 0.525391 0.050000 0.062500
0 0.979688 0.488281 0.040625 0.062500
0 0.817187 0.810547 0.050000 0.062500
0 0.929688 0.975586 0.050000 0.048828
0 0.948438 0.960938 0.050000 0.062500
0 0.696875 0.207031 0.050000 0.062500
0 0.704688 0.191406 0.050000 0.062500
0 0.628125 0.095703 0.050000 0.062500
0 0.553125 0.041016 0.050000 0.062500
0 0.545312 0.109375 0.050000 0.062500
0 0.490625 0.041016 0.050000 0.062500
0 0.482812 0.117188 0.050000 0.062500
0 0.432812 0.039062 0.050000 0.062500
0 0.428125 0.121094 0.050000 0.062500
0 0.443750 0.183594 0.050000 0.062500
0 0.464062 0.220703 0.050000 0.062500
0 0.410938 0.244141 0.050000 0.062500
0 0.317188 0.257812 0.050000 0.062500
0 0.410938 0.363281 0.050000 0.062500
0 0.434375 0.382812 0.050000 0.062500
0 0.448437 0.375000 0.050000 0.062500
0 0.523438 0.359375 0.050000 0.062500
0 0.534375 0.361328 0.050000 0.062500
0 0.545312 0.375000 0.050000 0.062500
0 0.551562 0.359375 0.050000 0.062500
0 0.543750 0.343750 0.050000 0.062500
0 0.346875 0.070312 0.050000 0.062500
0 0.229687 0.203125 0.050000 0.062500
0 0.256250 0.158203 0.050000 0.062500
0 0.162500 0.427734 0.050000 0.062500
0 0.150000 0.451172 0.050000 0.062500
0 0.184375 0.484375 0.050000 0.062500
0 0.164062 0.492188 0.050000 0.062500
0 0.118750 0.474609 0.050000 0.062500
0 0.229687 0.599609 0.050000 0.062500
0 0.204687 0.582031 0.050000 0.062500
0 0.215625 0.849609 0.050000 0.062500
0 0.243750 0.888672 0.050000 0.062500
0 0.260937 0.884766 0.050000 0.062500
0 0.221875 0.937500 0.050000 0.062500
0 0.185938 0.937500 0.050000 0.062500
0 0.326562 0.923828 0.050000 0.062500
0 0.315625 0.937500 0.050000 0.062500
0 0.384375 0.977539 0.050000 0.044922
