0 0.818750 0.791016 0.050000 0.062500
0 0.715625 0.587891 0.050000 0.062500
0 0.767188 0.431641 0.050000 0.062500
0 0.757812 0.333984 0.050000 0.062500
0 0.731250 0.222656 0.050000 0.062500
0 0.748437 0.207031 0.050000 0.062500
0 0.870313 0.019531 0.050000 0.039062
0 0.670312 0.251953 0.050000 0.062500
0 0.660937 0.265625 0.050000 0.062500
0 0.612500 0.150391 0.050000 0.062500
0 0.550000 0.158203 0.050000 0.062500
0 0.548438 0.091797 0.050000 0.062500
0 0.543750 0.021484 0.050000 0.042969
0 0.482812 0.091797 0.050000 0.062500
0 0.485938 0.166016 0.050000 0.062500
0 0.431250 0.236328 0.050000 0.062500
0 0.390625 0.175781 0.050000 0.062500
0 0.410938 0.093750 0.050000 0.062500
0 0.406250 0.033203 0.050000 0.062500
0 0.464062 0.029297 0.050000 0.058594
0 0.296875 0.091797 0.050000 0.062500
0 0.287500 0.322266 0.050000 0.062500
0 0.390625 0.474609 0.050000 0.062500
0 0.407813 0.451172 0.050000 0.062500
0 0.417187 0.453125 0.050000 0.062500
0 0.378125 0.300781 0.050000 0.062500
0 0.446875 0.275391 0.050000 0.062500
0 0.193750 0.026367 0.050000 0.052734
0 0.151562 0.097656 0.050000 0.062500
0 0.137500 0.091797 0.050000 0.062500
0 0.182812 0.109375 0.050000 0.062500
0 0.132812 0.255859 0.050000 0.062500
0 0.109375 0.265625 0.050000 0.062500
0 0.056250 0.216797 0.050000 0.062500
0 0.076563 0.220703 0.050000 0.062500
0 0.121875 0.576172 0.050000 0.062500
0 0.103125 0.599609 0.050000 0.062500
0 0.139063 0.597656 0.050000 0.062500
0 0.162500 0.595703 0.050000 0.062500
0 0.206250 0.708984 0.050000 0.062500
0 0.182812 0.730469 0.050000 0.062500
0 0.110937 0.669922 0.050000 0.062500
0 0.206250 0.973633 0.050000 0.052734
0 0.198437 0.257812 0.050000 0.062500
0 0.225000 0.285156 0.050000 0.062500
0 0.951562 0.541016 0.050000 0.062500
0 0.832812 0.505859 0.050000 0.062500
0 0.912500 0.777344 0.050000 0.062500
0 0.785937 0.863281 0.050000 0.062500
0 0.728125 0.568359 0.050000 0.062500
0 0.492188 0.410156 0.050000 0.062500
0 0.509375 0.429688 0.050000 0.062500
0 0.517188 0.414062 0.050000 0.062500
0 0.504687 0.398438 0.050000 0.062500
