0 0.081250 0.089844 0.050000 0.062500
0 0.034375 0.111328 0.050000 0.062500
0 0.018750 0.169922 0.037500 0.062500
0 0.214062 0.179688 0.050000 0.062500
0 0.165625 0.177734 0.050000 0.062500
0 0.254688 0.134766 0.050000 0.062500
0 0.304688 0.130859 0.050000 0.062500
0 0.251563 0.058594 0.050000 0.062500
0 0.317188 0.058594 0.050000 0.062500
0 0.378125 0.037109 0.050000 0.062500
0 0.451562 0.191406 0.050000 0.062500
0 0.370312 0.189453 0.050000 0.062500
0 0.365625 0.125000 0.050000 0.062500
0 0.315625 0.199219 0.050000 0.062500
0 0.531250 0.181641 0.050000 0.062500
0 0.521875 0.279297 0.050000 0.062500
0 0.510938 0.316406 0.050000 0.062500
0 0.604688 0.238281 0.050000 0.062500
0 0.728125 0.035156 0.050000 0.062500
0 0.803125 0.574219 0.050000 0.062500
0 0.951562 0.519531 0.050000 0.062500
0 0.660937 0.410156 0.050000 0.062500
0 0.623437 0.382812 0.050000 0.062500
0 0.578125 0.623047 0.050000 0.062500
0 0.707812 0.632812 0.050000 0.062500
0 0.778125 0.736328 0.050000 0.062500
0 0.731250 0.847656 0.050000 0.062500
0 0.910937 0.912109 0.050000 0.062500
0 0.340625 0.443359 0.050000 0.062500
0 0.353125 0.445312 0.050000 0.062500
0 0.362500 0.458984 0.050000 0.062500
0 0.373437 0.443359 0.050000 0.062500
0 0.362500 0.429688 0.050000 0.062500
0 0.285938 0.521484 0.050000 0.062500
0 0.290625 0.544922 0.050000 0.062500
0 0.259375 0.558594 0.050000 0.062500
0 0.140625 0.355469 0.050000 0.062500
0 0.231250 0.328125 0.050000 0.062500
0 0.262500 0.273438 0.050000 0.062500
0 0.290625 0.310547 0.050000 0.062500
0 0.078125 0.400391 0.050000 0.062500
0 0.060937 0.287109 0.050000 0.062500
0 0.067187 0.820312 0.050000 0.062500
0 0.065625 0.892578 0.050000 0.062500
0 0.014844 0.322266 0.029687 0.062500
0 0.543750 0.019531 0.050000 0.039062
