0 0.032813 0.111328 0.050000 0.062500
0 0.024219 0.150391 0.048438 0.062500
0 0.022656 0.177734 0.045312 0.062500
0 0.240625 0.210938 0.050000 0.062500
0 0.017969 0.294922 0.035937 0.062500
0 0.014844 0.357422 0.029687 0.062500
0 0.034375 0.802734 0.050000 0.062500
0 0.482812 0.496094 0.050000 0.062500
0 0.585938 0.857422 0.050000 0.062500
0 0.548438 0.892578 0.050000 0.062500
0 0.581250 0.925781 0.050000 0.062500
0 0.826562 0.859375 0.050000 0.062500
0 0.850000 0.474609 0.050000 0.062500
0 0.964063 0.453125 0.050000 0.062500
0 0.945312 0.390625 0.050000 0.062500
0 0.890625 0.369141 0.050000 0.062500
0 0.695312 0.322266 0.050000 0.062500
0 0.671875 0.324219 0.050000 0.062500
0 0.743750 0.259766 0.050000 0.062500
0 0.721875 0.089844 0.050000 0.062500
0 0.564063 0.130859 0.050000 0.062500
