0 0.131250 0.138672 0.050000 0.062500
0 0.617188 0.259766 0.050000 0.062500
0 0.639062 0.277344 0.050000 0.062500
0 0.668750 0.240234 0.050000 0.062500
0 0.754687 0.265625 0.050000 0.062500
0 0.776563 0.281250 0.050000 0.062500
0 0.837500 0.248047 0.050000 0.062500
0 0.851562 0.294922 0.050000 0.062500
0 0.707812 0.363281 0.050000 0.062500
0 0.746875 0.363281 0.050000 0.062500
0 0.828125 0.363281 0.050000 0.062500
0 0.717187 0.447266 0.050000 0.062500
0 0.759375 0.425781 0.050000 0.062500
0 0.806250 0.433594 0.050000 0.062500
0 0.846875 0.513672 0.050000 0.062500
0 0.928125 0.650391 0.050000 0.062500
0 0.684375 0.519531 0.050000 0.062500
0 0.623437 0.617188 0.050000 0.062500
0 0.665625 0.732422 0.050000 0.062500
0 0.446875 0.983398 0.050000 0.033203
0 0.321875 0.742188 0.050000 0.062500
0 0.248438 0.720703 0.050000 0.062500
0 0.262500 0.689453 0.050000 0.062500
0 0.289062 0.667969 0.050000 0.062500
0 0.264062 0.599609 0.050000 0.062500
0 0.221875 0.587891 0.050000 0.062500
0 0.022656 0.607422 0.045312 0.062500
0 0.125000 0.189453 0.050000 0.062500
0 0.046875 0.734375 0.050000 0.062500
0 0.114062 0.841797 0.050000 0.062500
