0 0.550000 0.148438 0.050000 0.062500
0 0.570312 0.162109 0.050000 0.062500
0 0.653125 0.164062 0.050000 0.062500
0 0.690625 0.160156 0.050000 0.062500
0 0.731250 0.119141 0.050000 0.062500
0 0.768750 0.156250 0.050000 0.062500
0 0.673438 0.253906 0.050000 0.062500
0 0.604688 0.203125 0.050000 0.062500
0 0.729688 0.236328 0.050000 0.062500
0 0.690625 0.332031 0.050000 0.062500
0 0.721875 0.302734 0.050000 0.062500
0 0.753125 0.294922 0.050000 0.062500
0 0.820312 0.316406 0.050000 0.062500
0 0.950000 0.408203 0.050000 0.062500
0 0.698438 0.404297 0.050000 0.062500
0 0.732812 0.564453 0.050000 0.062500
0 0.681250 0.572266 0.050000 0.062500
0 0.653125 0.529297 0.050000 0.062500
0 0.646875 0.968750 0.050000 0.062500
0 0.456250 0.800781 0.050000 0.062500
0 0.376563 0.816406 0.050000 0.062500
0 0.373437 0.783203 0.050000 0.062500
0 0.371875 0.744141 0.050000 0.062500
0 0.348438 0.701172 0.050000 0.062500
0 0.304688 0.707031 0.050000 0.062500
0 0.081250 0.402344 0.050000 0.062500
0 0.046875 0.373047 0.050000 0.062500
0 0.060937 0.347656 0.050000 0.062500
0 0.142187 0.736328 0.050000 0.062500
0 0.078125 0.828125 0.050000 0.062500
0 0.018750 0.718750 0.037500 0.062500
0 0.128125 0.859375 0.050000 0.062500
0 0.192188 0.937500 0.050000 0.062500
0 0.290625 0.983398 0.050000 0.033203
