0 0.662500 0.022461 0.050000 0.044922
0 0.718750 0.144531 0.050000 0.062500
0 0.831250 0.087891 0.050000 0.062500
0 0.832812 0.103516 0.050000 0.062500
0 0.751563 0.234375 0.050000 0.062500
0 0.778125 0.250000 0.050000 0.062500
0 0.825000 0.263672 0.050000 0.062500
0 0.875000 0.277344 0.050000 0.062500
0 0.664062 0.296875 0.050000 0.062500
0 0.695312 0.326172 0.050000 0.062500
0 0.743750 0.328125 0.050000 0.062500
0 0.712500 0.392578 0.050000 0.062500
0 0.748437 0.447266 0.050000 0.062500
0 0.765625 0.468750 0.050000 0.062500
0 0.729688 0.511719 0.050000 0.062500
0 0.651563 0.541016 0.050000 0.062500
0 0.668750 0.542969 0.050000 0.062500
0 0.642188 0.595703 0.050000 0.062500
0 0.728125 0.587891 0.050000 0.062500
0 0.696875 0.683594 0.050000 0.062500
0 0.712500 0.685547 0.050000 0.062500
0 0.685937 0.718750 0.050000 0.062500
0 0.765625 0.753906 0.050000 0.062500
0 0.807813 0.666016 0.050000 0.062500
0 0.814063 0.335938 0.050000 0.062500
0 0.839063 0.341797 0.050000 0.062500
0 0.828125 0.359375 0.050000 0.062500
0 0.832812 0.398438 0.050000 0.062500
0 0.820312 0.416016 0.050000 0.062500
0 0.839063 0.414062 0.050000 0.062500
0 0.859375 0.396484 0.050000 0.062500
0 0.870313 0.425781 0.050000 0.062500
0 0.873437 0.507812 0.050000 0.062500
0 0.893750 0.925781 0.050000 0.062500
0 0.745313 0.981445 0.050000 0.037109
0 0.443750 0.554688 0.050000 0.062500
0 0.246875 0.484375 0.050000 0.062500
0 0.165625 0.384766 0.050000 0.062500
0 0.110937 0.542969 0.050000 0.062500
0 0.132812 0.939453 0.050000 0.062500
0 0.114062 0.962891 0.050000 0.062500
0 0.135937 0.261719 0.050000 0.062500
0 0.140625 0.253906 0.050000 0.062500
0 0.084375 0.164062 0.050000 0.062500
0 0.195312 0.220703 0.050000 0.062500
0 0.185938 0.197266 0.050000 0.062500
0 0.198437 0.109375 0.050000 0.062500
0 0.187500 0.031250 0.050000 0.062500
0 0.134375 0.085938 0.050000 0.062500
0 0.112500 0.076172 0.050000 0.062500
0 0.867188 0.748047 0.050000 0.062500
0 0.870313 0.767578 0.050000 0.062500
