0 0.835938 0.089844 0.050000 0.062500
0 0.837500 0.105469 0.050000 0.062500
0 0.457813 0.568359 0.050000 0.062500
0 0.253125 0.486328 0.050000 0.062500
0 0.115625 0.550781 0.050000 0.062500
0 0.171875 0.384766 0.050000 0.062500
0 0.131250 0.257812 0.050000 0.062500
0 0.145313 0.250000 0.050000 0.062500
0 0.062500 0.150391 0.050000 0.062500
0 0.114062 0.046875 0.050000 0.062500
0 0.150000 0.050781 0.050000 0.062500
0 0.200000 0.083984 0.050000 0.062500
0 0.193750 0.179688 0.050000 0.062500
0 0.220312 0.197266 0.050000 0.062500
0 0.215625 0.259766 0.050000 0.062500
0 0.185938 0.016602 0.050000 0.033203
0 0.121875 0.966797 0.050000 0.062500
0 0.142187 0.955078 0.050000 0.062500
0 0.757812 0.156250 0.050000 0.062500
0 0.720313 0.107422 0.050000 0.062500
0 0.670312 0.208984 0.050000 0.062500
0 0.703125 0.234375 0.050000 0.062500
0 0.743750 0.234375 0.050000 0.062500
0 0.781250 0.228516 0.050000 0.062500
0 0.826562 0.283203 0.050000 0.062500
0 0.881250 0.277344 0.050000 0.062500
0 0.821875 0.337891 0.050000 0.062500
0 0.846875 0.341797 0.050000 0.062500
0 0.835938 0.365234 0.050000 0.062500
0 0.835938 0.404297 0.050000 0.062500
0 0.826562 0.419922 0.050000 0.062500
0 0.843750 0.419922 0.050000 0.062500
0 0.870313 0.402344 0.050000 0.062500
0 0.876563 0.427734 0.050000 0.062500
0 0.718750 0.367188 0.050000 0.062500
0 0.746875 0.414062 0.050000 0.062500
0 0.759375 0.412109 0.050000 0.062500
0 0.770312 0.414062 0.050000 0.062500
0 0.737500 0.476562 0.050000 0.062500
0 0.725000 0.546875 0.050000 0.062500
0 0.643750 0.554688 0.050000 0.062500
0 0.671875 0.462891 0.050000 0.062500
0 0.653125 0.460938 0.050000 0.062500
0 0.732812 0.617188 0.050000 0.062500
0 0.715625 0.650391 0.050000 0.062500
0 0.698438 0.648438 0.050000 0.062500
0 0.689063 0.673828 0.050000 0.062500
0 0.768750 0.673828 0.050000 0.062500
0 0.804688 0.669922 0.050000 0.062500
0 0.673438 0.923828 0.050000 0.062500
0 0.751563 0.957031 0.050000 0.062500
