0 0.331250 0.082031 0.050000 0.062500
0 0.331250 0.101562 0.050000 0.062500
0 0.131250 0.201172 0.050000 0.062500
0 0.142187 0.226562 0.050000 0.062500
0 0.128125 0.281250 0.050000 0.062500
0 0.187500 0.238281 0.050000 0.062500
0 0.193750 0.255859 0.050000 0.062500
0 0.257812 0.246094 0.050000 0.062500
0 0.237500 0.312500 0.050000 0.062500
0 0.276562 0.287109 0.050000 0.062500
0 0.239063 0.351562 0.050000 0.062500
0 0.325000 0.318359 0.050000 0.062500
0 0.284375 0.375000 0.050000 0.062500
0 0.400000 0.298828 0.050000 0.062500
0 0.398438 0.322266 0.050000 0.062500
0 0.376563 0.162109 0.050000 0.062500
0 0.396875 0.148438 0.050000 0.062500
0 0.453125 0.099609 0.050000 0.062500
0 0.431250 0.107422 0.050000 0.062500
0 0.531250 0.234375 0.050000 0.062500
0 0.440625 0.160156 0.050000 0.062500
0 0.609375 0.265625 0.050000 0.062500
0 0.643750 0.162109 0.050000 0.062500
0 0.667188 0.400391 0.050000 0.062500
0 0.693750 0.355469 0.050000 0.062500
0 0.806250 0.337891 0.050000 0.062500
0 0.870313 0.275391 0.050000 0.062500
0 0.895312 0.312500 0.050000 0.062500
0 0.846875 0.089844 0.050000 0.062500
0 0.942187 0.091797 0.050000 0.062500
0 0.943750 0.257812 0.050000 0.062500
0 0.932813 0.384766 0.050000 0.062500
0 0.939063 0.414062 0.050000 0.062500
0 0.573438 0.595703 0.050000 0.062500
0 0.971875 0.552734 0.050000 0.062500
0 0.984375 0.572266 0.031250 0.062500
0 0.960938 0.613281 0.050000 0.062500
0 0.943750 0.621094 0.050000 0.062500
0 0.931250 0.648438 0.050000 0.062500
0 0.945312 0.642578 0.050000 0.062500
0 0.960938 0.638672 0.050000 0.062500
0 0.470313 0.880859 0.050000 0.062500
0 0.092188 0.845703 0.050000 0.062500
0 0.389062 0.973633 0.050000 0.052734
0 0.176563 0.134766 0.050000 0.062500
0 0.185938 0.136719 0.050000 0.062500
0 0.651563 0.087891 0.050000 0.062500
