0 0.037500 0.300781 0.050000 0.062500
0 0.053125 0.335938 0.050000 0.062500
0 0.065625 0.357422 0.050000 0.062500
0 0.196875 0.195312 0.050000 0.062500
0 0.234375 0.207031 0.050000 0.062500
0 0.218750 0.234375 0.050000 0.062500
0 0.218750 0.291016 0.050000 0.062500
0 0.225000 0.318359 0.050000 0.062500
0 0.276562 0.328125 0.050000 0.062500
0 0.214062 0.050781 0.050000 0.062500
0 0.482812 0.056641 0.050000 0.062500
0 0.898438 0.060547 0.050000 0.062500
0 0.821875 0.126953 0.050000 0.062500
0 0.840625 0.109375 0.050000 0.062500
0 0.465625 0.169922 0.050000 0.062500
0 0.464062 0.199219 0.050000 0.062500
0 0.465625 0.216797 0.050000 0.062500
0 0.439063 0.269531 0.050000 0.062500
0 0.545312 0.214844 0.050000 0.062500
0 0.535937 0.246094 0.050000 0.062500
0 0.551562 0.275391 0.050000 0.062500
0 0.546875 0.332031 0.050000 0.062500
0 0.693750 0.267578 0.050000 0.062500
0 0.695312 0.250000 0.050000 0.062500
0 0.739062 0.304688 0.050000 0.062500
0 0.595313 0.130859 0.050000 0.062500
0 0.617188 0.103516 0.050000 0.062500
0 0.626563 0.103516 0.050000 0.062500
0 0.892188 0.349609 0.050000 0.062500
0 0.971875 0.283203 0.050000 0.062500
0 0.971875 0.236328 0.050000 0.062500
0 0.887500 0.181641 0.050000 0.062500
0 0.875000 0.216797 0.050000 0.062500
0 0.320312 0.449219 0.050000 0.062500
0 0.345313 0.439453 0.050000 0.062500
0 0.210938 0.484375 0.050000 0.062500
0 0.376563 0.500000 0.050000 0.062500
0 0.315625 0.593750 0.050000 0.062500
0 0.235937 0.734375 0.050000 0.062500
0 0.259375 0.775391 0.050000 0.062500
0 0.175000 0.979492 0.050000 0.041016
0 0.201563 0.977539 0.050000 0.044922
0 0.240625 0.929688 0.050000 0.062500
0 0.475000 0.867188 0.050000 0.062500
0 0.464062 0.914062 0.050000 0.062500
0 0.526563 0.941406 0.050000 0.062500
0 0.601562 0.974609 0.050000 0.050781
0 0.631250 0.820312 0.050000 0.062500
0 0.931250 0.859375 0.050000 0.062500
0 0.851562 0.939453 0.050000 0.062500
0 0.064062 0.035156 0.050000 0.062500
0 0.412500 0.046875 0.050000 0.062500
0 0.393750 0.046875 0.050000 0.062500
0 0.771875 0.048828 0.050000 0.062500
0 0.773438 0.068359 0.050000 0.062500
0 0.875000 0.066406 0.050000 0.062500
0 0.882812 0.121094 0.050000 0.062500
0 0.881250 0.091797 0.050000 0.062500
0 0.871875 0.113281 0.050000 0.062500
