0 0.189062 0.156250 0.050000 0.062500
0 0.209375 0.146484 0.050000 0.062500
0 0.157812 0.222656 0.050000 0.062500
0 0.317188 0.119141 0.050000 0.062500
0 0.407813 0.146484 0.050000 0.062500
0 0.407813 0.171875 0.050000 0.062500
0 0.517188 0.123047 0.050000 0.062500
0 0.437500 0.226562 0.050000 0.062500
0 0.614062 0.179688 0.050000 0.062500
0 0.595313 0.248047 0.050000 0.062500
0 0.606250 0.326172 0.050000 0.062500
0 0.601562 0.359375 0.050000 0.062500
0 0.717187 0.396484 0.050000 0.062500
0 0.496875 0.716797 0.050000 0.062500
0 0.465625 0.486328 0.050000 0.062500
0 0.312500 0.365234 0.050000 0.062500
0 0.240625 0.466797 0.050000 0.062500
0 0.248438 0.500000 0.050000 0.062500
0 0.315625 0.906250 0.050000 0.062500
0 0.321875 0.927734 0.050000 0.062500
0 0.385937 0.914062 0.050000 0.062500
0 0.753125 0.841797 0.050000 0.062500
0 0.712500 0.699219 0.050000 0.062500
0 0.660937 0.683594 0.050000 0.062500
0 0.639062 0.689453 0.050000 0.062500
0 0.703125 0.615234 0.050000 0.062500
0 0.971875 0.646484 0.050000 0.062500
0 0.981250 0.634766 0.037500 0.062500
0 0.804688 0.568359 0.050000 0.062500
0 0.840625 0.562500 0.050000 0.062500
0 0.823438 0.507812 0.050000 0.062500
0 0.842187 0.488281 0.050000 0.062500
0 0.889062 0.488281 0.050000 0.062500
0 0.867188 0.429688 0.050000 0.062500
0 0.825000 0.406250 0.050000 0.062500
0 0.818750 0.423828 0.050000 0.062500
0 0.942187 0.337891 0.050000 0.062500
0 0.785937 0.171875 0.050000 0.062500
0 0.800000 0.195312 0.050000 0.062500
0 0.900000 0.289062 0.050000 0.062500
0 0.225000 0.496094 0.050000 0.062500
0 0.957812 0.351562 0.050000 0.062500
0 0.679688 0.058594 0.050000 0.062500
0 0.720313 0.107422 0.050000 0.062500
0 0.556250 0.024414 0.050000 0.048828
0 0.539062 0.018555 0.050000 0.037109
