0 0.362500 0.380859 0.050000 0.062500
0 0.373437 0.351562 0.050000 0.062500
0 0.409375 0.392578 0.050000 0.062500
0 0.621875 0.242188 0.050000 0.062500
0 0.637500 0.216797 0.050000 0.062500
0 0.648438 0.191406 0.050000 0.062500
0 0.473438 0.018555 0.050000 0.037109
0 0.746875 0.322266 0.050000 0.062500
0 0.771875 0.488281 0.050000 0.062500
0 0.832812 0.492188 0.050000 0.062500
0 0.965625 0.435547 0.050000 0.062500
0 0.710938 0.802734 0.050000 0.062500
0 0.981250 0.941406 0.037500 0.062500
0 0.967187 0.958984 0.050000 0.062500
0 0.871875 0.974609 0.050000 0.050781
