0 0.037500 0.095703 0.050000 0.062500
0 0.028125 0.134766 0.050000 0.062500
0 0.021875 0.164062 0.043750 0.062500
0 0.019531 0.291016 0.039062 0.062500
0 0.015625 0.347656 0.031250 0.062500
0 0.234375 0.087891 0.050000 0.062500
0 0.489063 0.484375 0.050000 0.062500
0 0.703125 0.361328 0.050000 0.062500
0 0.718750 0.373047 0.050000 0.062500
0 0.707812 0.226562 0.050000 0.062500
0 0.725000 0.080078 0.050000 0.062500
0 0.600000 0.794922 0.050000 0.062500
0 0.523438 0.869141 0.050000 0.062500
0 0.579688 0.888672 0.050000 0.062500
0 0.767188 0.857422 0.050000 0.062500
0 0.854688 0.460938 0.050000 0.062500
0 0.892188 0.357422 0.050000 0.062500
0 0.950000 0.390625 0.050000 0.062500
0 0.970313 0.457031 0.050000 0.062500
