0 0.326562 0.054688 0.050000 0.062500
0 0.264062 0.076172 0.050000 0.062500
0 0.204687 0.115234 0.050000 0.062500
0 0.045312 0.205078 0.050000 0.062500
0 0.093750 0.197266 0.050000 0.062500
0 0.429688 0.291016 0.050000 0.062500
0 0.506250 0.275391 0.050000 0.062500
0 0.551562 0.253906 0.050000 0.062500
0 0.464062 0.199219 0.050000 0.062500
0 0.742188 0.130859 0.050000 0.062500
0 0.867188 0.195312 0.050000 0.062500
0 0.542188 0.447266 0.050000 0.062500
0 0.456250 0.527344 0.050000 0.062500
0 0.490625 0.515625 0.050000 0.062500
0 0.540625 0.537109 0.050000 0.062500
0 0.517188 0.572266 0.050000 0.062500
0 0.534375 0.568359 0.050000 0.062500
0 0.525000 0.544922 0.050000 0.062500
0 0.539062 0.556641 0.050000 0.062500
0 0.553125 0.580078 0.050000 0.062500
0 0.821875 0.826172 0.050000 0.062500
0 0.800000 0.841797 0.050000 0.062500
0 0.854688 0.900391 0.050000 0.062500
0 0.423438 0.888672 0.050000 0.062500
0 0.204687 0.773438 0.050000 0.062500
0 0.031250 0.437500 0.050000 0.062500
0 0.076563 0.464844 0.050000 0.062500
0 0.040625 0.496094 0.050000 0.062500
0 0.062500 0.505859 0.050000 0.062500
0 0.081250 0.509766 0.050000 0.062500
0 0.253125 0.732422 0.050000 0.062500
0 0.739062 0.212891 0.050000 0.062500
