0 0.084375 0.024414 0.050000 0.048828
0 0.050000 0.080078 0.050000 0.062500
0 0.045312 0.150391 0.050000 0.062500
0 0.053125 0.269531 0.050000 0.062500
0 0.073438 0.283203 0.050000 0.062500
0 0.050000 0.357422 0.050000 0.062500
0 0.017969 0.507812 0.035937 0.062500
0 0.015625 0.642578 0.031250 0.062500
0 0.026562 0.642578 0.050000 0.062500
0 0.065625 0.652344 0.050000 0.062500
0 0.081250 0.666016 0.050000 0.062500
0 0.031250 0.750000 0.050000 0.062500
0 0.053125 0.857422 0.050000 0.062500
0 0.065625 0.917969 0.050000 0.062500
0 0.079687 0.933594 0.050000 0.062500
0 0.023438 0.968750 0.046875 0.062500
0 0.013281 0.722656 0.026562 0.062500
0 0.315625 0.673828 0.050000 0.062500
0 0.375000 0.800781 0.050000 0.062500
0 0.295312 0.880859 0.050000 0.062500
0 0.368750 0.515625 0.050000 0.062500
0 0.303125 0.486328 0.050000 0.062500
0 0.298438 0.453125 0.050000 0.062500
0 0.295312 0.357422 0.050000 0.062500
0 0.320312 0.355469 0.050000 0.062500
0 0.187500 0.224609 0.050000 0.062500
0 0.178125 0.156250 0.050000 0.062500
0 0.364063 0.218750 0.050000 0.062500
0 0.426563 0.212891 0.050000 0.062500
0 0.365625 0.285156 0.050000 0.062500
0 0.362500 0.447266 0.050000 0.062500
0 0.400000 0.470703 0.050000 0.062500
0 0.537500 0.792969 0.050000 0.062500
0 0.585938 0.746094 0.050000 0.062500
0 0.525000 0.117188 0.050000 0.062500
0 0.584375 0.046875 0.050000 0.062500
0 0.451562 0.022461 0.050000 0.044922
0 0.685937 0.072266 0.050000 0.062500
0 0.906250 0.018555 0.050000 0.037109
0 0.795312 0.226562 0.050000 0.062500
0 0.885938 0.261719 0.050000 0.062500
0 0.837500 0.287109 0.050000 0.062500
0 0.803125 0.361328 0.050000 0.062500
0 0.831250 0.433594 0.050000 0.062500
0 0.879687 0.458984 0.050000 0.062500
0 0.784375 0.517578 0.050000 0.062500
0 0.823438 0.529297 0.050000 0.062500
0 0.853125 0.523438 0.050000 0.062500
0 0.878125 0.529297 0.050000 0.062500
0 0.890625 0.556641 0.050000 0.062500
0 0.879687 0.578125 0.050000 0.062500
0 0.860938 0.585938 0.050000 0.062500
0 0.782813 0.896484 0.050000 0.062500
0 0.980469 0.261719 0.039062 0.062500
