0 0.520312 0.132812 0.050000 0.062500
0 0.859375 0.537109 0.050000 0.062500
0 0.875000 0.527344 0.050000 0.062500
0 0.890625 0.541016 0.050000 0.062500
0 0.879687 0.572266 0.050000 0.062500
0 0.853125 0.570312 0.050000 0.062500
0 0.039062 0.095703 0.050000 0.062500
0 0.071875 0.089844 0.050000 0.062500
0 0.139063 0.054688 0.050000 0.062500
0 0.132812 0.109375 0.050000 0.062500
0 0.198437 0.019531 0.050000 0.039062
0 0.223438 0.128906 0.050000 0.062500
0 0.175000 0.232422 0.050000 0.062500
0 0.026562 0.228516 0.050000 0.062500
0 0.056250 0.384766 0.050000 0.062500
0 0.075000 0.384766 0.050000 0.062500
0 0.040625 0.451172 0.050000 0.062500
0 0.021094 0.714844 0.042188 0.062500
0 0.062500 0.724609 0.050000 0.062500
0 0.078125 0.740234 0.050000 0.062500
0 0.070312 0.826172 0.050000 0.062500
0 0.014063 0.830078 0.028125 0.062500
0 0.050000 0.939453 0.050000 0.062500
0 0.312500 0.677734 0.050000 0.062500
0 0.506250 0.111328 0.050000 0.062500
0 0.676562 0.066406 0.050000 0.062500
0 0.881250 0.021484 0.050000 0.042969
0 0.354687 0.220703 0.050000 0.062500
0 0.353125 0.289062 0.050000 0.062500
0 0.292187 0.363281 0.050000 0.062500
0 0.310937 0.361328 0.050000 0.062500
0 0.292187 0.458984 0.050000 0.062500
0 0.353125 0.445312 0.050000 0.062500
0 0.293750 0.488281 0.050000 0.062500
0 0.356250 0.498047 0.050000 0.062500
0 0.364063 0.517578 0.050000 0.062500
0 0.376563 0.494141 0.050000 0.062500
0 0.393750 0.474609 0.050000 0.062500
0 0.396875 0.523438 0.050000 0.062500
0 0.396875 0.785156 0.050000 0.062500
0 0.376563 0.845703 0.050000 0.062500
0 0.535937 0.789062 0.050000 0.062500
0 0.585938 0.740234 0.050000 0.062500
0 0.828125 0.843750 0.050000 0.062500
0 0.818750 0.521484 0.050000 0.062500
0 0.845313 0.519531 0.050000 0.062500
0 0.765625 0.507812 0.050000 0.062500
0 0.871875 0.486328 0.050000 0.062500
0 0.812500 0.388672 0.050000 0.062500
0 0.815625 0.326172 0.050000 0.062500
0 0.826562 0.291016 0.050000 0.062500
0 0.876563 0.246094 0.050000 0.062500
0 0.978906 0.248047 0.042188 0.062500
