0 0.171875 0.019531 0.050000 0.039062
0 0.198437 0.028320 0.050000 0.056641
0 0.120313 0.072266 0.050000 0.062500
0 0.060937 0.125000 0.050000 0.062500
0 0.031250 0.121094 0.050000 0.062500
0 0.120313 0.183594 0.050000 0.062500
0 0.022656 0.246094 0.045312 0.062500
0 0.060937 0.417969 0.050000 0.062500
0 0.068750 0.414062 0.050000 0.062500
0 0.034375 0.480469 0.050000 0.062500
0 0.014844 0.746094 0.029687 0.062500
0 0.021875 0.751953 0.043750 0.062500
0 0.065625 0.750000 0.050000 0.062500
0 0.078125 0.763672 0.050000 0.062500
0 0.070312 0.869141 0.050000 0.062500
0 0.051562 0.966797 0.050000 0.062500
0 0.014844 0.867188 0.029687 0.062500
0 0.176563 0.234375 0.050000 0.062500
0 0.232813 0.101562 0.050000 0.062500
0 0.350000 0.033203 0.050000 0.062500
0 0.506250 0.109375 0.050000 0.062500
0 0.523438 0.128906 0.050000 0.062500
0 0.676562 0.060547 0.050000 0.062500
0 0.603125 0.022461 0.050000 0.044922
0 0.876563 0.018555 0.050000 0.037109
0 0.876563 0.244141 0.050000 0.062500
0 0.978906 0.250000 0.042188 0.062500
0 0.828125 0.291016 0.050000 0.062500
0 0.809375 0.361328 0.050000 0.062500
0 0.821875 0.402344 0.050000 0.062500
0 0.784375 0.515625 0.050000 0.062500
0 0.820312 0.517578 0.050000 0.062500
0 0.843750 0.515625 0.050000 0.062500
0 0.864062 0.515625 0.050000 0.062500
0 0.859375 0.533203 0.050000 0.062500
0 0.859375 0.572266 0.050000 0.062500
0 0.882812 0.574219 0.050000 0.062500
0 0.890625 0.544922 0.050000 0.062500
0 0.878125 0.529297 0.050000 0.062500
0 0.842187 0.808594 0.050000 0.062500
0 0.584375 0.740234 0.050000 0.062500
0 0.539062 0.789062 0.050000 0.062500
0 0.406250 0.757812 0.050000 0.062500
0 0.396875 0.845703 0.050000 0.062500
0 0.312500 0.675781 0.050000 0.062500
0 0.293750 0.455078 0.050000 0.062500
0 0.295312 0.488281 0.050000 0.062500
0 0.329688 0.482422 0.050000 0.062500
0 0.364063 0.517578 0.050000 0.062500
0 0.356250 0.447266 0.050000 0.062500
0 0.395313 0.474609 0.050000 0.062500
0 0.290625 0.361328 0.050000 0.062500
0 0.312500 0.357422 0.050000 0.062500
0 0.354687 0.210938 0.050000 0.062500
0 0.417187 0.210938 0.050000 0.062500
0 0.354687 0.283203 0.050000 0.062500
0 0.790625 0.207031 0.050000 0.062500
