0 0.098437 0.019531 0.050000 0.039062
0 0.078125 0.070312 0.050000 0.062500
0 0.082812 0.101562 0.050000 0.062500
0 0.270313 0.109375 0.050000 0.062500
0 0.273438 0.085938 0.050000 0.062500
0 0.284375 0.016602 0.050000 0.033203
0 0.446875 0.027344 0.050000 0.054688
0 0.496875 0.020508 0.050000 0.041016
0 0.487500 0.058594 0.050000 0.062500
0 0.485938 0.078125 0.050000 0.062500
0 0.823438 0.024414 0.050000 0.048828
0 0.796875 0.076172 0.050000 0.062500
0 0.879687 0.111328 0.050000 0.062500
0 0.903125 0.203125 0.050000 0.062500
0 0.932813 0.203125 0.050000 0.062500
0 0.937500 0.181641 0.050000 0.062500
0 0.945312 0.162109 0.050000 0.062500
0 0.318750 0.472656 0.050000 0.062500
0 0.375000 0.498047 0.050000 0.062500
0 0.484375 0.404297 0.050000 0.062500
0 0.632812 0.380859 0.050000 0.062500
0 0.659375 0.390625 0.050000 0.062500
0 0.732812 0.382812 0.050000 0.062500
0 0.735938 0.398438 0.050000 0.062500
0 0.614062 0.462891 0.050000 0.062500
0 0.664062 0.451172 0.050000 0.062500
0 0.648438 0.505859 0.050000 0.062500
0 0.609375 0.503906 0.050000 0.062500
0 0.801562 0.445312 0.050000 0.062500
0 0.856250 0.449219 0.050000 0.062500
0 0.856250 0.525391 0.050000 0.062500
0 0.943750 0.595703 0.050000 0.062500
0 0.937500 0.638672 0.050000 0.062500
0 0.928125 0.654297 0.050000 0.062500
0 0.973437 0.736328 0.050000 0.062500
0 0.982031 0.837891 0.035937 0.062500
0 0.398438 0.689453 0.050000 0.062500
0 0.496875 0.812500 0.050000 0.062500
0 0.289062 0.888672 0.050000 0.062500
0 0.089063 0.861328 0.050000 0.062500
