0 0.017188 0.121094 0.034375 0.062500
0 0.021875 0.138672 0.043750 0.062500
0 0.017969 0.156250 0.035937 0.062500
0 0.254688 0.093750 0.050000 0.062500
0 0.170313 0.164062 0.050000 0.062500
0 0.204687 0.148438 0.050000 0.062500
0 0.185938 0.187500 0.050000 0.062500
0 0.195312 0.212891 0.050000 0.062500
0 0.301563 0.148438 0.050000 0.062500
0 0.442188 0.058594 0.050000 0.062500
0 0.278125 0.232422 0.050000 0.062500
0 0.335938 0.208984 0.050000 0.062500
0 0.185938 0.322266 0.050000 0.062500
0 0.189062 0.306641 0.050000 0.062500
0 0.371875 0.251953 0.050000 0.062500
0 0.368750 0.279297 0.050000 0.062500
0 0.595313 0.119141 0.050000 0.062500
0 0.673438 0.083984 0.050000 0.062500
0 0.675000 0.138672 0.050000 0.062500
0 0.600000 0.167969 0.050000 0.062500
0 0.629687 0.185547 0.050000 0.062500
0 0.642188 0.253906 0.050000 0.062500
0 0.692187 0.246094 0.050000 0.062500
0 0.887500 0.201172 0.050000 0.062500
0 0.882812 0.222656 0.050000 0.062500
0 0.821875 0.291016 0.050000 0.062500
0 0.893750 0.337891 0.050000 0.062500
0 0.893750 0.355469 0.050000 0.062500
0 0.934375 0.355469 0.050000 0.062500
0 0.834375 0.408203 0.050000 0.062500
0 0.796875 0.359375 0.050000 0.062500
0 0.160938 0.390625 0.050000 0.062500
0 0.214062 0.386719 0.050000 0.062500
0 0.315625 0.644531 0.050000 0.062500
0 0.485938 0.599609 0.050000 0.062500
0 0.635938 0.562500 0.050000 0.062500
0 0.642188 0.582031 0.050000 0.062500
0 0.664062 0.585938 0.050000 0.062500
0 0.615625 0.650391 0.050000 0.062500
0 0.637500 0.675781 0.050000 0.062500
0 0.614062 0.693359 0.050000 0.062500
0 0.650000 0.701172 0.050000 0.062500
0 0.665625 0.644531 0.050000 0.062500
0 0.734375 0.568359 0.050000 0.062500
0 0.739062 0.591797 0.050000 0.062500
0 0.407813 0.890625 0.050000 0.062500
0 0.265625 0.982422 0.050000 0.035156
0 0.801562 0.634766 0.050000 0.062500
0 0.854688 0.628906 0.050000 0.062500
0 0.859375 0.707031 0.050000 0.062500
0 0.909375 0.878906 0.050000 0.062500
0 0.943750 0.816406 0.050000 0.062500
0 0.948438 0.779297 0.050000 0.062500
