0 0.156250 0.142578 0.050000 0.062500
0 0.145313 0.164062 0.050000 0.062500
0 0.175000 0.183594 0.050000 0.062500
0 0.179688 0.214844 0.050000 0.062500
0 0.237500 0.089844 0.050000 0.062500
0 0.273438 0.144531 0.050000 0.062500
0 0.318750 0.205078 0.050000 0.062500
0 0.346875 0.251953 0.050000 0.062500
0 0.343750 0.277344 0.050000 0.062500
0 0.228125 0.236328 0.050000 0.062500
0 0.129688 0.298828 0.050000 0.062500
0 0.176563 0.298828 0.050000 0.062500
0 0.173437 0.314453 0.050000 0.062500
0 0.425000 0.058594 0.050000 0.062500
0 0.571875 0.113281 0.050000 0.062500
0 0.678125 0.121094 0.050000 0.062500
0 0.656250 0.142578 0.050000 0.062500
0 0.584375 0.173828 0.050000 0.062500
0 0.573438 0.191406 0.050000 0.062500
0 0.578125 0.250000 0.050000 0.062500
0 0.673438 0.240234 0.050000 0.062500
0 0.798438 0.289062 0.050000 0.062500
0 0.775000 0.363281 0.050000 0.062500
0 0.840625 0.416016 0.050000 0.062500
0 0.887500 0.359375 0.050000 0.062500
0 0.898438 0.328125 0.050000 0.062500
0 0.826562 0.197266 0.050000 0.062500
0 0.743750 0.597656 0.050000 0.062500
0 0.737500 0.574219 0.050000 0.062500
0 0.806250 0.636719 0.050000 0.062500
0 0.859375 0.638672 0.050000 0.062500
0 0.892188 0.873047 0.050000 0.062500
0 0.932813 0.847656 0.050000 0.062500
0 0.946875 0.826172 0.050000 0.062500
0 0.959375 0.792969 0.050000 0.062500
0 0.407813 0.890625 0.050000 0.062500
0 0.298438 0.613281 0.050000 0.062500
0 0.223438 0.376953 0.050000 0.062500
0 0.490625 0.599609 0.050000 0.062500
0 0.646875 0.578125 0.050000 0.062500
0 0.670312 0.587891 0.050000 0.062500
0 0.670312 0.650391 0.050000 0.062500
0 0.620313 0.658203 0.050000 0.062500
0 0.610938 0.697266 0.050000 0.062500
0 0.654687 0.697266 0.050000 0.062500
0 0.639062 0.679688 0.050000 0.062500
