0 0.079687 0.234375 0.050000 0.062500
0 0.100000 0.150391 0.050000 0.062500
0 0.107813 0.171875 0.050000 0.062500
0 0.150000 0.185547 0.050000 0.062500
0 0.154688 0.208984 0.050000 0.062500
0 0.164062 0.248047 0.050000 0.062500
0 0.150000 0.300781 0.050000 0.062500
0 0.146875 0.318359 0.050000 0.062500
0 0.310937 0.273438 0.050000 0.062500
0 0.312500 0.253906 0.050000 0.062500
0 0.284375 0.205078 0.050000 0.062500
0 0.239063 0.142578 0.050000 0.062500
0 0.212500 0.091797 0.050000 0.062500
0 0.395313 0.058594 0.050000 0.062500
0 0.532813 0.115234 0.050000 0.062500
0 0.560937 0.177734 0.050000 0.062500
0 0.517188 0.187500 0.050000 0.062500
0 0.507812 0.244141 0.050000 0.062500
0 0.642188 0.242188 0.050000 0.062500
0 0.626563 0.142578 0.050000 0.062500
0 0.673438 0.156250 0.050000 0.062500
0 0.764062 0.160156 0.050000 0.062500
0 0.757812 0.179688 0.050000 0.062500
0 0.756250 0.279297 0.050000 0.062500
0 0.742188 0.359375 0.050000 0.062500
0 0.848437 0.300781 0.050000 0.062500
0 0.882812 0.339844 0.050000 0.062500
0 0.876563 0.363281 0.050000 0.062500
0 0.843750 0.412109 0.050000 0.062500
0 0.959375 0.794922 0.050000 0.062500
0 0.946875 0.828125 0.050000 0.062500
0 0.934375 0.851562 0.050000 0.062500
0 0.870313 0.865234 0.050000 0.062500
0 0.862500 0.718750 0.050000 0.062500
0 0.862500 0.640625 0.050000 0.062500
0 0.618750 0.660156 0.050000 0.062500
0 0.612500 0.695312 0.050000 0.062500
0 0.656250 0.701172 0.050000 0.062500
0 0.639062 0.681641 0.050000 0.062500
0 0.670312 0.650391 0.050000 0.062500
0 0.646875 0.580078 0.050000 0.062500
0 0.735938 0.574219 0.050000 0.062500
0 0.743750 0.597656 0.050000 0.062500
0 0.803125 0.638672 0.050000 0.062500
0 0.670312 0.589844 0.050000 0.062500
0 0.487500 0.603516 0.050000 0.062500
0 0.287500 0.595703 0.050000 0.062500
0 0.404687 0.892578 0.050000 0.062500
