0 0.050000 0.179688 0.050000 0.062500
0 0.104688 0.183594 0.050000 0.062500
0 0.112500 0.205078 0.050000 0.062500
0 0.035937 0.255859 0.050000 0.062500
0 0.101562 0.302734 0.050000 0.062500
0 0.107813 0.318359 0.050000 0.062500
0 0.246875 0.250000 0.050000 0.062500
0 0.250000 0.271484 0.050000 0.062500
0 0.225000 0.205078 0.050000 0.062500
0 0.173437 0.142578 0.050000 0.062500
0 0.156250 0.091797 0.050000 0.062500
0 0.340625 0.054688 0.050000 0.062500
0 0.460938 0.107422 0.050000 0.062500
0 0.568750 0.136719 0.050000 0.062500
0 0.515625 0.167969 0.050000 0.062500
0 0.401562 0.181641 0.050000 0.062500
0 0.375000 0.236328 0.050000 0.062500
0 0.587500 0.228516 0.050000 0.062500
0 0.656250 0.207031 0.050000 0.062500
0 0.681250 0.259766 0.050000 0.062500
0 0.746875 0.275391 0.050000 0.062500
0 0.684375 0.339844 0.050000 0.062500
0 0.626563 0.113281 0.050000 0.062500
0 0.629687 0.134766 0.050000 0.062500
0 0.856250 0.328125 0.050000 0.062500
0 0.857812 0.345703 0.050000 0.062500
0 0.975000 0.328125 0.050000 0.062500
0 0.970313 0.753906 0.050000 0.062500
0 0.948438 0.826172 0.050000 0.062500
0 0.945312 0.851562 0.050000 0.062500
0 0.980469 0.664062 0.039062 0.062500
0 0.817187 0.847656 0.050000 0.062500
0 0.860938 0.640625 0.050000 0.062500
0 0.864062 0.716797 0.050000 0.062500
0 0.809375 0.640625 0.050000 0.062500
0 0.746875 0.597656 0.050000 0.062500
0 0.739062 0.570312 0.050000 0.062500
0 0.650000 0.570312 0.050000 0.062500
0 0.675000 0.593750 0.050000 0.062500
0 0.676562 0.646484 0.050000 0.062500
0 0.643750 0.679688 0.050000 0.062500
0 0.615625 0.691406 0.050000 0.062500
0 0.621875 0.658203 0.050000 0.062500
0 0.409375 0.890625 0.050000 0.062500
0 0.290625 0.589844 0.050000 0.062500
0 0.492188 0.605469 0.050000 0.062500
0 0.679688 0.828125 0.050000 0.062500
0 0.268750 0.951172 0.050000 0.062500
0 0.073438 0.101562 0.050000 0.062500
0 0.968750 0.400391 0.050000 0.062500
