0 0.375000 0.458984 0.050000 0.062500
0 0.362500 0.695312 0.050000 0.062500
0 0.798438 0.593750 0.050000 0.062500
0 0.717187 0.431641 0.050000 0.062500
0 0.982031 0.630859 0.035937 0.062500
0 0.920312 0.923828 0.050000 0.062500
0 0.021875 0.707031 0.043750 0.062500
0 0.043750 0.333984 0.050000 0.062500
0 0.104688 0.355469 0.050000 0.062500
0 0.192188 0.322266 0.050000 0.062500
0 0.118750 0.279297 0.050000 0.062500
0 0.068750 0.292969 0.050000 0.062500
0 0.107813 0.251953 0.050000 0.062500
0 0.112500 0.199219 0.050000 0.062500
0 0.240625 0.136719 0.050000 0.062500
0 0.248438 0.164062 0.050000 0.062500
0 0.242188 0.185547 0.050000 0.062500
0 0.331250 0.226562 0.050000 0.062500
0 0.475000 0.128906 0.050000 0.062500
0 0.457813 0.183594 0.050000 0.062500
0 0.540625 0.195312 0.050000 0.062500
0 0.528125 0.222656 0.050000 0.062500
0 0.454688 0.230469 0.050000 0.062500
0 0.468750 0.253906 0.050000 0.062500
0 0.473438 0.283203 0.050000 0.062500
0 0.535937 0.292969 0.050000 0.062500
0 0.534375 0.312500 0.050000 0.062500
0 0.465625 0.339844 0.050000 0.062500
0 0.462500 0.357422 0.050000 0.062500
0 0.653125 0.066406 0.050000 0.062500
0 0.698438 0.119141 0.050000 0.062500
0 0.734375 0.126953 0.050000 0.062500
0 0.709375 0.148438 0.050000 0.062500
0 0.885938 0.167969 0.050000 0.062500
0 0.860938 0.189453 0.050000 0.062500
0 0.900000 0.248047 0.050000 0.062500
0 0.775000 0.292969 0.050000 0.062500
0 0.914062 0.318359 0.050000 0.062500
0 0.979688 0.234375 0.040625 0.062500
0 0.982031 0.220703 0.035937 0.062500
0 0.982031 0.365234 0.035937 0.062500
