0 0.021094 0.339844 0.042188 0.062500
0 0.076563 0.357422 0.050000 0.062500
0 0.168750 0.326172 0.050000 0.062500
0 0.045312 0.292969 0.050000 0.062500
0 0.067187 0.279297 0.050000 0.062500
0 0.075000 0.251953 0.050000 0.062500
0 0.070312 0.201172 0.050000 0.062500
0 0.217188 0.140625 0.050000 0.062500
0 0.223438 0.162109 0.050000 0.062500
0 0.215625 0.183594 0.050000 0.062500
0 0.301563 0.230469 0.050000 0.062500
0 0.446875 0.121094 0.050000 0.062500
0 0.425000 0.181641 0.050000 0.062500
0 0.487500 0.189453 0.050000 0.062500
0 0.503125 0.218750 0.050000 0.062500
0 0.431250 0.230469 0.050000 0.062500
0 0.448437 0.251953 0.050000 0.062500
0 0.417187 0.289062 0.050000 0.062500
0 0.507812 0.292969 0.050000 0.062500
0 0.503125 0.314453 0.050000 0.062500
0 0.448437 0.341797 0.050000 0.062500
0 0.437500 0.357422 0.050000 0.062500
0 0.626563 0.064453 0.050000 0.062500
0 0.640625 0.121094 0.050000 0.062500
0 0.650000 0.146484 0.050000 0.062500
0 0.701562 0.126953 0.050000 0.062500
0 0.837500 0.189453 0.050000 0.062500
0 0.859375 0.162109 0.050000 0.062500
0 0.873437 0.248047 0.050000 0.062500
0 0.815625 0.337891 0.050000 0.062500
0 0.871875 0.312500 0.050000 0.062500
0 0.964063 0.359375 0.050000 0.062500
0 0.954688 0.232422 0.050000 0.062500
0 0.954688 0.212891 0.050000 0.062500
0 0.980469 0.630859 0.039062 0.062500
0 0.915625 0.921875 0.050000 0.062500
0 0.359375 0.457031 0.050000 0.062500
0 0.021094 0.703125 0.042188 0.062500
0 0.362500 0.697266 0.050000 0.062500
