0 0.798438 0.617188 0.050000 0.062500
0 0.359375 0.681641 0.050000 0.062500
0 0.017969 0.197266 0.035937 0.062500
0 0.042188 0.253906 0.050000 0.062500
0 0.021875 0.296875 0.043750 0.062500
0 0.042188 0.351562 0.050000 0.062500
0 0.132812 0.324219 0.050000 0.062500
0 0.262500 0.230469 0.050000 0.062500
0 0.350000 0.289062 0.050000 0.062500
0 0.189062 0.142578 0.050000 0.062500
0 0.193750 0.164062 0.050000 0.062500
0 0.184375 0.181641 0.050000 0.062500
0 0.412500 0.117188 0.050000 0.062500
0 0.385937 0.185547 0.050000 0.062500
0 0.423438 0.189453 0.050000 0.062500
0 0.467187 0.214844 0.050000 0.062500
0 0.401562 0.230469 0.050000 0.062500
0 0.423438 0.244141 0.050000 0.062500
0 0.471875 0.291016 0.050000 0.062500
0 0.467187 0.312500 0.050000 0.062500
0 0.420312 0.347656 0.050000 0.062500
0 0.410938 0.359375 0.050000 0.062500
0 0.568750 0.128906 0.050000 0.062500
0 0.582812 0.144531 0.050000 0.062500
0 0.592187 0.058594 0.050000 0.062500
0 0.662500 0.121094 0.050000 0.062500
0 0.829688 0.160156 0.050000 0.062500
0 0.809375 0.189453 0.050000 0.062500
0 0.923438 0.201172 0.050000 0.062500
0 0.920312 0.226562 0.050000 0.062500
0 0.840625 0.244141 0.050000 0.062500
0 0.815625 0.312500 0.050000 0.062500
0 0.956250 0.296875 0.050000 0.062500
0 0.931250 0.353516 0.050000 0.062500
0 0.848437 0.394531 0.050000 0.062500
0 0.978906 0.632812 0.042188 0.062500
0 0.357812 0.455078 0.050000 0.062500
0 0.910937 0.917969 0.050000 0.062500
