0 0.909375 0.916016 0.050000 0.062500
0 0.021875 0.345703 0.043750 0.062500
0 0.109375 0.322266 0.050000 0.062500
0 0.292187 0.285156 0.050000 0.062500
0 0.232813 0.226562 0.050000 0.062500
0 0.162500 0.181641 0.050000 0.062500
0 0.170313 0.160156 0.050000 0.062500
0 0.162500 0.138672 0.050000 0.062500
0 0.387500 0.109375 0.050000 0.062500
0 0.353125 0.177734 0.050000 0.062500
0 0.375000 0.164062 0.050000 0.062500
0 0.376563 0.224609 0.050000 0.062500
0 0.401562 0.246094 0.050000 0.062500
0 0.439063 0.205078 0.050000 0.062500
0 0.440625 0.291016 0.050000 0.062500
0 0.437500 0.314453 0.050000 0.062500
0 0.403125 0.339844 0.050000 0.062500
0 0.390625 0.351562 0.050000 0.062500
0 0.504687 0.132812 0.050000 0.062500
0 0.515625 0.142578 0.050000 0.062500
0 0.567187 0.052734 0.050000 0.062500
0 0.631250 0.117188 0.050000 0.062500
0 0.798438 0.154297 0.050000 0.062500
0 0.787500 0.185547 0.050000 0.062500
0 0.810937 0.242188 0.050000 0.062500
0 0.762500 0.310547 0.050000 0.062500
0 0.903125 0.343750 0.050000 0.062500
0 0.898438 0.287109 0.050000 0.062500
0 0.890625 0.220703 0.050000 0.062500
0 0.890625 0.201172 0.050000 0.062500
0 0.803125 0.625000 0.050000 0.062500
0 0.978906 0.630859 0.042188 0.062500
0 0.379688 0.457031 0.050000 0.062500
0 0.017188 0.701172 0.034375 0.062500
