0 0.087500 0.322266 0.050000 0.062500
0 0.239063 0.283203 0.050000 0.062500
0 0.204687 0.224609 0.050000 0.062500
0 0.142187 0.138672 0.050000 0.062500
0 0.148438 0.162109 0.050000 0.062500
0 0.137500 0.183594 0.050000 0.062500
0 0.321875 0.152344 0.050000 0.062500
0 0.331250 0.175781 0.050000 0.062500
0 0.451562 0.134766 0.050000 0.062500
0 0.457813 0.150391 0.050000 0.062500
0 0.360938 0.111328 0.050000 0.062500
0 0.543750 0.048828 0.050000 0.062500
0 0.598437 0.115234 0.050000 0.062500
0 0.414062 0.205078 0.050000 0.062500
0 0.356250 0.226562 0.050000 0.062500
0 0.381250 0.244141 0.050000 0.062500
0 0.389062 0.339844 0.050000 0.062500
0 0.373437 0.353516 0.050000 0.062500
0 0.406250 0.314453 0.050000 0.062500
0 0.415625 0.289062 0.050000 0.062500
0 0.776563 0.150391 0.050000 0.062500
0 0.768750 0.183594 0.050000 0.062500
0 0.867188 0.199219 0.050000 0.062500
0 0.868750 0.220703 0.050000 0.062500
0 0.843750 0.285156 0.050000 0.062500
0 0.875000 0.341797 0.050000 0.062500
0 0.720313 0.312500 0.050000 0.062500
0 0.784375 0.240234 0.050000 0.062500
0 0.721875 0.443359 0.050000 0.062500
0 0.796875 0.617188 0.050000 0.062500
0 0.977344 0.628906 0.045312 0.062500
0 0.907813 0.912109 0.050000 0.062500
0 0.392188 0.464844 0.050000 0.062500
0 0.017188 0.697266 0.034375 0.062500
