0 0.019531 0.212891 0.039062 0.062500
0 0.015625 0.259766 0.031250 0.062500
0 0.079687 0.177734 0.050000 0.062500
0 0.103125 0.218750 0.050000 0.062500
0 0.132812 0.285156 0.050000 0.062500
0 0.228125 0.250000 0.050000 0.062500
0 0.218750 0.175781 0.050000 0.062500
0 0.321875 0.154297 0.050000 0.062500
0 0.293750 0.056641 0.050000 0.062500
0 0.298438 0.078125 0.050000 0.062500
0 0.325000 0.042969 0.050000 0.062500
0 0.417187 0.050781 0.050000 0.062500
0 0.421875 0.082031 0.050000 0.062500
0 0.445312 0.119141 0.050000 0.062500
0 0.493750 0.030273 0.050000 0.060547
0 0.548438 0.125000 0.050000 0.062500
0 0.510938 0.146484 0.050000 0.062500
0 0.543750 0.164062 0.050000 0.062500
0 0.525000 0.216797 0.050000 0.062500
0 0.523438 0.236328 0.050000 0.062500
0 0.542188 0.271484 0.050000 0.062500
0 0.559375 0.261719 0.050000 0.062500
0 0.759375 0.240234 0.050000 0.062500
0 0.817187 0.195312 0.050000 0.062500
0 0.706250 0.041016 0.050000 0.062500
0 0.914062 0.072266 0.050000 0.062500
0 0.932813 0.109375 0.050000 0.062500
0 0.926562 0.160156 0.050000 0.062500
0 0.983594 0.117188 0.032813 0.062500
0 0.984375 0.134766 0.031250 0.062500
0 0.634375 0.378906 0.050000 0.062500
0 0.970313 0.460938 0.050000 0.062500
0 0.259375 0.640625 0.050000 0.062500
0 0.250000 0.617188 0.050000 0.062500
0 0.265625 0.625000 0.050000 0.062500
0 0.175000 0.349609 0.050000 0.062500
0 0.154688 0.378906 0.050000 0.062500
0 0.182812 0.378906 0.050000 0.062500
0 0.017188 0.724609 0.034375 0.062500
0 0.267188 0.947266 0.050000 0.062500
0 0.117188 0.971680 0.050000 0.056641
0 0.034375 0.337891 0.050000 0.062500
0 0.056250 0.371094 0.050000 0.062500
0 0.021875 0.365234 0.043750 0.062500
0 0.693750 0.541016 0.050000 0.062500
