0 0.225000 0.029297 0.050000 0.058594
0 0.039062 0.091797 0.050000 0.062500
0 0.028125 0.134766 0.050000 0.062500
0 0.028125 0.166016 0.050000 0.062500
0 0.021094 0.283203 0.042188 0.062500
0 0.017188 0.343750 0.034375 0.062500
0 0.643750 0.152344 0.050000 0.062500
0 0.731250 0.074219 0.050000 0.062500
0 0.892188 0.369141 0.050000 0.062500
0 0.951562 0.384766 0.050000 0.062500
0 0.946875 0.466797 0.050000 0.062500
0 0.856250 0.460938 0.050000 0.062500
0 0.725000 0.486328 0.050000 0.062500
0 0.706250 0.455078 0.050000 0.062500
0 0.609375 0.746094 0.050000 0.062500
0 0.554688 0.791016 0.050000 0.062500
0 0.576562 0.833984 0.050000 0.062500
0 0.728125 0.914062 0.050000 0.062500
0 0.487500 0.482422 0.050000 0.062500
