0 0.120313 0.212891 0.050000 0.062500
0 0.192188 0.148438 0.050000 0.062500
0 0.203125 0.308594 0.050000 0.062500
0 0.265625 0.255859 0.050000 0.062500
0 0.268750 0.146484 0.050000 0.062500
0 0.264062 0.074219 0.050000 0.062500
0 0.245312 0.019531 0.050000 0.039062
0 0.185938 0.044922 0.050000 0.062500
0 0.104688 0.031250 0.050000 0.062500
0 0.106250 0.134766 0.050000 0.062500
0 0.081250 0.419922 0.050000 0.062500
0 0.315625 0.535156 0.050000 0.062500
0 0.360938 0.593750 0.050000 0.062500
0 0.317188 0.609375 0.050000 0.062500
0 0.429688 0.582031 0.050000 0.062500
0 0.412500 0.601562 0.050000 0.062500
0 0.421875 0.621094 0.050000 0.062500
0 0.475000 0.583984 0.050000 0.062500
0 0.456250 0.615234 0.050000 0.062500
0 0.568750 0.537109 0.050000 0.062500
0 0.493750 0.064453 0.050000 0.062500
0 0.551562 0.035156 0.050000 0.062500
0 0.520312 0.091797 0.050000 0.062500
0 0.653125 0.066406 0.050000 0.062500
0 0.665625 0.039062 0.050000 0.062500
0 0.757812 0.138672 0.050000 0.062500
0 0.773438 0.125000 0.050000 0.062500
0 0.823438 0.105469 0.050000 0.062500
0 0.659375 0.294922 0.050000 0.062500
0 0.687500 0.333984 0.050000 0.062500
0 0.403125 0.412109 0.050000 0.062500
0 0.395313 0.455078 0.050000 0.062500
0 0.610938 0.429688 0.050000 0.062500
0 0.628125 0.445312 0.050000 0.062500
0 0.551562 0.402344 0.050000 0.062500
0 0.779687 0.363281 0.050000 0.062500
0 0.829688 0.408203 0.050000 0.062500
0 0.806250 0.503906 0.050000 0.062500
0 0.978906 0.585938 0.042188 0.062500
0 0.420312 0.978516 0.050000 0.042969
