0 0.292187 0.240234 0.050000 0.062500
0 0.435937 0.091797 0.050000 0.062500
0 0.500000 0.018555 0.050000 0.037109
0 0.590625 0.150391 0.050000 0.062500
0 0.539062 0.208984 0.050000 0.062500
0 0.610938 0.199219 0.050000 0.062500
0 0.548438 0.289062 0.050000 0.062500
0 0.634375 0.285156 0.050000 0.062500
0 0.684375 0.242188 0.050000 0.062500
0 0.554688 0.392578 0.050000 0.062500
0 0.635938 0.386719 0.050000 0.062500
0 0.692187 0.318359 0.050000 0.062500
0 0.721875 0.390625 0.050000 0.062500
0 0.715625 0.511719 0.050000 0.062500
0 0.559375 0.509766 0.050000 0.062500
0 0.450000 0.539062 0.050000 0.062500
0 0.520312 0.689453 0.050000 0.062500
0 0.704688 0.080078 0.050000 0.062500
0 0.732812 0.085938 0.050000 0.062500
0 0.715625 0.026367 0.050000 0.052734
0 0.598437 0.074219 0.050000 0.062500
0 0.601562 0.097656 0.050000 0.062500
0 0.407813 0.476562 0.050000 0.062500
0 0.954688 0.376953 0.050000 0.062500
0 0.951562 0.330078 0.050000 0.062500
0 0.979688 0.296875 0.040625 0.062500
0 0.870313 0.037109 0.050000 0.062500
0 0.878125 0.018555 0.050000 0.037109
0 0.839063 0.042969 0.050000 0.062500
0 0.964063 0.024414 0.050000 0.048828
0 0.765625 0.185547 0.050000 0.062500
0 0.945312 0.523438 0.050000 0.062500
0 0.828125 0.710938 0.050000 0.062500
0 0.700000 0.742188 0.050000 0.062500
0 0.753125 0.794922 0.050000 0.062500
0 0.735938 0.822266 0.050000 0.062500
0 0.756250 0.845703 0.050000 0.062500
0 0.798438 0.849609 0.050000 0.062500
0 0.851562 0.888672 0.050000 0.062500
0 0.906250 0.876953 0.050000 0.062500
0 0.903125 0.837891 0.050000 0.062500
0 0.918750 0.820312 0.050000 0.062500
0 0.301563 0.973633 0.050000 0.052734
0 0.084375 0.699219 0.050000 0.062500
0 0.104688 0.683594 0.050000 0.062500
0 0.107813 0.728516 0.050000 0.062500
0 0.281250 0.718750 0.050000 0.062500
0 0.379688 0.689453 0.050000 0.062500
