0 0.034375 0.046875 0.050000 0.062500
0 0.053125 0.144531 0.050000 0.062500
0 0.168750 0.066406 0.050000 0.062500
0 0.193750 0.039062 0.050000 0.062500
0 0.135937 0.018555 0.050000 0.037109
0 0.543750 0.070312 0.050000 0.062500
0 0.600000 0.058594 0.050000 0.062500
0 0.571875 0.022461 0.050000 0.044922
0 0.335938 0.091797 0.050000 0.062500
0 0.565625 0.132812 0.050000 0.062500
0 0.614062 0.097656 0.050000 0.062500
0 0.737500 0.154297 0.050000 0.062500
0 0.760938 0.187500 0.050000 0.062500
0 0.759375 0.212891 0.050000 0.062500
0 0.923438 0.363281 0.050000 0.062500
0 0.692187 0.275391 0.050000 0.062500
0 0.653125 0.230469 0.050000 0.062500
0 0.557813 0.232422 0.050000 0.062500
0 0.584375 0.238281 0.050000 0.062500
0 0.520312 0.212891 0.050000 0.062500
0 0.620313 0.318359 0.050000 0.062500
0 0.620313 0.318359 0.050000 0.062500
0 0.710938 0.343750 0.050000 0.062500
0 0.771875 0.443359 0.050000 0.062500
0 0.983594 0.560547 0.032813 0.062500
0 0.968750 0.609375 0.050000 0.062500
0 0.935937 0.634766 0.050000 0.062500
0 0.695312 0.771484 0.050000 0.062500
0 0.587500 0.789062 0.050000 0.062500
0 0.712500 0.648438 0.050000 0.062500
0 0.621875 0.640625 0.050000 0.062500
0 0.532813 0.650391 0.050000 0.062500
0 0.435937 0.638672 0.050000 0.062500
0 0.409375 0.634766 0.050000 0.062500
0 0.292187 0.517578 0.050000 0.062500
0 0.295312 0.494141 0.050000 0.062500
0 0.437500 0.347656 0.050000 0.062500
0 0.589063 0.369141 0.050000 0.062500
0 0.610938 0.464844 0.050000 0.062500
0 0.531250 0.472656 0.050000 0.062500
0 0.534375 0.554688 0.050000 0.062500
0 0.623437 0.550781 0.050000 0.062500
0 0.684375 0.503906 0.050000 0.062500
0 0.693750 0.574219 0.050000 0.062500
0 0.081250 0.955078 0.050000 0.062500
0 0.106250 0.929688 0.050000 0.062500
0 0.104688 0.971680 0.050000 0.056641
0 0.521875 0.951172 0.050000 0.062500
0 0.940625 0.873047 0.050000 0.062500
0 0.982812 0.919922 0.034375 0.062500
0 0.334375 0.150391 0.050000 0.062500
