0 0.032813 0.562500 0.050000 0.062500
0 0.100000 0.507812 0.050000 0.062500
0 0.198437 0.435547 0.050000 0.062500
0 0.257812 0.390625 0.050000 0.062500
0 0.257812 0.414062 0.050000 0.062500
0 0.448437 0.380859 0.050000 0.062500
0 0.421875 0.486328 0.050000 0.062500
0 0.420312 0.515625 0.050000 0.062500
0 0.557813 0.544922 0.050000 0.062500
0 0.685937 0.509766 0.050000 0.062500
0 0.573438 0.462891 0.050000 0.062500
0 0.590625 0.443359 0.050000 0.062500
0 0.628125 0.431641 0.050000 0.062500
0 0.646875 0.402344 0.050000 0.062500
0 0.660937 0.345703 0.050000 0.062500
0 0.673438 0.357422 0.050000 0.062500
0 0.648438 0.306641 0.050000 0.062500
0 0.679688 0.310547 0.050000 0.062500
0 0.740625 0.291016 0.050000 0.062500
0 0.667188 0.271484 0.050000 0.062500
0 0.812500 0.406250 0.050000 0.062500
0 0.803125 0.376953 0.050000 0.062500
0 0.909375 0.408203 0.050000 0.062500
0 0.968750 0.468750 0.050000 0.062500
0 0.975000 0.646484 0.050000 0.062500
0 0.932813 0.658203 0.050000 0.062500
0 0.976562 0.744141 0.046875 0.062500
0 0.923438 0.785156 0.050000 0.062500
0 0.884375 0.869141 0.050000 0.062500
0 0.760938 0.859375 0.050000 0.062500
0 0.698438 0.939453 0.050000 0.062500
0 0.653125 0.888672 0.050000 0.062500
0 0.512500 0.900391 0.050000 0.062500
0 0.287500 0.910156 0.050000 0.062500
0 0.248438 0.634766 0.050000 0.062500
0 0.435937 0.599609 0.050000 0.062500
0 0.409375 0.699219 0.050000 0.062500
0 0.437500 0.705078 0.050000 0.062500
0 0.440625 0.763672 0.050000 0.062500
0 0.450000 0.759766 0.050000 0.062500
0 0.596875 0.753906 0.050000 0.062500
0 0.601562 0.716797 0.050000 0.062500
0 0.698438 0.710938 0.050000 0.062500
0 0.734375 0.750000 0.050000 0.062500
0 0.812500 0.677734 0.050000 0.062500
0 0.814063 0.658203 0.050000 0.062500
0 0.607812 0.564453 0.050000 0.062500
0 0.632812 0.580078 0.050000 0.062500
