0 0.146875 0.437500 0.050000 0.062500
0 0.225000 0.419922 0.050000 0.062500
0 0.217188 0.396484 0.050000 0.062500
0 0.019531 0.523438 0.039062 0.062500
0 0.142187 0.640625 0.050000 0.062500
0 0.281250 0.908203 0.050000 0.062500
0 0.442188 0.763672 0.050000 0.062500
0 0.487500 0.917969 0.050000 0.062500
0 0.676562 0.855469 0.050000 0.062500
0 0.712500 0.908203 0.050000 0.062500
0 0.759375 0.865234 0.050000 0.062500
0 0.864062 0.933594 0.050000 0.062500
0 0.742188 0.736328 0.050000 0.062500
0 0.704688 0.728516 0.050000 0.062500
0 0.601562 0.722656 0.050000 0.062500
0 0.598437 0.744141 0.050000 0.062500
0 0.376563 0.486328 0.050000 0.062500
0 0.378125 0.515625 0.050000 0.062500
0 0.507812 0.535156 0.050000 0.062500
0 0.398438 0.580078 0.050000 0.062500
0 0.623437 0.546875 0.050000 0.062500
0 0.667188 0.578125 0.050000 0.062500
0 0.701562 0.494141 0.050000 0.062500
0 0.609375 0.464844 0.050000 0.062500
0 0.532813 0.408203 0.050000 0.062500
0 0.500000 0.433594 0.050000 0.062500
0 0.421875 0.373047 0.050000 0.062500
0 0.676562 0.404297 0.050000 0.062500
0 0.651563 0.314453 0.050000 0.062500
0 0.704688 0.283203 0.050000 0.062500
0 0.682813 0.312500 0.050000 0.062500
0 0.693750 0.339844 0.050000 0.062500
0 0.828125 0.384766 0.050000 0.062500
0 0.945312 0.521484 0.050000 0.062500
0 0.925000 0.642578 0.050000 0.062500
0 0.957812 0.636719 0.050000 0.062500
0 0.920312 0.710938 0.050000 0.062500
0 0.860938 0.740234 0.050000 0.062500
0 0.784375 0.654297 0.050000 0.062500
0 0.784375 0.650391 0.050000 0.062500
0 0.431250 0.677734 0.050000 0.062500
0 0.450000 0.673828 0.050000 0.062500
0 0.701562 0.349609 0.050000 0.062500
0 0.706250 0.361328 0.050000 0.062500
0 0.834375 0.417969 0.050000 0.062500
0 0.926562 0.423828 0.050000 0.062500
0 0.884375 0.277344 0.050000 0.062500
