0 0.092188 0.021484 0.050000 0.042969
0 0.043750 0.091797 0.050000 0.062500
0 0.262500 0.056641 0.050000 0.062500
0 0.351562 0.109375 0.050000 0.062500
0 0.340625 0.126953 0.050000 0.062500
0 0.470313 0.279297 0.050000 0.062500
0 0.493750 0.285156 0.050000 0.062500
0 0.550000 0.296875 0.050000 0.062500
0 0.406250 0.302734 0.050000 0.062500
0 0.390625 0.320312 0.050000 0.062500
0 0.389062 0.386719 0.050000 0.062500
0 0.460938 0.429688 0.050000 0.062500
0 0.446875 0.578125 0.050000 0.062500
0 0.334375 0.632812 0.050000 0.062500
0 0.237500 0.716797 0.050000 0.062500
0 0.142187 0.572266 0.050000 0.062500
0 0.264062 0.978516 0.050000 0.042969
0 0.489063 0.900391 0.050000 0.062500
0 0.462500 0.761719 0.050000 0.062500
0 0.448437 0.767578 0.050000 0.062500
0 0.585938 0.841797 0.050000 0.062500
0 0.596875 0.826172 0.050000 0.062500
0 0.606250 0.816406 0.050000 0.062500
0 0.634375 0.767578 0.050000 0.062500
0 0.645312 0.740234 0.050000 0.062500
0 0.632812 0.679688 0.050000 0.062500
0 0.751563 0.480469 0.050000 0.062500
0 0.750000 0.542969 0.050000 0.062500
0 0.765625 0.576172 0.050000 0.062500
0 0.809375 0.636719 0.050000 0.062500
0 0.757812 0.673828 0.050000 0.062500
0 0.692187 0.646484 0.050000 0.062500
0 0.696875 0.716797 0.050000 0.062500
0 0.693750 0.890625 0.050000 0.062500
0 0.746875 0.977539 0.050000 0.044922
0 0.801562 0.658203 0.050000 0.062500
0 0.843750 0.791016 0.050000 0.062500
0 0.856250 0.777344 0.050000 0.062500
0 0.859375 0.900391 0.050000 0.062500
0 0.503125 0.937500 0.050000 0.062500
0 0.468750 0.981445 0.050000 0.037109
0 0.126562 0.578125 0.050000 0.062500
