0 0.235937 0.025391 0.050000 0.050781
0 0.040625 0.097656 0.050000 0.062500
0 0.028125 0.138672 0.050000 0.062500
0 0.032813 0.169922 0.050000 0.062500
0 0.019531 0.285156 0.039062 0.062500
0 0.015625 0.345703 0.031250 0.062500
0 0.492188 0.486328 0.050000 0.062500
0 0.621875 0.126953 0.050000 0.062500
0 0.731250 0.074219 0.050000 0.062500
0 0.948438 0.386719 0.050000 0.062500
0 0.896875 0.373047 0.050000 0.062500
0 0.935937 0.472656 0.050000 0.062500
0 0.857812 0.460938 0.050000 0.062500
0 0.721875 0.533203 0.050000 0.062500
0 0.700000 0.492188 0.050000 0.062500
0 0.617188 0.734375 0.050000 0.062500
0 0.573438 0.765625 0.050000 0.062500
0 0.575000 0.816406 0.050000 0.062500
0 0.721875 0.910156 0.050000 0.062500
