0 0.542188 0.080078 0.050000 0.062500
0 0.570312 0.074219 0.050000 0.062500
0 0.537500 0.164062 0.050000 0.062500
0 0.518750 0.185547 0.050000 0.062500
0 0.581250 0.328125 0.050000 0.062500
0 0.631250 0.455078 0.050000 0.062500
0 0.546875 0.521484 0.050000 0.062500
0 0.504687 0.519531 0.050000 0.062500
0 0.210938 0.269531 0.050000 0.062500
0 0.210938 0.269531 0.050000 0.062500
0 0.260937 0.314453 0.050000 0.062500
0 0.320312 0.466797 0.050000 0.062500
0 0.067187 0.667969 0.050000 0.062500
0 0.064062 0.689453 0.050000 0.062500
0 0.089063 0.973633 0.050000 0.052734
0 0.160938 0.818359 0.050000 0.062500
0 0.196875 0.843750 0.050000 0.062500
0 0.207813 0.865234 0.050000 0.062500
0 0.329688 0.683594 0.050000 0.062500
0 0.343750 0.662109 0.050000 0.062500
0 0.354687 0.929688 0.050000 0.062500
0 0.464062 0.675781 0.050000 0.062500
0 0.453125 0.728516 0.050000 0.062500
0 0.462500 0.925781 0.050000 0.062500
0 0.465625 0.982422 0.050000 0.035156
0 0.559375 0.863281 0.050000 0.062500
0 0.564063 0.826172 0.050000 0.062500
0 0.610938 0.863281 0.050000 0.062500
0 0.595313 0.970703 0.050000 0.058594
0 0.714063 0.981445 0.050000 0.037109
0 0.653125 0.814453 0.050000 0.062500
0 0.665625 0.777344 0.050000 0.062500
0 0.709375 0.912109 0.050000 0.062500
0 0.707812 0.873047 0.050000 0.062500
0 0.707812 0.845703 0.050000 0.062500
0 0.723437 0.529297 0.050000 0.062500
0 0.734375 0.462891 0.050000 0.062500
0 0.946875 0.191406 0.050000 0.062500
