0 0.296875 0.058594 0.050000 0.062500
0 0.059375 0.580078 0.050000 0.062500
0 0.068750 0.609375 0.050000 0.062500
0 0.128125 0.500000 0.050000 0.062500
0 0.148438 0.582031 0.050000 0.062500
0 0.292187 0.519531 0.050000 0.062500
0 0.346875 0.550781 0.050000 0.062500
0 0.406250 0.343750 0.050000 0.062500
0 0.523438 0.449219 0.050000 0.062500
0 0.631250 0.591797 0.050000 0.062500
0 0.715625 0.550781 0.050000 0.062500
0 0.134375 0.818359 0.050000 0.062500
0 0.153125 0.845703 0.050000 0.062500
0 0.315625 0.882812 0.050000 0.062500
0 0.342187 0.957031 0.050000 0.062500
0 0.337500 0.974609 0.050000 0.050781
0 0.489063 0.810547 0.050000 0.062500
0 0.507812 0.798828 0.050000 0.062500
0 0.654687 0.753906 0.050000 0.062500
0 0.679688 0.751953 0.050000 0.062500
0 0.810937 0.916016 0.050000 0.062500
0 0.828125 0.898438 0.050000 0.062500
0 0.796875 0.447266 0.050000 0.062500
0 0.848437 0.533203 0.050000 0.062500
0 0.871875 0.500000 0.050000 0.062500
0 0.890625 0.523438 0.050000 0.062500
0 0.909375 0.617188 0.050000 0.062500
0 0.983594 0.710938 0.032813 0.062500
0 0.770312 0.427734 0.050000 0.062500
0 0.779687 0.396484 0.050000 0.062500
0 0.706250 0.339844 0.050000 0.062500
0 0.740625 0.349609 0.050000 0.062500
0 0.951562 0.402344 0.050000 0.062500
0 0.753125 0.277344 0.050000 0.062500
0 0.779687 0.273438 0.050000 0.062500
0 0.820312 0.285156 0.050000 0.062500
0 0.864062 0.257812 0.050000 0.062500
0 0.893750 0.259766 0.050000 0.062500
0 0.912500 0.281250 0.050000 0.062500
0 0.975781 0.355469 0.048438 0.062500
0 0.985156 0.455078 0.029687 0.062500
0 0.943750 0.347656 0.050000 0.062500
0 0.959375 0.333984 0.050000 0.062500
