0 0.016406 0.617188 0.032813 0.062500
0 0.019531 0.644531 0.039062 0.062500
0 0.082812 0.859375 0.050000 0.062500
0 0.237500 0.716797 0.050000 0.062500
0 0.253125 0.703125 0.050000 0.062500
0 0.326562 0.876953 0.050000 0.062500
0 0.381250 0.981445 0.050000 0.037109
0 0.409375 0.970703 0.050000 0.058594
0 0.432812 0.978516 0.050000 0.042969
0 0.551562 0.921875 0.050000 0.062500
0 0.546875 0.839844 0.050000 0.062500
0 0.565625 0.828125 0.050000 0.062500
0 0.401562 0.660156 0.050000 0.062500
0 0.428125 0.671875 0.050000 0.062500
0 0.429688 0.652344 0.050000 0.062500
0 0.568750 0.607422 0.050000 0.062500
0 0.576562 0.605469 0.050000 0.062500
0 0.593750 0.525391 0.050000 0.062500
0 0.659375 0.632812 0.050000 0.062500
0 0.735938 0.712891 0.050000 0.062500
0 0.782813 0.757812 0.050000 0.062500
0 0.815625 0.855469 0.050000 0.062500
0 0.937500 0.751953 0.050000 0.062500
0 0.980469 0.726562 0.039062 0.062500
0 0.801562 0.636719 0.050000 0.062500
0 0.648438 0.435547 0.050000 0.062500
0 0.642188 0.417969 0.050000 0.062500
0 0.507812 0.394531 0.050000 0.062500
0 0.264062 0.462891 0.050000 0.062500
0 0.264062 0.445312 0.050000 0.062500
0 0.409375 0.390625 0.050000 0.062500
0 0.493750 0.359375 0.050000 0.062500
0 0.539062 0.349609 0.050000 0.062500
0 0.562500 0.343750 0.050000 0.062500
0 0.550000 0.324219 0.050000 0.062500
0 0.509375 0.271484 0.050000 0.062500
0 0.478125 0.263672 0.050000 0.062500
0 0.531250 0.203125 0.050000 0.062500
0 0.553125 0.203125 0.050000 0.062500
0 0.639062 0.201172 0.050000 0.062500
0 0.657813 0.203125 0.050000 0.062500
0 0.692187 0.269531 0.050000 0.062500
0 0.673438 0.423828 0.050000 0.062500
0 0.742188 0.408203 0.050000 0.062500
0 0.753125 0.408203 0.050000 0.062500
0 0.757812 0.330078 0.050000 0.062500
0 0.765625 0.347656 0.050000 0.062500
0 0.798438 0.404297 0.050000 0.062500
0 0.787500 0.416016 0.050000 0.062500
0 0.817187 0.343750 0.050000 0.062500
0 0.887500 0.138672 0.050000 0.062500
0 0.868750 0.109375 0.050000 0.062500
0 0.945312 0.103516 0.050000 0.062500
0 0.898438 0.123047 0.050000 0.062500
0 0.878125 0.050781 0.050000 0.062500
0 0.876563 0.343750 0.050000 0.062500
0 0.929688 0.255859 0.050000 0.062500
0 0.881250 0.298828 0.050000 0.062500
0 0.865625 0.332031 0.050000 0.062500
0 0.870313 0.332031 0.050000 0.062500
0 0.892188 0.259766 0.050000 0.062500
0 0.867188 0.251953 0.050000 0.062500
0 0.967187 0.167969 0.050000 0.062500
0 0.970313 0.142578 0.050000 0.062500
0 0.900000 0.287109 0.050000 0.062500
0 0.854688 0.535156 0.050000 0.062500
0 0.848437 0.259766 0.050000 0.062500
0 0.848437 0.277344 0.050000 0.062500
0 0.940625 0.253906 0.050000 0.062500
