0 0.501563 0.335938 0.050000 0.062500
0 0.528125 0.322266 0.050000 0.062500
0 0.632812 0.482422 0.050000 0.062500
0 0.631250 0.416016 0.050000 0.062500
0 0.606250 0.433594 0.050000 0.062500
0 0.625000 0.378906 0.050000 0.062500
0 0.565625 0.333984 0.050000 0.062500
0 0.603125 0.396484 0.050000 0.062500
0 0.567187 0.369141 0.050000 0.062500
0 0.548438 0.482422 0.050000 0.062500
0 0.609375 0.533203 0.050000 0.062500
0 0.539062 0.583984 0.050000 0.062500
0 0.662500 0.605469 0.050000 0.062500
0 0.725000 0.607422 0.050000 0.062500
0 0.768750 0.513672 0.050000 0.062500
0 0.953125 0.453125 0.050000 0.062500
0 0.978125 0.453125 0.043750 0.062500
