0 0.593750 0.273438 0.050000 0.062500
0 0.504687 0.261719 0.050000 0.062500
0 0.537500 0.248047 0.050000 0.062500
0 0.623437 0.375000 0.050000 0.062500
0 0.634375 0.345703 0.050000 0.062500
0 0.642188 0.400391 0.050000 0.062500
0 0.673438 0.382812 0.050000 0.062500
0 0.664062 0.335938 0.050000 0.062500
0 0.587500 0.478516 0.050000 0.062500
0 0.681250 0.484375 0.050000 0.062500
0 0.628125 0.562500 0.050000 0.062500
0 0.701562 0.656250 0.050000 0.062500
0 0.785937 0.636719 0.050000 0.062500
0 0.848437 0.525391 0.050000 0.062500
0 0.985938 0.435547 0.028125 0.062500
0 0.889062 0.449219 0.050000 0.062500
