0 0.037500 0.091797 0.050000 0.062500
0 0.029687 0.136719 0.050000 0.062500
0 0.031250 0.166016 0.050000 0.062500
0 0.021875 0.283203 0.043750 0.062500
0 0.015625 0.339844 0.031250 0.062500
0 0.604688 0.111328 0.050000 0.062500
0 0.725000 0.074219 0.050000 0.062500
0 0.895312 0.371094 0.050000 0.062500
0 0.950000 0.386719 0.050000 0.062500
0 0.921875 0.476562 0.050000 0.062500
0 0.857812 0.457031 0.050000 0.062500
0 0.721875 0.578125 0.050000 0.062500
0 0.700000 0.539062 0.050000 0.062500
0 0.621875 0.753906 0.050000 0.062500
0 0.565625 0.748047 0.050000 0.062500
0 0.576562 0.806641 0.050000 0.062500
0 0.721875 0.896484 0.050000 0.062500
0 0.487500 0.482422 0.050000 0.062500
0 0.235937 0.019531 0.050000 0.039062
