0 0.517188 0.261719 0.050000 0.062500
0 0.550000 0.248047 0.050000 0.062500
0 0.651563 0.398438 0.050000 0.062500
0 0.634375 0.375000 0.050000 0.062500
0 0.645312 0.361328 0.050000 0.062500
0 0.682813 0.390625 0.050000 0.062500
0 0.618750 0.357422 0.050000 0.062500
0 0.673438 0.345703 0.050000 0.062500
0 0.575000 0.462891 0.050000 0.062500
0 0.628125 0.560547 0.050000 0.062500
0 0.687500 0.517578 0.050000 0.062500
0 0.689063 0.679688 0.050000 0.062500
0 0.787500 0.656250 0.050000 0.062500
0 0.850000 0.550781 0.050000 0.062500
0 0.432812 0.669922 0.050000 0.062500
