0 0.350000 0.605469 0.050000 0.062500
0 0.357812 0.558594 0.050000 0.062500
0 0.459375 0.570312 0.050000 0.062500
0 0.476562 0.537109 0.050000 0.062500
0 0.434375 0.753906 0.050000 0.062500
0 0.450000 0.748047 0.050000 0.062500
0 0.453125 0.845703 0.050000 0.062500
0 0.596875 0.857422 0.050000 0.062500
0 0.789062 0.839844 0.050000 0.062500
0 0.915625 0.701172 0.050000 0.062500
0 0.634375 0.640625 0.050000 0.062500
0 0.557813 0.748047 0.050000 0.062500
0 0.517188 0.748047 0.050000 0.062500
0 0.553125 0.710938 0.050000 0.062500
0 0.507812 0.669922 0.050000 0.062500
0 0.556250 0.656250 0.050000 0.062500
0 0.471875 0.705078 0.050000 0.062500
