0 0.050000 0.443359 0.050000 0.062500
0 0.037500 0.480469 0.050000 0.062500
0 0.135937 0.457031 0.050000 0.062500
0 0.168750 0.425781 0.050000 0.062500
0 0.198437 0.558594 0.050000 0.062500
0 0.231250 0.546875 0.050000 0.062500
0 0.253125 0.546875 0.050000 0.062500
0 0.165625 0.597656 0.050000 0.062500
0 0.123438 0.646484 0.050000 0.062500
0 0.146875 0.646484 0.050000 0.062500
0 0.210938 0.632812 0.050000 0.062500
0 0.253125 0.623047 0.050000 0.062500
0 0.248438 0.603516 0.050000 0.062500
0 0.151562 0.822266 0.050000 0.062500
0 0.340625 0.750000 0.050000 0.062500
0 0.451562 0.929688 0.050000 0.062500
0 0.479687 0.732422 0.050000 0.062500
0 0.631250 0.763672 0.050000 0.062500
0 0.634375 0.789062 0.050000 0.062500
0 0.681250 0.708984 0.050000 0.062500
0 0.601562 0.593750 0.050000 0.062500
0 0.751563 0.777344 0.050000 0.062500
0 0.770312 0.851562 0.050000 0.062500
0 0.820312 0.880859 0.050000 0.062500
0 0.865625 0.775391 0.050000 0.062500
0 0.889062 0.806641 0.050000 0.062500
0 0.923438 0.787109 0.050000 0.062500
0 0.775000 0.625000 0.050000 0.062500
0 0.981250 0.537109 0.037500 0.062500
0 0.892188 0.527344 0.050000 0.062500
0 0.977344 0.458984 0.045312 0.062500
