0 0.260937 0.919922 0.050000 0.062500
0 0.457813 0.777344 0.050000 0.062500
0 0.834375 0.863281 0.050000 0.062500
0 0.915625 0.691406 0.050000 0.062500
0 0.951562 0.673828 0.050000 0.062500
0 0.901563 0.656250 0.050000 0.062500
0 0.785937 0.660156 0.050000 0.062500
0 0.709375 0.593750 0.050000 0.062500
0 0.714063 0.583984 0.050000 0.062500
0 0.798438 0.511719 0.050000 0.062500
0 0.629687 0.478516 0.050000 0.062500
0 0.596875 0.568359 0.050000 0.062500
0 0.595313 0.601562 0.050000 0.062500
0 0.506250 0.605469 0.050000 0.062500
0 0.489063 0.642578 0.050000 0.062500
0 0.350000 0.630859 0.050000 0.062500
0 0.192188 0.640625 0.050000 0.062500
0 0.153125 0.535156 0.050000 0.062500
0 0.170313 0.535156 0.050000 0.062500
0 0.234375 0.537109 0.050000 0.062500
0 0.275000 0.515625 0.050000 0.062500
0 0.275000 0.488281 0.050000 0.062500
0 0.076563 0.369141 0.050000 0.062500
0 0.017188 0.365234 0.034375 0.062500
0 0.084375 0.337891 0.050000 0.062500
0 0.118750 0.367188 0.050000 0.062500
0 0.167187 0.339844 0.050000 0.062500
0 0.204687 0.314453 0.050000 0.062500
0 0.231250 0.441406 0.050000 0.062500
0 0.273438 0.433594 0.050000 0.062500
0 0.345313 0.417969 0.050000 0.062500
0 0.164062 0.480469 0.050000 0.062500
0 0.904687 0.396484 0.050000 0.062500
0 0.965625 0.322266 0.050000 0.062500
0 0.980469 0.406250 0.039062 0.062500
0 0.500000 0.455078 0.050000 0.062500
