0 0.014063 0.394531 0.028125 0.062500
0 0.016406 0.435547 0.032813 0.062500
0 0.084375 0.404297 0.050000 0.062500
0 0.106250 0.378906 0.050000 0.062500
0 0.137500 0.353516 0.050000 0.062500
0 0.167187 0.316406 0.050000 0.062500
0 0.081250 0.597656 0.050000 0.062500
0 0.159375 0.585938 0.050000 0.062500
0 0.195312 0.580078 0.050000 0.062500
0 0.201563 0.556641 0.050000 0.062500
0 0.148438 0.503906 0.050000 0.062500
0 0.195312 0.505859 0.050000 0.062500
0 0.121875 0.703125 0.050000 0.062500
0 0.107813 0.714844 0.050000 0.062500
0 0.282813 0.675781 0.050000 0.062500
0 0.126562 0.977539 0.050000 0.044922
0 0.262500 0.981445 0.050000 0.037109
0 0.354687 0.876953 0.050000 0.062500
0 0.359375 0.849609 0.050000 0.062500
0 0.515625 0.634766 0.050000 0.062500
0 0.218750 0.335938 0.050000 0.062500
0 0.545312 0.541016 0.050000 0.062500
0 0.631250 0.656250 0.050000 0.062500
0 0.692187 0.697266 0.050000 0.062500
0 0.721875 0.582031 0.050000 0.062500
0 0.720313 0.480469 0.050000 0.062500
0 0.821875 0.728516 0.050000 0.062500
0 0.837500 0.757812 0.050000 0.062500
0 0.871875 0.742188 0.050000 0.062500
0 0.945312 0.623047 0.050000 0.062500
0 0.940625 0.603516 0.050000 0.062500
0 0.976562 0.589844 0.046875 0.062500
0 0.971875 0.576172 0.050000 0.062500
0 0.868750 0.414062 0.050000 0.062500
0 0.826562 0.474609 0.050000 0.062500
0 0.921875 0.294922 0.050000 0.062500
0 0.914062 0.507812 0.050000 0.062500
0 0.915625 0.486328 0.050000 0.062500
