0 0.014063 0.345703 0.028125 0.062500
0 0.014844 0.400391 0.029687 0.062500
0 0.050000 0.324219 0.050000 0.062500
0 0.090625 0.412109 0.050000 0.062500
0 0.117188 0.378906 0.050000 0.062500
0 0.081250 0.589844 0.050000 0.062500
0 0.153125 0.595703 0.050000 0.062500
0 0.195312 0.587891 0.050000 0.062500
0 0.193750 0.560547 0.050000 0.062500
0 0.150000 0.511719 0.050000 0.062500
0 0.181250 0.505859 0.050000 0.062500
0 0.203125 0.501953 0.050000 0.062500
0 0.068750 0.705078 0.050000 0.062500
0 0.289062 0.710938 0.050000 0.062500
0 0.362500 0.845703 0.050000 0.062500
0 0.268750 0.979492 0.050000 0.041016
0 0.140625 0.980469 0.050000 0.039062
0 0.537500 0.539062 0.050000 0.062500
0 0.515625 0.638672 0.050000 0.062500
0 0.635938 0.658203 0.050000 0.062500
0 0.695312 0.697266 0.050000 0.062500
0 0.815625 0.728516 0.050000 0.062500
0 0.840625 0.765625 0.050000 0.062500
0 0.870313 0.746094 0.050000 0.062500
0 0.723437 0.583984 0.050000 0.062500
0 0.948438 0.615234 0.050000 0.062500
0 0.975781 0.582031 0.048438 0.062500
0 0.818750 0.462891 0.050000 0.062500
0 0.920312 0.478516 0.050000 0.062500
0 0.950000 0.630859 0.050000 0.062500
