0 0.542188 0.546875 0.050000 0.062500
0 0.517188 0.632812 0.050000 0.062500
0 0.631250 0.664062 0.050000 0.062500
0 0.693750 0.689453 0.050000 0.062500
0 0.723437 0.589844 0.050000 0.062500
0 0.815625 0.730469 0.050000 0.062500
0 0.837500 0.767578 0.050000 0.062500
0 0.875000 0.748047 0.050000 0.062500
0 0.942187 0.615234 0.050000 0.062500
0 0.975000 0.585938 0.050000 0.062500
0 0.828125 0.441406 0.050000 0.062500
0 0.921875 0.472656 0.050000 0.062500
0 0.014844 0.400391 0.029687 0.062500
0 0.085938 0.410156 0.050000 0.062500
0 0.148438 0.509766 0.050000 0.062500
0 0.192188 0.505859 0.050000 0.062500
0 0.085938 0.599609 0.050000 0.062500
0 0.154688 0.595703 0.050000 0.062500
0 0.200000 0.564453 0.050000 0.062500
0 0.198437 0.595703 0.050000 0.062500
0 0.096875 0.705078 0.050000 0.062500
0 0.290625 0.728516 0.050000 0.062500
0 0.353125 0.828125 0.050000 0.062500
