0 0.081250 0.597656 0.050000 0.062500
0 0.159375 0.597656 0.050000 0.062500
0 0.196875 0.562500 0.050000 0.062500
0 0.192188 0.597656 0.050000 0.062500
0 0.121875 0.712891 0.050000 0.062500
0 0.287500 0.718750 0.050000 0.062500
0 0.137500 0.968750 0.050000 0.062500
0 0.357812 0.820312 0.050000 0.062500
0 0.542188 0.550781 0.050000 0.062500
0 0.631250 0.662109 0.050000 0.062500
0 0.689063 0.697266 0.050000 0.062500
0 0.721875 0.591797 0.050000 0.062500
0 0.810937 0.726562 0.050000 0.062500
0 0.837500 0.765625 0.050000 0.062500
0 0.871875 0.750000 0.050000 0.062500
0 0.828125 0.437500 0.050000 0.062500
0 0.923438 0.460938 0.050000 0.062500
0 0.973437 0.582031 0.050000 0.062500
0 0.948438 0.626953 0.050000 0.062500
0 0.015625 0.406250 0.031250 0.062500
0 0.084375 0.412109 0.050000 0.062500
0 0.110937 0.382812 0.050000 0.062500
0 0.148438 0.509766 0.050000 0.062500
0 0.189062 0.490234 0.050000 0.062500
