0 0.016406 0.398438 0.032813 0.062500
0 0.082812 0.410156 0.050000 0.062500
0 0.121875 0.388672 0.050000 0.062500
0 0.032813 0.572266 0.050000 0.062500
0 0.082812 0.603516 0.050000 0.062500
0 0.146875 0.509766 0.050000 0.062500
0 0.190625 0.505859 0.050000 0.062500
0 0.156250 0.595703 0.050000 0.062500
0 0.195312 0.595703 0.050000 0.062500
0 0.276562 0.451172 0.050000 0.062500
0 0.115625 0.705078 0.050000 0.062500
0 0.282813 0.677734 0.050000 0.062500
0 0.359375 0.810547 0.050000 0.062500
0 0.120313 0.971680 0.050000 0.056641
0 0.265625 0.980469 0.050000 0.039062
0 0.540625 0.544922 0.050000 0.062500
0 0.629687 0.664062 0.050000 0.062500
0 0.692187 0.689453 0.050000 0.062500
0 0.814063 0.730469 0.050000 0.062500
0 0.835938 0.765625 0.050000 0.062500
0 0.868750 0.750000 0.050000 0.062500
0 0.945312 0.630859 0.050000 0.062500
0 0.975000 0.582031 0.050000 0.062500
0 0.718750 0.585938 0.050000 0.062500
0 0.750000 0.474609 0.050000 0.062500
0 0.846875 0.470703 0.050000 0.062500
0 0.890625 0.384766 0.050000 0.062500
