0 0.042188 0.220703 0.050000 0.062500
0 0.029687 0.257812 0.050000 0.062500
0 0.162500 0.232422 0.050000 0.062500
0 0.128125 0.251953 0.050000 0.062500
0 0.173437 0.363281 0.050000 0.062500
0 0.210938 0.378906 0.050000 0.062500
0 0.260937 0.320312 0.050000 0.062500
0 0.090625 0.435547 0.050000 0.062500
0 0.153125 0.453125 0.050000 0.062500
0 0.196875 0.455078 0.050000 0.062500
0 0.103125 0.535156 0.050000 0.062500
0 0.259375 0.576172 0.050000 0.062500
0 0.540625 0.509766 0.050000 0.062500
0 0.609375 0.646484 0.050000 0.062500
0 0.709375 0.593750 0.050000 0.062500
0 0.670312 0.693359 0.050000 0.062500
0 0.728125 0.468750 0.050000 0.062500
0 0.823438 0.500000 0.050000 0.062500
0 0.923438 0.535156 0.050000 0.062500
0 0.956250 0.664062 0.050000 0.062500
0 0.920312 0.703125 0.050000 0.062500
0 0.979688 0.791016 0.040625 0.062500
0 0.773438 0.759766 0.050000 0.062500
0 0.826562 0.791016 0.050000 0.062500
0 0.785937 0.802734 0.050000 0.062500
0 0.321875 0.742188 0.050000 0.062500
0 0.201563 0.857422 0.050000 0.062500
0 0.071875 0.839844 0.050000 0.062500
