0 0.037500 0.095703 0.050000 0.062500
0 0.025000 0.138672 0.050000 0.062500
0 0.029687 0.169922 0.050000 0.062500
0 0.019531 0.289062 0.039062 0.062500
0 0.015625 0.343750 0.031250 0.062500
0 0.014844 0.589844 0.029687 0.062500
0 0.256250 0.024414 0.050000 0.048828
0 0.579688 0.089844 0.050000 0.062500
0 0.718750 0.082031 0.050000 0.062500
0 0.895312 0.375000 0.050000 0.062500
0 0.950000 0.394531 0.050000 0.062500
0 0.920312 0.482422 0.050000 0.062500
0 0.856250 0.464844 0.050000 0.062500
0 0.723437 0.658203 0.050000 0.062500
0 0.689063 0.634766 0.050000 0.062500
0 0.623437 0.771484 0.050000 0.062500
0 0.712500 0.847656 0.050000 0.062500
0 0.568750 0.789062 0.050000 0.062500
0 0.506250 0.736328 0.050000 0.062500
0 0.485938 0.488281 0.050000 0.062500
