0 0.087500 0.437500 0.050000 0.062500
0 0.045312 0.222656 0.050000 0.062500
0 0.026562 0.248047 0.050000 0.062500
0 0.159375 0.234375 0.050000 0.062500
0 0.126562 0.253906 0.050000 0.062500
0 0.165625 0.367188 0.050000 0.062500
0 0.207813 0.375000 0.050000 0.062500
0 0.154688 0.451172 0.050000 0.062500
0 0.196875 0.457031 0.050000 0.062500
0 0.246875 0.314453 0.050000 0.062500
0 0.093750 0.558594 0.050000 0.062500
0 0.260937 0.587891 0.050000 0.062500
0 0.307812 0.738281 0.050000 0.062500
0 0.185938 0.875000 0.050000 0.062500
0 0.067187 0.841797 0.050000 0.062500
0 0.539062 0.517578 0.050000 0.062500
0 0.725000 0.478516 0.050000 0.062500
0 0.706250 0.595703 0.050000 0.062500
0 0.604688 0.646484 0.050000 0.062500
0 0.670312 0.701172 0.050000 0.062500
0 0.771875 0.765625 0.050000 0.062500
0 0.781250 0.802734 0.050000 0.062500
0 0.823438 0.802734 0.050000 0.062500
0 0.979688 0.798828 0.040625 0.062500
0 0.920312 0.703125 0.050000 0.062500
0 0.954688 0.669922 0.050000 0.062500
0 0.918750 0.541016 0.050000 0.062500
0 0.828125 0.503906 0.050000 0.062500
