0 0.046875 0.218750 0.050000 0.062500
0 0.126562 0.255859 0.050000 0.062500
0 0.232813 0.298828 0.050000 0.062500
0 0.128125 0.365234 0.050000 0.062500
0 0.164062 0.367188 0.050000 0.062500
0 0.209375 0.375000 0.050000 0.062500
0 0.087500 0.431641 0.050000 0.062500
0 0.160938 0.451172 0.050000 0.062500
0 0.195312 0.451172 0.050000 0.062500
0 0.104688 0.544922 0.050000 0.062500
0 0.267188 0.580078 0.050000 0.062500
0 0.090625 0.826172 0.050000 0.062500
0 0.176563 0.876953 0.050000 0.062500
0 0.300000 0.738281 0.050000 0.062500
0 0.537500 0.513672 0.050000 0.062500
0 0.707812 0.597656 0.050000 0.062500
0 0.603125 0.648438 0.050000 0.062500
0 0.667188 0.689453 0.050000 0.062500
0 0.770312 0.765625 0.050000 0.062500
0 0.784375 0.802734 0.050000 0.062500
0 0.820312 0.794922 0.050000 0.062500
0 0.980469 0.796875 0.039062 0.062500
0 0.921875 0.701172 0.050000 0.062500
0 0.954688 0.658203 0.050000 0.062500
0 0.843750 0.515625 0.050000 0.062500
0 0.901563 0.439453 0.050000 0.062500
