0 0.471875 0.498047 0.050000 0.062500
0 0.471875 0.521484 0.050000 0.062500
0 0.496875 0.500000 0.050000 0.062500
0 0.432812 0.490234 0.050000 0.062500
0 0.378125 0.488281 0.050000 0.062500
0 0.335938 0.490234 0.050000 0.062500
0 0.335938 0.509766 0.050000 0.062500
0 0.360938 0.511719 0.050000 0.062500
0 0.360938 0.494141 0.050000 0.062500
0 0.351562 0.478516 0.050000 0.062500
0 0.206250 0.484375 0.050000 0.062500
0 0.203125 0.503906 0.050000 0.062500
0 0.204687 0.517578 0.050000 0.062500
0 0.231250 0.490234 0.050000 0.062500
0 0.229687 0.507812 0.050000 0.062500
0 0.218750 0.580078 0.050000 0.062500
0 0.334375 0.566406 0.050000 0.062500
0 0.360938 0.560547 0.050000 0.062500
0 0.604688 0.457031 0.050000 0.062500
0 0.629687 0.449219 0.050000 0.062500
0 0.668750 0.457031 0.050000 0.062500
0 0.610938 0.492188 0.050000 0.062500
0 0.709375 0.570312 0.050000 0.062500
0 0.701562 0.587891 0.050000 0.062500
0 0.684375 0.564453 0.050000 0.062500
0 0.679688 0.587891 0.050000 0.062500
0 0.664062 0.585938 0.050000 0.062500
0 0.665625 0.560547 0.050000 0.062500
0 0.901563 0.628906 0.050000 0.062500
0 0.926562 0.599609 0.050000 0.062500
0 0.946875 0.603516 0.050000 0.062500
0 0.051562 0.351562 0.050000 0.062500
0 0.135937 0.359375 0.050000 0.062500
