0 0.117188 0.484375 0.050000 0.062500
0 0.078125 0.492188 0.050000 0.062500
0 0.087500 0.507812 0.050000 0.062500
0 0.075000 0.533203 0.050000 0.062500
0 0.279687 0.523438 0.050000 0.062500
0 0.521875 0.480469 0.050000 0.062500
0 0.690625 0.523438 0.050000 0.062500
0 0.690625 0.462891 0.050000 0.062500
0 0.762500 0.498047 0.050000 0.062500
0 0.735938 0.593750 0.050000 0.062500
0 0.728125 0.630859 0.050000 0.062500
0 0.721875 0.611328 0.050000 0.062500
0 0.642188 0.589844 0.050000 0.062500
0 0.531250 0.572266 0.050000 0.062500
0 0.785937 0.601562 0.050000 0.062500
0 0.901563 0.609375 0.050000 0.062500
0 0.657813 0.562500 0.050000 0.062500
