0 0.795312 0.535156 0.050000 0.062500
0 0.723437 0.611328 0.050000 0.062500
0 0.703125 0.609375 0.050000 0.062500
0 0.700000 0.503906 0.050000 0.062500
0 0.696875 0.531250 0.050000 0.062500
0 0.553125 0.611328 0.050000 0.062500
0 0.335938 0.492188 0.050000 0.062500
0 0.290625 0.515625 0.050000 0.062500
0 0.206250 0.531250 0.050000 0.062500
0 0.187500 0.558594 0.050000 0.062500
0 0.209375 0.591797 0.050000 0.062500
0 0.312500 0.638672 0.050000 0.062500
0 0.060937 0.632812 0.050000 0.062500
0 0.406250 0.634766 0.050000 0.062500
0 0.373437 0.634766 0.050000 0.062500
0 0.293750 0.597656 0.050000 0.062500
