0 0.187500 0.548828 0.050000 0.062500
0 0.275000 0.533203 0.050000 0.062500
0 0.381250 0.507812 0.050000 0.062500
0 0.381250 0.617188 0.050000 0.062500
0 0.284375 0.656250 0.050000 0.062500
0 0.323437 0.650391 0.050000 0.062500
0 0.306250 0.613281 0.050000 0.062500
0 0.217188 0.609375 0.050000 0.062500
0 0.565625 0.603516 0.050000 0.062500
0 0.564063 0.626953 0.050000 0.062500
0 0.698438 0.552734 0.050000 0.062500
0 0.690625 0.539062 0.050000 0.062500
0 0.701562 0.525391 0.050000 0.062500
0 0.771875 0.558594 0.050000 0.062500
0 0.734375 0.623047 0.050000 0.062500
0 0.712500 0.623047 0.050000 0.062500
0 0.957812 0.712891 0.050000 0.062500
0 0.826562 0.251953 0.050000 0.062500
0 0.829688 0.326172 0.050000 0.062500
0 0.164062 0.619141 0.050000 0.062500
