0 0.017969 0.833984 0.035937 0.062500
0 0.021094 0.857422 0.042188 0.062500
0 0.615625 0.863281 0.050000 0.062500
0 0.282813 0.230469 0.050000 0.062500
0 0.314063 0.232422 0.050000 0.062500
0 0.300000 0.265625 0.050000 0.062500
0 0.412500 0.283203 0.050000 0.062500
0 0.415625 0.302734 0.050000 0.062500
0 0.414062 0.326172 0.050000 0.062500
0 0.379688 0.320312 0.050000 0.062500
0 0.378125 0.302734 0.050000 0.062500
0 0.378125 0.279297 0.050000 0.062500
0 0.381250 0.216797 0.050000 0.062500
0 0.378125 0.244141 0.050000 0.062500
0 0.465625 0.263672 0.050000 0.062500
0 0.464062 0.287109 0.050000 0.062500
0 0.440625 0.318359 0.050000 0.062500
0 0.428125 0.253906 0.050000 0.062500
0 0.428125 0.300781 0.050000 0.062500
0 0.428125 0.279297 0.050000 0.062500
0 0.514062 0.269531 0.050000 0.062500
0 0.489063 0.285156 0.050000 0.062500
0 0.492188 0.308594 0.050000 0.062500
0 0.528125 0.291016 0.050000 0.062500
0 0.523438 0.316406 0.050000 0.062500
0 0.543750 0.292969 0.050000 0.062500
0 0.539062 0.316406 0.050000 0.062500
0 0.576562 0.294922 0.050000 0.062500
0 0.576562 0.318359 0.050000 0.062500
0 0.623437 0.222656 0.050000 0.062500
0 0.592187 0.220703 0.050000 0.062500
0 0.628125 0.261719 0.050000 0.062500
0 0.592187 0.269531 0.050000 0.062500
0 0.696875 0.267578 0.050000 0.062500
0 0.676562 0.283203 0.050000 0.062500
0 0.695312 0.298828 0.050000 0.062500
0 0.670312 0.240234 0.050000 0.062500
0 0.751563 0.199219 0.050000 0.062500
0 0.734375 0.220703 0.050000 0.062500
0 0.750000 0.240234 0.050000 0.062500
0 0.767188 0.218750 0.050000 0.062500
0 0.860938 0.302734 0.050000 0.062500
0 0.976562 0.257812 0.046875 0.062500
0 0.951562 0.277344 0.050000 0.062500
0 0.973437 0.302734 0.050000 0.062500
0 0.983594 0.277344 0.032813 0.062500
0 0.975781 0.330078 0.048438 0.062500
0 0.975000 0.343750 0.050000 0.062500
0 0.943750 0.343750 0.050000 0.062500
0 0.889062 0.447266 0.050000 0.062500
0 0.889062 0.468750 0.050000 0.062500
0 0.859375 0.443359 0.050000 0.062500
0 0.859375 0.478516 0.050000 0.062500
0 0.364063 0.464844 0.050000 0.062500
0 0.321875 0.205078 0.050000 0.062500
0 0.409375 0.167969 0.050000 0.062500
0 0.667188 0.210938 0.050000 0.062500
