0 0.281250 0.296875 0.050000 0.062500
0 0.265625 0.318359 0.050000 0.062500
0 0.279687 0.333984 0.050000 0.062500
0 0.893750 0.925781 0.050000 0.062500
0 0.634375 0.542969 0.050000 0.062500
0 0.629687 0.525391 0.050000 0.062500
0 0.204687 0.611328 0.050000 0.062500
0 0.173437 0.599609 0.050000 0.062500
0 0.198437 0.591797 0.050000 0.062500
0 0.173437 0.580078 0.050000 0.062500
0 0.165625 0.562500 0.050000 0.062500
0 0.045312 0.367188 0.050000 0.062500
0 0.022656 0.384766 0.045312 0.062500
0 0.023438 0.406250 0.046875 0.062500
0 0.059375 0.384766 0.050000 0.062500
0 0.057813 0.408203 0.050000 0.062500
0 0.071875 0.392578 0.050000 0.062500
0 0.070312 0.416016 0.050000 0.062500
0 0.103125 0.388672 0.050000 0.062500
0 0.103125 0.416016 0.050000 0.062500
0 0.121875 0.367188 0.050000 0.062500
0 0.156250 0.357422 0.050000 0.062500
0 0.151562 0.322266 0.050000 0.062500
0 0.151562 0.304688 0.050000 0.062500
0 0.800000 0.419922 0.050000 0.062500
0 0.760938 0.435547 0.050000 0.062500
0 0.725000 0.437500 0.050000 0.062500
0 0.765625 0.333984 0.050000 0.062500
0 0.743750 0.349609 0.050000 0.062500
0 0.765625 0.373047 0.050000 0.062500
0 0.776563 0.351562 0.050000 0.062500
0 0.720313 0.339844 0.050000 0.062500
0 0.703125 0.353516 0.050000 0.062500
0 0.640625 0.343750 0.050000 0.062500
0 0.620313 0.369141 0.050000 0.062500
0 0.578125 0.349609 0.050000 0.062500
0 0.578125 0.392578 0.050000 0.062500
0 0.548438 0.394531 0.050000 0.062500
0 0.526563 0.365234 0.050000 0.062500
0 0.503125 0.357422 0.050000 0.062500
0 0.479687 0.376953 0.050000 0.062500
0 0.500000 0.398438 0.050000 0.062500
0 0.562500 0.283203 0.050000 0.062500
0 0.545312 0.283203 0.050000 0.062500
0 0.579688 0.304688 0.050000 0.062500
0 0.528125 0.304688 0.050000 0.062500
0 0.562500 0.326172 0.050000 0.062500
0 0.546875 0.324219 0.050000 0.062500
0 0.626563 0.283203 0.050000 0.062500
0 0.609375 0.300781 0.050000 0.062500
0 0.610938 0.320312 0.050000 0.062500
0 0.720313 0.312500 0.050000 0.062500
0 0.768750 0.289062 0.050000 0.062500
0 0.839063 0.326172 0.050000 0.062500
0 0.818750 0.343750 0.050000 0.062500
0 0.353125 0.322266 0.050000 0.062500
0 0.390625 0.400391 0.050000 0.062500
0 0.271875 0.523438 0.050000 0.062500
0 0.168750 0.445312 0.050000 0.062500
0 0.140625 0.445312 0.050000 0.062500
0 0.981250 0.277344 0.037500 0.062500
0 0.221875 0.365234 0.050000 0.062500
0 0.200000 0.382812 0.050000 0.062500
0 0.182812 0.314453 0.050000 0.062500
0 0.303125 0.324219 0.050000 0.062500
