0 0.093750 0.357422 0.050000 0.062500
0 0.067187 0.375000 0.050000 0.062500
0 0.092188 0.396484 0.050000 0.062500
0 0.092188 0.318359 0.050000 0.062500
0 0.118750 0.306641 0.050000 0.062500
0 0.170313 0.298828 0.050000 0.062500
0 0.140625 0.349609 0.050000 0.062500
0 0.118750 0.367188 0.050000 0.062500
0 0.137500 0.392578 0.050000 0.062500
0 0.168750 0.347656 0.050000 0.062500
0 0.167187 0.390625 0.050000 0.062500
0 0.228125 0.345703 0.050000 0.062500
0 0.212500 0.369141 0.050000 0.062500
0 0.215625 0.281250 0.050000 0.062500
0 0.203125 0.302734 0.050000 0.062500
0 0.218750 0.320312 0.050000 0.062500
0 0.312500 0.335938 0.050000 0.062500
0 0.293750 0.349609 0.050000 0.062500
0 0.306250 0.314453 0.050000 0.062500
0 0.339062 0.312500 0.050000 0.062500
0 0.359375 0.283203 0.050000 0.062500
0 0.340625 0.265625 0.050000 0.062500
0 0.354687 0.332031 0.050000 0.062500
0 0.368750 0.349609 0.050000 0.062500
0 0.351562 0.367188 0.050000 0.062500
0 0.335938 0.347656 0.050000 0.062500
0 0.426563 0.322266 0.050000 0.062500
0 0.407813 0.339844 0.050000 0.062500
0 0.514062 0.265625 0.050000 0.062500
0 0.514062 0.277344 0.050000 0.062500
0 0.540625 0.267578 0.050000 0.062500
0 0.582812 0.267578 0.050000 0.062500
0 0.609375 0.291016 0.050000 0.062500
0 0.654687 0.257812 0.050000 0.062500
0 0.659375 0.277344 0.050000 0.062500
0 0.687500 0.259766 0.050000 0.062500
0 0.689063 0.279297 0.050000 0.062500
0 0.762500 0.285156 0.050000 0.062500
0 0.785937 0.332031 0.050000 0.062500
0 0.689063 0.322266 0.050000 0.062500
0 0.692187 0.347656 0.050000 0.062500
0 0.654687 0.330078 0.050000 0.062500
0 0.659375 0.357422 0.050000 0.062500
0 0.725000 0.451172 0.050000 0.062500
0 0.714063 0.492188 0.050000 0.062500
0 0.693750 0.482422 0.050000 0.062500
0 0.662500 0.488281 0.050000 0.062500
0 0.610938 0.265625 0.050000 0.062500
0 0.476562 0.394531 0.050000 0.062500
0 0.450000 0.396484 0.050000 0.062500
0 0.318750 0.896484 0.050000 0.062500
0 0.326562 0.541016 0.050000 0.062500
0 0.321875 0.527344 0.050000 0.062500
