0 0.337500 0.546875 0.050000 0.062500
0 0.321875 0.523438 0.050000 0.062500
0 0.295312 0.486328 0.050000 0.062500
0 0.296875 0.511719 0.050000 0.062500
0 0.193750 0.437500 0.050000 0.062500
0 0.190625 0.451172 0.050000 0.062500
0 0.198437 0.464844 0.050000 0.062500
0 0.025000 0.359375 0.050000 0.062500
0 0.029687 0.337891 0.050000 0.062500
0 0.034375 0.314453 0.050000 0.062500
0 0.028125 0.289062 0.050000 0.062500
0 0.071875 0.304688 0.050000 0.062500
0 0.068750 0.333984 0.050000 0.062500
0 0.334375 0.357422 0.050000 0.062500
0 0.337500 0.318359 0.050000 0.062500
0 0.337500 0.328125 0.050000 0.062500
0 0.320312 0.328125 0.050000 0.062500
0 0.445312 0.251953 0.050000 0.062500
0 0.537500 0.275391 0.050000 0.062500
0 0.526563 0.283203 0.050000 0.062500
0 0.410938 0.443359 0.050000 0.062500
0 0.429688 0.464844 0.050000 0.062500
0 0.414062 0.468750 0.050000 0.062500
0 0.390625 0.171875 0.050000 0.062500
0 0.382812 0.162109 0.050000 0.062500
0 0.371875 0.154297 0.050000 0.062500
0 0.617188 0.287109 0.050000 0.062500
0 0.598437 0.287109 0.050000 0.062500
0 0.601562 0.314453 0.050000 0.062500
0 0.589063 0.306641 0.050000 0.062500
0 0.581250 0.345703 0.050000 0.062500
0 0.593750 0.363281 0.050000 0.062500
0 0.596875 0.380859 0.050000 0.062500
0 0.575000 0.378906 0.050000 0.062500
0 0.565625 0.474609 0.050000 0.062500
0 0.895312 0.759766 0.050000 0.062500
0 0.840625 0.550781 0.050000 0.062500
0 0.803125 0.576172 0.050000 0.062500
0 0.792188 0.587891 0.050000 0.062500
0 0.884375 0.433594 0.050000 0.062500
0 0.825000 0.429688 0.050000 0.062500
0 0.367188 0.509766 0.050000 0.062500
0 0.343750 0.488281 0.050000 0.062500
0 0.346875 0.503906 0.050000 0.062500
0 0.340625 0.521484 0.050000 0.062500
0 0.359375 0.529297 0.050000 0.062500
0 0.165625 0.507812 0.050000 0.062500
0 0.019531 0.166016 0.039062 0.062500
0 0.748437 0.205078 0.050000 0.062500
0 0.756250 0.226562 0.050000 0.062500
0 0.762500 0.251953 0.050000 0.062500
0 0.768750 0.271484 0.050000 0.062500
0 0.756250 0.294922 0.050000 0.062500
0 0.778125 0.304688 0.050000 0.062500
0 0.771875 0.316406 0.050000 0.062500
0 0.778125 0.333984 0.050000 0.062500
0 0.770312 0.347656 0.050000 0.062500
0 0.828125 0.339844 0.050000 0.062500
0 0.806250 0.324219 0.050000 0.062500
0 0.789062 0.375000 0.050000 0.062500
0 0.887500 0.158203 0.050000 0.062500
0 0.878125 0.142578 0.050000 0.062500
0 0.870313 0.125000 0.050000 0.062500
0 0.853125 0.115234 0.050000 0.062500
0 0.879687 0.115234 0.050000 0.062500
0 0.503125 0.384766 0.050000 0.062500
0 0.506250 0.404297 0.050000 0.062500
0 0.490625 0.416016 0.050000 0.062500
0 0.482812 0.402344 0.050000 0.062500
0 0.468750 0.400391 0.050000 0.062500
0 0.473438 0.380859 0.050000 0.062500
0 0.492188 0.367188 0.050000 0.062500
0 0.495312 0.343750 0.050000 0.062500
0 0.564063 0.181641 0.050000 0.062500
0 0.548438 0.191406 0.050000 0.062500
0 0.592187 0.138672 0.050000 0.062500
0 0.618750 0.181641 0.050000 0.062500
0 0.628125 0.171875 0.050000 0.062500
0 0.617188 0.160156 0.050000 0.062500
0 0.625000 0.154297 0.050000 0.062500
0 0.523438 0.089844 0.050000 0.062500
0 0.489063 0.019531 0.050000 0.039062
0 0.443750 0.018555 0.050000 0.037109
0 0.418750 0.037109 0.050000 0.062500
0 0.407813 0.097656 0.050000 0.062500
0 0.412500 0.111328 0.050000 0.062500
0 0.295312 0.236328 0.050000 0.062500
0 0.256250 0.212891 0.050000 0.062500
0 0.240625 0.236328 0.050000 0.062500
0 0.245312 0.279297 0.050000 0.062500
0 0.226562 0.189453 0.050000 0.062500
0 0.206250 0.183594 0.050000 0.062500
0 0.240625 0.212891 0.050000 0.062500
0 0.275000 0.027344 0.050000 0.054688
0 0.393750 0.304688 0.050000 0.062500
0 0.232813 0.527344 0.050000 0.062500
0 0.253125 0.527344 0.050000 0.062500
0 0.240625 0.519531 0.050000 0.062500
0 0.067187 0.822266 0.050000 0.062500
0 0.045312 0.820312 0.050000 0.062500
0 0.019531 0.030273 0.039062 0.060547
