0 0.190625 0.941406 0.050000 0.062500
0 0.173437 0.929688 0.050000 0.062500
0 0.181250 0.847656 0.050000 0.062500
0 0.381250 0.978516 0.050000 0.042969
0 0.365625 0.980469 0.050000 0.039062
0 0.406250 0.455078 0.050000 0.062500
0 0.392188 0.396484 0.050000 0.062500
0 0.382812 0.384766 0.050000 0.062500
0 0.379688 0.371094 0.050000 0.062500
0 0.360938 0.306641 0.050000 0.062500
0 0.345313 0.308594 0.050000 0.062500
0 0.204687 0.030273 0.050000 0.060547
0 0.190625 0.029297 0.050000 0.058594
0 0.596875 0.033203 0.050000 0.062500
0 0.579688 0.022461 0.050000 0.044922
0 0.743750 0.066406 0.050000 0.062500
0 0.731250 0.097656 0.050000 0.062500
0 0.718750 0.097656 0.050000 0.062500
0 0.723437 0.041016 0.050000 0.062500
0 0.560937 0.199219 0.050000 0.062500
0 0.553125 0.218750 0.050000 0.062500
0 0.582812 0.197266 0.050000 0.062500
0 0.579688 0.218750 0.050000 0.062500
0 0.610938 0.224609 0.050000 0.062500
0 0.582812 0.257812 0.050000 0.062500
0 0.571875 0.248047 0.050000 0.062500
0 0.565625 0.230469 0.050000 0.062500
0 0.712500 0.205078 0.050000 0.062500
0 0.698438 0.189453 0.050000 0.062500
0 0.781250 0.269531 0.050000 0.062500
0 0.748437 0.349609 0.050000 0.062500
0 0.753125 0.378906 0.050000 0.062500
0 0.771875 0.376953 0.050000 0.062500
0 0.670312 0.373047 0.050000 0.062500
0 0.737500 0.466797 0.050000 0.062500
0 0.821875 0.439453 0.050000 0.062500
0 0.821875 0.419922 0.050000 0.062500
0 0.809375 0.429688 0.050000 0.062500
0 0.798438 0.423828 0.050000 0.062500
0 0.803125 0.404297 0.050000 0.062500
0 0.818750 0.386719 0.050000 0.062500
0 0.821875 0.363281 0.050000 0.062500
0 0.871875 0.369141 0.050000 0.062500
0 0.856250 0.382812 0.050000 0.062500
0 0.912500 0.394531 0.050000 0.062500
0 0.931250 0.396484 0.050000 0.062500
0 0.914062 0.367188 0.050000 0.062500
0 0.931250 0.337891 0.050000 0.062500
0 0.945312 0.314453 0.050000 0.062500
0 0.926562 0.314453 0.050000 0.062500
0 0.917188 0.335938 0.050000 0.062500
0 0.928125 0.250000 0.050000 0.062500
0 0.881250 0.205078 0.050000 0.062500
0 0.873437 0.193359 0.050000 0.062500
0 0.940625 0.212891 0.050000 0.062500
0 0.954688 0.207031 0.050000 0.062500
0 0.945312 0.189453 0.050000 0.062500
0 0.932813 0.173828 0.050000 0.062500
0 0.917188 0.173828 0.050000 0.062500
0 0.890625 0.548828 0.050000 0.062500
0 0.978125 0.138672 0.043750 0.062500
0 0.978906 0.105469 0.042188 0.062500
0 0.967187 0.076172 0.050000 0.062500
0 0.923438 0.083984 0.050000 0.062500
0 0.167187 0.816406 0.050000 0.062500
0 0.142187 0.828125 0.050000 0.062500
0 0.523438 0.462891 0.050000 0.062500
0 0.517188 0.482422 0.050000 0.062500
0 0.478125 0.433594 0.050000 0.062500
0 0.700000 0.533203 0.050000 0.062500
0 0.676562 0.517578 0.050000 0.062500
0 0.671875 0.542969 0.050000 0.062500
0 0.690625 0.552734 0.050000 0.062500
0 0.625000 0.515625 0.050000 0.062500
0 0.614062 0.511719 0.050000 0.062500
0 0.651563 0.564453 0.050000 0.062500
0 0.579688 0.544922 0.050000 0.062500
0 0.571875 0.550781 0.050000 0.062500
0 0.560937 0.556641 0.050000 0.062500
0 0.585938 0.562500 0.050000 0.062500
