0 0.350000 0.347656 0.050000 0.062500
0 0.331250 0.343750 0.050000 0.062500
0 0.393750 0.455078 0.050000 0.062500
0 0.381250 0.414062 0.050000 0.062500
0 0.371875 0.400391 0.050000 0.062500
0 0.159375 0.818359 0.050000 0.062500
0 0.132812 0.816406 0.050000 0.062500
0 0.121875 0.886719 0.050000 0.062500
0 0.109375 0.898438 0.050000 0.062500
0 0.176563 0.972656 0.050000 0.054688
0 0.162500 0.964844 0.050000 0.062500
0 0.504687 0.482422 0.050000 0.062500
0 0.510938 0.458984 0.050000 0.062500
0 0.470313 0.439453 0.050000 0.062500
0 0.482812 0.308594 0.050000 0.062500
0 0.539062 0.269531 0.050000 0.062500
0 0.514062 0.238281 0.050000 0.062500
0 0.581250 0.246094 0.050000 0.062500
0 0.551562 0.244141 0.050000 0.062500
0 0.564063 0.218750 0.050000 0.062500
0 0.570312 0.232422 0.050000 0.062500
0 0.578125 0.189453 0.050000 0.062500
0 0.551562 0.162109 0.050000 0.062500
0 0.539062 0.214844 0.050000 0.062500
0 0.546875 0.203125 0.050000 0.062500
0 0.731250 0.373047 0.050000 0.062500
0 0.737500 0.349609 0.050000 0.062500
0 0.715625 0.347656 0.050000 0.062500
0 0.660937 0.373047 0.050000 0.062500
0 0.687500 0.535156 0.050000 0.062500
0 0.664062 0.519531 0.050000 0.062500
0 0.660937 0.542969 0.050000 0.062500
0 0.676562 0.556641 0.050000 0.062500
0 0.793750 0.498047 0.050000 0.062500
0 0.729688 0.468750 0.050000 0.062500
0 0.814063 0.433594 0.050000 0.062500
0 0.804688 0.443359 0.050000 0.062500
0 0.803125 0.429688 0.050000 0.062500
0 0.806250 0.414062 0.050000 0.062500
0 0.789062 0.427734 0.050000 0.062500
0 0.810937 0.363281 0.050000 0.062500
0 0.806250 0.384766 0.050000 0.062500
0 0.798438 0.398438 0.050000 0.062500
0 0.787500 0.402344 0.050000 0.062500
0 0.857812 0.398438 0.050000 0.062500
0 0.846875 0.406250 0.050000 0.062500
0 0.917188 0.388672 0.050000 0.062500
0 0.917188 0.404297 0.050000 0.062500
0 0.906250 0.390625 0.050000 0.062500
0 0.934375 0.312500 0.050000 0.062500
0 0.923438 0.337891 0.050000 0.062500
0 0.900000 0.369141 0.050000 0.062500
0 0.901563 0.333984 0.050000 0.062500
0 0.914062 0.314453 0.050000 0.062500
0 0.768750 0.275391 0.050000 0.062500
0 0.701562 0.207031 0.050000 0.062500
0 0.679688 0.203125 0.050000 0.062500
0 0.684375 0.189453 0.050000 0.062500
0 0.734375 0.064453 0.050000 0.062500
0 0.732812 0.103516 0.050000 0.062500
0 0.714063 0.050781 0.050000 0.062500
0 0.804688 0.030273 0.050000 0.060547
0 0.868750 0.148438 0.050000 0.062500
0 0.879687 0.162109 0.050000 0.062500
0 0.909375 0.175781 0.050000 0.062500
0 0.921875 0.146484 0.050000 0.062500
0 0.942187 0.189453 0.050000 0.062500
0 0.931250 0.187500 0.050000 0.062500
0 0.940625 0.208984 0.050000 0.062500
0 0.929688 0.214844 0.050000 0.062500
0 0.921875 0.251953 0.050000 0.062500
0 0.954688 0.232422 0.050000 0.062500
0 0.960938 0.218750 0.050000 0.062500
0 0.970313 0.205078 0.050000 0.062500
0 0.982031 0.119141 0.035937 0.062500
0 0.962500 0.119141 0.050000 0.062500
0 0.973437 0.101562 0.050000 0.062500
0 0.978906 0.134766 0.042188 0.062500
0 0.956250 0.078125 0.050000 0.062500
0 0.918750 0.076172 0.050000 0.062500
0 0.587500 0.035156 0.050000 0.062500
0 0.559375 0.022461 0.050000 0.044922
0 0.323437 0.076172 0.050000 0.062500
