0 0.498437 0.800781 0.050000 0.062500
0 0.479687 0.808594 0.050000 0.062500
0 0.498437 0.828125 0.050000 0.062500
0 0.479687 0.847656 0.050000 0.062500
0 0.460938 0.855469 0.050000 0.062500
0 0.443750 0.859375 0.050000 0.062500
0 0.529687 0.824219 0.050000 0.062500
0 0.571875 0.812500 0.050000 0.062500
0 0.617188 0.833984 0.050000 0.062500
0 0.610938 0.853516 0.050000 0.062500
0 0.795312 0.906250 0.050000 0.062500
0 0.787500 0.925781 0.050000 0.062500
0 0.771875 0.886719 0.050000 0.062500
0 0.765625 0.914062 0.050000 0.062500
0 0.717187 0.882812 0.050000 0.062500
0 0.915625 0.865234 0.050000 0.062500
0 0.837500 0.843750 0.050000 0.062500
0 0.918750 0.730469 0.050000 0.062500
0 0.914062 0.753906 0.050000 0.062500
0 0.876563 0.759766 0.050000 0.062500
0 0.892188 0.773438 0.050000 0.062500
0 0.909375 0.783203 0.050000 0.062500
0 0.915625 0.808594 0.050000 0.062500
0 0.904687 0.798828 0.050000 0.062500
0 0.892188 0.792969 0.050000 0.062500
0 0.837500 0.675781 0.050000 0.062500
0 0.767188 0.759766 0.050000 0.062500
0 0.803125 0.591797 0.050000 0.062500
0 0.784375 0.572266 0.050000 0.062500
0 0.809375 0.515625 0.050000 0.062500
0 0.809375 0.500000 0.050000 0.062500
0 0.837500 0.466797 0.050000 0.062500
0 0.835938 0.433594 0.050000 0.062500
0 0.906250 0.396484 0.050000 0.062500
0 0.978906 0.455078 0.042188 0.062500
0 0.712500 0.371094 0.050000 0.062500
0 0.692187 0.431641 0.050000 0.062500
0 0.675000 0.400391 0.050000 0.062500
0 0.671875 0.416016 0.050000 0.062500
0 0.685937 0.359375 0.050000 0.062500
0 0.631250 0.494141 0.050000 0.062500
0 0.631250 0.517578 0.050000 0.062500
0 0.640625 0.585938 0.050000 0.062500
0 0.670312 0.585938 0.050000 0.062500
0 0.656250 0.611328 0.050000 0.062500
0 0.671875 0.607422 0.050000 0.062500
0 0.653125 0.648438 0.050000 0.062500
0 0.692187 0.615234 0.050000 0.062500
0 0.745313 0.593750 0.050000 0.062500
0 0.731250 0.597656 0.050000 0.062500
0 0.729688 0.574219 0.050000 0.062500
0 0.796875 0.718750 0.050000 0.062500
0 0.914062 0.134766 0.050000 0.062500
0 0.903125 0.156250 0.050000 0.062500
0 0.851562 0.140625 0.050000 0.062500
0 0.850000 0.156250 0.050000 0.062500
0 0.821875 0.167969 0.050000 0.062500
0 0.703125 0.128906 0.050000 0.062500
0 0.726562 0.160156 0.050000 0.062500
0 0.704688 0.166016 0.050000 0.062500
0 0.678125 0.171875 0.050000 0.062500
0 0.801562 0.199219 0.050000 0.062500
0 0.810937 0.205078 0.050000 0.062500
0 0.870313 0.230469 0.050000 0.062500
0 0.854688 0.222656 0.050000 0.062500
0 0.826562 0.210938 0.050000 0.062500
0 0.837500 0.216797 0.050000 0.062500
0 0.439063 0.574219 0.050000 0.062500
0 0.415625 0.150391 0.050000 0.062500
0 0.396875 0.164062 0.050000 0.062500
0 0.378125 0.187500 0.050000 0.062500
0 0.445312 0.134766 0.050000 0.062500
0 0.442188 0.154297 0.050000 0.062500
0 0.420312 0.125000 0.050000 0.062500
0 0.425000 0.039062 0.050000 0.062500
0 0.393750 0.020508 0.050000 0.041016
0 0.378125 0.021484 0.050000 0.042969
0 0.371875 0.031250 0.050000 0.062500
0 0.309375 0.056641 0.050000 0.062500
0 0.298438 0.523438 0.050000 0.062500
0 0.284375 0.523438 0.050000 0.062500
0 0.428125 0.560547 0.050000 0.062500
0 0.785937 0.028320 0.050000 0.056641
0 0.801562 0.041016 0.050000 0.062500
0 0.809375 0.024414 0.050000 0.048828
0 0.821875 0.027344 0.050000 0.054688
0 0.831250 0.028320 0.050000 0.056641
0 0.857812 0.030273 0.050000 0.060547
0 0.845313 0.031250 0.050000 0.062500
0 0.876563 0.046875 0.050000 0.062500
0 0.879687 0.066406 0.050000 0.062500
0 0.901563 0.074219 0.050000 0.062500
