0 0.814063 0.802734 0.050000 0.062500
0 0.815625 0.830078 0.050000 0.062500
0 0.742188 0.826172 0.050000 0.062500
0 0.675000 0.771484 0.050000 0.062500
0 0.706250 0.751953 0.050000 0.062500
0 0.625000 0.785156 0.050000 0.062500
0 0.637500 0.847656 0.050000 0.062500
0 0.607812 0.841797 0.050000 0.062500
0 0.610938 0.878906 0.050000 0.062500
0 0.581250 0.873047 0.050000 0.062500
0 0.625000 0.837891 0.050000 0.062500
0 0.643750 0.962891 0.050000 0.062500
0 0.656250 0.970703 0.050000 0.058594
0 0.631250 0.970703 0.050000 0.058594
0 0.615625 0.962891 0.050000 0.062500
0 0.762500 0.939453 0.050000 0.062500
0 0.775000 0.960938 0.050000 0.062500
0 0.706250 0.941406 0.050000 0.062500
0 0.879687 0.941406 0.050000 0.062500
0 0.860938 0.923828 0.050000 0.062500
0 0.921875 0.941406 0.050000 0.062500
0 0.940625 0.867188 0.050000 0.062500
0 0.896875 0.835938 0.050000 0.062500
0 0.887500 0.763672 0.050000 0.062500
0 0.968750 0.839844 0.050000 0.062500
0 0.951562 0.830078 0.050000 0.062500
0 0.964063 0.857422 0.050000 0.062500
0 0.976562 0.914062 0.046875 0.062500
0 0.953125 0.791016 0.050000 0.062500
0 0.803125 0.535156 0.050000 0.062500
0 0.801562 0.437500 0.050000 0.062500
0 0.789062 0.431641 0.050000 0.062500
0 0.806250 0.419922 0.050000 0.062500
0 0.687500 0.421875 0.050000 0.062500
0 0.664062 0.423828 0.050000 0.062500
0 0.732812 0.341797 0.050000 0.062500
0 0.665625 0.480469 0.050000 0.062500
0 0.679688 0.490234 0.050000 0.062500
0 0.682813 0.505859 0.050000 0.062500
0 0.631250 0.511719 0.050000 0.062500
0 0.607812 0.710938 0.050000 0.062500
0 0.701562 0.179688 0.050000 0.062500
0 0.759375 0.064453 0.050000 0.062500
0 0.739062 0.062500 0.050000 0.062500
0 0.970313 0.314453 0.050000 0.062500
0 0.865625 0.607422 0.050000 0.062500
0 0.850000 0.597656 0.050000 0.062500
0 0.660937 0.535156 0.050000 0.062500
0 0.706250 0.525391 0.050000 0.062500
0 0.687500 0.537109 0.050000 0.062500
0 0.682813 0.525391 0.050000 0.062500
0 0.745313 0.558594 0.050000 0.062500
0 0.764062 0.562500 0.050000 0.062500
0 0.781250 0.566406 0.050000 0.062500
0 0.793750 0.572266 0.050000 0.062500
0 0.807813 0.576172 0.050000 0.062500
0 0.818750 0.583984 0.050000 0.062500
0 0.834375 0.578125 0.050000 0.062500
0 0.840625 0.593750 0.050000 0.062500
0 0.892188 0.587891 0.050000 0.062500
0 0.977344 0.292969 0.045312 0.062500
0 0.983594 0.294922 0.032813 0.062500
0 0.983594 0.279297 0.032813 0.062500
0 0.978906 0.250000 0.042188 0.062500
0 0.823438 0.333984 0.050000 0.062500
0 0.804688 0.335938 0.050000 0.062500
0 0.862500 0.404297 0.050000 0.062500
0 0.840625 0.386719 0.050000 0.062500
0 0.828125 0.400391 0.050000 0.062500
0 0.810937 0.396484 0.050000 0.062500
0 0.796875 0.394531 0.050000 0.062500
0 0.807813 0.376953 0.050000 0.062500
0 0.793750 0.375000 0.050000 0.062500
0 0.251563 0.511719 0.050000 0.062500
0 0.240625 0.380859 0.050000 0.062500
0 0.225000 0.380859 0.050000 0.062500
0 0.260937 0.326172 0.050000 0.062500
0 0.387500 0.218750 0.050000 0.062500
0 0.393750 0.361328 0.050000 0.062500
0 0.398438 0.371094 0.050000 0.062500
0 0.482812 0.408203 0.050000 0.062500
0 0.450000 0.365234 0.050000 0.062500
0 0.542188 0.503906 0.050000 0.062500
0 0.415625 0.513672 0.050000 0.062500
0 0.403125 0.529297 0.050000 0.062500
0 0.393750 0.511719 0.050000 0.062500
0 0.403125 0.490234 0.050000 0.062500
0 0.407813 0.212891 0.050000 0.062500
0 0.371875 0.294922 0.050000 0.062500
0 0.232813 0.164062 0.050000 0.062500
0 0.954688 0.156250 0.050000 0.062500
