0 0.531250 0.251953 0.050000 0.062500
0 0.510938 0.191406 0.050000 0.062500
0 0.503125 0.269531 0.050000 0.062500
0 0.464062 0.242188 0.050000 0.062500
0 0.421875 0.255859 0.050000 0.062500
0 0.393750 0.238281 0.050000 0.062500
0 0.578125 0.267578 0.050000 0.062500
0 0.595313 0.201172 0.050000 0.062500
0 0.645312 0.173828 0.050000 0.062500
0 0.681250 0.201172 0.050000 0.062500
0 0.723437 0.289062 0.050000 0.062500
0 0.739062 0.244141 0.050000 0.062500
0 0.712500 0.222656 0.050000 0.062500
0 0.757812 0.345703 0.050000 0.062500
0 0.750000 0.333984 0.050000 0.062500
0 0.762500 0.458984 0.050000 0.062500
0 0.790625 0.460938 0.050000 0.062500
0 0.751563 0.488281 0.050000 0.062500
0 0.662500 0.382812 0.050000 0.062500
0 0.598437 0.404297 0.050000 0.062500
0 0.587500 0.457031 0.050000 0.062500
0 0.542188 0.457031 0.050000 0.062500
0 0.495312 0.451172 0.050000 0.062500
0 0.539062 0.396484 0.050000 0.062500
0 0.506250 0.380859 0.050000 0.062500
0 0.434375 0.386719 0.050000 0.062500
0 0.451562 0.484375 0.050000 0.062500
0 0.410938 0.449219 0.050000 0.062500
0 0.298438 0.349609 0.050000 0.062500
0 0.278125 0.333984 0.050000 0.062500
0 0.289062 0.294922 0.050000 0.062500
0 0.690625 0.142578 0.050000 0.062500
0 0.678125 0.144531 0.050000 0.062500
0 0.662500 0.148438 0.050000 0.062500
0 0.707812 0.136719 0.050000 0.062500
0 0.379688 0.134766 0.050000 0.062500
0 0.362500 0.134766 0.050000 0.062500
0 0.392188 0.111328 0.050000 0.062500
0 0.212500 0.173828 0.050000 0.062500
0 0.206250 0.212891 0.050000 0.062500
0 0.185938 0.212891 0.050000 0.062500
0 0.195312 0.240234 0.050000 0.062500
0 0.189062 0.261719 0.050000 0.062500
0 0.170313 0.246094 0.050000 0.062500
0 0.176563 0.187500 0.050000 0.062500
0 0.170313 0.205078 0.050000 0.062500
0 0.168750 0.232422 0.050000 0.062500
0 0.637500 0.132812 0.050000 0.062500
0 0.620313 0.128906 0.050000 0.062500
0 0.856250 0.181641 0.050000 0.062500
0 0.856250 0.207031 0.050000 0.062500
0 0.839063 0.435547 0.050000 0.062500
0 0.834375 0.478516 0.050000 0.062500
0 0.840625 0.498047 0.050000 0.062500
0 0.859375 0.529297 0.050000 0.062500
0 0.696875 0.345703 0.050000 0.062500
0 0.829688 0.244141 0.050000 0.062500
0 0.856250 0.267578 0.050000 0.062500
0 0.848437 0.250000 0.050000 0.062500
0 0.842187 0.298828 0.050000 0.062500
0 0.859375 0.314453 0.050000 0.062500
0 0.854688 0.296875 0.050000 0.062500
0 0.851562 0.283203 0.050000 0.062500
0 0.925000 0.382812 0.050000 0.062500
0 0.921875 0.355469 0.050000 0.062500
0 0.914062 0.369141 0.050000 0.062500
0 0.914062 0.302734 0.050000 0.062500
0 0.914062 0.277344 0.050000 0.062500
0 0.917188 0.287109 0.050000 0.062500
0 0.881250 0.134766 0.050000 0.062500
0 0.895312 0.513672 0.050000 0.062500
0 0.929688 0.816406 0.050000 0.062500
0 0.934375 0.835938 0.050000 0.062500
0 0.903125 0.771484 0.050000 0.062500
0 0.914062 0.841797 0.050000 0.062500
0 0.390625 0.642578 0.050000 0.062500
0 0.276562 0.677734 0.050000 0.062500
0 0.264062 0.748047 0.050000 0.062500
0 0.348438 0.720703 0.050000 0.062500
0 0.293750 0.808594 0.050000 0.062500
0 0.365625 0.869141 0.050000 0.062500
0 0.346875 0.869141 0.050000 0.062500
0 0.465625 0.931641 0.050000 0.062500
0 0.301563 0.970703 0.050000 0.058594
0 0.123438 0.414062 0.050000 0.062500
0 0.135937 0.529297 0.050000 0.062500
0 0.228125 0.451172 0.050000 0.062500
0 0.223438 0.429688 0.050000 0.062500
0 0.217188 0.375000 0.050000 0.062500
0 0.207813 0.382812 0.050000 0.062500
0 0.217188 0.271484 0.050000 0.062500
0 0.207813 0.285156 0.050000 0.062500
0 0.220312 0.296875 0.050000 0.062500
0 0.207813 0.314453 0.050000 0.062500
0 0.212500 0.337891 0.050000 0.062500
0 0.201563 0.353516 0.050000 0.062500
0 0.123438 0.310547 0.050000 0.062500
0 0.121875 0.324219 0.050000 0.062500
0 0.121875 0.347656 0.050000 0.062500
0 0.120313 0.382812 0.050000 0.062500
0 0.271875 0.386719 0.050000 0.062500
0 0.401562 0.529297 0.050000 0.062500
0 0.387500 0.539062 0.050000 0.062500
0 0.373437 0.533203 0.050000 0.062500
0 0.353125 0.539062 0.050000 0.062500
0 0.334375 0.546875 0.050000 0.062500
0 0.217188 0.552734 0.050000 0.062500
0 0.207813 0.568359 0.050000 0.062500
0 0.214062 0.578125 0.050000 0.062500
0 0.198437 0.576172 0.050000 0.062500
0 0.198437 0.591797 0.050000 0.062500
0 0.198437 0.605469 0.050000 0.062500
0 0.223438 0.603516 0.050000 0.062500
0 0.214062 0.611328 0.050000 0.062500
0 0.215625 0.628906 0.050000 0.062500
0 0.206250 0.619141 0.050000 0.062500
0 0.220312 0.656250 0.050000 0.062500
0 0.200000 0.634766 0.050000 0.062500
0 0.189062 0.650391 0.050000 0.062500
0 0.217188 0.642578 0.050000 0.062500
0 0.209375 0.660156 0.050000 0.062500
0 0.189062 0.671875 0.050000 0.062500
0 0.192188 0.687500 0.050000 0.062500
0 0.203125 0.675781 0.050000 0.062500
0 0.221875 0.673828 0.050000 0.062500
0 0.214062 0.691406 0.050000 0.062500
0 0.204687 0.705078 0.050000 0.062500
0 0.184375 0.701172 0.050000 0.062500
0 0.193750 0.722656 0.050000 0.062500
0 0.209375 0.722656 0.050000 0.062500
0 0.214062 0.742188 0.050000 0.062500
0 0.234375 0.751953 0.050000 0.062500
0 0.234375 0.781250 0.050000 0.062500
0 0.209375 0.775391 0.050000 0.062500
0 0.200000 0.746094 0.050000 0.062500
0 0.193750 0.787109 0.050000 0.062500
0 0.196875 0.806641 0.050000 0.062500
0 0.209375 0.814453 0.050000 0.062500
0 0.207813 0.839844 0.050000 0.062500
0 0.195312 0.835938 0.050000 0.062500
0 0.218750 0.822266 0.050000 0.062500
0 0.196875 0.861328 0.050000 0.062500
0 0.207813 0.873047 0.050000 0.062500
0 0.225000 0.865234 0.050000 0.062500
0 0.223438 0.878906 0.050000 0.062500
0 0.209375 0.896484 0.050000 0.062500
0 0.215625 0.910156 0.050000 0.062500
0 0.225000 0.917969 0.050000 0.062500
0 0.235937 0.917969 0.050000 0.062500
0 0.234375 0.933594 0.050000 0.062500
0 0.228125 0.957031 0.050000 0.062500
0 0.214062 0.933594 0.050000 0.062500
0 0.240625 0.978516 0.050000 0.042969
0 0.228125 0.977539 0.050000 0.044922
0 0.201563 0.949219 0.050000 0.062500
0 0.198437 0.964844 0.050000 0.062500
0 0.212500 0.951172 0.050000 0.062500
0 0.218750 0.966797 0.050000 0.062500
0 0.215625 0.976562 0.050000 0.046875
0 0.271875 0.593750 0.050000 0.062500
0 0.260937 0.589844 0.050000 0.062500
0 0.253125 0.601562 0.050000 0.062500
0 0.237500 0.583984 0.050000 0.062500
0 0.246875 0.589844 0.050000 0.062500
0 0.232813 0.611328 0.050000 0.062500
0 0.234375 0.566406 0.050000 0.062500
0 0.270313 0.560547 0.050000 0.062500
0 0.287500 0.562500 0.050000 0.062500
0 0.279687 0.582031 0.050000 0.062500
0 0.264062 0.574219 0.050000 0.062500
0 0.304688 0.570312 0.050000 0.062500
0 0.325000 0.589844 0.050000 0.062500
0 0.354687 0.578125 0.050000 0.062500
0 0.343750 0.582031 0.050000 0.062500
0 0.335938 0.576172 0.050000 0.062500
0 0.368750 0.570312 0.050000 0.062500
0 0.364063 0.591797 0.050000 0.062500
0 0.375000 0.585938 0.050000 0.062500
0 0.384375 0.560547 0.050000 0.062500
0 0.379688 0.574219 0.050000 0.062500
0 0.389062 0.585938 0.050000 0.062500
0 0.400000 0.558594 0.050000 0.062500
0 0.400000 0.558594 0.050000 0.062500
0 0.412500 0.554688 0.050000 0.062500
0 0.415625 0.568359 0.050000 0.062500
0 0.415625 0.580078 0.050000 0.062500
0 0.403125 0.580078 0.050000 0.062500
0 0.423438 0.591797 0.050000 0.062500
0 0.432812 0.591797 0.050000 0.062500
0 0.426563 0.578125 0.050000 0.062500
0 0.434375 0.574219 0.050000 0.062500
0 0.445312 0.574219 0.050000 0.062500
0 0.454688 0.578125 0.050000 0.062500
0 0.448437 0.591797 0.050000 0.062500
0 0.465625 0.583984 0.050000 0.062500
0 0.479687 0.574219 0.050000 0.062500
0 0.490625 0.578125 0.050000 0.062500
0 0.443750 0.558594 0.050000 0.062500
0 0.431250 0.564453 0.050000 0.062500
0 0.503125 0.564453 0.050000 0.062500
0 0.487500 0.558594 0.050000 0.062500
0 0.518750 0.583984 0.050000 0.062500
0 0.500000 0.582031 0.050000 0.062500
0 0.531250 0.558594 0.050000 0.062500
0 0.526563 0.570312 0.050000 0.062500
0 0.515625 0.570312 0.050000 0.062500
0 0.548438 0.566406 0.050000 0.062500
0 0.539062 0.566406 0.050000 0.062500
0 0.564063 0.570312 0.050000 0.062500
0 0.560937 0.582031 0.050000 0.062500
0 0.573438 0.572266 0.050000 0.062500
0 0.587500 0.582031 0.050000 0.062500
0 0.601562 0.576172 0.050000 0.062500
0 0.593750 0.558594 0.050000 0.062500
0 0.575000 0.548828 0.050000 0.062500
0 0.579688 0.558594 0.050000 0.062500
0 0.587500 0.541016 0.050000 0.062500
0 0.598437 0.539062 0.050000 0.062500
0 0.617188 0.544922 0.050000 0.062500
0 0.623437 0.527344 0.050000 0.062500
0 0.609375 0.566406 0.050000 0.062500
0 0.604688 0.552734 0.050000 0.062500
0 0.631250 0.548828 0.050000 0.062500
0 0.643750 0.535156 0.050000 0.062500
0 0.645312 0.552734 0.050000 0.062500
0 0.640625 0.566406 0.050000 0.062500
0 0.634375 0.578125 0.050000 0.062500
0 0.628125 0.564453 0.050000 0.062500
0 0.620313 0.574219 0.050000 0.062500
0 0.662500 0.539062 0.050000 0.062500
0 0.665625 0.556641 0.050000 0.062500
0 0.653125 0.568359 0.050000 0.062500
0 0.675000 0.537109 0.050000 0.062500
0 0.678125 0.552734 0.050000 0.062500
0 0.689063 0.546875 0.050000 0.062500
0 0.679688 0.566406 0.050000 0.062500
0 0.690625 0.568359 0.050000 0.062500
0 0.693750 0.556641 0.050000 0.062500
0 0.707812 0.572266 0.050000 0.062500
0 0.700000 0.564453 0.050000 0.062500
0 0.715625 0.582031 0.050000 0.062500
0 0.725000 0.582031 0.050000 0.062500
0 0.696875 0.535156 0.050000 0.062500
0 0.701562 0.548828 0.050000 0.062500
0 0.712500 0.556641 0.050000 0.062500
0 0.717187 0.566406 0.050000 0.062500
0 0.732812 0.566406 0.050000 0.062500
0 0.739062 0.580078 0.050000 0.062500
0 0.743750 0.591797 0.050000 0.062500
0 0.760938 0.583984 0.050000 0.062500
0 0.814063 0.574219 0.050000 0.062500
0 0.801562 0.574219 0.050000 0.062500
0 0.790625 0.566406 0.050000 0.062500
0 0.779687 0.582031 0.050000 0.062500
0 0.776563 0.564453 0.050000 0.062500
0 0.754687 0.562500 0.050000 0.062500
0 0.728125 0.542969 0.050000 0.062500
0 0.721875 0.556641 0.050000 0.062500
0 0.768750 0.527344 0.050000 0.062500
0 0.787500 0.525391 0.050000 0.062500
0 0.806250 0.539062 0.050000 0.062500
0 0.829688 0.576172 0.050000 0.062500
0 0.831250 0.554688 0.050000 0.062500
0 0.818750 0.558594 0.050000 0.062500
0 0.804688 0.558594 0.050000 0.062500
0 0.829688 0.533203 0.050000 0.062500
0 0.843750 0.597656 0.050000 0.062500
0 0.831250 0.613281 0.050000 0.062500
0 0.850000 0.617188 0.050000 0.062500
0 0.845313 0.582031 0.050000 0.062500
0 0.839063 0.634766 0.050000 0.062500
0 0.840625 0.679688 0.050000 0.062500
0 0.854688 0.669922 0.050000 0.062500
0 0.832812 0.660156 0.050000 0.062500
0 0.832812 0.671875 0.050000 0.062500
0 0.825000 0.687500 0.050000 0.062500
0 0.829688 0.701172 0.050000 0.062500
0 0.840625 0.699219 0.050000 0.062500
0 0.853125 0.708984 0.050000 0.062500
0 0.835938 0.714844 0.050000 0.062500
0 0.856250 0.742188 0.050000 0.062500
0 0.845313 0.732422 0.050000 0.062500
0 0.873437 0.732422 0.050000 0.062500
0 0.846875 0.750000 0.050000 0.062500
0 0.867188 0.779297 0.050000 0.062500
0 0.867188 0.757812 0.050000 0.062500
0 0.825000 0.626953 0.050000 0.062500
0 0.823438 0.646484 0.050000 0.062500
0 0.842187 0.650391 0.050000 0.062500
0 0.832812 0.748047 0.050000 0.062500
0 0.829688 0.728516 0.050000 0.062500
0 0.878125 0.796875 0.050000 0.062500
0 0.865625 0.830078 0.050000 0.062500
0 0.854688 0.822266 0.050000 0.062500
0 0.862500 0.796875 0.050000 0.062500
0 0.843750 0.787109 0.050000 0.062500
0 0.876563 0.818359 0.050000 0.062500
0 0.829688 0.785156 0.050000 0.062500
0 0.842187 0.859375 0.050000 0.062500
0 0.839063 0.876953 0.050000 0.062500
0 0.854688 0.865234 0.050000 0.062500
0 0.862500 0.884766 0.050000 0.062500
0 0.859375 0.904297 0.050000 0.062500
0 0.839063 0.894531 0.050000 0.062500
0 0.843750 0.906250 0.050000 0.062500
0 0.835938 0.921875 0.050000 0.062500
0 0.851562 0.916016 0.050000 0.062500
0 0.845313 0.935547 0.050000 0.062500
0 0.854688 0.943359 0.050000 0.062500
0 0.864062 0.951172 0.050000 0.062500
0 0.870313 0.914062 0.050000 0.062500
0 0.875000 0.933594 0.050000 0.062500
0 0.876563 0.951172 0.050000 0.062500
0 0.867188 0.976562 0.050000 0.046875
0 0.845313 0.960938 0.050000 0.062500
0 0.839063 0.953125 0.050000 0.062500
0 0.832812 0.962891 0.050000 0.062500
0 0.821875 0.969727 0.050000 0.060547
0 0.834375 0.972656 0.050000 0.054688
0 0.860938 0.968750 0.050000 0.062500
0 0.873437 0.968750 0.050000 0.062500
0 0.821875 0.824219 0.050000 0.062500
0 0.828125 0.847656 0.050000 0.062500
0 0.823438 0.876953 0.050000 0.062500
0 0.821875 0.896484 0.050000 0.062500
0 0.821875 0.914062 0.050000 0.062500
0 0.825000 0.933594 0.050000 0.062500
0 0.823438 0.953125 0.050000 0.062500
0 0.845313 0.972656 0.050000 0.054688
0 0.850000 0.979492 0.050000 0.041016
0 0.860938 0.981445 0.050000 0.037109
0 0.831250 0.982422 0.050000 0.035156
0 0.868750 0.855469 0.050000 0.062500
0 0.884375 0.980469 0.050000 0.039062
0 0.903125 0.970703 0.050000 0.058594
0 0.918750 0.974609 0.050000 0.050781
0 0.890625 0.761719 0.050000 0.062500
0 0.892188 0.777344 0.050000 0.062500
0 0.906250 0.541016 0.050000 0.062500
0 0.918750 0.392578 0.050000 0.062500
0 0.923438 0.310547 0.050000 0.062500
0 0.445312 0.169922 0.050000 0.062500
0 0.406250 0.179688 0.050000 0.062500
0 0.471875 0.130859 0.050000 0.062500
0 0.482812 0.125000 0.050000 0.062500
0 0.587500 0.142578 0.050000 0.062500
0 0.656250 0.128906 0.050000 0.062500
0 0.673438 0.126953 0.050000 0.062500
0 0.689063 0.125000 0.050000 0.062500
0 0.284375 0.185547 0.050000 0.062500
0 0.250000 0.156250 0.050000 0.062500
0 0.262500 0.103516 0.050000 0.062500
0 0.264062 0.115234 0.050000 0.062500
0 0.129688 0.683594 0.050000 0.062500
0 0.135937 0.718750 0.050000 0.062500
0 0.157812 0.646484 0.050000 0.062500
0 0.162500 0.708984 0.050000 0.062500
0 0.167187 0.691406 0.050000 0.062500
0 0.160938 0.894531 0.050000 0.062500
0 0.251563 0.550781 0.050000 0.062500
0 0.559375 0.556641 0.050000 0.062500
0 0.543750 0.550781 0.050000 0.062500
0 0.854688 0.562500 0.050000 0.062500
