0 0.696875 0.705078 0.050000 0.062500
0 0.718750 0.759766 0.050000 0.062500
0 0.821875 0.775391 0.050000 0.062500
0 0.784375 0.828125 0.050000 0.062500
0 0.653125 0.833984 0.050000 0.062500
0 0.743750 0.888672 0.050000 0.062500
0 0.681250 0.882812 0.050000 0.062500
0 0.671875 0.902344 0.050000 0.062500
0 0.656250 0.890625 0.050000 0.062500
0 0.670312 0.888672 0.050000 0.062500
0 0.628125 0.892578 0.050000 0.062500
0 0.564063 0.943359 0.050000 0.062500
0 0.450000 0.181641 0.050000 0.062500
0 0.435937 0.179688 0.050000 0.062500
0 0.415625 0.111328 0.050000 0.062500
0 0.404687 0.099609 0.050000 0.062500
0 0.395313 0.113281 0.050000 0.062500
0 0.382812 0.107422 0.050000 0.062500
0 0.350000 0.091797 0.050000 0.062500
0 0.340625 0.101562 0.050000 0.062500
0 0.325000 0.099609 0.050000 0.062500
0 0.315625 0.103516 0.050000 0.062500
0 0.435937 0.214844 0.050000 0.062500
0 0.475000 0.222656 0.050000 0.062500
0 0.492188 0.218750 0.050000 0.062500
0 0.264062 0.175781 0.050000 0.062500
0 0.307812 0.179688 0.050000 0.062500
0 0.295312 0.189453 0.050000 0.062500
0 0.290625 0.205078 0.050000 0.062500
0 0.328125 0.201172 0.050000 0.062500
0 0.321875 0.189453 0.050000 0.062500
0 0.332813 0.183594 0.050000 0.062500
0 0.343750 0.175781 0.050000 0.062500
0 0.350000 0.189453 0.050000 0.062500
0 0.346875 0.203125 0.050000 0.062500
0 0.346875 0.218750 0.050000 0.062500
0 0.409375 0.275391 0.050000 0.062500
0 0.360938 0.316406 0.050000 0.062500
0 0.351562 0.302734 0.050000 0.062500
0 0.335938 0.337891 0.050000 0.062500
0 0.320312 0.349609 0.050000 0.062500
0 0.390625 0.349609 0.050000 0.062500
0 0.375000 0.359375 0.050000 0.062500
0 0.371875 0.390625 0.050000 0.062500
0 0.442188 0.525391 0.050000 0.062500
0 0.390625 0.513672 0.050000 0.062500
0 0.437500 0.580078 0.050000 0.062500
0 0.460938 0.539062 0.050000 0.062500
0 0.473438 0.548828 0.050000 0.062500
0 0.479687 0.517578 0.050000 0.062500
0 0.489063 0.568359 0.050000 0.062500
0 0.484375 0.630859 0.050000 0.062500
0 0.442188 0.642578 0.050000 0.062500
0 0.451562 0.701172 0.050000 0.062500
0 0.489063 0.775391 0.050000 0.062500
0 0.482812 0.755859 0.050000 0.062500
0 0.484375 0.796875 0.050000 0.062500
0 0.368750 0.699219 0.050000 0.062500
0 0.410938 0.748047 0.050000 0.062500
0 0.373437 0.634766 0.050000 0.062500
0 0.335938 0.736328 0.050000 0.062500
0 0.298438 0.828125 0.050000 0.062500
0 0.309375 0.902344 0.050000 0.062500
0 0.390625 0.970703 0.050000 0.058594
0 0.267188 0.658203 0.050000 0.062500
0 0.278125 0.705078 0.050000 0.062500
0 0.281250 0.589844 0.050000 0.062500
0 0.323437 0.492188 0.050000 0.062500
0 0.289062 0.519531 0.050000 0.062500
0 0.228125 0.519531 0.050000 0.062500
0 0.214062 0.412109 0.050000 0.062500
0 0.201563 0.406250 0.050000 0.062500
0 0.196875 0.386719 0.050000 0.062500
0 0.198437 0.373047 0.050000 0.062500
0 0.245312 0.205078 0.050000 0.062500
0 0.223438 0.609375 0.050000 0.062500
0 0.218750 0.669922 0.050000 0.062500
0 0.204687 0.740234 0.050000 0.062500
0 0.176563 0.539062 0.050000 0.062500
0 0.181250 0.558594 0.050000 0.062500
0 0.173437 0.619141 0.050000 0.062500
0 0.165625 0.634766 0.050000 0.062500
0 0.173437 0.644531 0.050000 0.062500
0 0.165625 0.753906 0.050000 0.062500
0 0.165625 0.781250 0.050000 0.062500
0 0.176563 0.929688 0.050000 0.062500
0 0.196875 0.975586 0.050000 0.048828
0 0.218750 0.976562 0.050000 0.046875
0 0.340625 0.968750 0.050000 0.062500
0 0.359375 0.974609 0.050000 0.050781
0 0.246875 0.980469 0.050000 0.039062
0 0.270313 0.947266 0.050000 0.062500
0 0.264062 0.971680 0.050000 0.056641
0 0.284375 0.964844 0.050000 0.062500
0 0.309375 0.972656 0.050000 0.054688
0 0.350000 0.979492 0.050000 0.041016
0 0.381250 0.791016 0.050000 0.062500
0 0.373437 0.859375 0.050000 0.062500
0 0.517188 0.197266 0.050000 0.062500
0 0.531250 0.142578 0.050000 0.062500
0 0.517188 0.146484 0.050000 0.062500
0 0.556250 0.212891 0.050000 0.062500
0 0.540625 0.201172 0.050000 0.062500
0 0.539062 0.228516 0.050000 0.062500
0 0.539062 0.250000 0.050000 0.062500
0 0.553125 0.255859 0.050000 0.062500
0 0.535937 0.263672 0.050000 0.062500
0 0.551562 0.269531 0.050000 0.062500
0 0.542188 0.279297 0.050000 0.062500
0 0.551562 0.298828 0.050000 0.062500
0 0.553125 0.287109 0.050000 0.062500
0 0.500000 0.265625 0.050000 0.062500
0 0.510938 0.279297 0.050000 0.062500
0 0.506250 0.306641 0.050000 0.062500
0 0.518750 0.230469 0.050000 0.062500
0 0.529687 0.302734 0.050000 0.062500
0 0.531250 0.324219 0.050000 0.062500
0 0.548438 0.316406 0.050000 0.062500
0 0.542188 0.328125 0.050000 0.062500
0 0.546875 0.339844 0.050000 0.062500
0 0.543750 0.363281 0.050000 0.062500
0 0.543750 0.363281 0.050000 0.062500
0 0.525000 0.363281 0.050000 0.062500
0 0.514062 0.371094 0.050000 0.062500
0 0.525000 0.376953 0.050000 0.062500
0 0.535937 0.382812 0.050000 0.062500
0 0.509375 0.390625 0.050000 0.062500
0 0.517188 0.402344 0.050000 0.062500
0 0.526563 0.396484 0.050000 0.062500
0 0.534375 0.404297 0.050000 0.062500
0 0.531250 0.417969 0.050000 0.062500
0 0.520312 0.417969 0.050000 0.062500
0 0.504687 0.417969 0.050000 0.062500
0 0.520312 0.433594 0.050000 0.062500
0 0.509375 0.433594 0.050000 0.062500
0 0.529687 0.451172 0.050000 0.062500
0 0.507812 0.457031 0.050000 0.062500
0 0.518750 0.462891 0.050000 0.062500
0 0.529687 0.466797 0.050000 0.062500
0 0.537500 0.476562 0.050000 0.062500
0 0.512500 0.478516 0.050000 0.062500
0 0.535937 0.490234 0.050000 0.062500
0 0.514062 0.494141 0.050000 0.062500
0 0.503125 0.492188 0.050000 0.062500
0 0.515625 0.505859 0.050000 0.062500
0 0.528125 0.501953 0.050000 0.062500
0 0.535937 0.515625 0.050000 0.062500
0 0.518750 0.523438 0.050000 0.062500
0 0.503125 0.515625 0.050000 0.062500
0 0.509375 0.531250 0.050000 0.062500
0 0.509375 0.541016 0.050000 0.062500
0 0.537500 0.535156 0.050000 0.062500
0 0.529687 0.546875 0.050000 0.062500
0 0.525000 0.560547 0.050000 0.062500
0 0.515625 0.572266 0.050000 0.062500
0 0.525000 0.585938 0.050000 0.062500
0 0.537500 0.564453 0.050000 0.062500
0 0.539062 0.552734 0.050000 0.062500
0 0.504687 0.585938 0.050000 0.062500
0 0.535937 0.597656 0.050000 0.062500
0 0.518750 0.605469 0.050000 0.062500
0 0.532813 0.623047 0.050000 0.062500
0 0.528125 0.646484 0.050000 0.062500
0 0.515625 0.650391 0.050000 0.062500
0 0.534375 0.658203 0.050000 0.062500
0 0.526563 0.669922 0.050000 0.062500
0 0.534375 0.689453 0.050000 0.062500
0 0.526563 0.701172 0.050000 0.062500
0 0.537500 0.705078 0.050000 0.062500
0 0.537500 0.726562 0.050000 0.062500
0 0.526563 0.714844 0.050000 0.062500
0 0.521875 0.728516 0.050000 0.062500
0 0.534375 0.738281 0.050000 0.062500
0 0.510938 0.712891 0.050000 0.062500
0 0.500000 0.724609 0.050000 0.062500
0 0.504687 0.746094 0.050000 0.062500
0 0.525000 0.748047 0.050000 0.062500
0 0.515625 0.751953 0.050000 0.062500
0 0.525000 0.765625 0.050000 0.062500
0 0.531250 0.781250 0.050000 0.062500
0 0.518750 0.775391 0.050000 0.062500
0 0.504687 0.765625 0.050000 0.062500
0 0.507812 0.785156 0.050000 0.062500
0 0.520312 0.791016 0.050000 0.062500
0 0.526563 0.800781 0.050000 0.062500
0 0.498437 0.808594 0.050000 0.062500
0 0.520312 0.824219 0.050000 0.062500
0 0.506250 0.824219 0.050000 0.062500
0 0.489063 0.824219 0.050000 0.062500
0 0.501563 0.845703 0.050000 0.062500
0 0.495312 0.857422 0.050000 0.062500
0 0.515625 0.853516 0.050000 0.062500
0 0.532813 0.820312 0.050000 0.062500
0 0.526563 0.861328 0.050000 0.062500
0 0.509375 0.882812 0.050000 0.062500
0 0.517188 0.914062 0.050000 0.062500
0 0.504687 0.906250 0.050000 0.062500
0 0.529687 0.904297 0.050000 0.062500
0 0.526563 0.925781 0.050000 0.062500
0 0.521875 0.943359 0.050000 0.062500
0 0.500000 0.927734 0.050000 0.062500
0 0.510938 0.935547 0.050000 0.062500
0 0.518750 0.969727 0.050000 0.060547
0 0.539062 0.974609 0.050000 0.050781
0 0.528125 0.977539 0.050000 0.044922
0 0.501563 0.969727 0.050000 0.060547
0 0.514062 0.979492 0.050000 0.041016
0 0.489063 0.979492 0.050000 0.041016
0 0.589063 0.980469 0.050000 0.039062
0 0.573438 0.981445 0.050000 0.037109
0 0.650000 0.980469 0.050000 0.039062
0 0.792188 0.981445 0.050000 0.037109
0 0.835938 0.980469 0.050000 0.039062
0 0.859375 0.979492 0.050000 0.041016
0 0.884375 0.974609 0.050000 0.050781
0 0.873437 0.977539 0.050000 0.044922
0 0.878125 0.958984 0.050000 0.062500
0 0.876563 0.937500 0.050000 0.062500
0 0.878125 0.916016 0.050000 0.062500
0 0.875000 0.900391 0.050000 0.062500
0 0.876563 0.878906 0.050000 0.062500
0 0.876563 0.830078 0.050000 0.062500
0 0.876563 0.812500 0.050000 0.062500
0 0.873437 0.789062 0.050000 0.062500
0 0.871875 0.777344 0.050000 0.062500
0 0.876563 0.753906 0.050000 0.062500
0 0.890625 0.697266 0.050000 0.062500
0 0.879687 0.728516 0.050000 0.062500
0 0.895312 0.666016 0.050000 0.062500
0 0.895312 0.644531 0.050000 0.062500
0 0.895312 0.632812 0.050000 0.062500
0 0.898438 0.607422 0.050000 0.062500
0 0.900000 0.589844 0.050000 0.062500
0 0.889062 0.544922 0.050000 0.062500
0 0.904687 0.550781 0.050000 0.062500
0 0.901563 0.535156 0.050000 0.062500
0 0.904687 0.519531 0.050000 0.062500
0 0.885938 0.527344 0.050000 0.062500
0 0.879687 0.509766 0.050000 0.062500
0 0.890625 0.500000 0.050000 0.062500
0 0.904687 0.496094 0.050000 0.062500
0 0.892188 0.482422 0.050000 0.062500
0 0.884375 0.488281 0.050000 0.062500
0 0.881250 0.472656 0.050000 0.062500
0 0.904687 0.455078 0.050000 0.062500
0 0.893750 0.451172 0.050000 0.062500
0 0.884375 0.445312 0.050000 0.062500
0 0.892188 0.468750 0.050000 0.062500
0 0.896875 0.431641 0.050000 0.062500
0 0.901563 0.417969 0.050000 0.062500
0 0.896875 0.404297 0.050000 0.062500
0 0.906250 0.412109 0.050000 0.062500
0 0.904687 0.394531 0.050000 0.062500
0 0.907813 0.378906 0.050000 0.062500
0 0.900000 0.363281 0.050000 0.062500
0 0.900000 0.320312 0.050000 0.062500
0 0.893750 0.308594 0.050000 0.062500
0 0.904687 0.298828 0.050000 0.062500
0 0.900000 0.283203 0.050000 0.062500
0 0.887500 0.292969 0.050000 0.062500
0 0.892188 0.273438 0.050000 0.062500
0 0.904687 0.271484 0.050000 0.062500
0 0.893750 0.257812 0.050000 0.062500
0 0.881250 0.267578 0.050000 0.062500
0 0.878125 0.232422 0.050000 0.062500
0 0.870313 0.203125 0.050000 0.062500
0 0.871875 0.222656 0.050000 0.062500
0 0.854688 0.201172 0.050000 0.062500
0 0.857812 0.216797 0.050000 0.062500
0 0.846875 0.226562 0.050000 0.062500
0 0.856250 0.238281 0.050000 0.062500
0 0.854688 0.253906 0.050000 0.062500
0 0.837500 0.242188 0.050000 0.062500
0 0.826562 0.248047 0.050000 0.062500
0 0.817187 0.250000 0.050000 0.062500
0 0.835938 0.257812 0.050000 0.062500
0 0.818750 0.265625 0.050000 0.062500
0 0.803125 0.265625 0.050000 0.062500
0 0.823438 0.226562 0.050000 0.062500
0 0.826562 0.205078 0.050000 0.062500
0 0.809375 0.232422 0.050000 0.062500
0 0.803125 0.242188 0.050000 0.062500
0 0.787500 0.244141 0.050000 0.062500
0 0.795312 0.255859 0.050000 0.062500
0 0.787500 0.261719 0.050000 0.062500
0 0.768750 0.251953 0.050000 0.062500
0 0.757812 0.253906 0.050000 0.062500
0 0.745313 0.259766 0.050000 0.062500
0 0.784375 0.222656 0.050000 0.062500
0 0.778125 0.238281 0.050000 0.062500
0 0.762500 0.222656 0.050000 0.062500
0 0.745313 0.222656 0.050000 0.062500
0 0.754687 0.203125 0.050000 0.062500
0 0.746875 0.191406 0.050000 0.062500
0 0.734375 0.185547 0.050000 0.062500
0 0.712500 0.199219 0.050000 0.062500
0 0.725000 0.212891 0.050000 0.062500
0 0.732812 0.236328 0.050000 0.062500
0 0.720313 0.230469 0.050000 0.062500
0 0.706250 0.232422 0.050000 0.062500
0 0.695312 0.240234 0.050000 0.062500
0 0.678125 0.226562 0.050000 0.062500
0 0.684375 0.210938 0.050000 0.062500
0 0.698438 0.216797 0.050000 0.062500
0 0.664062 0.220703 0.050000 0.062500
0 0.662500 0.234375 0.050000 0.062500
0 0.646875 0.242188 0.050000 0.062500
0 0.626563 0.212891 0.050000 0.062500
0 0.632812 0.230469 0.050000 0.062500
0 0.631250 0.242188 0.050000 0.062500
0 0.620313 0.234375 0.050000 0.062500
0 0.610938 0.222656 0.050000 0.062500
0 0.598437 0.226562 0.050000 0.062500
0 0.585938 0.210938 0.050000 0.062500
0 0.571875 0.218750 0.050000 0.062500
0 0.581250 0.234375 0.050000 0.062500
0 0.600000 0.244141 0.050000 0.062500
0 0.609375 0.244141 0.050000 0.062500
0 0.685937 0.238281 0.050000 0.062500
0 0.914062 0.171875 0.050000 0.062500
0 0.871875 0.166016 0.050000 0.062500
0 0.893750 0.164062 0.050000 0.062500
0 0.876563 0.150391 0.050000 0.062500
0 0.856250 0.154297 0.050000 0.062500
0 0.835938 0.164062 0.050000 0.062500
0 0.764062 0.121094 0.050000 0.062500
0 0.773438 0.119141 0.050000 0.062500
0 0.750000 0.125000 0.050000 0.062500
0 0.718750 0.166016 0.050000 0.062500
0 0.709375 0.150391 0.050000 0.062500
0 0.703125 0.164062 0.050000 0.062500
0 0.690625 0.175781 0.050000 0.062500
0 0.150000 0.742188 0.050000 0.062500
0 0.125000 0.740234 0.050000 0.062500
0 0.931250 0.363281 0.050000 0.062500
0 0.931250 0.421875 0.050000 0.062500
0 0.959375 0.458984 0.050000 0.062500
0 0.592187 0.160156 0.050000 0.062500
