0 0.487500 0.587891 0.050000 0.062500
0 0.496875 0.626953 0.050000 0.062500
0 0.456250 0.638672 0.050000 0.062500
0 0.503125 0.677734 0.050000 0.062500
0 0.546875 0.642578 0.050000 0.062500
0 0.637500 0.724609 0.050000 0.062500
0 0.579688 0.703125 0.050000 0.062500
0 0.540625 0.708984 0.050000 0.062500
0 0.503125 0.740234 0.050000 0.062500
0 0.493750 0.818359 0.050000 0.062500
0 0.535937 0.779297 0.050000 0.062500
0 0.537500 0.808594 0.050000 0.062500
0 0.453125 0.871094 0.050000 0.062500
0 0.301563 0.699219 0.050000 0.062500
0 0.337500 0.744141 0.050000 0.062500
0 0.354687 0.753906 0.050000 0.062500
0 0.323437 0.775391 0.050000 0.062500
0 0.334375 0.810547 0.050000 0.062500
0 0.606250 0.830078 0.050000 0.062500
0 0.650000 0.816406 0.050000 0.062500
0 0.668750 0.757812 0.050000 0.062500
0 0.678125 0.849609 0.050000 0.062500
0 0.670312 0.917969 0.050000 0.062500
0 0.621875 0.898438 0.050000 0.062500
0 0.579688 0.927734 0.050000 0.062500
0 0.567187 0.896484 0.050000 0.062500
0 0.406250 0.933594 0.050000 0.062500
0 0.395313 0.917969 0.050000 0.062500
0 0.392188 0.939453 0.050000 0.062500
0 0.376563 0.935547 0.050000 0.062500
0 0.776563 0.960938 0.050000 0.062500
0 0.826562 0.947266 0.050000 0.062500
0 0.382812 0.953125 0.050000 0.062500
0 0.403125 0.955078 0.050000 0.062500
0 0.420312 0.953125 0.050000 0.062500
0 0.432812 0.955078 0.050000 0.062500
0 0.450000 0.955078 0.050000 0.062500
0 0.528125 0.949219 0.050000 0.062500
0 0.510938 0.958984 0.050000 0.062500
0 0.593750 0.966797 0.050000 0.062500
0 0.243750 0.824219 0.050000 0.062500
0 0.229687 0.824219 0.050000 0.062500
0 0.221875 0.757812 0.050000 0.062500
0 0.237500 0.777344 0.050000 0.062500
0 0.221875 0.800781 0.050000 0.062500
0 0.218750 0.861328 0.050000 0.062500
0 0.217188 0.886719 0.050000 0.062500
0 0.678125 0.654297 0.050000 0.062500
0 0.729688 0.652344 0.050000 0.062500
0 0.723437 0.662109 0.050000 0.062500
0 0.739062 0.773438 0.050000 0.062500
0 0.790625 0.701172 0.050000 0.062500
0 0.803125 0.783203 0.050000 0.062500
0 0.745313 0.800781 0.050000 0.062500
0 0.865625 0.775391 0.050000 0.062500
0 0.853125 0.804688 0.050000 0.062500
0 0.864062 0.810547 0.050000 0.062500
0 0.859375 0.839844 0.050000 0.062500
0 0.876563 0.820312 0.050000 0.062500
0 0.878125 0.859375 0.050000 0.062500
0 0.900000 0.857422 0.050000 0.062500
0 0.903125 0.869141 0.050000 0.062500
0 0.868750 0.900391 0.050000 0.062500
0 0.890625 0.894531 0.050000 0.062500
0 0.898438 0.919922 0.050000 0.062500
0 0.895312 0.906250 0.050000 0.062500
0 0.904687 0.880859 0.050000 0.062500
0 0.154688 0.667969 0.050000 0.062500
0 0.167187 0.673828 0.050000 0.062500
0 0.156250 0.689453 0.050000 0.062500
0 0.160938 0.708984 0.050000 0.062500
0 0.159375 0.765625 0.050000 0.062500
0 0.157812 0.750000 0.050000 0.062500
0 0.159375 0.785156 0.050000 0.062500
0 0.246875 0.642578 0.050000 0.062500
0 0.253125 0.595703 0.050000 0.062500
0 0.245312 0.576172 0.050000 0.062500
0 0.231250 0.539062 0.050000 0.062500
0 0.296875 0.509766 0.050000 0.062500
0 0.285938 0.501953 0.050000 0.062500
0 0.312500 0.494141 0.050000 0.062500
0 0.303125 0.494141 0.050000 0.062500
0 0.326562 0.498047 0.050000 0.062500
0 0.332813 0.515625 0.050000 0.062500
0 0.320312 0.548828 0.050000 0.062500
0 0.301563 0.544922 0.050000 0.062500
0 0.282813 0.539062 0.050000 0.062500
0 0.270313 0.513672 0.050000 0.062500
0 0.275000 0.500000 0.050000 0.062500
0 0.287500 0.515625 0.050000 0.062500
0 0.253125 0.511719 0.050000 0.062500
0 0.260937 0.496094 0.050000 0.062500
0 0.245312 0.472656 0.050000 0.062500
0 0.245312 0.492188 0.050000 0.062500
0 0.234375 0.505859 0.050000 0.062500
0 0.229687 0.490234 0.050000 0.062500
0 0.257812 0.462891 0.050000 0.062500
0 0.254688 0.441406 0.050000 0.062500
0 0.250000 0.423828 0.050000 0.062500
0 0.250000 0.433594 0.050000 0.062500
0 0.239063 0.404297 0.050000 0.062500
0 0.253125 0.394531 0.050000 0.062500
0 0.260937 0.404297 0.050000 0.062500
0 0.259375 0.417969 0.050000 0.062500
0 0.267188 0.392578 0.050000 0.062500
0 0.259375 0.382812 0.050000 0.062500
0 0.265625 0.376953 0.050000 0.062500
0 0.257812 0.357422 0.050000 0.062500
0 0.251563 0.375000 0.050000 0.062500
0 0.245312 0.353516 0.050000 0.062500
0 0.251563 0.341797 0.050000 0.062500
0 0.262500 0.326172 0.050000 0.062500
0 0.262500 0.316406 0.050000 0.062500
0 0.257812 0.302734 0.050000 0.062500
0 0.242188 0.310547 0.050000 0.062500
0 0.246875 0.322266 0.050000 0.062500
0 0.240625 0.333984 0.050000 0.062500
0 0.223438 0.339844 0.050000 0.062500
0 0.228125 0.316406 0.050000 0.062500
0 0.231250 0.294922 0.050000 0.062500
0 0.254688 0.285156 0.050000 0.062500
0 0.239063 0.281250 0.050000 0.062500
0 0.220312 0.269531 0.050000 0.062500
0 0.221875 0.255859 0.050000 0.062500
0 0.221875 0.240234 0.050000 0.062500
0 0.232813 0.246094 0.050000 0.062500
0 0.245312 0.251953 0.050000 0.062500
0 0.270313 0.250000 0.050000 0.062500
0 0.267188 0.226562 0.050000 0.062500
0 0.260937 0.201172 0.050000 0.062500
0 0.246875 0.208984 0.050000 0.062500
0 0.234375 0.212891 0.050000 0.062500
0 0.276562 0.199219 0.050000 0.062500
0 0.279687 0.179688 0.050000 0.062500
0 0.279687 0.162109 0.050000 0.062500
0 0.264062 0.152344 0.050000 0.062500
0 0.257812 0.169922 0.050000 0.062500
0 0.259375 0.187500 0.050000 0.062500
0 0.268750 0.166016 0.050000 0.062500
0 0.276562 0.140625 0.050000 0.062500
0 0.259375 0.136719 0.050000 0.062500
0 0.251563 0.158203 0.050000 0.062500
0 0.232813 0.150391 0.050000 0.062500
0 0.232813 0.162109 0.050000 0.062500
0 0.248438 0.128906 0.050000 0.062500
0 0.239063 0.121094 0.050000 0.062500
0 0.225000 0.123047 0.050000 0.062500
0 0.225000 0.138672 0.050000 0.062500
0 0.243750 0.101562 0.050000 0.062500
0 0.229687 0.103516 0.050000 0.062500
0 0.198437 0.097656 0.050000 0.062500
0 0.190625 0.085938 0.050000 0.062500
0 0.175000 0.097656 0.050000 0.062500
0 0.181250 0.072266 0.050000 0.062500
0 0.168750 0.082031 0.050000 0.062500
0 0.203125 0.046875 0.050000 0.062500
0 0.281250 0.101562 0.050000 0.062500
0 0.281250 0.119141 0.050000 0.062500
0 0.268750 0.115234 0.050000 0.062500
0 0.257812 0.113281 0.050000 0.062500
0 0.253125 0.083984 0.050000 0.062500
0 0.253125 0.054688 0.050000 0.062500
0 0.271875 0.070312 0.050000 0.062500
0 0.273438 0.082031 0.050000 0.062500
0 0.264062 0.099609 0.050000 0.062500
0 0.284375 0.068359 0.050000 0.062500
0 0.281250 0.056641 0.050000 0.062500
0 0.304688 0.054688 0.050000 0.062500
0 0.312500 0.068359 0.050000 0.062500
0 0.295312 0.062500 0.050000 0.062500
0 0.296875 0.078125 0.050000 0.062500
0 0.320312 0.062500 0.050000 0.062500
0 0.335938 0.056641 0.050000 0.062500
0 0.339062 0.068359 0.050000 0.062500
0 0.353125 0.056641 0.050000 0.062500
0 0.367188 0.048828 0.050000 0.062500
0 0.379688 0.050781 0.050000 0.062500
0 0.393750 0.052734 0.050000 0.062500
0 0.387500 0.066406 0.050000 0.062500
0 0.375000 0.064453 0.050000 0.062500
0 0.410938 0.062500 0.050000 0.062500
0 0.398438 0.066406 0.050000 0.062500
0 0.428125 0.052734 0.050000 0.062500
0 0.425000 0.062500 0.050000 0.062500
0 0.442188 0.066406 0.050000 0.062500
0 0.465625 0.052734 0.050000 0.062500
0 0.454688 0.064453 0.050000 0.062500
0 0.479687 0.052734 0.050000 0.062500
0 0.492188 0.050781 0.050000 0.062500
0 0.507812 0.050781 0.050000 0.062500
0 0.504687 0.068359 0.050000 0.062500
0 0.481250 0.078125 0.050000 0.062500
0 0.625000 0.062500 0.050000 0.062500
0 0.732812 0.074219 0.050000 0.062500
0 0.587500 0.058594 0.050000 0.062500
0 0.601562 0.054688 0.050000 0.062500
0 0.717187 0.078125 0.050000 0.062500
0 0.773438 0.074219 0.050000 0.062500
0 0.764062 0.066406 0.050000 0.062500
0 0.751563 0.066406 0.050000 0.062500
0 0.743750 0.070312 0.050000 0.062500
0 0.818750 0.072266 0.050000 0.062500
0 0.818750 0.107422 0.050000 0.062500
0 0.835938 0.062500 0.050000 0.062500
0 0.840625 0.072266 0.050000 0.062500
0 0.862500 0.093750 0.050000 0.062500
0 0.859375 0.072266 0.050000 0.062500
0 0.850000 0.060547 0.050000 0.062500
0 0.903125 0.064453 0.050000 0.062500
0 0.901563 0.074219 0.050000 0.062500
0 0.871875 0.103516 0.050000 0.062500
0 0.873437 0.121094 0.050000 0.062500
0 0.893750 0.111328 0.050000 0.062500
0 0.882812 0.105469 0.050000 0.062500
0 0.860938 0.123047 0.050000 0.062500
0 0.876563 0.154297 0.050000 0.062500
0 0.867188 0.136719 0.050000 0.062500
0 0.885938 0.126953 0.050000 0.062500
0 0.885938 0.142578 0.050000 0.062500
0 0.898438 0.142578 0.050000 0.062500
0 0.898438 0.125000 0.050000 0.062500
0 0.907813 0.132812 0.050000 0.062500
0 0.915625 0.148438 0.050000 0.062500
0 0.900000 0.162109 0.050000 0.062500
0 0.887500 0.156250 0.050000 0.062500
0 0.887500 0.177734 0.050000 0.062500
0 0.876563 0.189453 0.050000 0.062500
0 0.871875 0.173828 0.050000 0.062500
0 0.865625 0.193359 0.050000 0.062500
0 0.884375 0.199219 0.050000 0.062500
0 0.887500 0.212891 0.050000 0.062500
0 0.875000 0.228516 0.050000 0.062500
0 0.889062 0.238281 0.050000 0.062500
0 0.901563 0.242188 0.050000 0.062500
0 0.898438 0.255859 0.050000 0.062500
0 0.878125 0.248047 0.050000 0.062500
0 0.887500 0.269531 0.050000 0.062500
0 0.901563 0.273438 0.050000 0.062500
0 0.900000 0.296875 0.050000 0.062500
0 0.887500 0.292969 0.050000 0.062500
0 0.903125 0.322266 0.050000 0.062500
0 0.884375 0.330078 0.050000 0.062500
0 0.893750 0.347656 0.050000 0.062500
0 0.890625 0.367188 0.050000 0.062500
0 0.879687 0.369141 0.050000 0.062500
0 0.898438 0.386719 0.050000 0.062500
0 0.884375 0.386719 0.050000 0.062500
0 0.885938 0.406250 0.050000 0.062500
0 0.878125 0.417969 0.050000 0.062500
0 0.867188 0.431641 0.050000 0.062500
0 0.889062 0.433594 0.050000 0.062500
0 0.900000 0.458984 0.050000 0.062500
0 0.901563 0.439453 0.050000 0.062500
0 0.881250 0.445312 0.050000 0.062500
0 0.867188 0.449219 0.050000 0.062500
0 0.870313 0.468750 0.050000 0.062500
0 0.892188 0.472656 0.050000 0.062500
0 0.887500 0.507812 0.050000 0.062500
0 0.875000 0.486328 0.050000 0.062500
0 0.856250 0.496094 0.050000 0.062500
0 0.865625 0.507812 0.050000 0.062500
0 0.862500 0.527344 0.050000 0.062500
0 0.882812 0.539062 0.050000 0.062500
0 0.864062 0.554688 0.050000 0.062500
0 0.892188 0.554688 0.050000 0.062500
0 0.878125 0.548828 0.050000 0.062500
0 0.829688 0.515625 0.050000 0.062500
0 0.843750 0.521484 0.050000 0.062500
0 0.851562 0.523438 0.050000 0.062500
0 0.817187 0.509766 0.050000 0.062500
0 0.807813 0.523438 0.050000 0.062500
0 0.825000 0.533203 0.050000 0.062500
0 0.839063 0.550781 0.050000 0.062500
0 0.828125 0.548828 0.050000 0.062500
0 0.773438 0.517578 0.050000 0.062500
0 0.764062 0.515625 0.050000 0.062500
0 0.795312 0.509766 0.050000 0.062500
0 0.801562 0.542969 0.050000 0.062500
0 0.781250 0.539062 0.050000 0.062500
0 0.775000 0.544922 0.050000 0.062500
0 0.731250 0.521484 0.050000 0.062500
0 0.725000 0.507812 0.050000 0.062500
0 0.746875 0.505859 0.050000 0.062500
0 0.707812 0.523438 0.050000 0.062500
0 0.701562 0.517578 0.050000 0.062500
0 0.703125 0.539062 0.050000 0.062500
0 0.693750 0.529297 0.050000 0.062500
0 0.685937 0.517578 0.050000 0.062500
0 0.673438 0.519531 0.050000 0.062500
0 0.654687 0.505859 0.050000 0.062500
0 0.643750 0.521484 0.050000 0.062500
0 0.668750 0.541016 0.050000 0.062500
0 0.675000 0.529297 0.050000 0.062500
0 0.690625 0.541016 0.050000 0.062500
0 0.696875 0.562500 0.050000 0.062500
0 0.714063 0.568359 0.050000 0.062500
0 0.684375 0.568359 0.050000 0.062500
0 0.581250 0.625000 0.050000 0.062500
0 0.643750 0.613281 0.050000 0.062500
0 0.615625 0.585938 0.050000 0.062500
0 0.615625 0.570312 0.050000 0.062500
0 0.595313 0.566406 0.050000 0.062500
0 0.610938 0.521484 0.050000 0.062500
0 0.600000 0.511719 0.050000 0.062500
0 0.593750 0.529297 0.050000 0.062500
0 0.628125 0.509766 0.050000 0.062500
0 0.643750 0.521484 0.050000 0.062500
0 0.642188 0.503906 0.050000 0.062500
0 0.643750 0.537109 0.050000 0.062500
0 0.546875 0.523438 0.050000 0.062500
0 0.568750 0.511719 0.050000 0.062500
0 0.554688 0.507812 0.050000 0.062500
0 0.534375 0.537109 0.050000 0.062500
0 0.526563 0.519531 0.050000 0.062500
0 0.510938 0.519531 0.050000 0.062500
0 0.503125 0.509766 0.050000 0.062500
0 0.531250 0.503906 0.050000 0.062500
0 0.504687 0.527344 0.050000 0.062500
0 0.493750 0.531250 0.050000 0.062500
0 0.500000 0.546875 0.050000 0.062500
0 0.507812 0.542969 0.050000 0.062500
0 0.467187 0.511719 0.050000 0.062500
0 0.487500 0.513672 0.050000 0.062500
0 0.479687 0.521484 0.050000 0.062500
0 0.465625 0.541016 0.050000 0.062500
0 0.456250 0.533203 0.050000 0.062500
0 0.453125 0.507812 0.050000 0.062500
0 0.446875 0.521484 0.050000 0.062500
0 0.434375 0.517578 0.050000 0.062500
0 0.445312 0.531250 0.050000 0.062500
0 0.439063 0.546875 0.050000 0.062500
0 0.420312 0.521484 0.050000 0.062500
0 0.421875 0.531250 0.050000 0.062500
0 0.409375 0.517578 0.050000 0.062500
0 0.410938 0.533203 0.050000 0.062500
0 0.384375 0.542969 0.050000 0.062500
0 0.398438 0.533203 0.050000 0.062500
0 0.396875 0.513672 0.050000 0.062500
0 0.379688 0.511719 0.050000 0.062500
0 0.371875 0.500000 0.050000 0.062500
0 0.373437 0.523438 0.050000 0.062500
0 0.385937 0.531250 0.050000 0.062500
0 0.351562 0.511719 0.050000 0.062500
0 0.345313 0.500000 0.050000 0.062500
0 0.407813 0.541016 0.050000 0.062500
0 0.362500 0.531250 0.050000 0.062500
0 0.903125 0.658203 0.050000 0.062500
0 0.957812 0.699219 0.050000 0.062500
0 0.857812 0.679688 0.050000 0.062500
0 0.846875 0.716797 0.050000 0.062500
0 0.859375 0.742188 0.050000 0.062500
0 0.968750 0.730469 0.050000 0.062500
0 0.957812 0.765625 0.050000 0.062500
0 0.953125 0.802734 0.050000 0.062500
0 0.664062 0.164062 0.050000 0.062500
0 0.621875 0.119141 0.050000 0.062500
0 0.796875 0.181641 0.050000 0.062500
0 0.795312 0.255859 0.050000 0.062500
0 0.812500 0.267578 0.050000 0.062500
0 0.818750 0.302734 0.050000 0.062500
0 0.809375 0.398438 0.050000 0.062500
0 0.760938 0.302734 0.050000 0.062500
0 0.700000 0.361328 0.050000 0.062500
0 0.657813 0.521484 0.050000 0.062500
0 0.731250 0.558594 0.050000 0.062500
0 0.720313 0.541016 0.050000 0.062500
0 0.739062 0.542969 0.050000 0.062500
0 0.750000 0.541016 0.050000 0.062500
0 0.759375 0.544922 0.050000 0.062500
