0 0.476562 0.619141 0.050000 0.062500
0 0.460938 0.687500 0.050000 0.062500
0 0.506250 0.640625 0.050000 0.062500
0 0.503125 0.685547 0.050000 0.062500
0 0.554688 0.646484 0.050000 0.062500
0 0.595313 0.626953 0.050000 0.062500
0 0.632812 0.582031 0.050000 0.062500
0 0.648438 0.595703 0.050000 0.062500
0 0.648438 0.626953 0.050000 0.062500
0 0.687500 0.671875 0.050000 0.062500
0 0.642188 0.744141 0.050000 0.062500
0 0.681250 0.767578 0.050000 0.062500
0 0.659375 0.830078 0.050000 0.062500
0 0.692187 0.863281 0.050000 0.062500
0 0.648438 0.908203 0.050000 0.062500
0 0.676562 0.925781 0.050000 0.062500
0 0.618750 0.853516 0.050000 0.062500
0 0.559375 0.732422 0.050000 0.062500
0 0.592187 0.718750 0.050000 0.062500
0 0.504687 0.738281 0.050000 0.062500
0 0.551562 0.812500 0.050000 0.062500
0 0.504687 0.830078 0.050000 0.062500
0 0.368750 0.748047 0.050000 0.062500
0 0.357812 0.773438 0.050000 0.062500
0 0.332813 0.785156 0.050000 0.062500
0 0.334375 0.812500 0.050000 0.062500
0 0.353125 0.761719 0.050000 0.062500
0 0.253125 0.654297 0.050000 0.062500
0 0.257812 0.607422 0.050000 0.062500
0 0.254688 0.583984 0.050000 0.062500
0 0.275000 0.708984 0.050000 0.062500
0 0.312500 0.691406 0.050000 0.062500
0 0.248438 0.789062 0.050000 0.062500
0 0.234375 0.763672 0.050000 0.062500
0 0.225000 0.771484 0.050000 0.062500
0 0.250000 0.835938 0.050000 0.062500
0 0.234375 0.832031 0.050000 0.062500
0 0.228125 0.814453 0.050000 0.062500
0 0.237500 0.552734 0.050000 0.062500
0 0.187500 0.539062 0.050000 0.062500
0 0.181250 0.556641 0.050000 0.062500
0 0.167187 0.697266 0.050000 0.062500
0 0.164062 0.679688 0.050000 0.062500
0 0.168750 0.720703 0.050000 0.062500
0 0.387500 0.951172 0.050000 0.062500
0 0.404687 0.931641 0.050000 0.062500
0 0.426563 0.968750 0.050000 0.062500
0 0.417187 0.947266 0.050000 0.062500
0 0.404687 0.955078 0.050000 0.062500
0 0.459375 0.968750 0.050000 0.062500
0 0.475000 0.906250 0.050000 0.062500
0 0.573438 0.910156 0.050000 0.062500
0 0.521875 0.966797 0.050000 0.062500
0 0.603125 0.974609 0.050000 0.050781
0 0.787500 0.969727 0.050000 0.060547
0 0.809375 0.796875 0.050000 0.062500
0 0.803125 0.714844 0.050000 0.062500
0 0.731250 0.667969 0.050000 0.062500
0 0.787500 0.767578 0.050000 0.062500
0 0.579688 0.933594 0.050000 0.062500
0 0.490625 0.955078 0.050000 0.062500
0 0.909375 0.669922 0.050000 0.062500
0 0.887500 0.871094 0.050000 0.062500
0 0.975000 0.740234 0.050000 0.062500
0 0.959375 0.777344 0.050000 0.062500
0 0.965625 0.800781 0.050000 0.062500
0 0.962500 0.814453 0.050000 0.062500
0 0.865625 0.853516 0.050000 0.062500
0 0.906250 0.869141 0.050000 0.062500
0 0.915625 0.878906 0.050000 0.062500
0 0.900000 0.906250 0.050000 0.062500
0 0.875000 0.906250 0.050000 0.062500
0 0.879687 0.919922 0.050000 0.062500
0 0.906250 0.935547 0.050000 0.062500
0 0.931250 0.902344 0.050000 0.062500
0 0.839063 0.957031 0.050000 0.062500
0 0.873437 0.787109 0.050000 0.062500
0 0.885938 0.810547 0.050000 0.062500
0 0.870313 0.806641 0.050000 0.062500
0 0.871875 0.839844 0.050000 0.062500
0 0.867188 0.691406 0.050000 0.062500
0 0.862500 0.732422 0.050000 0.062500
0 0.864062 0.753906 0.050000 0.062500
0 0.900000 0.738281 0.050000 0.062500
0 0.896875 0.521484 0.050000 0.062500
0 0.900000 0.484375 0.050000 0.062500
0 0.889062 0.457031 0.050000 0.062500
0 0.878125 0.460938 0.050000 0.062500
0 0.878125 0.478516 0.050000 0.062500
0 0.876563 0.439453 0.050000 0.062500
0 0.885938 0.431641 0.050000 0.062500
0 0.882812 0.498047 0.050000 0.062500
0 0.878125 0.519531 0.050000 0.062500
0 0.840625 0.527344 0.050000 0.062500
0 0.857812 0.533203 0.050000 0.062500
0 0.873437 0.541016 0.050000 0.062500
0 0.860938 0.552734 0.050000 0.062500
0 0.881250 0.568359 0.050000 0.062500
0 0.896875 0.562500 0.050000 0.062500
0 0.903125 0.578125 0.050000 0.062500
0 0.609375 0.523438 0.050000 0.062500
0 0.601562 0.541016 0.050000 0.062500
0 0.653125 0.531250 0.050000 0.062500
0 0.646875 0.546875 0.050000 0.062500
0 0.668750 0.531250 0.050000 0.062500
0 0.662500 0.515625 0.050000 0.062500
0 0.682813 0.556641 0.050000 0.062500
0 0.681250 0.541016 0.050000 0.062500
0 0.684375 0.531250 0.050000 0.062500
0 0.693750 0.529297 0.050000 0.062500
0 0.696875 0.552734 0.050000 0.062500
0 0.703125 0.539062 0.050000 0.062500
0 0.709375 0.550781 0.050000 0.062500
0 0.717187 0.535156 0.050000 0.062500
0 0.709375 0.527344 0.050000 0.062500
0 0.735938 0.519531 0.050000 0.062500
0 0.723437 0.527344 0.050000 0.062500
0 0.701562 0.572266 0.050000 0.062500
0 0.721875 0.583984 0.050000 0.062500
0 0.726562 0.554688 0.050000 0.062500
0 0.740625 0.533203 0.050000 0.062500
0 0.775000 0.527344 0.050000 0.062500
0 0.762500 0.539062 0.050000 0.062500
0 0.787500 0.552734 0.050000 0.062500
0 0.787500 0.529297 0.050000 0.062500
0 0.751563 0.523438 0.050000 0.062500
0 0.759375 0.556641 0.050000 0.062500
0 0.770312 0.558594 0.050000 0.062500
0 0.740625 0.564453 0.050000 0.062500
0 0.742188 0.548828 0.050000 0.062500
0 0.632812 0.521484 0.050000 0.062500
0 0.640625 0.527344 0.050000 0.062500
0 0.632812 0.535156 0.050000 0.062500
0 0.579688 0.519531 0.050000 0.062500
0 0.554688 0.537109 0.050000 0.062500
0 0.537500 0.517578 0.050000 0.062500
0 0.534375 0.533203 0.050000 0.062500
0 0.510938 0.521484 0.050000 0.062500
0 0.523438 0.531250 0.050000 0.062500
0 0.510938 0.539062 0.050000 0.062500
0 0.504687 0.542969 0.050000 0.062500
0 0.515625 0.554688 0.050000 0.062500
0 0.504687 0.556641 0.050000 0.062500
0 0.495312 0.525391 0.050000 0.062500
0 0.487500 0.535156 0.050000 0.062500
0 0.478125 0.523438 0.050000 0.062500
0 0.462500 0.523438 0.050000 0.062500
0 0.475000 0.556641 0.050000 0.062500
0 0.464062 0.548828 0.050000 0.062500
0 0.457813 0.531250 0.050000 0.062500
0 0.446875 0.531250 0.050000 0.062500
0 0.451562 0.544922 0.050000 0.062500
0 0.450000 0.560547 0.050000 0.062500
0 0.431250 0.533203 0.050000 0.062500
0 0.429688 0.542969 0.050000 0.062500
0 0.415625 0.529297 0.050000 0.062500
0 0.418750 0.542969 0.050000 0.062500
0 0.414062 0.554688 0.050000 0.062500
0 0.404687 0.544922 0.050000 0.062500
0 0.404687 0.527344 0.050000 0.062500
0 0.390625 0.523438 0.050000 0.062500
0 0.384375 0.537109 0.050000 0.062500
0 0.375000 0.513672 0.050000 0.062500
0 0.364063 0.523438 0.050000 0.062500
0 0.354687 0.511719 0.050000 0.062500
0 0.357812 0.544922 0.050000 0.062500
0 0.345313 0.544922 0.050000 0.062500
0 0.340625 0.527344 0.050000 0.062500
0 0.335938 0.511719 0.050000 0.062500
0 0.320312 0.509766 0.050000 0.062500
0 0.309375 0.507812 0.050000 0.062500
0 0.304688 0.523438 0.050000 0.062500
0 0.296875 0.513672 0.050000 0.062500
0 0.325000 0.533203 0.050000 0.062500
0 0.328125 0.558594 0.050000 0.062500
0 0.307812 0.560547 0.050000 0.062500
0 0.292187 0.550781 0.050000 0.062500
0 0.281250 0.541016 0.050000 0.062500
0 0.278125 0.525391 0.050000 0.062500
0 0.282813 0.511719 0.050000 0.062500
0 0.259375 0.523438 0.050000 0.062500
0 0.253125 0.503906 0.050000 0.062500
0 0.270313 0.511719 0.050000 0.062500
0 0.237500 0.501953 0.050000 0.062500
0 0.256250 0.488281 0.050000 0.062500
0 0.250000 0.466797 0.050000 0.062500
0 0.234375 0.480469 0.050000 0.062500
0 0.265625 0.472656 0.050000 0.062500
0 0.262500 0.453125 0.050000 0.062500
0 0.259375 0.439453 0.050000 0.062500
0 0.267188 0.427734 0.050000 0.062500
0 0.270313 0.416016 0.050000 0.062500
0 0.275000 0.404297 0.050000 0.062500
0 0.248438 0.416016 0.050000 0.062500
0 0.262500 0.406250 0.050000 0.062500
0 0.268750 0.396484 0.050000 0.062500
0 0.265625 0.373047 0.050000 0.062500
0 0.254688 0.367188 0.050000 0.062500
0 0.253125 0.324219 0.050000 0.062500
0 0.248438 0.347656 0.050000 0.062500
0 0.232813 0.349609 0.050000 0.062500
0 0.235937 0.429688 0.050000 0.062500
0 0.273438 0.339844 0.050000 0.062500
0 0.543750 0.546875 0.050000 0.062500
0 0.264062 0.316406 0.050000 0.062500
0 0.260937 0.296875 0.050000 0.062500
0 0.245312 0.292969 0.050000 0.062500
0 0.237500 0.308594 0.050000 0.062500
0 0.235937 0.330078 0.050000 0.062500
0 0.250000 0.265625 0.050000 0.062500
0 0.239063 0.255859 0.050000 0.062500
0 0.229687 0.271484 0.050000 0.062500
0 0.279687 0.263672 0.050000 0.062500
0 0.275000 0.240234 0.050000 0.062500
0 0.270313 0.214844 0.050000 0.062500
0 0.251563 0.220703 0.050000 0.062500
0 0.242188 0.226562 0.050000 0.062500
0 0.267188 0.199219 0.050000 0.062500
0 0.259375 0.169922 0.050000 0.062500
0 0.242188 0.166016 0.050000 0.062500
0 0.257812 0.144531 0.050000 0.062500
0 0.267188 0.152344 0.050000 0.062500
0 0.273438 0.167969 0.050000 0.062500
0 0.282813 0.156250 0.050000 0.062500
0 0.248438 0.113281 0.050000 0.062500
0 0.234375 0.115234 0.050000 0.062500
0 0.246875 0.132812 0.050000 0.062500
0 0.229687 0.134766 0.050000 0.062500
0 0.232813 0.152344 0.050000 0.062500
0 0.264062 0.125000 0.050000 0.062500
0 0.271875 0.130859 0.050000 0.062500
0 0.285938 0.132812 0.050000 0.062500
0 0.290625 0.115234 0.050000 0.062500
0 0.281250 0.082031 0.050000 0.062500
0 0.279687 0.099609 0.050000 0.062500
0 0.293750 0.078125 0.050000 0.062500
0 0.318750 0.080078 0.050000 0.062500
0 0.307812 0.091797 0.050000 0.062500
0 0.331250 0.074219 0.050000 0.062500
0 0.314063 0.064453 0.050000 0.062500
0 0.304688 0.072266 0.050000 0.062500
0 0.290625 0.066406 0.050000 0.062500
0 0.262500 0.066406 0.050000 0.062500
0 0.192188 0.064453 0.050000 0.062500
0 0.175000 0.074219 0.050000 0.062500
0 0.181250 0.107422 0.050000 0.062500
0 0.196875 0.099609 0.050000 0.062500
0 0.207813 0.109375 0.050000 0.062500
0 0.190625 0.105469 0.050000 0.062500
0 0.206250 0.152344 0.050000 0.062500
0 0.364063 0.070312 0.050000 0.062500
0 0.345313 0.062500 0.050000 0.062500
0 0.376563 0.060547 0.050000 0.062500
0 0.398438 0.076172 0.050000 0.062500
0 0.654687 0.140625 0.050000 0.062500
0 0.390625 0.064453 0.050000 0.062500
0 0.381250 0.072266 0.050000 0.062500
0 0.418750 0.070312 0.050000 0.062500
0 0.437500 0.066406 0.050000 0.062500
0 0.434375 0.078125 0.050000 0.062500
0 0.467187 0.066406 0.050000 0.062500
0 0.460938 0.080078 0.050000 0.062500
0 0.448437 0.080078 0.050000 0.062500
0 0.489063 0.062500 0.050000 0.062500
0 0.485938 0.074219 0.050000 0.062500
0 0.476562 0.080078 0.050000 0.062500
0 0.510938 0.080078 0.050000 0.062500
0 0.515625 0.062500 0.050000 0.062500
0 0.501563 0.062500 0.050000 0.062500
0 0.529687 0.076172 0.050000 0.062500
0 0.737500 0.087891 0.050000 0.062500
0 0.751563 0.083984 0.050000 0.062500
0 0.632812 0.259766 0.050000 0.062500
0 0.740625 0.365234 0.050000 0.062500
0 0.790625 0.324219 0.050000 0.062500
0 0.826562 0.326172 0.050000 0.062500
0 0.809375 0.388672 0.050000 0.062500
0 0.720313 0.210938 0.050000 0.062500
0 0.803125 0.242188 0.050000 0.062500
0 0.817187 0.271484 0.050000 0.062500
0 0.812500 0.121094 0.050000 0.062500
0 0.817187 0.164062 0.050000 0.062500
0 0.771875 0.087891 0.050000 0.062500
0 0.785937 0.083984 0.050000 0.062500
0 0.826562 0.083984 0.050000 0.062500
0 0.837500 0.064453 0.050000 0.062500
0 0.860938 0.072266 0.050000 0.062500
0 0.865625 0.085938 0.050000 0.062500
0 0.868750 0.105469 0.050000 0.062500
0 0.881250 0.117188 0.050000 0.062500
0 0.892188 0.119141 0.050000 0.062500
0 0.901563 0.121094 0.050000 0.062500
0 0.867188 0.130859 0.050000 0.062500
0 0.881250 0.125000 0.050000 0.062500
0 0.892188 0.140625 0.050000 0.062500
0 0.892188 0.140625 0.050000 0.062500
0 0.892188 0.154297 0.050000 0.062500
0 0.906250 0.136719 0.050000 0.062500
0 0.909375 0.156250 0.050000 0.062500
0 0.906250 0.175781 0.050000 0.062500
0 0.882812 0.166016 0.050000 0.062500
0 0.895312 0.189453 0.050000 0.062500
0 0.882812 0.201172 0.050000 0.062500
0 0.871875 0.197266 0.050000 0.062500
0 0.896875 0.228516 0.050000 0.062500
0 0.892188 0.210938 0.050000 0.062500
0 0.882812 0.236328 0.050000 0.062500
0 0.885938 0.259766 0.050000 0.062500
0 0.898438 0.250000 0.050000 0.062500
0 0.909375 0.261719 0.050000 0.062500
0 0.896875 0.281250 0.050000 0.062500
0 0.909375 0.291016 0.050000 0.062500
0 0.893750 0.302734 0.050000 0.062500
0 0.906250 0.308594 0.050000 0.062500
0 0.895312 0.343750 0.050000 0.062500
0 0.912500 0.335938 0.050000 0.062500
0 0.901563 0.380859 0.050000 0.062500
0 0.887500 0.384766 0.050000 0.062500
0 0.893750 0.398438 0.050000 0.062500
0 0.895312 0.419922 0.050000 0.062500
0 0.904687 0.400391 0.050000 0.062500
0 0.912500 0.423828 0.050000 0.062500
0 0.895312 0.445312 0.050000 0.062500
0 0.903125 0.462891 0.050000 0.062500
0 0.910937 0.470703 0.050000 0.062500
0 0.909375 0.451172 0.050000 0.062500
0 0.903125 0.359375 0.050000 0.062500
0 0.934375 0.416016 0.050000 0.062500
0 0.929688 0.431641 0.050000 0.062500
0 0.909375 0.087891 0.050000 0.062500
0 0.907813 0.074219 0.050000 0.062500
0 0.754687 0.812500 0.050000 0.062500
0 0.717187 0.974609 0.050000 0.050781
0 0.698438 0.973633 0.050000 0.052734
0 0.950000 0.609375 0.050000 0.062500
0 0.964063 0.708984 0.050000 0.062500
