0 0.329688 0.677734 0.050000 0.062500
0 0.364063 0.662109 0.050000 0.062500
0 0.392188 0.679688 0.050000 0.062500
0 0.664062 0.802734 0.050000 0.062500
0 0.740625 0.785156 0.050000 0.062500
0 0.793750 0.785156 0.050000 0.062500
0 0.951562 0.722656 0.050000 0.062500
0 0.645312 0.515625 0.050000 0.062500
0 0.628125 0.498047 0.050000 0.062500
0 0.639062 0.458984 0.050000 0.062500
0 0.498437 0.451172 0.050000 0.062500
0 0.590625 0.269531 0.050000 0.062500
0 0.789062 0.183594 0.050000 0.062500
0 0.953125 0.035156 0.050000 0.062500
