0 0.201563 0.402344 0.050000 0.062500
0 0.193750 0.443359 0.050000 0.062500
0 0.204687 0.451172 0.050000 0.062500
0 0.207813 0.433594 0.050000 0.062500
0 0.189062 0.476562 0.050000 0.062500
0 0.193750 0.460938 0.050000 0.062500
0 0.192188 0.501953 0.050000 0.062500
0 0.204687 0.466797 0.050000 0.062500
0 0.203125 0.488281 0.050000 0.062500
0 0.196875 0.515625 0.050000 0.062500
0 0.190625 0.527344 0.050000 0.062500
0 0.181250 0.544922 0.050000 0.062500
0 0.190625 0.556641 0.050000 0.062500
0 0.176563 0.568359 0.050000 0.062500
0 0.182812 0.578125 0.050000 0.062500
0 0.171875 0.591797 0.050000 0.062500
0 0.179688 0.605469 0.050000 0.062500
0 0.165625 0.607422 0.050000 0.062500
0 0.167187 0.648438 0.050000 0.062500
0 0.167187 0.648438 0.050000 0.062500
0 0.160938 0.673828 0.050000 0.062500
0 0.171875 0.675781 0.050000 0.062500
0 0.175000 0.695312 0.050000 0.062500
0 0.162500 0.695312 0.050000 0.062500
0 0.157812 0.703125 0.050000 0.062500
0 0.170313 0.718750 0.050000 0.062500
0 0.156250 0.720703 0.050000 0.062500
0 0.150000 0.753906 0.050000 0.062500
0 0.167187 0.738281 0.050000 0.062500
0 0.179688 0.740234 0.050000 0.062500
0 0.193750 0.732422 0.050000 0.062500
0 0.212500 0.748047 0.050000 0.062500
0 0.082812 0.873047 0.050000 0.062500
0 0.096875 0.869141 0.050000 0.062500
0 0.139063 0.820312 0.050000 0.062500
0 0.132812 0.671875 0.050000 0.062500
0 0.170313 0.753906 0.050000 0.062500
0 0.176563 0.769531 0.050000 0.062500
0 0.184375 0.777344 0.050000 0.062500
0 0.192188 0.761719 0.050000 0.062500
0 0.196875 0.750000 0.050000 0.062500
0 0.192188 0.804688 0.050000 0.062500
0 0.203125 0.785156 0.050000 0.062500
0 0.204687 0.769531 0.050000 0.062500
0 0.217188 0.763672 0.050000 0.062500
0 0.232813 0.757812 0.050000 0.062500
0 0.225000 0.746094 0.050000 0.062500
0 0.246875 0.757812 0.050000 0.062500
0 0.225000 0.771484 0.050000 0.062500
0 0.225000 0.798828 0.050000 0.062500
0 0.204687 0.806641 0.050000 0.062500
0 0.240625 0.771484 0.050000 0.062500
0 0.253125 0.767578 0.050000 0.062500
0 0.270313 0.771484 0.050000 0.062500
0 0.282813 0.769531 0.050000 0.062500
0 0.267188 0.789062 0.050000 0.062500
0 0.267188 0.808594 0.050000 0.062500
0 0.281250 0.810547 0.050000 0.062500
0 0.293750 0.812500 0.050000 0.062500
0 0.304688 0.769531 0.050000 0.062500
0 0.293750 0.791016 0.050000 0.062500
0 0.306250 0.796875 0.050000 0.062500
0 0.300000 0.830078 0.050000 0.062500
0 0.318750 0.832031 0.050000 0.062500
0 0.321875 0.814453 0.050000 0.062500
0 0.337500 0.828125 0.050000 0.062500
0 0.350000 0.835938 0.050000 0.062500
0 0.364063 0.837891 0.050000 0.062500
0 0.365625 0.822266 0.050000 0.062500
0 0.348438 0.812500 0.050000 0.062500
0 0.331250 0.794922 0.050000 0.062500
0 0.340625 0.781250 0.050000 0.062500
0 0.346875 0.798828 0.050000 0.062500
0 0.360938 0.792969 0.050000 0.062500
0 0.379688 0.791016 0.050000 0.062500
0 0.359375 0.808594 0.050000 0.062500
0 0.373437 0.806641 0.050000 0.062500
0 0.381250 0.818359 0.050000 0.062500
0 0.387500 0.804688 0.050000 0.062500
0 0.395313 0.792969 0.050000 0.062500
0 0.276562 0.892578 0.050000 0.062500
0 0.290625 0.894531 0.050000 0.062500
0 0.404687 0.800781 0.050000 0.062500
0 0.412500 0.806641 0.050000 0.062500
0 0.415625 0.824219 0.050000 0.062500
0 0.421875 0.833984 0.050000 0.062500
0 0.425000 0.808594 0.050000 0.062500
0 0.437500 0.810547 0.050000 0.062500
0 0.443750 0.828125 0.050000 0.062500
0 0.431250 0.826172 0.050000 0.062500
0 0.453125 0.818359 0.050000 0.062500
0 0.448437 0.804688 0.050000 0.062500
0 0.465625 0.818359 0.050000 0.062500
0 0.464062 0.841797 0.050000 0.062500
0 0.476562 0.841797 0.050000 0.062500
0 0.473438 0.822266 0.050000 0.062500
0 0.482812 0.828125 0.050000 0.062500
0 0.476562 0.865234 0.050000 0.062500
0 0.493750 0.869141 0.050000 0.062500
0 0.493750 0.847656 0.050000 0.062500
0 0.500000 0.828125 0.050000 0.062500
0 0.509375 0.835938 0.050000 0.062500
0 0.525000 0.845703 0.050000 0.062500
0 0.525000 0.873047 0.050000 0.062500
0 0.503125 0.808594 0.050000 0.062500
0 0.521875 0.896484 0.050000 0.062500
0 0.496875 0.888672 0.050000 0.062500
0 0.443750 0.892578 0.050000 0.062500
0 0.556250 0.855469 0.050000 0.062500
0 0.575000 0.849609 0.050000 0.062500
0 0.603125 0.859375 0.050000 0.062500
0 0.543750 0.839844 0.050000 0.062500
0 0.537500 0.806641 0.050000 0.062500
0 0.540625 0.785156 0.050000 0.062500
0 0.506250 0.800781 0.050000 0.062500
0 0.515625 0.789062 0.050000 0.062500
0 0.503125 0.771484 0.050000 0.062500
0 0.509375 0.761719 0.050000 0.062500
0 0.528125 0.761719 0.050000 0.062500
0 0.545312 0.753906 0.050000 0.062500
0 0.535937 0.746094 0.050000 0.062500
0 0.520312 0.740234 0.050000 0.062500
0 0.507812 0.748047 0.050000 0.062500
0 0.509375 0.732422 0.050000 0.062500
0 0.515625 0.716797 0.050000 0.062500
0 0.529687 0.710938 0.050000 0.062500
0 0.539062 0.718750 0.050000 0.062500
0 0.534375 0.697266 0.050000 0.062500
0 0.521875 0.699219 0.050000 0.062500
0 0.528125 0.679688 0.050000 0.062500
0 0.556250 0.662109 0.050000 0.062500
0 0.535937 0.660156 0.050000 0.062500
0 0.564063 0.652344 0.050000 0.062500
0 0.550000 0.650391 0.050000 0.062500
0 0.540625 0.650391 0.050000 0.062500
0 0.557813 0.630859 0.050000 0.062500
0 0.545312 0.626953 0.050000 0.062500
0 0.556250 0.613281 0.050000 0.062500
0 0.545312 0.607422 0.050000 0.062500
0 0.537500 0.597656 0.050000 0.062500
0 0.571875 0.609375 0.050000 0.062500
0 0.562500 0.605469 0.050000 0.062500
0 0.550000 0.599609 0.050000 0.062500
0 0.545312 0.591797 0.050000 0.062500
0 0.565625 0.593750 0.050000 0.062500
0 0.557813 0.582031 0.050000 0.062500
0 0.543750 0.578125 0.050000 0.062500
0 0.571875 0.580078 0.050000 0.062500
0 0.575000 0.564453 0.050000 0.062500
0 0.560937 0.560547 0.050000 0.062500
0 0.550000 0.546875 0.050000 0.062500
0 0.579688 0.542969 0.050000 0.062500
0 0.565625 0.544922 0.050000 0.062500
0 0.551562 0.529297 0.050000 0.062500
0 0.564063 0.515625 0.050000 0.062500
0 0.567187 0.531250 0.050000 0.062500
0 0.575000 0.527344 0.050000 0.062500
0 0.556250 0.503906 0.050000 0.062500
0 0.562500 0.470703 0.050000 0.062500
0 0.575000 0.468750 0.050000 0.062500
0 0.587500 0.488281 0.050000 0.062500
0 0.570312 0.498047 0.050000 0.062500
0 0.565625 0.437500 0.050000 0.062500
0 0.581250 0.421875 0.050000 0.062500
0 0.567187 0.408203 0.050000 0.062500
0 0.579688 0.402344 0.050000 0.062500
0 0.590625 0.390625 0.050000 0.062500
0 0.579688 0.382812 0.050000 0.062500
0 0.582812 0.373047 0.050000 0.062500
0 0.573438 0.359375 0.050000 0.062500
0 0.598437 0.357422 0.050000 0.062500
0 0.587500 0.359375 0.050000 0.062500
0 0.606250 0.343750 0.050000 0.062500
0 0.587500 0.341797 0.050000 0.062500
0 0.575000 0.337891 0.050000 0.062500
0 0.604688 0.324219 0.050000 0.062500
0 0.589063 0.322266 0.050000 0.062500
0 0.590625 0.304688 0.050000 0.062500
0 0.606250 0.306641 0.050000 0.062500
0 0.600000 0.292969 0.050000 0.062500
0 0.589063 0.283203 0.050000 0.062500
0 0.615625 0.287109 0.050000 0.062500
0 0.595313 0.449219 0.050000 0.062500
0 0.632812 0.320312 0.050000 0.062500
0 0.625000 0.302734 0.050000 0.062500
0 0.242188 0.216797 0.050000 0.062500
0 0.246875 0.189453 0.050000 0.062500
0 0.245312 0.166016 0.050000 0.062500
0 0.253125 0.142578 0.050000 0.062500
0 0.287500 0.130859 0.050000 0.062500
0 0.253125 0.103516 0.050000 0.062500
0 0.268750 0.054688 0.050000 0.062500
0 0.256250 0.044922 0.050000 0.062500
0 0.260937 0.037109 0.050000 0.062500
0 0.265625 0.031250 0.050000 0.062500
0 0.306250 0.226562 0.050000 0.062500
0 0.303125 0.265625 0.050000 0.062500
0 0.385937 0.234375 0.050000 0.062500
0 0.395313 0.218750 0.050000 0.062500
0 0.490625 0.152344 0.050000 0.062500
0 0.415625 0.240234 0.050000 0.062500
0 0.557813 0.201172 0.050000 0.062500
0 0.360938 0.138672 0.050000 0.062500
0 0.428125 0.142578 0.050000 0.062500
0 0.462500 0.099609 0.050000 0.062500
0 0.489063 0.062500 0.050000 0.062500
0 0.276562 0.025391 0.050000 0.050781
0 0.292187 0.021484 0.050000 0.042969
0 0.310937 0.025391 0.050000 0.050781
0 0.307812 0.017578 0.050000 0.035156
0 0.340625 0.024414 0.050000 0.048828
0 0.328125 0.018555 0.050000 0.037109
0 0.365625 0.029297 0.050000 0.058594
0 0.370312 0.021484 0.050000 0.042969
0 0.354687 0.016602 0.050000 0.033203
0 0.340625 0.017578 0.050000 0.035156
0 0.382812 0.021484 0.050000 0.042969
0 0.395313 0.019531 0.050000 0.039062
0 0.396875 0.029297 0.050000 0.058594
0 0.412500 0.029297 0.050000 0.058594
0 0.409375 0.019531 0.050000 0.039062
0 0.432812 0.023438 0.050000 0.046875
0 0.445312 0.016602 0.050000 0.033203
0 0.459375 0.021484 0.050000 0.042969
0 0.481250 0.021484 0.050000 0.042969
0 0.481250 0.031250 0.050000 0.062500
0 0.493750 0.027344 0.050000 0.054688
0 0.510938 0.031250 0.050000 0.062500
0 0.510938 0.046875 0.050000 0.062500
0 0.525000 0.039062 0.050000 0.062500
0 0.528125 0.027344 0.050000 0.054688
0 0.543750 0.048828 0.050000 0.062500
0 0.553125 0.062500 0.050000 0.062500
0 0.568750 0.074219 0.050000 0.062500
0 0.573438 0.054688 0.050000 0.062500
0 0.564063 0.042969 0.050000 0.062500
0 0.595313 0.044922 0.050000 0.062500
0 0.582812 0.035156 0.050000 0.062500
0 0.567187 0.028320 0.050000 0.056641
0 0.543750 0.026367 0.050000 0.052734
0 0.598437 0.062500 0.050000 0.062500
0 0.620313 0.052734 0.050000 0.062500
0 0.617188 0.070312 0.050000 0.062500
0 0.603125 0.085938 0.050000 0.062500
0 0.640625 0.082031 0.050000 0.062500
0 0.621875 0.087891 0.050000 0.062500
0 0.607812 0.095703 0.050000 0.062500
0 0.625000 0.107422 0.050000 0.062500
0 0.639062 0.103516 0.050000 0.062500
0 0.642188 0.125000 0.050000 0.062500
0 0.648438 0.130859 0.050000 0.062500
0 0.617188 0.119141 0.050000 0.062500
0 0.617188 0.130859 0.050000 0.062500
0 0.629687 0.142578 0.050000 0.062500
0 0.610938 0.146484 0.050000 0.062500
0 0.609375 0.164062 0.050000 0.062500
0 0.625000 0.156250 0.050000 0.062500
0 0.628125 0.169922 0.050000 0.062500
0 0.614062 0.177734 0.050000 0.062500
0 0.623437 0.199219 0.050000 0.062500
0 0.628125 0.214844 0.050000 0.062500
0 0.628125 0.234375 0.050000 0.062500
0 0.628125 0.250000 0.050000 0.062500
0 0.614062 0.273438 0.050000 0.062500
0 0.614062 0.273438 0.050000 0.062500
0 0.596875 0.267578 0.050000 0.062500
0 0.592187 0.244141 0.050000 0.062500
0 0.600000 0.232422 0.050000 0.062500
0 0.604688 0.218750 0.050000 0.062500
0 0.609375 0.208984 0.050000 0.062500
0 0.545312 0.687500 0.050000 0.062500
0 0.546875 0.710938 0.050000 0.062500
0 0.590625 0.898438 0.050000 0.062500
0 0.620313 0.976562 0.050000 0.046875
0 0.590625 0.980469 0.050000 0.039062
0 0.642188 0.976562 0.050000 0.046875
0 0.692187 0.921875 0.050000 0.062500
0 0.715625 0.906250 0.050000 0.062500
0 0.709375 0.923828 0.050000 0.062500
0 0.742188 0.929688 0.050000 0.062500
0 0.757812 0.910156 0.050000 0.062500
0 0.676562 0.765625 0.050000 0.062500
0 0.648438 0.730469 0.050000 0.062500
0 0.642188 0.687500 0.050000 0.062500
0 0.692187 0.632812 0.050000 0.062500
0 0.748437 0.707031 0.050000 0.062500
0 0.696875 0.808594 0.050000 0.062500
0 0.734375 0.816406 0.050000 0.062500
0 0.643750 0.558594 0.050000 0.062500
0 0.678125 0.576172 0.050000 0.062500
0 0.712500 0.570312 0.050000 0.062500
0 0.753125 0.669922 0.050000 0.062500
0 0.776563 0.650391 0.050000 0.062500
0 0.795312 0.597656 0.050000 0.062500
0 0.843750 0.658203 0.050000 0.062500
0 0.859375 0.734375 0.050000 0.062500
0 0.851562 0.916016 0.050000 0.062500
0 0.837500 0.951172 0.050000 0.062500
0 0.779687 0.947266 0.050000 0.062500
0 0.798438 0.947266 0.050000 0.062500
0 0.692187 0.981445 0.050000 0.037109
0 0.871875 0.757812 0.050000 0.062500
0 0.871875 0.736328 0.050000 0.062500
0 0.873437 0.720703 0.050000 0.062500
0 0.881250 0.710938 0.050000 0.062500
0 0.893750 0.679688 0.050000 0.062500
0 0.934375 0.671875 0.050000 0.062500
0 0.892188 0.644531 0.050000 0.062500
0 0.889062 0.568359 0.050000 0.062500
0 0.859375 0.509766 0.050000 0.062500
0 0.907813 0.591797 0.050000 0.062500
0 0.909375 0.582031 0.050000 0.062500
0 0.915625 0.546875 0.050000 0.062500
0 0.920312 0.527344 0.050000 0.062500
0 0.932813 0.492188 0.050000 0.062500
0 0.929688 0.511719 0.050000 0.062500
0 0.962500 0.410156 0.050000 0.062500
0 0.943750 0.386719 0.050000 0.062500
0 0.951562 0.359375 0.050000 0.062500
0 0.803125 0.472656 0.050000 0.062500
0 0.785937 0.505859 0.050000 0.062500
0 0.696875 0.488281 0.050000 0.062500
0 0.670312 0.500000 0.050000 0.062500
0 0.656250 0.445312 0.050000 0.062500
0 0.660937 0.378906 0.050000 0.062500
0 0.751563 0.416016 0.050000 0.062500
0 0.717187 0.470703 0.050000 0.062500
0 0.818750 0.400391 0.050000 0.062500
0 0.868750 0.451172 0.050000 0.062500
0 0.903125 0.392578 0.050000 0.062500
0 0.859375 0.369141 0.050000 0.062500
0 0.778125 0.369141 0.050000 0.062500
0 0.723437 0.345703 0.050000 0.062500
0 0.664062 0.271484 0.050000 0.062500
0 0.651563 0.285156 0.050000 0.062500
0 0.662500 0.300781 0.050000 0.062500
0 0.637500 0.279297 0.050000 0.062500
0 0.718750 0.212891 0.050000 0.062500
0 0.743750 0.273438 0.050000 0.062500
0 0.773438 0.220703 0.050000 0.062500
0 0.804688 0.267578 0.050000 0.062500
0 0.673438 0.076172 0.050000 0.062500
0 0.687500 0.068359 0.050000 0.062500
0 0.698438 0.076172 0.050000 0.062500
0 0.750000 0.125000 0.050000 0.062500
0 0.745313 0.150391 0.050000 0.062500
0 0.739062 0.189453 0.050000 0.062500
0 0.823438 0.212891 0.050000 0.062500
0 0.789062 0.078125 0.050000 0.062500
0 0.739062 0.072266 0.050000 0.062500
0 0.784375 0.020508 0.050000 0.041016
0 0.909375 0.107422 0.050000 0.062500
0 0.950000 0.117188 0.050000 0.062500
0 0.935937 0.115234 0.050000 0.062500
0 0.921875 0.107422 0.050000 0.062500
0 0.928125 0.128906 0.050000 0.062500
0 0.921875 0.148438 0.050000 0.062500
0 0.932813 0.160156 0.050000 0.062500
0 0.931250 0.210938 0.050000 0.062500
0 0.906250 0.171875 0.050000 0.062500
0 0.878125 0.152344 0.050000 0.062500
0 0.859375 0.142578 0.050000 0.062500
0 0.831250 0.138672 0.050000 0.062500
0 0.821875 0.121094 0.050000 0.062500
0 0.806250 0.095703 0.050000 0.062500
0 0.790625 0.119141 0.050000 0.062500
0 0.798438 0.140625 0.050000 0.062500
0 0.850000 0.027344 0.050000 0.054688
0 0.203125 0.355469 0.050000 0.062500
0 0.668750 0.943359 0.050000 0.062500
