0 0.673438 0.361328 0.050000 0.062500
0 0.692187 0.421875 0.050000 0.062500
0 0.795312 0.369141 0.050000 0.062500
0 0.810937 0.300781 0.050000 0.062500
0 0.870313 0.332031 0.050000 0.062500
0 0.906250 0.408203 0.050000 0.062500
0 0.964063 0.376953 0.050000 0.062500
0 0.977344 0.228516 0.045312 0.062500
0 0.940625 0.449219 0.050000 0.062500
0 0.951562 0.500000 0.050000 0.062500
0 0.875000 0.548828 0.050000 0.062500
0 0.935937 0.634766 0.050000 0.062500
0 0.787500 0.544922 0.050000 0.062500
0 0.745313 0.480469 0.050000 0.062500
0 0.748437 0.443359 0.050000 0.062500
0 0.696875 0.498047 0.050000 0.062500
0 0.679688 0.570312 0.050000 0.062500
0 0.732812 0.591797 0.050000 0.062500
0 0.803125 0.712891 0.050000 0.062500
0 0.800000 0.740234 0.050000 0.062500
0 0.821875 0.839844 0.050000 0.062500
0 0.835938 0.853516 0.050000 0.062500
0 0.779687 0.820312 0.050000 0.062500
0 0.710938 0.781250 0.050000 0.062500
0 0.929688 0.732422 0.050000 0.062500
0 0.978125 0.710938 0.043750 0.062500
0 0.970313 0.748047 0.050000 0.062500
0 0.903125 0.949219 0.050000 0.062500
0 0.981250 0.960938 0.037500 0.062500
0 0.725000 0.955078 0.050000 0.062500
0 0.679688 0.947266 0.050000 0.062500
0 0.654687 0.953125 0.050000 0.062500
0 0.804688 0.117188 0.050000 0.062500
0 0.820312 0.095703 0.050000 0.062500
0 0.864062 0.078125 0.050000 0.062500
0 0.753125 0.030273 0.050000 0.060547
0 0.692187 0.074219 0.050000 0.062500
0 0.746875 0.097656 0.050000 0.062500
0 0.732812 0.136719 0.050000 0.062500
0 0.665625 0.029297 0.050000 0.058594
0 0.651563 0.022461 0.050000 0.044922
0 0.642188 0.017578 0.050000 0.035156
0 0.604688 0.062500 0.050000 0.062500
0 0.590625 0.041016 0.050000 0.062500
0 0.557813 0.028320 0.050000 0.056641
0 0.550000 0.019531 0.050000 0.039062
0 0.534375 0.021484 0.050000 0.042969
0 0.545312 0.031250 0.050000 0.062500
0 0.543750 0.044922 0.050000 0.062500
0 0.557813 0.037109 0.050000 0.062500
0 0.575000 0.042969 0.050000 0.062500
0 0.571875 0.056641 0.050000 0.062500
0 0.568750 0.078125 0.050000 0.062500
0 0.564063 0.095703 0.050000 0.062500
0 0.585938 0.083984 0.050000 0.062500
0 0.593750 0.091797 0.050000 0.062500
0 0.595313 0.113281 0.050000 0.062500
0 0.578125 0.107422 0.050000 0.062500
0 0.568750 0.125000 0.050000 0.062500
0 0.589063 0.142578 0.050000 0.062500
0 0.567187 0.148438 0.050000 0.062500
0 0.575000 0.162109 0.050000 0.062500
0 0.570312 0.177734 0.050000 0.062500
0 0.568750 0.205078 0.050000 0.062500
0 0.576562 0.218750 0.050000 0.062500
0 0.606250 0.179688 0.050000 0.062500
0 0.734375 0.291016 0.050000 0.062500
0 0.606250 0.197266 0.050000 0.062500
0 0.606250 0.220703 0.050000 0.062500
0 0.621875 0.220703 0.050000 0.062500
0 0.607812 0.236328 0.050000 0.062500
0 0.582812 0.246094 0.050000 0.062500
0 0.568750 0.234375 0.050000 0.062500
0 0.581250 0.259766 0.050000 0.062500
0 0.595313 0.269531 0.050000 0.062500
0 0.618750 0.279297 0.050000 0.062500
0 0.628125 0.251953 0.050000 0.062500
0 0.626563 0.294922 0.050000 0.062500
0 0.601562 0.292969 0.050000 0.062500
0 0.585938 0.281250 0.050000 0.062500
0 0.601562 0.316406 0.050000 0.062500
0 0.606250 0.337891 0.050000 0.062500
0 0.598437 0.355469 0.050000 0.062500
0 0.603125 0.382812 0.050000 0.062500
0 0.578125 0.314453 0.050000 0.062500
0 0.573438 0.294922 0.050000 0.062500
0 0.573438 0.277344 0.050000 0.062500
0 0.565625 0.343750 0.050000 0.062500
0 0.584375 0.335938 0.050000 0.062500
0 0.585938 0.357422 0.050000 0.062500
0 0.571875 0.361328 0.050000 0.062500
0 0.585938 0.375000 0.050000 0.062500
0 0.573438 0.392578 0.050000 0.062500
0 0.585938 0.388672 0.050000 0.062500
0 0.592187 0.402344 0.050000 0.062500
0 0.585938 0.417969 0.050000 0.062500
0 0.595313 0.433594 0.050000 0.062500
0 0.576562 0.421875 0.050000 0.062500
0 0.578125 0.468750 0.050000 0.062500
0 0.595313 0.486328 0.050000 0.062500
0 0.576562 0.494141 0.050000 0.062500
0 0.589063 0.507812 0.050000 0.062500
0 0.600000 0.527344 0.050000 0.062500
0 0.609375 0.500000 0.050000 0.062500
0 0.612500 0.470703 0.050000 0.062500
0 0.578125 0.537109 0.050000 0.062500
0 0.578125 0.537109 0.050000 0.062500
0 0.589063 0.560547 0.050000 0.062500
0 0.606250 0.564453 0.050000 0.062500
0 0.603125 0.587891 0.050000 0.062500
0 0.614062 0.578125 0.050000 0.062500
0 0.617188 0.597656 0.050000 0.062500
0 0.614062 0.625000 0.050000 0.062500
0 0.584375 0.597656 0.050000 0.062500
0 0.593750 0.607422 0.050000 0.062500
0 0.584375 0.630859 0.050000 0.062500
0 0.584375 0.650391 0.050000 0.062500
0 0.595313 0.638672 0.050000 0.062500
0 0.593750 0.660156 0.050000 0.062500
0 0.607812 0.666016 0.050000 0.062500
0 0.621875 0.660156 0.050000 0.062500
0 0.610938 0.646484 0.050000 0.062500
0 0.579688 0.576172 0.050000 0.062500
0 0.571875 0.554688 0.050000 0.062500
0 0.592187 0.544922 0.050000 0.062500
0 0.578125 0.664062 0.050000 0.062500
0 0.595313 0.675781 0.050000 0.062500
0 0.606250 0.693359 0.050000 0.062500
0 0.606250 0.693359 0.050000 0.062500
0 0.623437 0.699219 0.050000 0.062500
0 0.603125 0.716797 0.050000 0.062500
0 0.617188 0.718750 0.050000 0.062500
0 0.584375 0.703125 0.050000 0.062500
0 0.595313 0.718750 0.050000 0.062500
0 0.593750 0.734375 0.050000 0.062500
0 0.609375 0.732422 0.050000 0.062500
0 0.621875 0.744141 0.050000 0.062500
0 0.609375 0.750000 0.050000 0.062500
0 0.601562 0.761719 0.050000 0.062500
0 0.590625 0.753906 0.050000 0.062500
0 0.582812 0.767578 0.050000 0.062500
0 0.581250 0.781250 0.050000 0.062500
0 0.592187 0.791016 0.050000 0.062500
0 0.578125 0.818359 0.050000 0.062500
0 0.587500 0.804688 0.050000 0.062500
0 0.595313 0.833984 0.050000 0.062500
0 0.573438 0.841797 0.050000 0.062500
0 0.587500 0.857422 0.050000 0.062500
0 0.576562 0.865234 0.050000 0.062500
0 0.575000 0.876953 0.050000 0.062500
0 0.578125 0.886719 0.050000 0.062500
0 0.590625 0.890625 0.050000 0.062500
0 0.581250 0.902344 0.050000 0.062500
0 0.582812 0.916016 0.050000 0.062500
0 0.584375 0.943359 0.050000 0.062500
0 0.625000 0.875000 0.050000 0.062500
0 0.623437 0.904297 0.050000 0.062500
0 0.617188 0.927734 0.050000 0.062500
0 0.617188 0.955078 0.050000 0.062500
0 0.562500 0.964844 0.050000 0.062500
0 0.625000 0.977539 0.050000 0.044922
0 0.546875 0.945312 0.050000 0.062500
0 0.525000 0.953125 0.050000 0.062500
0 0.515625 0.935547 0.050000 0.062500
0 0.512500 0.962891 0.050000 0.062500
0 0.475000 0.937500 0.050000 0.062500
0 0.489063 0.945312 0.050000 0.062500
0 0.503125 0.947266 0.050000 0.062500
0 0.479687 0.958984 0.050000 0.062500
0 0.492188 0.972656 0.050000 0.054688
0 0.462500 0.943359 0.050000 0.062500
0 0.443750 0.951172 0.050000 0.062500
0 0.446875 0.937500 0.050000 0.062500
0 0.431250 0.945312 0.050000 0.062500
0 0.442188 0.970703 0.050000 0.058594
0 0.428125 0.960938 0.050000 0.062500
0 0.426563 0.973633 0.050000 0.052734
0 0.414062 0.947266 0.050000 0.062500
0 0.410938 0.969727 0.050000 0.060547
0 0.401562 0.975586 0.050000 0.048828
0 0.389062 0.960938 0.050000 0.062500
0 0.375000 0.964844 0.050000 0.062500
0 0.387500 0.982422 0.050000 0.035156
0 0.342187 0.939453 0.050000 0.062500
0 0.340625 0.951172 0.050000 0.062500
0 0.315625 0.941406 0.050000 0.062500
0 0.334375 0.981445 0.050000 0.037109
0 0.292187 0.955078 0.050000 0.062500
0 0.268750 0.972656 0.050000 0.054688
0 0.262500 0.958984 0.050000 0.062500
0 0.260937 0.947266 0.050000 0.062500
0 0.234375 0.962891 0.050000 0.062500
0 0.245312 0.955078 0.050000 0.062500
0 0.235937 0.937500 0.050000 0.062500
0 0.225000 0.947266 0.050000 0.062500
0 0.207813 0.966797 0.050000 0.062500
0 0.214062 0.951172 0.050000 0.062500
0 0.228125 0.970703 0.050000 0.058594
0 0.215625 0.978516 0.050000 0.042969
0 0.176563 0.972656 0.050000 0.054688
0 0.190625 0.962891 0.050000 0.062500
0 0.200000 0.935547 0.050000 0.062500
0 0.214062 0.933594 0.050000 0.062500
0 0.184375 0.943359 0.050000 0.062500
0 0.160938 0.971680 0.050000 0.056641
0 0.165625 0.947266 0.050000 0.062500
0 0.173437 0.935547 0.050000 0.062500
0 0.164062 0.925781 0.050000 0.062500
0 0.153125 0.935547 0.050000 0.062500
0 0.153125 0.902344 0.050000 0.062500
0 0.170313 0.898438 0.050000 0.062500
0 0.154688 0.871094 0.050000 0.062500
0 0.160938 0.886719 0.050000 0.062500
0 0.145313 0.884766 0.050000 0.062500
0 0.160938 0.845703 0.050000 0.062500
0 0.162500 0.861328 0.050000 0.062500
0 0.153125 0.820312 0.050000 0.062500
0 0.146875 0.843750 0.050000 0.062500
0 0.139063 0.802734 0.050000 0.062500
0 0.140625 0.781250 0.050000 0.062500
0 0.139063 0.761719 0.050000 0.062500
0 0.146875 0.765625 0.050000 0.062500
0 0.154688 0.773438 0.050000 0.062500
0 0.156250 0.789062 0.050000 0.062500
0 0.151562 0.591797 0.050000 0.062500
0 0.134375 0.587891 0.050000 0.062500
0 0.134375 0.611328 0.050000 0.062500
0 0.151562 0.613281 0.050000 0.062500
0 0.160938 0.621094 0.050000 0.062500
0 0.162500 0.634766 0.050000 0.062500
0 0.153125 0.648438 0.050000 0.062500
0 0.137500 0.628906 0.050000 0.062500
0 0.135937 0.644531 0.050000 0.062500
0 0.150000 0.669922 0.050000 0.062500
0 0.139063 0.660156 0.050000 0.062500
0 0.164062 0.658203 0.050000 0.062500
0 0.162500 0.681641 0.050000 0.062500
0 0.151562 0.689453 0.050000 0.062500
0 0.150000 0.710938 0.050000 0.062500
0 0.140625 0.707031 0.050000 0.062500
0 0.142187 0.726562 0.050000 0.062500
0 0.151562 0.734375 0.050000 0.062500
0 0.145313 0.746094 0.050000 0.062500
0 0.156250 0.750000 0.050000 0.062500
0 0.157812 0.804688 0.050000 0.062500
0 0.140625 0.818359 0.050000 0.062500
0 0.162500 0.718750 0.050000 0.062500
0 0.145313 0.353516 0.050000 0.062500
0 0.145313 0.373047 0.050000 0.062500
0 0.137500 0.388672 0.050000 0.062500
0 0.145313 0.285156 0.050000 0.062500
0 0.139063 0.333984 0.050000 0.062500
0 0.134375 0.312500 0.050000 0.062500
0 0.146875 0.310547 0.050000 0.062500
0 0.134375 0.296875 0.050000 0.062500
0 0.129688 0.267578 0.050000 0.062500
0 0.121875 0.250000 0.050000 0.062500
0 0.115625 0.242188 0.050000 0.062500
0 0.126562 0.226562 0.050000 0.062500
0 0.134375 0.242188 0.050000 0.062500
0 0.142187 0.234375 0.050000 0.062500
0 0.146875 0.246094 0.050000 0.062500
0 0.153125 0.273438 0.050000 0.062500
0 0.118750 0.207031 0.050000 0.062500
0 0.110937 0.216797 0.050000 0.062500
0 0.146875 0.164062 0.050000 0.062500
0 0.148438 0.187500 0.050000 0.062500
0 0.139063 0.205078 0.050000 0.062500
0 0.143750 0.119141 0.050000 0.062500
0 0.143750 0.099609 0.050000 0.062500
0 0.137500 0.078125 0.050000 0.062500
0 0.129688 0.064453 0.050000 0.062500
0 0.140625 0.056641 0.050000 0.062500
0 0.159375 0.050781 0.050000 0.062500
0 0.184375 0.052734 0.050000 0.062500
0 0.178125 0.037109 0.050000 0.062500
0 0.192188 0.025391 0.050000 0.050781
0 0.207813 0.026367 0.050000 0.052734
0 0.198437 0.041016 0.050000 0.062500
0 0.146875 0.028320 0.050000 0.056641
0 0.170313 0.026367 0.050000 0.052734
0 0.220312 0.020508 0.050000 0.041016
0 0.218750 0.033203 0.050000 0.062500
0 0.234375 0.031250 0.050000 0.062500
0 0.251563 0.029297 0.050000 0.058594
0 0.260937 0.021484 0.050000 0.042969
0 0.275000 0.018555 0.050000 0.037109
0 0.300000 0.018555 0.050000 0.037109
0 0.328125 0.018555 0.050000 0.037109
0 0.306250 0.028320 0.050000 0.056641
0 0.284375 0.028320 0.050000 0.056641
0 0.237500 0.020508 0.050000 0.041016
0 0.350000 0.017578 0.050000 0.035156
0 0.420312 0.022461 0.050000 0.044922
0 0.470313 0.019531 0.050000 0.039062
0 0.485938 0.029297 0.050000 0.058594
0 0.500000 0.024414 0.050000 0.048828
0 0.517188 0.024414 0.050000 0.048828
0 0.420312 0.048828 0.050000 0.062500
0 0.346875 0.136719 0.050000 0.062500
0 0.375000 0.132812 0.050000 0.062500
0 0.392188 0.187500 0.050000 0.062500
0 0.443750 0.201172 0.050000 0.062500
0 0.331250 0.207031 0.050000 0.062500
0 0.290625 0.201172 0.050000 0.062500
0 0.284375 0.361328 0.050000 0.062500
0 0.251563 0.337891 0.050000 0.062500
0 0.360938 0.511719 0.050000 0.062500
0 0.471875 0.402344 0.050000 0.062500
0 0.425000 0.433594 0.050000 0.062500
0 0.232813 0.464844 0.050000 0.062500
0 0.892188 0.018555 0.050000 0.037109
0 0.818750 0.020508 0.050000 0.041016
0 0.860938 0.025391 0.050000 0.050781
0 0.875000 0.028320 0.050000 0.056641
0 0.956250 0.017578 0.050000 0.035156
0 0.929688 0.017578 0.050000 0.035156
0 0.131250 0.017578 0.050000 0.035156
