0 0.470313 0.541016 0.050000 0.062500
0 0.442188 0.484375 0.050000 0.062500
0 0.373437 0.621094 0.050000 0.062500
0 0.312500 0.496094 0.050000 0.062500
0 0.284375 0.398438 0.050000 0.062500
0 0.314063 0.332031 0.050000 0.062500
0 0.410938 0.257812 0.050000 0.062500
0 0.378125 0.205078 0.050000 0.062500
0 0.464062 0.248047 0.050000 0.062500
0 0.290625 0.226562 0.050000 0.062500
0 0.235937 0.554688 0.050000 0.062500
0 0.137500 0.607422 0.050000 0.062500
0 0.156250 0.611328 0.050000 0.062500
0 0.137500 0.630859 0.050000 0.062500
0 0.140625 0.654297 0.050000 0.062500
0 0.142187 0.677734 0.050000 0.062500
0 0.156250 0.664062 0.050000 0.062500
0 0.164062 0.650391 0.050000 0.062500
0 0.157812 0.638672 0.050000 0.062500
0 0.153125 0.691406 0.050000 0.062500
0 0.164062 0.681641 0.050000 0.062500
0 0.154688 0.728516 0.050000 0.062500
0 0.154688 0.710938 0.050000 0.062500
0 0.142187 0.732422 0.050000 0.062500
0 0.145313 0.748047 0.050000 0.062500
0 0.154688 0.755859 0.050000 0.062500
0 0.157812 0.767578 0.050000 0.062500
0 0.143750 0.777344 0.050000 0.062500
0 0.150000 0.787109 0.050000 0.062500
0 0.145313 0.802734 0.050000 0.062500
0 0.162500 0.798828 0.050000 0.062500
0 0.142187 0.820312 0.050000 0.062500
0 0.154688 0.835938 0.050000 0.062500
0 0.164062 0.861328 0.050000 0.062500
0 0.150000 0.867188 0.050000 0.062500
0 0.143750 0.880859 0.050000 0.062500
0 0.160938 0.890625 0.050000 0.062500
0 0.167187 0.904297 0.050000 0.062500
0 0.159375 0.919922 0.050000 0.062500
0 0.151562 0.904297 0.050000 0.062500
0 0.160938 0.810547 0.050000 0.062500
0 0.167187 0.943359 0.050000 0.062500
0 0.157812 0.955078 0.050000 0.062500
0 0.179688 0.955078 0.050000 0.062500
0 0.168750 0.966797 0.050000 0.062500
0 0.203125 0.949219 0.050000 0.062500
0 0.189062 0.962891 0.050000 0.062500
0 0.162500 0.979492 0.050000 0.041016
0 0.173437 0.972656 0.050000 0.054688
0 0.228125 0.966797 0.050000 0.062500
0 0.242188 0.958984 0.050000 0.062500
0 0.215625 0.979492 0.050000 0.041016
0 0.235937 0.974609 0.050000 0.050781
0 0.251563 0.971680 0.050000 0.056641
0 0.265625 0.966797 0.050000 0.062500
0 0.284375 0.958984 0.050000 0.062500
0 0.267188 0.975586 0.050000 0.048828
0 0.253125 0.979492 0.050000 0.041016
0 0.321875 0.960938 0.050000 0.062500
0 0.348438 0.958984 0.050000 0.062500
0 0.231250 0.982422 0.050000 0.035156
0 0.282813 0.973633 0.050000 0.052734
0 0.307812 0.953125 0.050000 0.062500
0 0.298438 0.973633 0.050000 0.052734
0 0.293750 0.955078 0.050000 0.062500
0 0.309375 0.980469 0.050000 0.039062
0 0.381250 0.976562 0.050000 0.046875
0 0.395313 0.973633 0.050000 0.052734
0 0.415625 0.968750 0.050000 0.062500
0 0.437500 0.962891 0.050000 0.062500
0 0.432812 0.976562 0.050000 0.046875
0 0.418750 0.979492 0.050000 0.041016
0 0.443750 0.979492 0.050000 0.041016
0 0.465625 0.960938 0.050000 0.062500
0 0.451562 0.955078 0.050000 0.062500
0 0.453125 0.970703 0.050000 0.058594
0 0.468750 0.974609 0.050000 0.050781
0 0.482812 0.957031 0.050000 0.062500
0 0.485938 0.975586 0.050000 0.048828
0 0.493750 0.964844 0.050000 0.062500
0 0.506250 0.968750 0.050000 0.062500
0 0.520312 0.958984 0.050000 0.062500
0 0.535937 0.958984 0.050000 0.062500
0 0.529687 0.974609 0.050000 0.050781
0 0.501563 0.982422 0.050000 0.035156
0 0.548438 0.966797 0.050000 0.062500
0 0.564063 0.976562 0.050000 0.046875
0 0.550000 0.982422 0.050000 0.035156
0 0.582812 0.964844 0.050000 0.062500
0 0.589063 0.941406 0.050000 0.062500
0 0.584375 0.927734 0.050000 0.062500
0 0.595313 0.914062 0.050000 0.062500
0 0.582812 0.886719 0.050000 0.062500
0 0.579688 0.900391 0.050000 0.062500
0 0.604688 0.857422 0.050000 0.062500
0 0.582812 0.861328 0.050000 0.062500
0 0.593750 0.876953 0.050000 0.062500
0 0.585938 0.841797 0.050000 0.062500
0 0.585938 0.832031 0.050000 0.062500
0 0.593750 0.818359 0.050000 0.062500
0 0.603125 0.837891 0.050000 0.062500
0 0.610938 0.826172 0.050000 0.062500
0 0.609375 0.808594 0.050000 0.062500
0 0.604688 0.789062 0.050000 0.062500
0 0.589063 0.804688 0.050000 0.062500
0 0.581250 0.791016 0.050000 0.062500
0 0.592187 0.787109 0.050000 0.062500
0 0.598437 0.771484 0.050000 0.062500
0 0.601562 0.750000 0.050000 0.062500
0 0.604688 0.763672 0.050000 0.062500
0 0.615625 0.750000 0.050000 0.062500
0 0.625000 0.763672 0.050000 0.062500
0 0.621875 0.736328 0.050000 0.062500
0 0.607812 0.736328 0.050000 0.062500
0 0.609375 0.714844 0.050000 0.062500
0 0.596875 0.738281 0.050000 0.062500
0 0.590625 0.720703 0.050000 0.062500
0 0.603125 0.705078 0.050000 0.062500
0 0.603125 0.695312 0.050000 0.062500
0 0.614062 0.681641 0.050000 0.062500
0 0.626563 0.683594 0.050000 0.062500
0 0.598437 0.669922 0.050000 0.062500
0 0.595313 0.685547 0.050000 0.062500
0 0.587500 0.666016 0.050000 0.062500
0 0.589063 0.648438 0.050000 0.062500
0 0.600000 0.658203 0.050000 0.062500
0 0.582812 0.685547 0.050000 0.062500
0 0.614062 0.666016 0.050000 0.062500
0 0.620313 0.646484 0.050000 0.062500
0 0.601562 0.628906 0.050000 0.062500
0 0.623437 0.621094 0.050000 0.062500
0 0.587500 0.619141 0.050000 0.062500
0 0.610938 0.642578 0.050000 0.062500
0 0.607812 0.611328 0.050000 0.062500
0 0.604688 0.591797 0.050000 0.062500
0 0.585938 0.597656 0.050000 0.062500
0 0.593750 0.580078 0.050000 0.062500
0 0.578125 0.576172 0.050000 0.062500
0 0.612500 0.585938 0.050000 0.062500
0 0.621875 0.601562 0.050000 0.062500
0 0.603125 0.562500 0.050000 0.062500
0 0.590625 0.556641 0.050000 0.062500
0 0.595313 0.533203 0.050000 0.062500
0 0.606250 0.544922 0.050000 0.062500
0 0.578125 0.513672 0.050000 0.062500
0 0.600000 0.509766 0.050000 0.062500
0 0.614062 0.519531 0.050000 0.062500
0 0.581250 0.492188 0.050000 0.062500
0 0.582812 0.462891 0.050000 0.062500
0 0.601562 0.455078 0.050000 0.062500
0 0.589063 0.439453 0.050000 0.062500
0 0.593750 0.421875 0.050000 0.062500
0 0.579688 0.410156 0.050000 0.062500
0 0.589063 0.408203 0.050000 0.062500
0 0.581250 0.394531 0.050000 0.062500
0 0.593750 0.390625 0.050000 0.062500
0 0.587500 0.376953 0.050000 0.062500
0 0.570312 0.361328 0.050000 0.062500
0 0.589063 0.359375 0.050000 0.062500
0 0.590625 0.347656 0.050000 0.062500
0 0.585938 0.335938 0.050000 0.062500
0 0.575000 0.349609 0.050000 0.062500
0 0.600000 0.330078 0.050000 0.062500
0 0.607812 0.335938 0.050000 0.062500
0 0.601562 0.376953 0.050000 0.062500
0 0.610938 0.355469 0.050000 0.062500
0 0.606250 0.408203 0.050000 0.062500
0 0.631250 0.316406 0.050000 0.062500
0 0.629687 0.294922 0.050000 0.062500
0 0.632812 0.273438 0.050000 0.062500
0 0.604688 0.308594 0.050000 0.062500
0 0.592187 0.298828 0.050000 0.062500
0 0.576562 0.300781 0.050000 0.062500
0 0.578125 0.314453 0.050000 0.062500
0 0.585938 0.279297 0.050000 0.062500
0 0.604688 0.261719 0.050000 0.062500
0 0.601562 0.287109 0.050000 0.062500
0 0.573438 0.253906 0.050000 0.062500
0 0.562500 0.246094 0.050000 0.062500
0 0.576562 0.271484 0.050000 0.062500
0 0.614062 0.244141 0.050000 0.062500
0 0.623437 0.238281 0.050000 0.062500
0 0.615625 0.218750 0.050000 0.062500
0 0.573438 0.226562 0.050000 0.062500
0 0.582812 0.240234 0.050000 0.062500
0 0.575000 0.201172 0.050000 0.062500
0 0.576562 0.179688 0.050000 0.062500
0 0.576562 0.166016 0.050000 0.062500
0 0.560937 0.187500 0.050000 0.062500
0 0.592187 0.162109 0.050000 0.062500
0 0.606250 0.173828 0.050000 0.062500
0 0.612500 0.195312 0.050000 0.062500
0 0.600000 0.132812 0.050000 0.062500
0 0.581250 0.128906 0.050000 0.062500
0 0.575000 0.146484 0.050000 0.062500
0 0.565625 0.115234 0.050000 0.062500
0 0.576562 0.097656 0.050000 0.062500
0 0.589063 0.103516 0.050000 0.062500
0 0.600000 0.113281 0.050000 0.062500
0 0.578125 0.058594 0.050000 0.062500
0 0.575000 0.076172 0.050000 0.062500
0 0.565625 0.085938 0.050000 0.062500
0 0.557813 0.101562 0.050000 0.062500
0 0.595313 0.064453 0.050000 0.062500
0 0.564063 0.042969 0.050000 0.062500
0 0.554688 0.054688 0.050000 0.062500
0 0.548438 0.070312 0.050000 0.062500
0 0.564063 0.058594 0.050000 0.062500
0 0.568750 0.019531 0.050000 0.039062
0 0.553125 0.030273 0.050000 0.060547
0 0.537500 0.030273 0.050000 0.060547
0 0.534375 0.020508 0.050000 0.041016
0 0.503125 0.024414 0.050000 0.048828
0 0.507812 0.039062 0.050000 0.062500
0 0.487500 0.046875 0.050000 0.062500
0 0.475000 0.031250 0.050000 0.062500
0 0.467187 0.022461 0.050000 0.044922
0 0.450000 0.026367 0.050000 0.052734
0 0.425000 0.021484 0.050000 0.042969
0 0.431250 0.029297 0.050000 0.058594
0 0.406250 0.020508 0.050000 0.041016
0 0.392188 0.026367 0.050000 0.052734
0 0.354687 0.027344 0.050000 0.054688
0 0.350000 0.035156 0.050000 0.062500
0 0.332813 0.018555 0.050000 0.037109
0 0.331250 0.026367 0.050000 0.052734
0 0.312500 0.018555 0.050000 0.037109
0 0.301563 0.027344 0.050000 0.054688
0 0.310937 0.042969 0.050000 0.062500
0 0.289062 0.042969 0.050000 0.062500
0 0.281250 0.027344 0.050000 0.054688
0 0.267188 0.035156 0.050000 0.062500
0 0.254688 0.044922 0.050000 0.062500
0 0.239063 0.052734 0.050000 0.062500
0 0.251563 0.066406 0.050000 0.062500
0 0.265625 0.064453 0.050000 0.062500
0 0.226562 0.021484 0.050000 0.042969
0 0.209375 0.019531 0.050000 0.039062
0 0.221875 0.048828 0.050000 0.062500
0 0.223438 0.030273 0.050000 0.060547
0 0.209375 0.037109 0.050000 0.062500
0 0.196875 0.037109 0.050000 0.062500
0 0.181250 0.054688 0.050000 0.062500
0 0.189062 0.070312 0.050000 0.062500
0 0.203125 0.060547 0.050000 0.062500
0 0.182812 0.027344 0.050000 0.054688
0 0.176563 0.042969 0.050000 0.062500
0 0.139063 0.021484 0.050000 0.042969
0 0.126562 0.024414 0.050000 0.048828
0 0.131250 0.037109 0.050000 0.062500
0 0.139063 0.054688 0.050000 0.062500
0 0.162500 0.070312 0.050000 0.062500
0 0.146875 0.070312 0.050000 0.062500
0 0.160938 0.093750 0.050000 0.062500
0 0.150000 0.095703 0.050000 0.062500
0 0.151562 0.117188 0.050000 0.062500
0 0.146875 0.136719 0.050000 0.062500
0 0.151562 0.183594 0.050000 0.062500
0 0.151562 0.207031 0.050000 0.062500
0 0.143750 0.220703 0.050000 0.062500
0 0.146875 0.246094 0.050000 0.062500
0 0.151562 0.267578 0.050000 0.062500
0 0.153125 0.292969 0.050000 0.062500
0 0.148438 0.375000 0.050000 0.062500
0 0.140625 0.345703 0.050000 0.062500
0 0.140625 0.326172 0.050000 0.062500
0 0.143750 0.406250 0.050000 0.062500
0 0.142187 0.437500 0.050000 0.062500
0 0.679688 0.380859 0.050000 0.062500
0 0.742188 0.312500 0.050000 0.062500
0 0.746875 0.167969 0.050000 0.062500
0 0.698438 0.093750 0.050000 0.062500
0 0.670312 0.041016 0.050000 0.062500
0 0.646875 0.023438 0.050000 0.046875
0 0.715625 0.022461 0.050000 0.044922
0 0.756250 0.044922 0.050000 0.062500
0 0.828125 0.107422 0.050000 0.062500
0 0.809375 0.134766 0.050000 0.062500
0 0.757812 0.128906 0.050000 0.062500
0 0.889062 0.121094 0.050000 0.062500
0 0.831250 0.029297 0.050000 0.058594
0 0.868750 0.042969 0.050000 0.062500
0 0.895312 0.027344 0.050000 0.054688
0 0.873437 0.021484 0.050000 0.042969
0 0.903125 0.016602 0.050000 0.033203
0 0.934375 0.021484 0.050000 0.042969
0 0.965625 0.025391 0.050000 0.050781
0 0.983594 0.068359 0.032813 0.062500
0 0.978906 0.103516 0.042188 0.062500
0 0.976562 0.263672 0.046875 0.062500
0 0.914062 0.298828 0.050000 0.062500
0 0.875000 0.351562 0.050000 0.062500
0 0.817187 0.324219 0.050000 0.062500
0 0.803125 0.386719 0.050000 0.062500
0 0.701562 0.466797 0.050000 0.062500
0 0.759375 0.464844 0.050000 0.062500
0 0.759375 0.505859 0.050000 0.062500
0 0.696875 0.517578 0.050000 0.062500
0 0.790625 0.570312 0.050000 0.062500
0 0.734375 0.615234 0.050000 0.062500
0 0.679688 0.585938 0.050000 0.062500
0 0.831250 0.656250 0.050000 0.062500
0 0.821875 0.710938 0.050000 0.062500
0 0.806250 0.759766 0.050000 0.062500
0 0.776563 0.824219 0.050000 0.062500
0 0.715625 0.769531 0.050000 0.062500
0 0.828125 0.859375 0.050000 0.062500
0 0.854688 0.857422 0.050000 0.062500
0 0.732812 0.973633 0.050000 0.052734
0 0.684375 0.968750 0.050000 0.062500
0 0.667188 0.975586 0.050000 0.048828
0 0.921875 0.974609 0.050000 0.050781
0 0.901563 0.970703 0.050000 0.058594
0 0.867188 0.968750 0.050000 0.062500
0 0.856250 0.976562 0.050000 0.046875
0 0.839063 0.969727 0.050000 0.060547
0 0.979688 0.791016 0.040625 0.062500
0 0.940625 0.658203 0.050000 0.062500
0 0.914062 0.419922 0.050000 0.062500
0 0.962500 0.402344 0.050000 0.062500
0 0.946875 0.470703 0.050000 0.062500
0 0.937500 0.521484 0.050000 0.062500
0 0.885938 0.568359 0.050000 0.062500
0 0.983594 0.734375 0.032813 0.062500
