0 0.354687 0.669922 0.050000 0.062500
0 0.282813 0.533203 0.050000 0.062500
0 0.485938 0.347656 0.050000 0.062500
0 0.514062 0.511719 0.050000 0.062500
0 0.428125 0.525391 0.050000 0.062500
0 0.392188 0.742188 0.050000 0.062500
0 0.384375 0.783203 0.050000 0.062500
0 0.357812 0.783203 0.050000 0.062500
0 0.371875 0.910156 0.050000 0.062500
0 0.450000 0.873047 0.050000 0.062500
0 0.160938 0.640625 0.050000 0.062500
0 0.259375 0.902344 0.050000 0.062500
0 0.251563 0.955078 0.050000 0.062500
0 0.700000 0.642578 0.050000 0.062500
0 0.757812 0.646484 0.050000 0.062500
0 0.709375 0.564453 0.050000 0.062500
0 0.704688 0.476562 0.050000 0.062500
0 0.696875 0.416016 0.050000 0.062500
0 0.751563 0.359375 0.050000 0.062500
0 0.685937 0.308594 0.050000 0.062500
0 0.715625 0.142578 0.050000 0.062500
0 0.671875 0.181641 0.050000 0.062500
0 0.684375 0.089844 0.050000 0.062500
0 0.728125 0.029297 0.050000 0.058594
0 0.759375 0.173828 0.050000 0.062500
0 0.812500 0.187500 0.050000 0.062500
0 0.835938 0.150391 0.050000 0.062500
0 0.825000 0.365234 0.050000 0.062500
0 0.818750 0.425781 0.050000 0.062500
0 0.757812 0.515625 0.050000 0.062500
0 0.767188 0.560547 0.050000 0.062500
0 0.806250 0.626953 0.050000 0.062500
0 0.901563 0.455078 0.050000 0.062500
0 0.884375 0.390625 0.050000 0.062500
0 0.920312 0.347656 0.050000 0.062500
0 0.982812 0.310547 0.034375 0.062500
0 0.979688 0.357422 0.040625 0.062500
0 0.968750 0.443359 0.050000 0.062500
0 0.940625 0.505859 0.050000 0.062500
0 0.900000 0.525391 0.050000 0.062500
0 0.892188 0.607422 0.050000 0.062500
0 0.954688 0.683594 0.050000 0.062500
0 0.929688 0.822266 0.050000 0.062500
0 0.860938 0.753906 0.050000 0.062500
0 0.860938 0.775391 0.050000 0.062500
0 0.904687 0.828125 0.050000 0.062500
0 0.848437 0.890625 0.050000 0.062500
0 0.817187 0.867188 0.050000 0.062500
0 0.831250 0.902344 0.050000 0.062500
0 0.732812 0.892578 0.050000 0.062500
0 0.629687 0.333984 0.050000 0.062500
0 0.639062 0.357422 0.050000 0.062500
0 0.635938 0.310547 0.050000 0.062500
0 0.521875 0.033203 0.050000 0.062500
0 0.506250 0.042969 0.050000 0.062500
0 0.496875 0.058594 0.050000 0.062500
0 0.510938 0.062500 0.050000 0.062500
0 0.512500 0.082031 0.050000 0.062500
0 0.495312 0.089844 0.050000 0.062500
0 0.481250 0.076172 0.050000 0.062500
0 0.446875 0.042969 0.050000 0.062500
0 0.426563 0.054688 0.050000 0.062500
0 0.432812 0.070312 0.050000 0.062500
0 0.546875 0.070312 0.050000 0.062500
0 0.565625 0.082031 0.050000 0.062500
0 0.575000 0.052734 0.050000 0.062500
0 0.542188 0.054688 0.050000 0.062500
0 0.551562 0.056641 0.050000 0.062500
0 0.528125 0.085938 0.050000 0.062500
0 0.604688 0.099609 0.050000 0.062500
0 0.570312 0.101562 0.050000 0.062500
0 0.554688 0.099609 0.050000 0.062500
0 0.585938 0.103516 0.050000 0.062500
0 0.578125 0.117188 0.050000 0.062500
0 0.567187 0.128906 0.050000 0.062500
0 0.578125 0.138672 0.050000 0.062500
0 0.592187 0.140625 0.050000 0.062500
0 0.603125 0.152344 0.050000 0.062500
0 0.575000 0.158203 0.050000 0.062500
0 0.589063 0.167969 0.050000 0.062500
0 0.604688 0.169922 0.050000 0.062500
0 0.579688 0.183594 0.050000 0.062500
0 0.576562 0.212891 0.050000 0.062500
0 0.648438 0.171875 0.050000 0.062500
0 0.631250 0.218750 0.050000 0.062500
0 0.634375 0.255859 0.050000 0.062500
0 0.609375 0.214844 0.050000 0.062500
0 0.578125 0.238281 0.050000 0.062500
0 0.587500 0.222656 0.050000 0.062500
0 0.581250 0.265625 0.050000 0.062500
0 0.565625 0.289062 0.050000 0.062500
0 0.579688 0.298828 0.050000 0.062500
0 0.596875 0.298828 0.050000 0.062500
0 0.615625 0.287109 0.050000 0.062500
0 0.614062 0.255859 0.050000 0.062500
0 0.615625 0.238281 0.050000 0.062500
0 0.610938 0.308594 0.050000 0.062500
0 0.581250 0.314453 0.050000 0.062500
0 0.592187 0.320312 0.050000 0.062500
0 0.607812 0.328125 0.050000 0.062500
0 0.615625 0.347656 0.050000 0.062500
0 0.595313 0.343750 0.050000 0.062500
0 0.578125 0.353516 0.050000 0.062500
0 0.603125 0.373047 0.050000 0.062500
0 0.615625 0.375000 0.050000 0.062500
0 0.590625 0.375000 0.050000 0.062500
0 0.592187 0.386719 0.050000 0.062500
0 0.590625 0.402344 0.050000 0.062500
0 0.617188 0.396484 0.050000 0.062500
0 0.573438 0.400391 0.050000 0.062500
0 0.609375 0.414062 0.050000 0.062500
0 0.595313 0.417969 0.050000 0.062500
0 0.579688 0.419922 0.050000 0.062500
0 0.614062 0.439453 0.050000 0.062500
0 0.592187 0.435547 0.050000 0.062500
0 0.593750 0.449219 0.050000 0.062500
0 0.582812 0.451172 0.050000 0.062500
0 0.584375 0.478516 0.050000 0.062500
0 0.603125 0.462891 0.050000 0.062500
0 0.595313 0.472656 0.050000 0.062500
0 0.609375 0.494141 0.050000 0.062500
0 0.587500 0.498047 0.050000 0.062500
0 0.582812 0.517578 0.050000 0.062500
0 0.589063 0.533203 0.050000 0.062500
0 0.590625 0.554688 0.050000 0.062500
0 0.609375 0.550781 0.050000 0.062500
0 0.603125 0.568359 0.050000 0.062500
0 0.592187 0.570312 0.050000 0.062500
0 0.614062 0.583984 0.050000 0.062500
0 0.601562 0.599609 0.050000 0.062500
0 0.596875 0.615234 0.050000 0.062500
0 0.609375 0.607422 0.050000 0.062500
0 0.623437 0.621094 0.050000 0.062500
0 0.628125 0.640625 0.050000 0.062500
0 0.609375 0.630859 0.050000 0.062500
0 0.615625 0.650391 0.050000 0.062500
0 0.593750 0.638672 0.050000 0.062500
0 0.595313 0.662109 0.050000 0.062500
0 0.612500 0.667969 0.050000 0.062500
0 0.628125 0.667969 0.050000 0.062500
0 0.598437 0.691406 0.050000 0.062500
0 0.609375 0.693359 0.050000 0.062500
0 0.625000 0.687500 0.050000 0.062500
0 0.620313 0.703125 0.050000 0.062500
0 0.632812 0.720703 0.050000 0.062500
0 0.596875 0.712891 0.050000 0.062500
0 0.607812 0.714844 0.050000 0.062500
0 0.618750 0.720703 0.050000 0.062500
0 0.603125 0.738281 0.050000 0.062500
0 0.618750 0.734375 0.050000 0.062500
0 0.615625 0.755859 0.050000 0.062500
0 0.595313 0.765625 0.050000 0.062500
0 0.606250 0.775391 0.050000 0.062500
0 0.617188 0.779297 0.050000 0.062500
0 0.628125 0.773438 0.050000 0.062500
0 0.596875 0.792969 0.050000 0.062500
0 0.623437 0.792969 0.050000 0.062500
0 0.612500 0.794922 0.050000 0.062500
0 0.606250 0.816406 0.050000 0.062500
0 0.595313 0.828125 0.050000 0.062500
0 0.612500 0.830078 0.050000 0.062500
0 0.620313 0.818359 0.050000 0.062500
0 0.632812 0.806641 0.050000 0.062500
0 0.590625 0.839844 0.050000 0.062500
0 0.604688 0.859375 0.050000 0.062500
0 0.593750 0.869141 0.050000 0.062500
0 0.589063 0.904297 0.050000 0.062500
0 0.607812 0.873047 0.050000 0.062500
0 0.625000 0.867188 0.050000 0.062500
0 0.629687 0.833984 0.050000 0.062500
0 0.615625 0.847656 0.050000 0.062500
0 0.614062 0.896484 0.050000 0.062500
0 0.600000 0.917969 0.050000 0.062500
0 0.589063 0.929688 0.050000 0.062500
0 0.587500 0.947266 0.050000 0.062500
0 0.603125 0.949219 0.050000 0.062500
0 0.603125 0.931641 0.050000 0.062500
0 0.607812 0.979492 0.050000 0.041016
0 0.593750 0.966797 0.050000 0.062500
0 0.596875 0.975586 0.050000 0.048828
0 0.904687 0.018555 0.050000 0.037109
0 0.926562 0.018555 0.050000 0.037109
0 0.971875 0.022461 0.050000 0.044922
0 0.971875 0.070312 0.050000 0.062500
0 0.954688 0.021484 0.050000 0.042969
0 0.951562 0.052734 0.050000 0.062500
0 0.935937 0.058594 0.050000 0.062500
0 0.915625 0.037109 0.050000 0.062500
0 0.882812 0.039062 0.050000 0.062500
0 0.943750 0.021484 0.050000 0.042969
0 0.709375 0.048828 0.050000 0.062500
0 0.385937 0.041016 0.050000 0.062500
0 0.396875 0.064453 0.050000 0.062500
0 0.410938 0.052734 0.050000 0.062500
0 0.468750 0.052734 0.050000 0.062500
0 0.450000 0.062500 0.050000 0.062500
0 0.339062 0.041016 0.050000 0.062500
0 0.335938 0.058594 0.050000 0.062500
0 0.367188 0.044922 0.050000 0.062500
0 0.359375 0.066406 0.050000 0.062500
0 0.337500 0.076172 0.050000 0.062500
0 0.351562 0.080078 0.050000 0.062500
0 0.315625 0.048828 0.050000 0.062500
0 0.304688 0.064453 0.050000 0.062500
0 0.310937 0.087891 0.050000 0.062500
0 0.284375 0.072266 0.050000 0.062500
0 0.292187 0.087891 0.050000 0.062500
0 0.273438 0.076172 0.050000 0.062500
0 0.262500 0.089844 0.050000 0.062500
0 0.267188 0.107422 0.050000 0.062500
0 0.251563 0.105469 0.050000 0.062500
0 0.245312 0.097656 0.050000 0.062500
0 0.250000 0.074219 0.050000 0.062500
0 0.232813 0.050781 0.050000 0.062500
0 0.231250 0.072266 0.050000 0.062500
0 0.225000 0.093750 0.050000 0.062500
0 0.215625 0.050781 0.050000 0.062500
0 0.212500 0.070312 0.050000 0.062500
0 0.200000 0.080078 0.050000 0.062500
0 0.207813 0.099609 0.050000 0.062500
0 0.196875 0.115234 0.050000 0.062500
0 0.193750 0.095703 0.050000 0.062500
0 0.179688 0.097656 0.050000 0.062500
0 0.182812 0.064453 0.050000 0.062500
0 0.178125 0.080078 0.050000 0.062500
0 0.142187 0.058594 0.050000 0.062500
0 0.159375 0.097656 0.050000 0.062500
0 0.159375 0.072266 0.050000 0.062500
0 0.167187 0.111328 0.050000 0.062500
0 0.146875 0.123047 0.050000 0.062500
0 0.150000 0.140625 0.050000 0.062500
0 0.153125 0.158203 0.050000 0.062500
0 0.153125 0.179688 0.050000 0.062500
0 0.132812 0.132812 0.050000 0.062500
0 0.134375 0.160156 0.050000 0.062500
0 0.159375 0.226562 0.050000 0.062500
0 0.154688 0.248047 0.050000 0.062500
0 0.146875 0.265625 0.050000 0.062500
0 0.151562 0.292969 0.050000 0.062500
0 0.159375 0.310547 0.050000 0.062500
0 0.160938 0.335938 0.050000 0.062500
0 0.148438 0.355469 0.050000 0.062500
0 0.150000 0.373047 0.050000 0.062500
0 0.154688 0.398438 0.050000 0.062500
0 0.153125 0.419922 0.050000 0.062500
0 0.156250 0.474609 0.050000 0.062500
0 0.150000 0.507812 0.050000 0.062500
0 0.160938 0.658203 0.050000 0.062500
0 0.142187 0.652344 0.050000 0.062500
0 0.145313 0.673828 0.050000 0.062500
0 0.145313 0.695312 0.050000 0.062500
0 0.171875 0.691406 0.050000 0.062500
0 0.150000 0.720703 0.050000 0.062500
0 0.162500 0.710938 0.050000 0.062500
0 0.146875 0.736328 0.050000 0.062500
0 0.162500 0.732422 0.050000 0.062500
0 0.167187 0.755859 0.050000 0.062500
0 0.175000 0.722656 0.050000 0.062500
0 0.151562 0.769531 0.050000 0.062500
0 0.151562 0.794922 0.050000 0.062500
0 0.164062 0.798828 0.050000 0.062500
0 0.162500 0.775391 0.050000 0.062500
0 0.159375 0.820312 0.050000 0.062500
0 0.151562 0.828125 0.050000 0.062500
0 0.150000 0.847656 0.050000 0.062500
0 0.167187 0.841797 0.050000 0.062500
0 0.150000 0.865234 0.050000 0.062500
0 0.167187 0.871094 0.050000 0.062500
0 0.159375 0.880859 0.050000 0.062500
0 0.170313 0.855469 0.050000 0.062500
0 0.165625 0.931641 0.050000 0.062500
0 0.168750 0.910156 0.050000 0.062500
0 0.170313 0.892578 0.050000 0.062500
0 0.159375 0.900391 0.050000 0.062500
0 0.154688 0.949219 0.050000 0.062500
0 0.170313 0.949219 0.050000 0.062500
0 0.176563 0.968750 0.050000 0.062500
0 0.162500 0.962891 0.050000 0.062500
0 0.170313 0.979492 0.050000 0.041016
0 0.900000 0.062500 0.050000 0.062500
0 0.889062 0.087891 0.050000 0.062500
0 0.834375 0.072266 0.050000 0.062500
0 0.982812 0.109375 0.034375 0.062500
0 0.940625 0.030273 0.050000 0.060547
0 0.876563 0.977539 0.050000 0.044922
0 0.817187 0.050781 0.050000 0.062500
0 0.792188 0.066406 0.050000 0.062500
0 0.468750 0.030273 0.050000 0.060547
