0 0.114062 0.974609 0.050000 0.050781
0 0.109375 0.949219 0.050000 0.062500
0 0.132812 0.982422 0.050000 0.035156
0 0.150000 0.974609 0.050000 0.050781
0 0.154688 0.960938 0.050000 0.062500
0 0.165625 0.973633 0.050000 0.052734
0 0.168750 0.953125 0.050000 0.062500
0 0.150000 0.949219 0.050000 0.062500
0 0.143750 0.931641 0.050000 0.062500
0 0.156250 0.916016 0.050000 0.062500
0 0.159375 0.925781 0.050000 0.062500
0 0.137500 0.902344 0.050000 0.062500
0 0.125000 0.927734 0.050000 0.062500
0 0.126562 0.896484 0.050000 0.062500
0 0.156250 0.898438 0.050000 0.062500
0 0.118750 0.867188 0.050000 0.062500
0 0.135937 0.878906 0.050000 0.062500
0 0.146875 0.843750 0.050000 0.062500
0 0.132812 0.843750 0.050000 0.062500
0 0.120313 0.833984 0.050000 0.062500
0 0.117188 0.808594 0.050000 0.062500
0 0.134375 0.791016 0.050000 0.062500
0 0.126562 0.779297 0.050000 0.062500
0 0.123438 0.757812 0.050000 0.062500
0 0.140625 0.746094 0.050000 0.062500
0 0.134375 0.722656 0.050000 0.062500
0 0.117188 0.726562 0.050000 0.062500
0 0.087500 0.810547 0.050000 0.062500
0 0.100000 0.750000 0.050000 0.062500
0 0.034375 0.689453 0.050000 0.062500
0 0.050000 0.689453 0.050000 0.062500
0 0.104688 0.707031 0.050000 0.062500
0 0.125000 0.705078 0.050000 0.062500
0 0.139063 0.689453 0.050000 0.062500
0 0.150000 0.671875 0.050000 0.062500
0 0.104688 0.666016 0.050000 0.062500
0 0.115625 0.656250 0.050000 0.062500
0 0.129688 0.673828 0.050000 0.062500
0 0.131250 0.650391 0.050000 0.062500
0 0.143750 0.648438 0.050000 0.062500
0 0.140625 0.628906 0.050000 0.062500
0 0.106250 0.634766 0.050000 0.062500
0 0.118750 0.621094 0.050000 0.062500
0 0.125000 0.597656 0.050000 0.062500
0 0.137500 0.611328 0.050000 0.062500
0 0.142187 0.582031 0.050000 0.062500
0 0.135937 0.591797 0.050000 0.062500
0 0.159375 0.591797 0.050000 0.062500
0 0.134375 0.576172 0.050000 0.062500
0 0.110937 0.542969 0.050000 0.062500
0 0.154688 0.537109 0.050000 0.062500
0 0.159375 0.558594 0.050000 0.062500
0 0.167187 0.578125 0.050000 0.062500
0 0.175000 0.554688 0.050000 0.062500
0 0.178125 0.572266 0.050000 0.062500
0 0.189062 0.564453 0.050000 0.062500
0 0.190625 0.541016 0.050000 0.062500
0 0.173437 0.517578 0.050000 0.062500
0 0.198437 0.527344 0.050000 0.062500
0 0.217188 0.533203 0.050000 0.062500
0 0.210938 0.554688 0.050000 0.062500
0 0.201563 0.570312 0.050000 0.062500
0 0.228125 0.564453 0.050000 0.062500
0 0.240625 0.539062 0.050000 0.062500
0 0.242188 0.558594 0.050000 0.062500
0 0.259375 0.568359 0.050000 0.062500
0 0.254688 0.552734 0.050000 0.062500
0 0.254688 0.523438 0.050000 0.062500
0 0.264062 0.511719 0.050000 0.062500
0 0.265625 0.539062 0.050000 0.062500
0 0.268750 0.554688 0.050000 0.062500
0 0.279687 0.550781 0.050000 0.062500
0 0.293750 0.550781 0.050000 0.062500
0 0.289062 0.562500 0.050000 0.062500
0 0.303125 0.542969 0.050000 0.062500
0 0.307812 0.562500 0.050000 0.062500
0 0.309375 0.525391 0.050000 0.062500
0 0.304688 0.511719 0.050000 0.062500
0 0.300000 0.494141 0.050000 0.062500
0 0.279687 0.507812 0.050000 0.062500
0 0.317188 0.554688 0.050000 0.062500
0 0.323437 0.535156 0.050000 0.062500
0 0.318750 0.507812 0.050000 0.062500
0 0.328125 0.521484 0.050000 0.062500
0 0.340625 0.517578 0.050000 0.062500
0 0.337500 0.541016 0.050000 0.062500
0 0.332813 0.554688 0.050000 0.062500
0 0.345313 0.550781 0.050000 0.062500
0 0.351562 0.533203 0.050000 0.062500
0 0.357812 0.511719 0.050000 0.062500
0 0.364063 0.542969 0.050000 0.062500
0 0.375000 0.527344 0.050000 0.062500
0 0.381250 0.542969 0.050000 0.062500
0 0.375000 0.509766 0.050000 0.062500
0 0.395313 0.503906 0.050000 0.062500
0 0.412500 0.517578 0.050000 0.062500
0 0.393750 0.535156 0.050000 0.062500
0 0.393750 0.554688 0.050000 0.062500
0 0.410938 0.546875 0.050000 0.062500
0 0.426563 0.535156 0.050000 0.062500
0 0.432812 0.503906 0.050000 0.062500
0 0.440625 0.539062 0.050000 0.062500
0 0.446875 0.521484 0.050000 0.062500
0 0.459375 0.531250 0.050000 0.062500
0 0.471875 0.539062 0.050000 0.062500
0 0.465625 0.509766 0.050000 0.062500
0 0.500000 0.539062 0.050000 0.062500
0 0.495312 0.605469 0.050000 0.062500
0 0.493750 0.492188 0.050000 0.062500
0 0.518750 0.500000 0.050000 0.062500
0 0.520312 0.537109 0.050000 0.062500
0 0.532813 0.527344 0.050000 0.062500
0 0.534375 0.498047 0.050000 0.062500
0 0.545312 0.525391 0.050000 0.062500
0 0.551562 0.500000 0.050000 0.062500
0 0.518750 0.517578 0.050000 0.062500
0 0.564063 0.505859 0.050000 0.062500
0 0.559375 0.519531 0.050000 0.062500
0 0.562500 0.533203 0.050000 0.062500
0 0.576562 0.519531 0.050000 0.062500
0 0.573438 0.535156 0.050000 0.062500
0 0.589063 0.529297 0.050000 0.062500
0 0.598437 0.505859 0.050000 0.062500
0 0.585938 0.507812 0.050000 0.062500
0 0.578125 0.488281 0.050000 0.062500
0 0.589063 0.484375 0.050000 0.062500
0 0.606250 0.484375 0.050000 0.062500
0 0.604688 0.529297 0.050000 0.062500
0 0.610938 0.500000 0.050000 0.062500
0 0.607812 0.511719 0.050000 0.062500
0 0.626563 0.486328 0.050000 0.062500
0 0.626563 0.523438 0.050000 0.062500
0 0.646875 0.523438 0.050000 0.062500
0 0.623437 0.503906 0.050000 0.062500
0 0.637500 0.507812 0.050000 0.062500
0 0.653125 0.505859 0.050000 0.062500
0 0.637500 0.492188 0.050000 0.062500
0 0.653125 0.492188 0.050000 0.062500
0 0.657813 0.474609 0.050000 0.062500
0 0.665625 0.509766 0.050000 0.062500
0 0.685937 0.498047 0.050000 0.062500
0 0.684375 0.480469 0.050000 0.062500
0 0.698438 0.474609 0.050000 0.062500
0 0.701562 0.490234 0.050000 0.062500
0 0.696875 0.503906 0.050000 0.062500
0 0.690625 0.523438 0.050000 0.062500
0 0.665625 0.521484 0.050000 0.062500
0 0.720313 0.476562 0.050000 0.062500
0 0.717187 0.494141 0.050000 0.062500
0 0.718750 0.511719 0.050000 0.062500
0 0.734375 0.492188 0.050000 0.062500
0 0.729688 0.509766 0.050000 0.062500
0 0.742188 0.515625 0.050000 0.062500
0 0.751563 0.523438 0.050000 0.062500
0 0.743750 0.500000 0.050000 0.062500
0 0.750000 0.482422 0.050000 0.062500
0 0.767188 0.472656 0.050000 0.062500
0 0.764062 0.490234 0.050000 0.062500
0 0.765625 0.505859 0.050000 0.062500
0 0.765625 0.523438 0.050000 0.062500
0 0.779687 0.523438 0.050000 0.062500
0 0.778125 0.500000 0.050000 0.062500
0 0.801562 0.527344 0.050000 0.062500
0 0.800000 0.509766 0.050000 0.062500
0 0.798438 0.488281 0.050000 0.062500
0 0.809375 0.462891 0.050000 0.062500
0 0.812500 0.490234 0.050000 0.062500
0 0.842187 0.460938 0.050000 0.062500
0 0.856250 0.466797 0.050000 0.062500
0 0.870313 0.466797 0.050000 0.062500
0 0.835938 0.501953 0.050000 0.062500
0 0.856250 0.494141 0.050000 0.062500
0 0.876563 0.498047 0.050000 0.062500
0 0.884375 0.494141 0.050000 0.062500
0 0.898438 0.494141 0.050000 0.062500
0 0.820312 0.517578 0.050000 0.062500
0 0.812500 0.511719 0.050000 0.062500
0 0.834375 0.519531 0.050000 0.062500
0 0.851562 0.515625 0.050000 0.062500
0 0.864062 0.515625 0.050000 0.062500
0 0.885938 0.509766 0.050000 0.062500
0 0.918750 0.458984 0.050000 0.062500
0 0.903125 0.478516 0.050000 0.062500
0 0.932813 0.486328 0.050000 0.062500
0 0.934375 0.505859 0.050000 0.062500
0 0.915625 0.509766 0.050000 0.062500
0 0.904687 0.515625 0.050000 0.062500
0 0.965625 0.498047 0.050000 0.062500
0 0.970313 0.472656 0.050000 0.062500
0 0.978906 0.443359 0.042188 0.062500
0 0.971875 0.566406 0.050000 0.062500
0 0.968750 0.582031 0.050000 0.062500
0 0.895312 0.535156 0.050000 0.062500
0 0.912500 0.560547 0.050000 0.062500
0 0.892188 0.554688 0.050000 0.062500
0 0.884375 0.580078 0.050000 0.062500
0 0.900000 0.587891 0.050000 0.062500
0 0.890625 0.613281 0.050000 0.062500
0 0.881250 0.597656 0.050000 0.062500
0 0.890625 0.568359 0.050000 0.062500
0 0.907813 0.611328 0.050000 0.062500
0 0.918750 0.623047 0.050000 0.062500
0 0.901563 0.632812 0.050000 0.062500
0 0.885938 0.650391 0.050000 0.062500
0 0.898438 0.664062 0.050000 0.062500
0 0.890625 0.669922 0.050000 0.062500
0 0.884375 0.681641 0.050000 0.062500
0 0.898438 0.685547 0.050000 0.062500
0 0.909375 0.689453 0.050000 0.062500
0 0.946875 0.707031 0.050000 0.062500
0 0.979688 0.746094 0.040625 0.062500
0 0.923438 0.716797 0.050000 0.062500
0 0.907813 0.708984 0.050000 0.062500
0 0.896875 0.724609 0.050000 0.062500
0 0.906250 0.750000 0.050000 0.062500
0 0.934375 0.761719 0.050000 0.062500
0 0.935937 0.740234 0.050000 0.062500
0 0.920312 0.740234 0.050000 0.062500
0 0.912500 0.724609 0.050000 0.062500
0 0.893750 0.699219 0.050000 0.062500
0 0.892188 0.763672 0.050000 0.062500
0 0.895312 0.777344 0.050000 0.062500
0 0.909375 0.773438 0.050000 0.062500
0 0.928125 0.775391 0.050000 0.062500
0 0.942187 0.779297 0.050000 0.062500
0 0.950000 0.792969 0.050000 0.062500
0 0.951562 0.808594 0.050000 0.062500
0 0.931250 0.820312 0.050000 0.062500
0 0.887500 0.820312 0.050000 0.062500
0 0.934375 0.859375 0.050000 0.062500
0 0.920312 0.867188 0.050000 0.062500
0 0.918750 0.837891 0.050000 0.062500
0 0.901563 0.841797 0.050000 0.062500
0 0.903125 0.863281 0.050000 0.062500
0 0.903125 0.863281 0.050000 0.062500
0 0.890625 0.861328 0.050000 0.062500
0 0.895312 0.886719 0.050000 0.062500
0 0.889062 0.981445 0.050000 0.037109
0 0.904687 0.978516 0.050000 0.042969
0 0.932813 0.979492 0.050000 0.041016
0 0.953125 0.968750 0.050000 0.062500
0 0.931250 0.968750 0.050000 0.062500
0 0.920312 0.962891 0.050000 0.062500
0 0.893750 0.960938 0.050000 0.062500
0 0.906250 0.955078 0.050000 0.062500
0 0.887500 0.937500 0.050000 0.062500
0 0.873437 0.923828 0.050000 0.062500
0 0.915625 0.939453 0.050000 0.062500
0 0.904687 0.931641 0.050000 0.062500
0 0.942187 0.929688 0.050000 0.062500
0 0.979688 0.945312 0.040625 0.062500
0 0.912500 0.912109 0.050000 0.062500
0 0.903125 0.894531 0.050000 0.062500
0 0.893750 0.914062 0.050000 0.062500
0 0.671875 0.646484 0.050000 0.062500
0 0.693750 0.662109 0.050000 0.062500
0 0.631250 0.767578 0.050000 0.062500
0 0.700000 0.775391 0.050000 0.062500
0 0.715625 0.775391 0.050000 0.062500
0 0.728125 0.835938 0.050000 0.062500
0 0.803125 0.792969 0.050000 0.062500
0 0.837500 0.791016 0.050000 0.062500
0 0.851562 0.736328 0.050000 0.062500
0 0.357812 0.480469 0.050000 0.062500
0 0.340625 0.486328 0.050000 0.062500
0 0.321875 0.480469 0.050000 0.062500
0 0.282813 0.451172 0.050000 0.062500
0 0.301563 0.453125 0.050000 0.062500
0 0.264062 0.476562 0.050000 0.062500
0 0.243750 0.472656 0.050000 0.062500
0 0.409375 0.404297 0.050000 0.062500
0 0.464062 0.398438 0.050000 0.062500
0 0.525000 0.384766 0.050000 0.062500
0 0.578125 0.398438 0.050000 0.062500
0 0.593750 0.322266 0.050000 0.062500
0 0.289062 0.406250 0.050000 0.062500
0 0.362500 0.357422 0.050000 0.062500
0 0.087500 0.382812 0.050000 0.062500
0 0.103125 0.367188 0.050000 0.062500
0 0.015625 0.312500 0.031250 0.062500
0 0.018750 0.269531 0.037500 0.062500
0 0.017188 0.230469 0.034375 0.062500
0 0.126562 0.298828 0.050000 0.062500
0 0.109375 0.273438 0.050000 0.062500
0 0.126562 0.255859 0.050000 0.062500
0 0.176563 0.316406 0.050000 0.062500
0 0.201563 0.330078 0.050000 0.062500
0 0.192188 0.347656 0.050000 0.062500
0 0.209375 0.269531 0.050000 0.062500
0 0.193750 0.242188 0.050000 0.062500
0 0.135937 0.205078 0.050000 0.062500
0 0.120313 0.185547 0.050000 0.062500
0 0.103125 0.195312 0.050000 0.062500
0 0.121875 0.162109 0.050000 0.062500
0 0.096875 0.152344 0.050000 0.062500
0 0.073438 0.160156 0.050000 0.062500
0 0.073438 0.132812 0.050000 0.062500
0 0.065625 0.115234 0.050000 0.062500
0 0.114062 0.107422 0.050000 0.062500
0 0.104688 0.091797 0.050000 0.062500
0 0.115625 0.076172 0.050000 0.062500
0 0.087500 0.107422 0.050000 0.062500
0 0.073438 0.097656 0.050000 0.062500
0 0.076563 0.082031 0.050000 0.062500
0 0.167187 0.030273 0.050000 0.060547
0 0.220312 0.039062 0.050000 0.062500
0 0.360938 0.253906 0.050000 0.062500
0 0.417187 0.255859 0.050000 0.062500
0 0.479687 0.292969 0.050000 0.062500
0 0.510938 0.306641 0.050000 0.062500
0 0.564063 0.285156 0.050000 0.062500
0 0.379688 0.171875 0.050000 0.062500
0 0.334375 0.148438 0.050000 0.062500
0 0.434375 0.132812 0.050000 0.062500
0 0.353125 0.074219 0.050000 0.062500
0 0.431250 0.064453 0.050000 0.062500
0 0.487500 0.093750 0.050000 0.062500
0 0.506250 0.130859 0.050000 0.062500
0 0.556250 0.150391 0.050000 0.062500
0 0.709375 0.083984 0.050000 0.062500
0 0.687500 0.028320 0.050000 0.056641
0 0.523438 0.022461 0.050000 0.044922
0 0.659375 0.019531 0.050000 0.039062
0 0.739062 0.244141 0.050000 0.062500
0 0.768750 0.349609 0.050000 0.062500
0 0.785937 0.306641 0.050000 0.062500
0 0.818750 0.306641 0.050000 0.062500
0 0.868750 0.322266 0.050000 0.062500
0 0.887500 0.337891 0.050000 0.062500
0 0.889062 0.396484 0.050000 0.062500
0 0.893750 0.417969 0.050000 0.062500
0 0.810937 0.263672 0.050000 0.062500
0 0.792188 0.205078 0.050000 0.062500
0 0.801562 0.177734 0.050000 0.062500
0 0.837500 0.119141 0.050000 0.062500
0 0.895312 0.167969 0.050000 0.062500
0 0.873437 0.173828 0.050000 0.062500
0 0.879687 0.203125 0.050000 0.062500
0 0.890625 0.205078 0.050000 0.062500
0 0.907813 0.197266 0.050000 0.062500
0 0.860938 0.103516 0.050000 0.062500
0 0.878125 0.111328 0.050000 0.062500
0 0.900000 0.121094 0.050000 0.062500
0 0.907813 0.064453 0.050000 0.062500
0 0.904687 0.035156 0.050000 0.062500
0 0.945312 0.078125 0.050000 0.062500
0 0.975000 0.142578 0.050000 0.062500
0 0.978906 0.160156 0.042188 0.062500
0 0.979688 0.179688 0.040625 0.062500
0 0.957812 0.169922 0.050000 0.062500
0 0.979688 0.244141 0.040625 0.062500
0 0.978125 0.261719 0.043750 0.062500
0 0.980469 0.279297 0.039062 0.062500
0 0.948438 0.220703 0.050000 0.062500
0 0.060937 0.591797 0.050000 0.062500
