0 0.117188 0.979492 0.050000 0.041016
0 0.132812 0.977539 0.050000 0.044922
0 0.162500 0.978516 0.050000 0.042969
0 0.151562 0.968750 0.050000 0.062500
0 0.132812 0.962891 0.050000 0.062500
0 0.100000 0.968750 0.050000 0.062500
0 0.093750 0.937500 0.050000 0.062500
0 0.142187 0.949219 0.050000 0.062500
0 0.157812 0.941406 0.050000 0.062500
0 0.164062 0.958984 0.050000 0.062500
0 0.131250 0.919922 0.050000 0.062500
0 0.132812 0.937500 0.050000 0.062500
0 0.148438 0.916016 0.050000 0.062500
0 0.150000 0.902344 0.050000 0.062500
0 0.125000 0.892578 0.050000 0.062500
0 0.110937 0.880859 0.050000 0.062500
0 0.146875 0.892578 0.050000 0.062500
0 0.123438 0.859375 0.050000 0.062500
0 0.106250 0.853516 0.050000 0.062500
0 0.140625 0.833984 0.050000 0.062500
0 0.125000 0.830078 0.050000 0.062500
0 0.117188 0.820312 0.050000 0.062500
0 0.109375 0.820312 0.050000 0.062500
0 0.107813 0.791016 0.050000 0.062500
0 0.125000 0.787109 0.050000 0.062500
0 0.118750 0.763672 0.050000 0.062500
0 0.120313 0.746094 0.050000 0.062500
0 0.134375 0.736328 0.050000 0.062500
0 0.107813 0.712891 0.050000 0.062500
0 0.128125 0.718750 0.050000 0.062500
0 0.087500 0.730469 0.050000 0.062500
0 0.095312 0.695312 0.050000 0.062500
0 0.120313 0.693359 0.050000 0.062500
0 0.064062 0.693359 0.050000 0.062500
0 0.059375 0.958984 0.050000 0.062500
0 0.134375 0.675781 0.050000 0.062500
0 0.146875 0.660156 0.050000 0.062500
0 0.123438 0.660156 0.050000 0.062500
0 0.137500 0.644531 0.050000 0.062500
0 0.126562 0.636719 0.050000 0.062500
0 0.109375 0.642578 0.050000 0.062500
0 0.101562 0.656250 0.050000 0.062500
0 0.100000 0.621094 0.050000 0.062500
0 0.139063 0.615234 0.050000 0.062500
0 0.060937 0.580078 0.050000 0.062500
0 0.114062 0.605469 0.050000 0.062500
0 0.132812 0.597656 0.050000 0.062500
0 0.123438 0.585938 0.050000 0.062500
0 0.135937 0.585938 0.050000 0.062500
0 0.132812 0.568359 0.050000 0.062500
0 0.145313 0.574219 0.050000 0.062500
0 0.115625 0.556641 0.050000 0.062500
0 0.159375 0.585938 0.050000 0.062500
0 0.159375 0.548828 0.050000 0.062500
0 0.153125 0.527344 0.050000 0.062500
0 0.157812 0.568359 0.050000 0.062500
0 0.170313 0.568359 0.050000 0.062500
0 0.175000 0.546875 0.050000 0.062500
0 0.181250 0.560547 0.050000 0.062500
0 0.192188 0.554688 0.050000 0.062500
0 0.204687 0.562500 0.050000 0.062500
0 0.209375 0.544922 0.050000 0.062500
0 0.187500 0.539062 0.050000 0.062500
0 0.190625 0.519531 0.050000 0.062500
0 0.201563 0.523438 0.050000 0.062500
0 0.218750 0.525391 0.050000 0.062500
0 0.223438 0.552734 0.050000 0.062500
0 0.248438 0.515625 0.050000 0.062500
0 0.245312 0.556641 0.050000 0.062500
0 0.245312 0.556641 0.050000 0.062500
0 0.267188 0.552734 0.050000 0.062500
0 0.270313 0.539062 0.050000 0.062500
0 0.270313 0.509766 0.050000 0.062500
0 0.281250 0.505859 0.050000 0.062500
0 0.304688 0.492188 0.050000 0.062500
0 0.304688 0.511719 0.050000 0.062500
0 0.287500 0.564453 0.050000 0.062500
0 0.290625 0.542969 0.050000 0.062500
0 0.303125 0.546875 0.050000 0.062500
0 0.307812 0.562500 0.050000 0.062500
0 0.315625 0.558594 0.050000 0.062500
0 0.317188 0.535156 0.050000 0.062500
0 0.312500 0.523438 0.050000 0.062500
0 0.323437 0.519531 0.050000 0.062500
0 0.340625 0.519531 0.050000 0.062500
0 0.332813 0.537109 0.050000 0.062500
0 0.326562 0.552734 0.050000 0.062500
0 0.346875 0.550781 0.050000 0.062500
0 0.350000 0.535156 0.050000 0.062500
0 0.357812 0.519531 0.050000 0.062500
0 0.362500 0.546875 0.050000 0.062500
0 0.375000 0.531250 0.050000 0.062500
0 0.378125 0.511719 0.050000 0.062500
0 0.378125 0.546875 0.050000 0.062500
0 0.392188 0.556641 0.050000 0.062500
0 0.392188 0.542969 0.050000 0.062500
0 0.390625 0.531250 0.050000 0.062500
0 0.395313 0.511719 0.050000 0.062500
0 0.409375 0.521484 0.050000 0.062500
0 0.407813 0.539062 0.050000 0.062500
0 0.409375 0.556641 0.050000 0.062500
0 0.418750 0.552734 0.050000 0.062500
0 0.440625 0.546875 0.050000 0.062500
0 0.440625 0.546875 0.050000 0.062500
0 0.425000 0.527344 0.050000 0.062500
0 0.434375 0.515625 0.050000 0.062500
0 0.443750 0.525391 0.050000 0.062500
0 0.432812 0.537109 0.050000 0.062500
0 0.425000 0.544922 0.050000 0.062500
0 0.465625 0.515625 0.050000 0.062500
0 0.459375 0.535156 0.050000 0.062500
0 0.454688 0.552734 0.050000 0.062500
0 0.467187 0.548828 0.050000 0.062500
0 0.504687 0.542969 0.050000 0.062500
0 0.495312 0.507812 0.050000 0.062500
0 0.518750 0.548828 0.050000 0.062500
0 0.515625 0.525391 0.050000 0.062500
0 0.520312 0.511719 0.050000 0.062500
0 0.532813 0.529297 0.050000 0.062500
0 0.532813 0.546875 0.050000 0.062500
0 0.545312 0.517578 0.050000 0.062500
0 0.545312 0.539062 0.050000 0.062500
0 0.557813 0.535156 0.050000 0.062500
0 0.557813 0.546875 0.050000 0.062500
0 0.567187 0.541016 0.050000 0.062500
0 0.581250 0.544922 0.050000 0.062500
0 0.578125 0.503906 0.050000 0.062500
0 0.589063 0.503906 0.050000 0.062500
0 0.596875 0.523438 0.050000 0.062500
0 0.587500 0.523438 0.050000 0.062500
0 0.573438 0.525391 0.050000 0.062500
0 0.600000 0.542969 0.050000 0.062500
0 0.590625 0.542969 0.050000 0.062500
0 0.614062 0.500000 0.050000 0.062500
0 0.610938 0.521484 0.050000 0.062500
0 0.610938 0.535156 0.050000 0.062500
0 0.632812 0.503906 0.050000 0.062500
0 0.623437 0.515625 0.050000 0.062500
0 0.620313 0.533203 0.050000 0.062500
0 0.629687 0.541016 0.050000 0.062500
0 0.635938 0.527344 0.050000 0.062500
0 0.643750 0.509766 0.050000 0.062500
0 0.656250 0.490234 0.050000 0.062500
0 0.657813 0.511719 0.050000 0.062500
0 0.650000 0.527344 0.050000 0.062500
0 0.648438 0.542969 0.050000 0.062500
0 0.664062 0.533203 0.050000 0.062500
0 0.670312 0.515625 0.050000 0.062500
0 0.678125 0.537109 0.050000 0.062500
0 0.681250 0.519531 0.050000 0.062500
0 0.679688 0.500000 0.050000 0.062500
0 0.692187 0.494141 0.050000 0.062500
0 0.693750 0.515625 0.050000 0.062500
0 0.693750 0.535156 0.050000 0.062500
0 0.701562 0.498047 0.050000 0.062500
0 0.723437 0.498047 0.050000 0.062500
0 0.707812 0.511719 0.050000 0.062500
0 0.709375 0.527344 0.050000 0.062500
0 0.720313 0.511719 0.050000 0.062500
0 0.720313 0.523438 0.050000 0.062500
0 0.737500 0.541016 0.050000 0.062500
0 0.729688 0.527344 0.050000 0.062500
0 0.731250 0.509766 0.050000 0.062500
0 0.746875 0.505859 0.050000 0.062500
0 0.743750 0.523438 0.050000 0.062500
0 0.751563 0.544922 0.050000 0.062500
0 0.754687 0.527344 0.050000 0.062500
0 0.760938 0.513672 0.050000 0.062500
0 0.760938 0.496094 0.050000 0.062500
0 0.778125 0.521484 0.050000 0.062500
0 0.778125 0.542969 0.050000 0.062500
0 0.767188 0.535156 0.050000 0.062500
0 0.800000 0.546875 0.050000 0.062500
0 0.801562 0.523438 0.050000 0.062500
0 0.815625 0.541016 0.050000 0.062500
0 0.832812 0.546875 0.050000 0.062500
0 0.843750 0.533203 0.050000 0.062500
0 0.864062 0.541016 0.050000 0.062500
0 0.850000 0.546875 0.050000 0.062500
0 0.840625 0.488281 0.050000 0.062500
0 0.857812 0.494141 0.050000 0.062500
0 0.815625 0.490234 0.050000 0.062500
0 0.809375 0.505859 0.050000 0.062500
0 0.864062 0.525391 0.050000 0.062500
0 0.884375 0.527344 0.050000 0.062500
0 0.884375 0.544922 0.050000 0.062500
0 0.898438 0.527344 0.050000 0.062500
0 0.914062 0.513672 0.050000 0.062500
0 0.925000 0.492188 0.050000 0.062500
0 0.929688 0.515625 0.050000 0.062500
0 0.929688 0.537109 0.050000 0.062500
0 0.904687 0.556641 0.050000 0.062500
0 0.904687 0.578125 0.050000 0.062500
0 0.889062 0.568359 0.050000 0.062500
0 0.914062 0.595703 0.050000 0.062500
0 0.890625 0.595703 0.050000 0.062500
0 0.881250 0.611328 0.050000 0.062500
0 0.881250 0.611328 0.050000 0.062500
0 0.879687 0.638672 0.050000 0.062500
0 0.896875 0.617188 0.050000 0.062500
0 0.910937 0.654297 0.050000 0.062500
0 0.900000 0.632812 0.050000 0.062500
0 0.887500 0.644531 0.050000 0.062500
0 0.900000 0.669922 0.050000 0.062500
0 0.889062 0.662109 0.050000 0.062500
0 0.881250 0.677734 0.050000 0.062500
0 0.885938 0.697266 0.050000 0.062500
0 0.898438 0.697266 0.050000 0.062500
0 0.892188 0.718750 0.050000 0.062500
0 0.906250 0.722656 0.050000 0.062500
0 0.879687 0.732422 0.050000 0.062500
0 0.889062 0.751953 0.050000 0.062500
0 0.889062 0.767578 0.050000 0.062500
0 0.898438 0.740234 0.050000 0.062500
0 0.915625 0.744141 0.050000 0.062500
0 0.934375 0.742188 0.050000 0.062500
0 0.975000 0.781250 0.050000 0.062500
0 0.904687 0.761719 0.050000 0.062500
0 0.914062 0.765625 0.050000 0.062500
0 0.928125 0.773438 0.050000 0.062500
0 0.929688 0.794922 0.050000 0.062500
0 0.901563 0.783203 0.050000 0.062500
0 0.885938 0.802734 0.050000 0.062500
0 0.904687 0.808594 0.050000 0.062500
0 0.923438 0.810547 0.050000 0.062500
0 0.920312 0.855469 0.050000 0.062500
0 0.881250 0.851562 0.050000 0.062500
0 0.909375 0.843750 0.050000 0.062500
0 0.890625 0.875000 0.050000 0.062500
0 0.885938 0.892578 0.050000 0.062500
0 0.889062 0.906250 0.050000 0.062500
0 0.879687 0.923828 0.050000 0.062500
0 0.893750 0.931641 0.050000 0.062500
0 0.881250 0.947266 0.050000 0.062500
0 0.870313 0.955078 0.050000 0.062500
0 0.878125 0.974609 0.050000 0.050781
0 0.881250 0.979492 0.050000 0.041016
0 0.895312 0.978516 0.050000 0.042969
0 0.896875 0.962891 0.050000 0.062500
0 0.907813 0.968750 0.050000 0.062500
0 0.909375 0.979492 0.050000 0.041016
0 0.926562 0.960938 0.050000 0.062500
0 0.971875 0.973633 0.050000 0.052734
0 0.910937 0.929688 0.050000 0.062500
0 0.923438 0.927734 0.050000 0.062500
0 0.910937 0.898438 0.050000 0.062500
0 0.928125 0.888672 0.050000 0.062500
0 0.756250 0.828125 0.050000 0.062500
0 0.806250 0.824219 0.050000 0.062500
0 0.737500 0.775391 0.050000 0.062500
0 0.609375 0.755859 0.050000 0.062500
0 0.684375 0.625000 0.050000 0.062500
0 0.771875 0.710938 0.050000 0.062500
0 0.800000 0.691406 0.050000 0.062500
0 0.787500 0.648438 0.050000 0.062500
0 0.537500 0.597656 0.050000 0.062500
0 0.175000 0.501953 0.050000 0.062500
0 0.243750 0.464844 0.050000 0.062500
0 0.275000 0.474609 0.050000 0.062500
0 0.331250 0.482422 0.050000 0.062500
0 0.357812 0.482422 0.050000 0.062500
0 0.345313 0.490234 0.050000 0.062500
0 0.350000 0.439453 0.050000 0.062500
0 0.409375 0.408203 0.050000 0.062500
0 0.482812 0.394531 0.050000 0.062500
0 0.529687 0.388672 0.050000 0.062500
0 0.579688 0.416016 0.050000 0.062500
0 0.592187 0.349609 0.050000 0.062500
0 0.578125 0.292969 0.050000 0.062500
0 0.520312 0.316406 0.050000 0.062500
0 0.481250 0.312500 0.050000 0.062500
0 0.420312 0.273438 0.050000 0.062500
0 0.365625 0.345703 0.050000 0.062500
0 0.254688 0.375000 0.050000 0.062500
0 0.184375 0.353516 0.050000 0.062500
0 0.217188 0.318359 0.050000 0.062500
0 0.190625 0.308594 0.050000 0.062500
0 0.218750 0.253906 0.050000 0.062500
0 0.204687 0.238281 0.050000 0.062500
0 0.023438 0.298828 0.046875 0.062500
0 0.022656 0.246094 0.045312 0.062500
0 0.096875 0.378906 0.050000 0.062500
0 0.109375 0.343750 0.050000 0.062500
0 0.132812 0.289062 0.050000 0.062500
0 0.139063 0.242188 0.050000 0.062500
0 0.121875 0.265625 0.050000 0.062500
0 0.129688 0.214844 0.050000 0.062500
0 0.123438 0.177734 0.050000 0.062500
0 0.131250 0.154297 0.050000 0.062500
0 0.110937 0.142578 0.050000 0.062500
0 0.085938 0.142578 0.050000 0.062500
0 0.087500 0.119141 0.050000 0.062500
0 0.103125 0.099609 0.050000 0.062500
0 0.092188 0.091797 0.050000 0.062500
0 0.092188 0.064453 0.050000 0.062500
0 0.132812 0.099609 0.050000 0.062500
0 0.120313 0.087891 0.050000 0.062500
0 0.128125 0.066406 0.050000 0.062500
0 0.189062 0.027344 0.050000 0.054688
0 0.267188 0.025391 0.050000 0.050781
0 0.339062 0.158203 0.050000 0.062500
0 0.373437 0.255859 0.050000 0.062500
0 0.393750 0.177734 0.050000 0.062500
0 0.448437 0.130859 0.050000 0.062500
0 0.520312 0.144531 0.050000 0.062500
0 0.575000 0.167969 0.050000 0.062500
0 0.506250 0.082031 0.050000 0.062500
0 0.443750 0.066406 0.050000 0.062500
0 0.359375 0.070312 0.050000 0.062500
0 0.704688 0.107422 0.050000 0.062500
0 0.721875 0.328125 0.050000 0.062500
0 0.765625 0.351562 0.050000 0.062500
0 0.757812 0.310547 0.050000 0.062500
0 0.792188 0.322266 0.050000 0.062500
0 0.814063 0.300781 0.050000 0.062500
0 0.784375 0.267578 0.050000 0.062500
0 0.778125 0.207031 0.050000 0.062500
0 0.806250 0.121094 0.050000 0.062500
0 0.703125 0.044922 0.050000 0.062500
0 0.703125 0.026367 0.050000 0.052734
0 0.684375 0.028320 0.050000 0.056641
0 0.543750 0.026367 0.050000 0.052734
0 0.396875 0.019531 0.050000 0.039062
0 0.460938 0.018555 0.050000 0.037109
0 0.492188 0.024414 0.050000 0.048828
0 0.504687 0.017578 0.050000 0.035156
0 0.562500 0.018555 0.050000 0.037109
0 0.592187 0.022461 0.050000 0.044922
0 0.645312 0.018555 0.050000 0.037109
0 0.670312 0.021484 0.050000 0.042969
0 0.651563 0.024414 0.050000 0.048828
0 0.896875 0.146484 0.050000 0.062500
0 0.920312 0.101562 0.050000 0.062500
0 0.921875 0.062500 0.050000 0.062500
0 0.868750 0.173828 0.050000 0.062500
0 0.885938 0.205078 0.050000 0.062500
0 0.906250 0.201172 0.050000 0.062500
0 0.914062 0.154297 0.050000 0.062500
0 0.971875 0.154297 0.050000 0.062500
0 0.983594 0.187500 0.032813 0.062500
0 0.982031 0.212891 0.035937 0.062500
0 0.982812 0.292969 0.034375 0.062500
0 0.984375 0.330078 0.031250 0.062500
0 0.890625 0.232422 0.050000 0.062500
0 0.920312 0.236328 0.050000 0.062500
0 0.890625 0.363281 0.050000 0.062500
0 0.871875 0.396484 0.050000 0.062500
0 0.890625 0.429688 0.050000 0.062500
0 0.896875 0.451172 0.050000 0.062500
0 0.975781 0.486328 0.048438 0.062500
