0 0.201563 0.031250 0.050000 0.062500
0 0.234375 0.021484 0.050000 0.042969
0 0.290625 0.044922 0.050000 0.062500
0 0.326562 0.021484 0.050000 0.042969
0 0.346875 0.021484 0.050000 0.042969
0 0.403125 0.024414 0.050000 0.048828
0 0.546875 0.035156 0.050000 0.062500
0 0.564063 0.019531 0.050000 0.039062
0 0.601562 0.028320 0.050000 0.056641
0 0.642188 0.019531 0.050000 0.039062
0 0.671875 0.025391 0.050000 0.050781
0 0.678125 0.017578 0.050000 0.035156
0 0.689063 0.030273 0.050000 0.060547
0 0.706250 0.029297 0.050000 0.058594
0 0.706250 0.046875 0.050000 0.062500
0 0.681250 0.115234 0.050000 0.062500
0 0.775000 0.130859 0.050000 0.062500
0 0.765625 0.207031 0.050000 0.062500
0 0.751563 0.273438 0.050000 0.062500
0 0.795312 0.283203 0.050000 0.062500
0 0.818750 0.304688 0.050000 0.062500
0 0.740625 0.332031 0.050000 0.062500
0 0.715625 0.359375 0.050000 0.062500
0 0.678125 0.302734 0.050000 0.062500
0 0.581250 0.298828 0.050000 0.062500
0 0.595313 0.351562 0.050000 0.062500
0 0.546875 0.378906 0.050000 0.062500
0 0.587500 0.421875 0.050000 0.062500
0 0.523438 0.324219 0.050000 0.062500
0 0.521875 0.152344 0.050000 0.062500
0 0.578125 0.177734 0.050000 0.062500
0 0.507812 0.095703 0.050000 0.062500
0 0.448437 0.080078 0.050000 0.062500
0 0.459375 0.136719 0.050000 0.062500
0 0.400000 0.189453 0.050000 0.062500
0 0.421875 0.277344 0.050000 0.062500
0 0.375000 0.261719 0.050000 0.062500
0 0.367188 0.078125 0.050000 0.062500
0 0.335938 0.162109 0.050000 0.062500
0 0.482812 0.328125 0.050000 0.062500
0 0.479687 0.404297 0.050000 0.062500
0 0.415625 0.419922 0.050000 0.062500
0 0.423438 0.464844 0.050000 0.062500
0 0.325000 0.492188 0.050000 0.062500
0 0.962500 0.265625 0.050000 0.062500
0 0.971875 0.201172 0.050000 0.062500
0 0.900000 0.376953 0.050000 0.062500
0 0.870313 0.437500 0.050000 0.062500
0 0.896875 0.439453 0.050000 0.062500
0 0.896875 0.439453 0.050000 0.062500
0 0.904687 0.460938 0.050000 0.062500
0 0.870313 0.218750 0.050000 0.062500
0 0.890625 0.208984 0.050000 0.062500
0 0.893750 0.244141 0.050000 0.062500
0 0.926562 0.242188 0.050000 0.062500
0 0.910937 0.212891 0.050000 0.062500
0 0.207813 0.250000 0.050000 0.062500
0 0.218750 0.273438 0.050000 0.062500
0 0.207813 0.310547 0.050000 0.062500
0 0.217188 0.322266 0.050000 0.062500
0 0.190625 0.328125 0.050000 0.062500
0 0.240625 0.341797 0.050000 0.062500
0 0.181250 0.382812 0.050000 0.062500
0 0.137500 0.062500 0.050000 0.062500
0 0.093750 0.078125 0.050000 0.062500
0 0.128125 0.097656 0.050000 0.062500
0 0.118750 0.080078 0.050000 0.062500
0 0.140625 0.109375 0.050000 0.062500
0 0.112500 0.150391 0.050000 0.062500
0 0.092188 0.154297 0.050000 0.062500
0 0.093750 0.128906 0.050000 0.062500
0 0.082812 0.117188 0.050000 0.062500
0 0.107813 0.109375 0.050000 0.062500
0 0.031250 0.349609 0.050000 0.062500
0 0.023438 0.261719 0.046875 0.062500
0 0.139063 0.173828 0.050000 0.062500
0 0.117188 0.199219 0.050000 0.062500
0 0.120313 0.234375 0.050000 0.062500
0 0.140625 0.248047 0.050000 0.062500
0 0.125000 0.271484 0.050000 0.062500
0 0.142187 0.298828 0.050000 0.062500
0 0.117188 0.341797 0.050000 0.062500
0 0.103125 0.388672 0.050000 0.062500
0 0.983594 0.236328 0.032813 0.062500
0 0.985938 0.214844 0.028125 0.062500
0 0.985156 0.191406 0.029687 0.062500
0 0.976562 0.498047 0.046875 0.062500
0 0.977344 0.521484 0.045312 0.062500
0 0.687500 0.507812 0.050000 0.062500
0 0.706250 0.503906 0.050000 0.062500
0 0.732812 0.523438 0.050000 0.062500
0 0.692187 0.529297 0.050000 0.062500
0 0.714063 0.525391 0.050000 0.062500
0 0.732812 0.523438 0.050000 0.062500
0 0.751563 0.517578 0.050000 0.062500
0 0.771875 0.507812 0.050000 0.062500
0 0.767188 0.527344 0.050000 0.062500
0 0.750000 0.537109 0.050000 0.062500
0 0.734375 0.542969 0.050000 0.062500
0 0.715625 0.539062 0.050000 0.062500
0 0.696875 0.554688 0.050000 0.062500
0 0.681250 0.542969 0.050000 0.062500
0 0.662500 0.501953 0.050000 0.062500
0 0.675000 0.521484 0.050000 0.062500
0 0.664062 0.539062 0.050000 0.062500
0 0.653125 0.539062 0.050000 0.062500
0 0.648438 0.521484 0.050000 0.062500
0 0.634375 0.511719 0.050000 0.062500
0 0.617188 0.511719 0.050000 0.062500
0 0.620313 0.527344 0.050000 0.062500
0 0.584375 0.515625 0.050000 0.062500
0 0.601562 0.529297 0.050000 0.062500
0 0.612500 0.554688 0.050000 0.062500
0 0.615625 0.539062 0.050000 0.062500
0 0.635938 0.552734 0.050000 0.062500
0 0.651563 0.554688 0.050000 0.062500
0 0.667188 0.556641 0.050000 0.062500
0 0.742188 0.556641 0.050000 0.062500
0 0.759375 0.560547 0.050000 0.062500
0 0.720313 0.509766 0.050000 0.062500
0 0.784375 0.537109 0.050000 0.062500
0 0.779687 0.560547 0.050000 0.062500
0 0.771875 0.546875 0.050000 0.062500
0 0.798438 0.570312 0.050000 0.062500
0 0.815625 0.562500 0.050000 0.062500
0 0.834375 0.564453 0.050000 0.062500
0 0.846875 0.542969 0.050000 0.062500
0 0.856250 0.556641 0.050000 0.062500
0 0.868750 0.558594 0.050000 0.062500
0 0.890625 0.556641 0.050000 0.062500
0 0.925000 0.492188 0.050000 0.062500
0 0.907813 0.560547 0.050000 0.062500
0 0.904687 0.539062 0.050000 0.062500
0 0.889062 0.582031 0.050000 0.062500
0 0.904687 0.585938 0.050000 0.062500
0 0.915625 0.605469 0.050000 0.062500
0 0.893750 0.603516 0.050000 0.062500
0 0.887500 0.617188 0.050000 0.062500
0 0.882812 0.638672 0.050000 0.062500
0 0.898438 0.625000 0.050000 0.062500
0 0.904687 0.640625 0.050000 0.062500
0 0.915625 0.666016 0.050000 0.062500
0 0.890625 0.656250 0.050000 0.062500
0 0.896875 0.669922 0.050000 0.062500
0 0.903125 0.683594 0.050000 0.062500
0 0.885938 0.689453 0.050000 0.062500
0 0.890625 0.710938 0.050000 0.062500
0 0.885938 0.724609 0.050000 0.062500
0 0.898438 0.724609 0.050000 0.062500
0 0.912500 0.730469 0.050000 0.062500
0 0.901563 0.748047 0.050000 0.062500
0 0.892188 0.761719 0.050000 0.062500
0 0.889062 0.804688 0.050000 0.062500
0 0.915625 0.771484 0.050000 0.062500
0 0.923438 0.753906 0.050000 0.062500
0 0.932813 0.783203 0.050000 0.062500
0 0.932813 0.802734 0.050000 0.062500
0 0.817187 0.845703 0.050000 0.062500
0 0.773438 0.884766 0.050000 0.062500
0 0.721875 0.857422 0.050000 0.062500
0 0.707812 0.785156 0.050000 0.062500
0 0.618750 0.798828 0.050000 0.062500
0 0.696875 0.632812 0.050000 0.062500
0 0.575000 0.607422 0.050000 0.062500
0 0.581250 0.544922 0.050000 0.062500
0 0.562500 0.546875 0.050000 0.062500
0 0.564063 0.562500 0.050000 0.062500
0 0.576562 0.562500 0.050000 0.062500
0 0.592187 0.556641 0.050000 0.062500
0 0.528125 0.562500 0.050000 0.062500
0 0.521875 0.533203 0.050000 0.062500
0 0.518750 0.519531 0.050000 0.062500
0 0.537500 0.542969 0.050000 0.062500
0 0.551562 0.525391 0.050000 0.062500
0 0.567187 0.533203 0.050000 0.062500
0 0.587500 0.529297 0.050000 0.062500
0 0.662500 0.521484 0.050000 0.062500
0 0.596875 0.513672 0.050000 0.062500
0 0.473438 0.560547 0.050000 0.062500
0 0.478125 0.525391 0.050000 0.062500
0 0.462500 0.544922 0.050000 0.062500
0 0.418750 0.529297 0.050000 0.062500
0 0.439063 0.519531 0.050000 0.062500
0 0.429688 0.554688 0.050000 0.062500
0 0.420312 0.568359 0.050000 0.062500
0 0.404687 0.572266 0.050000 0.062500
0 0.443750 0.560547 0.050000 0.062500
0 0.343750 0.529297 0.050000 0.062500
0 0.360938 0.527344 0.050000 0.062500
0 0.381250 0.525391 0.050000 0.062500
0 0.396875 0.523438 0.050000 0.062500
0 0.395313 0.542969 0.050000 0.062500
0 0.378125 0.542969 0.050000 0.062500
0 0.354687 0.544922 0.050000 0.062500
0 0.337500 0.548828 0.050000 0.062500
0 0.350000 0.562500 0.050000 0.062500
0 0.329688 0.562500 0.050000 0.062500
0 0.317188 0.568359 0.050000 0.062500
0 0.367188 0.560547 0.050000 0.062500
0 0.384375 0.556641 0.050000 0.062500
0 0.400000 0.554688 0.050000 0.062500
0 0.392188 0.568359 0.050000 0.062500
0 0.434375 0.533203 0.050000 0.062500
0 0.417187 0.548828 0.050000 0.062500
0 0.440625 0.550781 0.050000 0.062500
0 0.278125 0.488281 0.050000 0.062500
0 0.254688 0.498047 0.050000 0.062500
0 0.245312 0.480469 0.050000 0.062500
0 0.229687 0.474609 0.050000 0.062500
0 0.256250 0.523438 0.050000 0.062500
0 0.275000 0.517578 0.050000 0.062500
0 0.303125 0.525391 0.050000 0.062500
0 0.250000 0.541016 0.050000 0.062500
0 0.259375 0.558594 0.050000 0.062500
0 0.273438 0.552734 0.050000 0.062500
0 0.317188 0.521484 0.050000 0.062500
0 0.317188 0.521484 0.050000 0.062500
0 0.320312 0.539062 0.050000 0.062500
0 0.309375 0.558594 0.050000 0.062500
0 0.231250 0.562500 0.050000 0.062500
0 0.206250 0.572266 0.050000 0.062500
0 0.217188 0.560547 0.050000 0.062500
0 0.225000 0.535156 0.050000 0.062500
0 0.204687 0.535156 0.050000 0.062500
0 0.117188 0.568359 0.050000 0.062500
0 0.153125 0.541016 0.050000 0.062500
0 0.142187 0.578125 0.050000 0.062500
0 0.114062 0.613281 0.050000 0.062500
0 0.125000 0.599609 0.050000 0.062500
0 0.164062 0.558594 0.050000 0.062500
0 0.162500 0.595703 0.050000 0.062500
0 0.160938 0.574219 0.050000 0.062500
0 0.139063 0.605469 0.050000 0.062500
0 0.137500 0.589844 0.050000 0.062500
0 0.114062 0.658203 0.050000 0.062500
0 0.131250 0.648438 0.050000 0.062500
0 0.142187 0.626953 0.050000 0.062500
0 0.146875 0.648438 0.050000 0.062500
0 0.151562 0.673828 0.050000 0.062500
0 0.139063 0.687500 0.050000 0.062500
0 0.128125 0.666016 0.050000 0.062500
0 0.125000 0.703125 0.050000 0.062500
0 0.098437 0.703125 0.050000 0.062500
0 0.098437 0.742188 0.050000 0.062500
0 0.118750 0.730469 0.050000 0.062500
0 0.131250 0.722656 0.050000 0.062500
0 0.139063 0.750000 0.050000 0.062500
0 0.123438 0.759766 0.050000 0.062500
0 0.121875 0.775391 0.050000 0.062500
0 0.131250 0.791016 0.050000 0.062500
0 0.112500 0.802734 0.050000 0.062500
0 0.121875 0.867188 0.050000 0.062500
0 0.117188 0.830078 0.050000 0.062500
0 0.125000 0.904297 0.050000 0.062500
0 0.146875 0.894531 0.050000 0.062500
0 0.148438 0.923828 0.050000 0.062500
0 0.134375 0.935547 0.050000 0.062500
0 0.137500 0.951172 0.050000 0.062500
0 0.146875 0.958984 0.050000 0.062500
0 0.165625 0.960938 0.050000 0.062500
0 0.150000 0.972656 0.050000 0.054688
0 0.132812 0.973633 0.050000 0.052734
0 0.114062 0.707031 0.050000 0.062500
0 0.885938 0.859375 0.050000 0.062500
0 0.871875 0.964844 0.050000 0.062500
0 0.901563 0.973633 0.050000 0.052734
0 0.914062 0.973633 0.050000 0.052734
0 0.903125 0.941406 0.050000 0.062500
0 0.887500 0.890625 0.050000 0.062500
0 0.943750 0.818359 0.050000 0.062500
0 0.948438 0.835938 0.050000 0.062500
0 0.946875 0.855469 0.050000 0.062500
0 0.928125 0.861328 0.050000 0.062500
0 0.915625 0.873047 0.050000 0.062500
0 0.885938 0.904297 0.050000 0.062500
0 0.887500 0.923828 0.050000 0.062500
0 0.906250 0.958984 0.050000 0.062500
0 0.890625 0.960938 0.050000 0.062500
0 0.881250 0.981445 0.050000 0.037109
0 0.890625 0.978516 0.050000 0.042969
0 0.935937 0.970703 0.050000 0.058594
0 0.898438 0.896484 0.050000 0.062500
0 0.896875 0.914062 0.050000 0.062500
0 0.920312 0.910156 0.050000 0.062500
0 0.932813 0.900391 0.050000 0.062500
0 0.973437 0.058594 0.050000 0.062500
