0 0.484375 0.300781 0.050000 0.062500
0 0.928125 0.478516 0.050000 0.062500
0 0.904687 0.470703 0.050000 0.062500
0 0.867188 0.484375 0.050000 0.062500
0 0.850000 0.478516 0.050000 0.062500
0 0.873437 0.533203 0.050000 0.062500
0 0.895312 0.537109 0.050000 0.062500
0 0.904687 0.515625 0.050000 0.062500
0 0.928125 0.503906 0.050000 0.062500
0 0.914062 0.498047 0.050000 0.062500
0 0.914062 0.539062 0.050000 0.062500
0 0.134375 0.882812 0.050000 0.062500
0 0.151562 0.873047 0.050000 0.062500
0 0.153125 0.900391 0.050000 0.062500
0 0.978906 0.478516 0.042188 0.062500
0 0.098437 0.052734 0.050000 0.062500
0 0.096875 0.074219 0.050000 0.062500
0 0.095312 0.107422 0.050000 0.062500
0 0.109375 0.087891 0.050000 0.062500
0 0.092188 0.134766 0.050000 0.062500
0 0.118750 0.130859 0.050000 0.062500
0 0.145313 0.091797 0.050000 0.062500
0 0.121875 0.064453 0.050000 0.062500
0 0.128125 0.062500 0.050000 0.062500
0 0.145313 0.039062 0.050000 0.062500
0 0.210938 0.027344 0.050000 0.054688
0 0.298438 0.027344 0.050000 0.054688
0 0.364063 0.056641 0.050000 0.062500
0 0.345313 0.130859 0.050000 0.062500
0 0.212500 0.224609 0.050000 0.062500
0 0.221875 0.259766 0.050000 0.062500
0 0.239063 0.298828 0.050000 0.062500
0 0.239063 0.298828 0.050000 0.062500
0 0.220312 0.298828 0.050000 0.062500
0 0.201563 0.339844 0.050000 0.062500
0 0.182812 0.367188 0.050000 0.062500
0 0.140625 0.158203 0.050000 0.062500
0 0.114062 0.179688 0.050000 0.062500
0 0.110937 0.218750 0.050000 0.062500
0 0.148438 0.228516 0.050000 0.062500
0 0.125000 0.251953 0.050000 0.062500
0 0.143750 0.275391 0.050000 0.062500
0 0.125000 0.312500 0.050000 0.062500
0 0.378125 0.236328 0.050000 0.062500
0 0.423438 0.255859 0.050000 0.062500
0 0.376563 0.326172 0.050000 0.062500
0 0.437500 0.398438 0.050000 0.062500
0 0.454688 0.443359 0.050000 0.062500
0 0.484375 0.384766 0.050000 0.062500
0 0.553125 0.359375 0.050000 0.062500
0 0.528125 0.300781 0.050000 0.062500
0 0.587500 0.281250 0.050000 0.062500
0 0.609375 0.328125 0.050000 0.062500
0 0.592187 0.394531 0.050000 0.062500
0 0.684375 0.320312 0.050000 0.062500
0 0.714063 0.296875 0.050000 0.062500
0 0.732812 0.248047 0.050000 0.062500
0 0.656250 0.259766 0.050000 0.062500
0 0.581250 0.156250 0.050000 0.062500
0 0.529687 0.132812 0.050000 0.062500
0 0.514062 0.076172 0.050000 0.062500
0 0.446875 0.064453 0.050000 0.062500
0 0.451562 0.109375 0.050000 0.062500
0 0.400000 0.166016 0.050000 0.062500
0 0.668750 0.087891 0.050000 0.062500
0 0.709375 0.029297 0.050000 0.058594
0 0.710938 0.019531 0.050000 0.039062
0 0.678125 0.018555 0.050000 0.037109
0 0.553125 0.019531 0.050000 0.039062
0 0.603125 0.016602 0.050000 0.033203
0 0.759375 0.119141 0.050000 0.062500
0 0.800000 0.248047 0.050000 0.062500
0 0.820312 0.257812 0.050000 0.062500
0 0.903125 0.126953 0.050000 0.062500
0 0.973437 0.058594 0.050000 0.062500
0 0.973437 0.093750 0.050000 0.062500
0 0.968750 0.214844 0.050000 0.062500
0 0.926562 0.136719 0.050000 0.062500
0 0.896875 0.185547 0.050000 0.062500
0 0.878125 0.220703 0.050000 0.062500
0 0.983594 0.208984 0.032813 0.062500
0 0.984375 0.169922 0.031250 0.062500
0 0.903125 0.353516 0.050000 0.062500
0 0.918750 0.412109 0.050000 0.062500
0 0.900000 0.414062 0.050000 0.062500
0 0.875000 0.429688 0.050000 0.062500
0 0.909375 0.435547 0.050000 0.062500
0 0.978125 0.494141 0.043750 0.062500
0 0.034375 0.330078 0.050000 0.062500
0 0.028125 0.242188 0.050000 0.062500
0 0.028125 0.218750 0.050000 0.062500
0 0.240625 0.443359 0.050000 0.062500
0 0.279687 0.460938 0.050000 0.062500
0 0.334375 0.460938 0.050000 0.062500
0 0.310937 0.480469 0.050000 0.062500
0 0.293750 0.494141 0.050000 0.062500
0 0.282813 0.492188 0.050000 0.062500
0 0.325000 0.501953 0.050000 0.062500
0 0.331250 0.523438 0.050000 0.062500
0 0.307812 0.503906 0.050000 0.062500
0 0.317188 0.523438 0.050000 0.062500
0 0.281250 0.527344 0.050000 0.062500
0 0.298438 0.539062 0.050000 0.062500
0 0.250000 0.517578 0.050000 0.062500
0 0.229687 0.511719 0.050000 0.062500
0 0.232813 0.539062 0.050000 0.062500
0 0.217188 0.535156 0.050000 0.062500
0 0.196875 0.523438 0.050000 0.062500
0 0.195312 0.525391 0.050000 0.062500
0 0.196875 0.542969 0.050000 0.062500
0 0.212500 0.548828 0.050000 0.062500
0 0.167187 0.535156 0.050000 0.062500
0 0.162500 0.517578 0.050000 0.062500
0 0.181250 0.539062 0.050000 0.062500
0 0.123438 0.544922 0.050000 0.062500
0 0.120313 0.589844 0.050000 0.062500
0 0.142187 0.585938 0.050000 0.062500
0 0.140625 0.566406 0.050000 0.062500
0 0.142187 0.552734 0.050000 0.062500
0 0.346875 0.507812 0.050000 0.062500
0 0.362500 0.509766 0.050000 0.062500
0 0.382812 0.503906 0.050000 0.062500
0 0.404687 0.501953 0.050000 0.062500
0 0.423438 0.507812 0.050000 0.062500
0 0.345313 0.525391 0.050000 0.062500
0 0.359375 0.523438 0.050000 0.062500
0 0.315625 0.541016 0.050000 0.062500
0 0.370312 0.539062 0.050000 0.062500
0 0.370312 0.539062 0.050000 0.062500
0 0.354687 0.539062 0.050000 0.062500
0 0.381250 0.519531 0.050000 0.062500
0 0.389062 0.535156 0.050000 0.062500
0 0.404687 0.521484 0.050000 0.062500
0 0.406250 0.541016 0.050000 0.062500
0 0.418750 0.525391 0.050000 0.062500
0 0.334375 0.539062 0.050000 0.062500
0 0.434375 0.533203 0.050000 0.062500
0 0.439063 0.505859 0.050000 0.062500
0 0.445312 0.535156 0.050000 0.062500
0 0.467187 0.529297 0.050000 0.062500
0 0.476562 0.537109 0.050000 0.062500
0 0.481250 0.503906 0.050000 0.062500
0 0.445312 0.492188 0.050000 0.062500
0 0.514062 0.533203 0.050000 0.062500
0 0.531250 0.533203 0.050000 0.062500
0 0.525000 0.509766 0.050000 0.062500
0 0.525000 0.492188 0.050000 0.062500
0 0.542188 0.498047 0.050000 0.062500
0 0.543750 0.515625 0.050000 0.062500
0 0.556250 0.517578 0.050000 0.062500
0 0.565625 0.505859 0.050000 0.062500
0 0.565625 0.523438 0.050000 0.062500
0 0.582812 0.521484 0.050000 0.062500
0 0.568750 0.537109 0.050000 0.062500
0 0.581250 0.539062 0.050000 0.062500
0 0.596875 0.535156 0.050000 0.062500
0 0.590625 0.494141 0.050000 0.062500
0 0.603125 0.490234 0.050000 0.062500
0 0.604688 0.505859 0.050000 0.062500
0 0.590625 0.509766 0.050000 0.062500
0 0.618750 0.486328 0.050000 0.062500
0 0.635938 0.490234 0.050000 0.062500
0 0.651563 0.496094 0.050000 0.062500
0 0.665625 0.500000 0.050000 0.062500
0 0.623437 0.503906 0.050000 0.062500
0 0.657813 0.515625 0.050000 0.062500
0 0.645312 0.509766 0.050000 0.062500
0 0.615625 0.527344 0.050000 0.062500
0 0.635938 0.527344 0.050000 0.062500
0 0.656250 0.533203 0.050000 0.062500
0 0.692187 0.503906 0.050000 0.062500
0 0.673438 0.513672 0.050000 0.062500
0 0.684375 0.519531 0.050000 0.062500
0 0.700000 0.533203 0.050000 0.062500
0 0.706250 0.484375 0.050000 0.062500
0 0.704688 0.501953 0.050000 0.062500
0 0.718750 0.492188 0.050000 0.062500
0 0.729688 0.480469 0.050000 0.062500
0 0.723437 0.503906 0.050000 0.062500
0 0.734375 0.513672 0.050000 0.062500
0 0.743750 0.525391 0.050000 0.062500
0 0.759375 0.539062 0.050000 0.062500
0 0.753125 0.494141 0.050000 0.062500
0 0.770312 0.509766 0.050000 0.062500
0 0.756250 0.519531 0.050000 0.062500
0 0.775000 0.537109 0.050000 0.062500
0 0.789062 0.533203 0.050000 0.062500
0 0.776563 0.482422 0.050000 0.062500
0 0.800000 0.548828 0.050000 0.062500
0 0.817187 0.542969 0.050000 0.062500
0 0.834375 0.542969 0.050000 0.062500
0 0.817187 0.519531 0.050000 0.062500
0 0.846875 0.519531 0.050000 0.062500
0 0.829688 0.521484 0.050000 0.062500
0 0.975781 0.591797 0.048438 0.062500
0 0.979688 0.765625 0.040625 0.062500
0 0.892188 0.556641 0.050000 0.062500
0 0.907813 0.560547 0.050000 0.062500
0 0.898438 0.574219 0.050000 0.062500
0 0.920312 0.583984 0.050000 0.062500
0 0.895312 0.589844 0.050000 0.062500
0 0.903125 0.601562 0.050000 0.062500
0 0.887500 0.615234 0.050000 0.062500
0 0.895312 0.632812 0.050000 0.062500
0 0.909375 0.617188 0.050000 0.062500
0 0.920312 0.640625 0.050000 0.062500
0 0.906250 0.658203 0.050000 0.062500
0 0.892188 0.667969 0.050000 0.062500
0 0.896875 0.644531 0.050000 0.062500
0 0.864062 0.677734 0.050000 0.062500
0 0.914062 0.707031 0.050000 0.062500
0 0.842187 0.710938 0.050000 0.062500
0 0.828125 0.839844 0.050000 0.062500
0 0.781250 0.888672 0.050000 0.062500
0 0.700000 0.843750 0.050000 0.062500
0 0.764062 0.667969 0.050000 0.062500
0 0.712500 0.763672 0.050000 0.062500
0 0.718750 0.609375 0.050000 0.062500
0 0.592187 0.589844 0.050000 0.062500
0 0.610938 0.806641 0.050000 0.062500
0 0.890625 0.835938 0.050000 0.062500
0 0.934375 0.839844 0.050000 0.062500
0 0.937500 0.781250 0.050000 0.062500
0 0.923438 0.759766 0.050000 0.062500
0 0.921875 0.732422 0.050000 0.062500
0 0.907813 0.730469 0.050000 0.062500
0 0.901563 0.701172 0.050000 0.062500
0 0.907813 0.683594 0.050000 0.062500
0 0.893750 0.685547 0.050000 0.062500
0 0.950000 0.804688 0.050000 0.062500
0 0.951562 0.818359 0.050000 0.062500
0 0.953125 0.830078 0.050000 0.062500
0 0.918750 0.851562 0.050000 0.062500
0 0.920312 0.882812 0.050000 0.062500
0 0.935937 0.875000 0.050000 0.062500
0 0.906250 0.828125 0.050000 0.062500
0 0.890625 0.906250 0.050000 0.062500
0 0.901563 0.888672 0.050000 0.062500
0 0.896875 0.853516 0.050000 0.062500
0 0.892188 0.869141 0.050000 0.062500
0 0.889062 0.882812 0.050000 0.062500
0 0.904687 0.912109 0.050000 0.062500
0 0.893750 0.935547 0.050000 0.062500
0 0.907813 0.935547 0.050000 0.062500
0 0.884375 0.951172 0.050000 0.062500
0 0.903125 0.955078 0.050000 0.062500
0 0.915625 0.953125 0.050000 0.062500
0 0.932813 0.941406 0.050000 0.062500
0 0.937500 0.951172 0.050000 0.062500
0 0.903125 0.969727 0.050000 0.060547
0 0.918750 0.970703 0.050000 0.058594
0 0.889062 0.970703 0.050000 0.058594
0 0.928125 0.980469 0.050000 0.039062
0 0.909375 0.982422 0.050000 0.035156
0 0.875000 0.935547 0.050000 0.062500
0 0.129688 0.574219 0.050000 0.062500
0 0.145313 0.603516 0.050000 0.062500
0 0.146875 0.625000 0.050000 0.062500
0 0.154688 0.652344 0.050000 0.062500
0 0.145313 0.667969 0.050000 0.062500
0 0.134375 0.626953 0.050000 0.062500
0 0.120313 0.632812 0.050000 0.062500
0 0.132812 0.644531 0.050000 0.062500
0 0.128125 0.681641 0.050000 0.062500
0 0.135937 0.705078 0.050000 0.062500
0 0.142187 0.730469 0.050000 0.062500
0 0.123438 0.707031 0.050000 0.062500
0 0.126562 0.734375 0.050000 0.062500
0 0.125000 0.751953 0.050000 0.062500
0 0.134375 0.769531 0.050000 0.062500
0 0.114062 0.779297 0.050000 0.062500
0 0.129688 0.849609 0.050000 0.062500
0 0.137500 0.914062 0.050000 0.062500
0 0.140625 0.929688 0.050000 0.062500
0 0.150000 0.935547 0.050000 0.062500
0 0.165625 0.937500 0.050000 0.062500
0 0.159375 0.960938 0.050000 0.062500
0 0.145313 0.958984 0.050000 0.062500
0 0.134375 0.955078 0.050000 0.062500
0 0.123438 0.969727 0.050000 0.060547
0 0.137500 0.973633 0.050000 0.052734
0 0.153125 0.976562 0.050000 0.046875
0 0.173437 0.977539 0.050000 0.044922
0 0.121875 0.982422 0.050000 0.035156
0 0.143750 0.983398 0.050000 0.033203
