0 0.690625 0.394531 0.050000 0.062500
0 0.690625 0.443359 0.050000 0.062500
0 0.571875 0.429688 0.050000 0.062500
0 0.618750 0.621094 0.050000 0.062500
0 0.389062 0.699219 0.050000 0.062500
0 0.531250 0.750000 0.050000 0.062500
0 0.856250 0.710938 0.050000 0.062500
0 0.942187 0.751953 0.050000 0.062500
0 0.390625 0.396484 0.050000 0.062500
0 0.373437 0.378906 0.050000 0.062500
0 0.478125 0.447266 0.050000 0.062500
0 0.632812 0.300781 0.050000 0.062500
0 0.618750 0.302734 0.050000 0.062500
0 0.185938 0.345703 0.050000 0.062500
0 0.256250 0.263672 0.050000 0.062500
0 0.314063 0.492188 0.050000 0.062500
0 0.484375 0.292969 0.050000 0.062500
0 0.560937 0.289062 0.050000 0.062500
0 0.704688 0.330078 0.050000 0.062500
0 0.717187 0.330078 0.050000 0.062500
0 0.732812 0.332031 0.050000 0.062500
0 0.192188 0.246094 0.050000 0.062500
0 0.168750 0.244141 0.050000 0.062500
0 0.118750 0.285156 0.050000 0.062500
0 0.176563 0.267578 0.050000 0.062500
0 0.131250 0.244141 0.050000 0.062500
0 0.121875 0.257812 0.050000 0.062500
0 0.193750 0.285156 0.050000 0.062500
0 0.148438 0.357422 0.050000 0.062500
0 0.379688 0.296875 0.050000 0.062500
0 0.309375 0.269531 0.050000 0.062500
0 0.276562 0.269531 0.050000 0.062500
