0 0.084375 0.320312 0.050000 0.062500
0 0.112500 0.333984 0.050000 0.062500
0 0.187500 0.267578 0.050000 0.062500
0 0.159375 0.279297 0.050000 0.062500
0 0.440625 0.367188 0.050000 0.062500
0 0.426563 0.378906 0.050000 0.062500
0 0.487500 0.271484 0.050000 0.062500
0 0.482812 0.312500 0.050000 0.062500
0 0.531250 0.291016 0.050000 0.062500
0 0.543750 0.285156 0.050000 0.062500
0 0.553125 0.261719 0.050000 0.062500
0 0.529687 0.267578 0.050000 0.062500
0 0.556250 0.300781 0.050000 0.062500
0 0.607812 0.283203 0.050000 0.062500
0 0.620313 0.269531 0.050000 0.062500
0 0.640625 0.271484 0.050000 0.062500
0 0.635938 0.251953 0.050000 0.062500
0 0.671875 0.269531 0.050000 0.062500
0 0.739062 0.371094 0.050000 0.062500
0 0.759375 0.384766 0.050000 0.062500
0 0.781250 0.517578 0.050000 0.062500
0 0.851562 0.435547 0.050000 0.062500
0 0.746875 0.259766 0.050000 0.062500
0 0.742188 0.285156 0.050000 0.062500
0 0.940625 0.400391 0.050000 0.062500
0 0.982812 0.283203 0.034375 0.062500
0 0.926562 0.695312 0.050000 0.062500
0 0.471875 0.556641 0.050000 0.062500
0 0.231250 0.707031 0.050000 0.062500
0 0.983594 0.460938 0.032813 0.062500
0 0.926562 0.740234 0.050000 0.062500
