0 0.060937 0.333984 0.050000 0.062500
0 0.087500 0.339844 0.050000 0.062500
0 0.154688 0.250000 0.050000 0.062500
0 0.128125 0.251953 0.050000 0.062500
0 0.164062 0.275391 0.050000 0.062500
0 0.143750 0.273438 0.050000 0.062500
0 0.139063 0.250000 0.050000 0.062500
0 0.400000 0.369141 0.050000 0.062500
0 0.385937 0.392578 0.050000 0.062500
0 0.457813 0.320312 0.050000 0.062500
0 0.509375 0.281250 0.050000 0.062500
0 0.532813 0.273438 0.050000 0.062500
0 0.520312 0.298828 0.050000 0.062500
0 0.539062 0.312500 0.050000 0.062500
0 0.465625 0.285156 0.050000 0.062500
0 0.592187 0.287109 0.050000 0.062500
0 0.601562 0.277344 0.050000 0.062500
0 0.612500 0.263672 0.050000 0.062500
0 0.618750 0.283203 0.050000 0.062500
0 0.650000 0.283203 0.050000 0.062500
0 0.718750 0.376953 0.050000 0.062500
0 0.737500 0.400391 0.050000 0.062500
0 0.720313 0.300781 0.050000 0.062500
0 0.725000 0.273438 0.050000 0.062500
0 0.831250 0.449219 0.050000 0.062500
0 0.920312 0.402344 0.050000 0.062500
0 0.959375 0.460938 0.050000 0.062500
0 0.787500 0.539062 0.050000 0.062500
0 0.943750 0.703125 0.050000 0.062500
0 0.959375 0.712891 0.050000 0.062500
0 0.980469 0.605469 0.039062 0.062500
0 0.904687 0.746094 0.050000 0.062500
0 0.829688 0.289062 0.050000 0.062500
0 0.909375 0.261719 0.050000 0.062500
0 0.906250 0.287109 0.050000 0.062500
0 0.476562 0.580078 0.050000 0.062500
