0 0.467187 0.365234 0.050000 0.062500
0 0.459375 0.378906 0.050000 0.062500
0 0.239063 0.513672 0.050000 0.062500
0 0.259375 0.359375 0.050000 0.062500
0 0.234375 0.341797 0.050000 0.062500
0 0.306250 0.298828 0.050000 0.062500
0 0.332813 0.283203 0.050000 0.062500
0 0.298438 0.259766 0.050000 0.062500
0 0.310937 0.253906 0.050000 0.062500
0 0.629687 0.318359 0.050000 0.062500
0 0.678125 0.265625 0.050000 0.062500
0 0.703125 0.271484 0.050000 0.062500
0 0.687500 0.292969 0.050000 0.062500
0 0.771875 0.259766 0.050000 0.062500
0 0.762500 0.283203 0.050000 0.062500
0 0.793750 0.273438 0.050000 0.062500
0 0.787500 0.248047 0.050000 0.062500
0 0.825000 0.273438 0.050000 0.062500
0 0.895312 0.365234 0.050000 0.062500
0 0.914062 0.386719 0.050000 0.062500
0 0.757812 0.636719 0.050000 0.062500
0 0.901563 0.255859 0.050000 0.062500
0 0.896875 0.285156 0.050000 0.062500
0 0.578125 0.748047 0.050000 0.062500
0 0.562500 0.740234 0.050000 0.062500
