0 0.190625 0.312500 0.050000 0.062500
0 0.234375 0.255859 0.050000 0.062500
0 0.246875 0.265625 0.050000 0.062500
0 0.251563 0.285156 0.050000 0.062500
0 0.350000 0.253906 0.050000 0.062500
0 0.328125 0.257812 0.050000 0.062500
0 0.342187 0.310547 0.050000 0.062500
0 0.362500 0.257812 0.050000 0.062500
0 0.396875 0.375000 0.050000 0.062500
0 0.453125 0.347656 0.050000 0.062500
0 0.468750 0.369141 0.050000 0.062500
0 0.582812 0.376953 0.050000 0.062500
0 0.557813 0.253906 0.050000 0.062500
0 0.559375 0.265625 0.050000 0.062500
0 0.651563 0.367188 0.050000 0.062500
0 0.689063 0.275391 0.050000 0.062500
0 0.689063 0.214844 0.050000 0.062500
0 0.751563 0.357422 0.050000 0.062500
0 0.809375 0.373047 0.050000 0.062500
0 0.732812 0.550781 0.050000 0.062500
0 0.648438 0.707031 0.050000 0.062500
0 0.476562 0.585938 0.050000 0.062500
0 0.371875 0.695312 0.050000 0.062500
0 0.114062 0.712891 0.050000 0.062500
0 0.017188 0.257812 0.034375 0.062500
0 0.054688 0.244141 0.050000 0.062500
