0 0.195312 0.164062 0.050000 0.062500
0 0.289062 0.142578 0.050000 0.062500
0 0.390625 0.193359 0.050000 0.062500
0 0.403125 0.251953 0.050000 0.062500
0 0.342187 0.275391 0.050000 0.062500
0 0.326562 0.240234 0.050000 0.062500
0 0.304688 0.283203 0.050000 0.062500
0 0.259375 0.259766 0.050000 0.062500
0 0.225000 0.244141 0.050000 0.062500
0 0.234375 0.330078 0.050000 0.062500
0 0.410938 0.380859 0.050000 0.062500
0 0.389062 0.480469 0.050000 0.062500
0 0.192188 0.062500 0.050000 0.062500
0 0.204687 0.056641 0.050000 0.062500
0 0.195312 0.042969 0.050000 0.062500
0 0.182812 0.041016 0.050000 0.062500
0 0.168750 0.041016 0.050000 0.062500
0 0.212500 0.042969 0.050000 0.062500
0 0.225000 0.052734 0.050000 0.062500
0 0.240625 0.046875 0.050000 0.062500
0 0.237500 0.058594 0.050000 0.062500
0 0.248438 0.033203 0.050000 0.062500
0 0.262500 0.031250 0.050000 0.062500
0 0.254688 0.050781 0.050000 0.062500
0 0.267188 0.056641 0.050000 0.062500
0 0.278125 0.054688 0.050000 0.062500
0 0.282813 0.037109 0.050000 0.062500
0 0.295312 0.031250 0.050000 0.062500
0 0.293750 0.048828 0.050000 0.062500
0 0.312500 0.030273 0.050000 0.060547
0 0.310937 0.041016 0.050000 0.062500
0 0.321875 0.030273 0.050000 0.060547
0 0.321875 0.048828 0.050000 0.062500
0 0.315625 0.062500 0.050000 0.062500
0 0.335938 0.052734 0.050000 0.062500
0 0.346875 0.035156 0.050000 0.062500
0 0.357812 0.027344 0.050000 0.054688
0 0.360938 0.041016 0.050000 0.062500
0 0.348438 0.052734 0.050000 0.062500
0 0.373437 0.029297 0.050000 0.058594
0 0.371875 0.048828 0.050000 0.062500
0 0.387500 0.041016 0.050000 0.062500
0 0.403125 0.029297 0.050000 0.058594
0 0.398438 0.050781 0.050000 0.062500
0 0.417187 0.046875 0.050000 0.062500
0 0.439063 0.041016 0.050000 0.062500
0 0.434375 0.030273 0.050000 0.060547
0 0.450000 0.037109 0.050000 0.062500
0 0.464062 0.042969 0.050000 0.062500
0 0.475000 0.041016 0.050000 0.062500
0 0.487500 0.039062 0.050000 0.062500
0 0.496875 0.041016 0.050000 0.062500
0 0.518750 0.027344 0.050000 0.054688
0 0.525000 0.041016 0.050000 0.062500
0 0.539062 0.052734 0.050000 0.062500
0 0.559375 0.052734 0.050000 0.062500
0 0.564063 0.046875 0.050000 0.062500
0 0.548438 0.025391 0.050000 0.050781
0 0.585938 0.052734 0.050000 0.062500
0 0.595313 0.039062 0.050000 0.062500
0 0.610938 0.044922 0.050000 0.062500
0 0.625000 0.037109 0.050000 0.062500
0 0.642188 0.031250 0.050000 0.062500
0 0.639062 0.046875 0.050000 0.062500
0 0.648438 0.048828 0.050000 0.062500
0 0.662500 0.042969 0.050000 0.062500
0 0.675000 0.030273 0.050000 0.060547
0 0.684375 0.042969 0.050000 0.062500
0 0.698438 0.044922 0.050000 0.062500
0 0.709375 0.046875 0.050000 0.062500
0 0.717187 0.041016 0.050000 0.062500
0 0.729688 0.046875 0.050000 0.062500
0 0.750000 0.048828 0.050000 0.062500
0 0.768750 0.052734 0.050000 0.062500
0 0.785937 0.048828 0.050000 0.062500
0 0.803125 0.041016 0.050000 0.062500
0 0.795312 0.056641 0.050000 0.062500
0 0.801562 0.076172 0.050000 0.062500
0 0.792188 0.085938 0.050000 0.062500
0 0.817187 0.078125 0.050000 0.062500
0 0.818750 0.095703 0.050000 0.062500
0 0.823438 0.109375 0.050000 0.062500
0 0.803125 0.105469 0.050000 0.062500
0 0.789062 0.117188 0.050000 0.062500
0 0.800000 0.125000 0.050000 0.062500
0 0.807813 0.148438 0.050000 0.062500
0 0.798438 0.164062 0.050000 0.062500
0 0.821875 0.148438 0.050000 0.062500
0 0.818750 0.169922 0.050000 0.062500
0 0.817187 0.185547 0.050000 0.062500
0 0.807813 0.201172 0.050000 0.062500
0 0.809375 0.222656 0.050000 0.062500
0 0.832812 0.216797 0.050000 0.062500
0 0.823438 0.242188 0.050000 0.062500
0 0.837500 0.255859 0.050000 0.062500
0 0.817187 0.273438 0.050000 0.062500
0 0.829688 0.277344 0.050000 0.062500
0 0.840625 0.285156 0.050000 0.062500
0 0.842187 0.308594 0.050000 0.062500
0 0.823438 0.316406 0.050000 0.062500
0 0.817187 0.333984 0.050000 0.062500
0 0.801562 0.324219 0.050000 0.062500
0 0.814063 0.349609 0.050000 0.062500
0 0.818750 0.357422 0.050000 0.062500
0 0.834375 0.349609 0.050000 0.062500
0 0.828125 0.375000 0.050000 0.062500
0 0.845313 0.375000 0.050000 0.062500
0 0.821875 0.412109 0.050000 0.062500
0 0.806250 0.425781 0.050000 0.062500
0 0.840625 0.416016 0.050000 0.062500
0 0.828125 0.437500 0.050000 0.062500
0 0.814063 0.447266 0.050000 0.062500
0 0.807813 0.462891 0.050000 0.062500
0 0.826562 0.470703 0.050000 0.062500
0 0.826562 0.490234 0.050000 0.062500
0 0.798438 0.476562 0.050000 0.062500
0 0.800000 0.498047 0.050000 0.062500
0 0.815625 0.505859 0.050000 0.062500
0 0.812500 0.484375 0.050000 0.062500
0 0.842187 0.492188 0.050000 0.062500
0 0.837500 0.515625 0.050000 0.062500
0 0.820312 0.525391 0.050000 0.062500
0 0.806250 0.550781 0.050000 0.062500
0 0.800000 0.537109 0.050000 0.062500
0 0.801562 0.513672 0.050000 0.062500
0 0.787500 0.523438 0.050000 0.062500
0 0.778125 0.505859 0.050000 0.062500
0 0.762500 0.509766 0.050000 0.062500
0 0.731250 0.521484 0.050000 0.062500
0 0.746875 0.513672 0.050000 0.062500
0 0.742188 0.541016 0.050000 0.062500
0 0.765625 0.535156 0.050000 0.062500
0 0.796875 0.576172 0.050000 0.062500
0 0.859375 0.609375 0.050000 0.062500
0 0.845313 0.673828 0.050000 0.062500
0 0.887500 0.701172 0.050000 0.062500
0 0.917188 0.712891 0.050000 0.062500
0 0.828125 0.748047 0.050000 0.062500
0 0.832812 0.783203 0.050000 0.062500
0 0.850000 0.783203 0.050000 0.062500
0 0.773438 0.681641 0.050000 0.062500
0 0.746875 0.689453 0.050000 0.062500
0 0.717187 0.652344 0.050000 0.062500
0 0.635938 0.695312 0.050000 0.062500
0 0.562500 0.589844 0.050000 0.062500
0 0.614062 0.582031 0.050000 0.062500
0 0.534375 0.648438 0.050000 0.062500
0 0.584375 0.644531 0.050000 0.062500
0 0.518750 0.740234 0.050000 0.062500
0 0.553125 0.769531 0.050000 0.062500
0 0.650000 0.767578 0.050000 0.062500
0 0.640625 0.806641 0.050000 0.062500
0 0.590625 0.822266 0.050000 0.062500
0 0.567187 0.845703 0.050000 0.062500
0 0.603125 0.888672 0.050000 0.062500
0 0.587500 0.962891 0.050000 0.062500
0 0.860938 0.898438 0.050000 0.062500
0 0.743750 0.800781 0.050000 0.062500
0 0.787500 0.880859 0.050000 0.062500
0 0.800000 0.867188 0.050000 0.062500
0 0.826562 0.876953 0.050000 0.062500
0 0.831250 0.917969 0.050000 0.062500
0 0.821875 0.935547 0.050000 0.062500
0 0.846875 0.929688 0.050000 0.062500
0 0.834375 0.945312 0.050000 0.062500
0 0.856250 0.969727 0.050000 0.060547
0 0.842187 0.970703 0.050000 0.058594
0 0.812500 0.978516 0.050000 0.042969
0 0.531250 0.962891 0.050000 0.062500
0 0.509375 0.882812 0.050000 0.062500
0 0.467187 0.884766 0.050000 0.062500
0 0.418750 0.847656 0.050000 0.062500
0 0.417187 0.736328 0.050000 0.062500
0 0.410938 0.687500 0.050000 0.062500
0 0.431250 0.642578 0.050000 0.062500
0 0.475000 0.638672 0.050000 0.062500
0 0.370312 0.699219 0.050000 0.062500
0 0.295312 0.669922 0.050000 0.062500
0 0.221875 0.689453 0.050000 0.062500
0 0.287500 0.822266 0.050000 0.062500
0 0.221875 0.783203 0.050000 0.062500
0 0.201563 0.767578 0.050000 0.062500
0 0.206250 0.802734 0.050000 0.062500
0 0.278125 0.718750 0.050000 0.062500
0 0.379688 0.888672 0.050000 0.062500
0 0.445312 0.953125 0.050000 0.062500
0 0.379688 0.937500 0.050000 0.062500
0 0.296875 0.975586 0.050000 0.048828
0 0.629687 0.576172 0.050000 0.062500
0 0.645312 0.570312 0.050000 0.062500
0 0.715625 0.519531 0.050000 0.062500
0 0.706250 0.519531 0.050000 0.062500
0 0.704688 0.535156 0.050000 0.062500
0 0.695312 0.527344 0.050000 0.062500
0 0.687500 0.541016 0.050000 0.062500
0 0.679688 0.515625 0.050000 0.062500
0 0.687500 0.517578 0.050000 0.062500
0 0.673438 0.527344 0.050000 0.062500
0 0.660937 0.535156 0.050000 0.062500
0 0.664062 0.509766 0.050000 0.062500
0 0.651563 0.521484 0.050000 0.062500
0 0.631250 0.521484 0.050000 0.062500
0 0.609375 0.521484 0.050000 0.062500
0 0.596875 0.527344 0.050000 0.062500
0 0.592187 0.517578 0.050000 0.062500
0 0.603125 0.552734 0.050000 0.062500
0 0.601562 0.537109 0.050000 0.062500
0 0.578125 0.509766 0.050000 0.062500
0 0.579688 0.527344 0.050000 0.062500
0 0.551562 0.521484 0.050000 0.062500
0 0.565625 0.529297 0.050000 0.062500
0 0.560937 0.517578 0.050000 0.062500
0 0.556250 0.527344 0.050000 0.062500
0 0.520312 0.519531 0.050000 0.062500
0 0.504687 0.517578 0.050000 0.062500
0 0.504687 0.535156 0.050000 0.062500
0 0.487500 0.521484 0.050000 0.062500
0 0.462500 0.531250 0.050000 0.062500
0 0.435937 0.523438 0.050000 0.062500
0 0.415625 0.517578 0.050000 0.062500
0 0.426563 0.531250 0.050000 0.062500
0 0.415625 0.542969 0.050000 0.062500
0 0.420312 0.562500 0.050000 0.062500
0 0.403125 0.548828 0.050000 0.062500
0 0.396875 0.525391 0.050000 0.062500
0 0.382812 0.539062 0.050000 0.062500
0 0.375000 0.525391 0.050000 0.062500
0 0.359375 0.527344 0.050000 0.062500
0 0.353125 0.541016 0.050000 0.062500
0 0.345313 0.552734 0.050000 0.062500
0 0.364063 0.558594 0.050000 0.062500
0 0.367188 0.542969 0.050000 0.062500
0 0.375000 0.560547 0.050000 0.062500
0 0.365625 0.578125 0.050000 0.062500
0 0.346875 0.572266 0.050000 0.062500
0 0.520312 0.535156 0.050000 0.062500
0 0.537500 0.544922 0.050000 0.062500
0 0.318750 0.585938 0.050000 0.062500
0 0.303125 0.599609 0.050000 0.062500
0 0.239063 0.611328 0.050000 0.062500
0 0.264062 0.562500 0.050000 0.062500
0 0.271875 0.587891 0.050000 0.062500
0 0.320312 0.523438 0.050000 0.062500
0 0.317188 0.542969 0.050000 0.062500
0 0.296875 0.529297 0.050000 0.062500
0 0.281250 0.535156 0.050000 0.062500
0 0.270313 0.519531 0.050000 0.062500
0 0.345313 0.521484 0.050000 0.062500
0 0.334375 0.537109 0.050000 0.062500
0 0.328125 0.550781 0.050000 0.062500
0 0.317188 0.562500 0.050000 0.062500
0 0.298438 0.560547 0.050000 0.062500
0 0.303125 0.544922 0.050000 0.062500
0 0.309375 0.535156 0.050000 0.062500
0 0.250000 0.533203 0.050000 0.062500
0 0.237500 0.521484 0.050000 0.062500
0 0.251563 0.507812 0.050000 0.062500
0 0.259375 0.517578 0.050000 0.062500
0 0.240625 0.550781 0.050000 0.062500
0 0.265625 0.546875 0.050000 0.062500
0 0.284375 0.521484 0.050000 0.062500
0 0.225000 0.507812 0.050000 0.062500
0 0.210938 0.544922 0.050000 0.062500
0 0.215625 0.529297 0.050000 0.062500
0 0.200000 0.515625 0.050000 0.062500
0 0.193750 0.533203 0.050000 0.062500
0 0.164062 0.056641 0.050000 0.062500
0 0.153125 0.060547 0.050000 0.062500
0 0.140625 0.064453 0.050000 0.062500
0 0.128125 0.076172 0.050000 0.062500
0 0.123438 0.091797 0.050000 0.062500
0 0.104688 0.136719 0.050000 0.062500
0 0.128125 0.125000 0.050000 0.062500
0 0.140625 0.134766 0.050000 0.062500
0 0.151562 0.123047 0.050000 0.062500
0 0.151562 0.083984 0.050000 0.062500
0 0.139063 0.154297 0.050000 0.062500
0 0.156250 0.144531 0.050000 0.062500
0 0.179688 0.521484 0.050000 0.062500
0 0.165625 0.521484 0.050000 0.062500
0 0.168750 0.541016 0.050000 0.062500
0 0.181250 0.537109 0.050000 0.062500
0 0.151562 0.541016 0.050000 0.062500
0 0.150000 0.519531 0.050000 0.062500
0 0.135937 0.525391 0.050000 0.062500
0 0.148438 0.500000 0.050000 0.062500
0 0.135937 0.488281 0.050000 0.062500
0 0.146875 0.472656 0.050000 0.062500
0 0.156250 0.464844 0.050000 0.062500
0 0.156250 0.447266 0.050000 0.062500
0 0.143750 0.457031 0.050000 0.062500
0 0.134375 0.417969 0.050000 0.062500
0 0.126562 0.445312 0.050000 0.062500
0 0.118750 0.468750 0.050000 0.062500
0 0.150000 0.429688 0.050000 0.062500
0 0.151562 0.417969 0.050000 0.062500
0 0.154688 0.402344 0.050000 0.062500
0 0.140625 0.402344 0.050000 0.062500
0 0.112500 0.427734 0.050000 0.062500
0 0.157812 0.580078 0.050000 0.062500
0 0.145313 0.605469 0.050000 0.062500
0 0.135937 0.628906 0.050000 0.062500
0 0.039062 0.259766 0.050000 0.062500
0 0.040625 0.242188 0.050000 0.062500
0 0.117188 0.384766 0.050000 0.062500
0 0.121875 0.361328 0.050000 0.062500
0 0.139063 0.375000 0.050000 0.062500
0 0.125000 0.341797 0.050000 0.062500
0 0.151562 0.164062 0.050000 0.062500
0 0.131250 0.253906 0.050000 0.062500
0 0.117188 0.248047 0.050000 0.062500
0 0.106250 0.255859 0.050000 0.062500
0 0.101562 0.273438 0.050000 0.062500
0 0.110937 0.285156 0.050000 0.062500
0 0.114062 0.302734 0.050000 0.062500
0 0.112500 0.322266 0.050000 0.062500
0 0.128125 0.322266 0.050000 0.062500
0 0.137500 0.291016 0.050000 0.062500
0 0.150000 0.298828 0.050000 0.062500
0 0.139063 0.310547 0.050000 0.062500
0 0.143750 0.330078 0.050000 0.062500
0 0.153125 0.250000 0.050000 0.062500
0 0.154688 0.226562 0.050000 0.062500
0 0.153125 0.197266 0.050000 0.062500
0 0.142187 0.208984 0.050000 0.062500
0 0.142187 0.242188 0.050000 0.062500
0 0.125000 0.486328 0.050000 0.062500
