0 0.854688 0.966797 0.050000 0.062500
0 0.839063 0.969727 0.050000 0.060547
0 0.821875 0.976562 0.050000 0.046875
0 0.809375 0.978516 0.050000 0.042969
0 0.320312 0.523438 0.050000 0.062500
0 0.225000 0.148438 0.050000 0.062500
0 0.337500 0.140625 0.050000 0.062500
0 0.242188 0.238281 0.050000 0.062500
0 0.292187 0.255859 0.050000 0.062500
0 0.292187 0.324219 0.050000 0.062500
0 0.332813 0.285156 0.050000 0.062500
0 0.387500 0.261719 0.050000 0.062500
0 0.362500 0.343750 0.050000 0.062500
0 0.429688 0.298828 0.050000 0.062500
0 0.453125 0.205078 0.050000 0.062500
0 0.453125 0.371094 0.050000 0.062500
0 0.417187 0.476562 0.050000 0.062500
0 0.918750 0.712891 0.050000 0.062500
0 0.039062 0.257812 0.050000 0.062500
0 0.037500 0.242188 0.050000 0.062500
0 0.064062 0.265625 0.050000 0.062500
0 0.073438 0.197266 0.050000 0.062500
0 0.050000 0.062500 0.050000 0.062500
0 0.107813 0.056641 0.050000 0.062500
0 0.156250 0.582031 0.050000 0.062500
0 0.142187 0.603516 0.050000 0.062500
0 0.134375 0.628906 0.050000 0.062500
0 0.220312 0.691406 0.050000 0.062500
0 0.295312 0.669922 0.050000 0.062500
0 0.235937 0.609375 0.050000 0.062500
0 0.295312 0.595703 0.050000 0.062500
0 0.265625 0.585938 0.050000 0.062500
0 0.429688 0.642578 0.050000 0.062500
0 0.475000 0.644531 0.050000 0.062500
0 0.537500 0.648438 0.050000 0.062500
0 0.581250 0.646484 0.050000 0.062500
0 0.573438 0.591797 0.050000 0.062500
0 0.704688 0.662109 0.050000 0.062500
0 0.651563 0.707031 0.050000 0.062500
0 0.601562 0.707031 0.050000 0.062500
0 0.562500 0.761719 0.050000 0.062500
0 0.520312 0.742188 0.050000 0.062500
0 0.417187 0.736328 0.050000 0.062500
0 0.412500 0.689453 0.050000 0.062500
0 0.368750 0.720703 0.050000 0.062500
0 0.273438 0.720703 0.050000 0.062500
0 0.196875 0.771484 0.050000 0.062500
0 0.209375 0.779297 0.050000 0.062500
0 0.203125 0.800781 0.050000 0.062500
0 0.285938 0.822266 0.050000 0.062500
0 0.293750 0.970703 0.050000 0.058594
0 0.376563 0.888672 0.050000 0.062500
0 0.415625 0.851562 0.050000 0.062500
0 0.465625 0.886719 0.050000 0.062500
0 0.504687 0.873047 0.050000 0.062500
0 0.437500 0.951172 0.050000 0.062500
0 0.529687 0.957031 0.050000 0.062500
0 0.590625 0.968750 0.050000 0.062500
0 0.567187 0.841797 0.050000 0.062500
0 0.592187 0.822266 0.050000 0.062500
0 0.606250 0.890625 0.050000 0.062500
0 0.675000 0.783203 0.050000 0.062500
0 0.676562 0.806641 0.050000 0.062500
0 0.739062 0.794922 0.050000 0.062500
0 0.732812 0.707031 0.050000 0.062500
0 0.756250 0.701172 0.050000 0.062500
0 0.823438 0.746094 0.050000 0.062500
0 0.829688 0.781250 0.050000 0.062500
0 0.782813 0.894531 0.050000 0.062500
0 0.790625 0.863281 0.050000 0.062500
0 0.821875 0.863281 0.050000 0.062500
0 0.820312 0.935547 0.050000 0.062500
0 0.829688 0.916016 0.050000 0.062500
0 0.850000 0.925781 0.050000 0.062500
0 0.860938 0.937500 0.050000 0.062500
0 0.860938 0.908203 0.050000 0.062500
0 0.190625 0.064453 0.050000 0.062500
0 0.181250 0.039062 0.050000 0.062500
0 0.192188 0.039062 0.050000 0.062500
0 0.204687 0.058594 0.050000 0.062500
0 0.212500 0.042969 0.050000 0.062500
0 0.223438 0.052734 0.050000 0.062500
0 0.242188 0.044922 0.050000 0.062500
0 0.242188 0.028320 0.050000 0.056641
0 0.253125 0.028320 0.050000 0.056641
0 0.265625 0.046875 0.050000 0.062500
0 0.270313 0.033203 0.050000 0.062500
0 0.284375 0.052734 0.050000 0.062500
0 0.292187 0.039062 0.050000 0.062500
0 0.301563 0.031250 0.050000 0.062500
0 0.282813 0.031250 0.050000 0.062500
0 0.276562 0.042969 0.050000 0.062500
0 0.307812 0.048828 0.050000 0.062500
0 0.312500 0.030273 0.050000 0.060547
0 0.318750 0.062500 0.050000 0.062500
0 0.331250 0.039062 0.050000 0.062500
0 0.345313 0.035156 0.050000 0.062500
0 0.334375 0.054688 0.050000 0.062500
0 0.346875 0.052734 0.050000 0.062500
0 0.354687 0.042969 0.050000 0.062500
0 0.371875 0.029297 0.050000 0.058594
0 0.354687 0.028320 0.050000 0.056641
0 0.409375 0.028320 0.050000 0.056641
0 0.396875 0.030273 0.050000 0.060547
0 0.401562 0.050781 0.050000 0.062500
0 0.417187 0.046875 0.050000 0.062500
0 0.432812 0.031250 0.050000 0.062500
0 0.448437 0.035156 0.050000 0.062500
0 0.639062 0.039062 0.050000 0.062500
0 0.648438 0.046875 0.050000 0.062500
0 0.657813 0.041016 0.050000 0.062500
0 0.671875 0.029297 0.050000 0.058594
0 0.681250 0.035156 0.050000 0.062500
0 0.693750 0.042969 0.050000 0.062500
0 0.707812 0.046875 0.050000 0.062500
0 0.715625 0.037109 0.050000 0.062500
0 0.726562 0.044922 0.050000 0.062500
0 0.746875 0.046875 0.050000 0.062500
0 0.765625 0.052734 0.050000 0.062500
0 0.781250 0.048828 0.050000 0.062500
0 0.801562 0.037109 0.050000 0.062500
0 0.792188 0.054688 0.050000 0.062500
0 0.801562 0.072266 0.050000 0.062500
0 0.792188 0.087891 0.050000 0.062500
0 0.818750 0.089844 0.050000 0.062500
0 0.800000 0.103516 0.050000 0.062500
0 0.820312 0.109375 0.050000 0.062500
0 0.789062 0.117188 0.050000 0.062500
0 0.803125 0.126953 0.050000 0.062500
0 0.804688 0.146484 0.050000 0.062500
0 0.804688 0.146484 0.050000 0.062500
0 0.821875 0.148438 0.050000 0.062500
0 0.795312 0.164062 0.050000 0.062500
0 0.809375 0.166016 0.050000 0.062500
0 0.814063 0.183594 0.050000 0.062500
0 0.812500 0.205078 0.050000 0.062500
0 0.810937 0.220703 0.050000 0.062500
0 0.803125 0.236328 0.050000 0.062500
0 0.829688 0.212891 0.050000 0.062500
0 0.832812 0.164062 0.050000 0.062500
0 0.831250 0.248047 0.050000 0.062500
0 0.826562 0.234375 0.050000 0.062500
0 0.842187 0.306641 0.050000 0.062500
0 0.823438 0.314453 0.050000 0.062500
0 0.815625 0.332031 0.050000 0.062500
0 0.800000 0.324219 0.050000 0.062500
0 0.814063 0.349609 0.050000 0.062500
0 0.831250 0.351562 0.050000 0.062500
0 0.825000 0.375000 0.050000 0.062500
0 0.843750 0.376953 0.050000 0.062500
0 0.851562 0.363281 0.050000 0.062500
0 0.829688 0.396484 0.050000 0.062500
0 0.821875 0.410156 0.050000 0.062500
0 0.804688 0.421875 0.050000 0.062500
0 0.810937 0.445312 0.050000 0.062500
0 0.828125 0.443359 0.050000 0.062500
0 0.828125 0.421875 0.050000 0.062500
0 0.842187 0.414062 0.050000 0.062500
0 0.845313 0.431641 0.050000 0.062500
0 0.850000 0.396484 0.050000 0.062500
0 0.840625 0.490234 0.050000 0.062500
0 0.825000 0.472656 0.050000 0.062500
0 0.807813 0.464844 0.050000 0.062500
0 0.796875 0.478516 0.050000 0.062500
0 0.803125 0.515625 0.050000 0.062500
0 0.814063 0.484375 0.050000 0.062500
0 0.817187 0.501953 0.050000 0.062500
0 0.826562 0.494141 0.050000 0.062500
0 0.835938 0.515625 0.050000 0.062500
0 0.823438 0.527344 0.050000 0.062500
0 0.798438 0.492188 0.050000 0.062500
0 0.790625 0.521484 0.050000 0.062500
0 0.801562 0.535156 0.050000 0.062500
0 0.798438 0.550781 0.050000 0.062500
0 0.795312 0.580078 0.050000 0.062500
0 0.856250 0.607422 0.050000 0.062500
0 0.789062 0.507812 0.050000 0.062500
0 0.765625 0.519531 0.050000 0.062500
0 0.734375 0.521484 0.050000 0.062500
0 0.700000 0.523438 0.050000 0.062500
0 0.701562 0.537109 0.050000 0.062500
0 0.743750 0.541016 0.050000 0.062500
0 0.684375 0.517578 0.050000 0.062500
0 0.660937 0.511719 0.050000 0.062500
0 0.646875 0.523438 0.050000 0.062500
0 0.626563 0.519531 0.050000 0.062500
0 0.609375 0.521484 0.050000 0.062500
0 0.635938 0.535156 0.050000 0.062500
0 0.621875 0.537109 0.050000 0.062500
0 0.598437 0.539062 0.050000 0.062500
0 0.596875 0.523438 0.050000 0.062500
0 0.581250 0.554688 0.050000 0.062500
0 0.603125 0.552734 0.050000 0.062500
0 0.621875 0.552734 0.050000 0.062500
0 0.657813 0.529297 0.050000 0.062500
0 0.567187 0.546875 0.050000 0.062500
0 0.581250 0.527344 0.050000 0.062500
0 0.581250 0.513672 0.050000 0.062500
0 0.565625 0.529297 0.050000 0.062500
0 0.551562 0.527344 0.050000 0.062500
0 0.560937 0.515625 0.050000 0.062500
0 0.520312 0.521484 0.050000 0.062500
0 0.523438 0.535156 0.050000 0.062500
0 0.535937 0.546875 0.050000 0.062500
0 0.546875 0.539062 0.050000 0.062500
0 0.504687 0.519531 0.050000 0.062500
0 0.504687 0.537109 0.050000 0.062500
0 0.482812 0.519531 0.050000 0.062500
0 0.457813 0.558594 0.050000 0.062500
0 0.459375 0.527344 0.050000 0.062500
0 0.440625 0.537109 0.050000 0.062500
0 0.434375 0.523438 0.050000 0.062500
0 0.445312 0.521484 0.050000 0.062500
0 0.410938 0.519531 0.050000 0.062500
0 0.396875 0.523438 0.050000 0.062500
0 0.373437 0.521484 0.050000 0.062500
0 0.356250 0.527344 0.050000 0.062500
0 0.348438 0.539062 0.050000 0.062500
0 0.334375 0.533203 0.050000 0.062500
0 0.360938 0.542969 0.050000 0.062500
0 0.384375 0.541016 0.050000 0.062500
0 0.373437 0.558594 0.050000 0.062500
0 0.423438 0.533203 0.050000 0.062500
0 0.403125 0.550781 0.050000 0.062500
0 0.417187 0.542969 0.050000 0.062500
0 0.418750 0.562500 0.050000 0.062500
0 0.364063 0.578125 0.050000 0.062500
0 0.360938 0.558594 0.050000 0.062500
0 0.343750 0.570312 0.050000 0.062500
0 0.346875 0.552734 0.050000 0.062500
0 0.321875 0.548828 0.050000 0.062500
0 0.307812 0.537109 0.050000 0.062500
0 0.295312 0.531250 0.050000 0.062500
0 0.271875 0.523438 0.050000 0.062500
0 0.267188 0.537109 0.050000 0.062500
0 0.265625 0.556641 0.050000 0.062500
0 0.292187 0.562500 0.050000 0.062500
0 0.295312 0.546875 0.050000 0.062500
0 0.282813 0.533203 0.050000 0.062500
0 0.315625 0.562500 0.050000 0.062500
0 0.337500 0.556641 0.050000 0.062500
0 0.257812 0.511719 0.050000 0.062500
0 0.250000 0.507812 0.050000 0.062500
0 0.240625 0.523438 0.050000 0.062500
0 0.248438 0.539062 0.050000 0.062500
0 0.226562 0.513672 0.050000 0.062500
0 0.198437 0.519531 0.050000 0.062500
0 0.209375 0.539062 0.050000 0.062500
0 0.192188 0.533203 0.050000 0.062500
0 0.176563 0.517578 0.050000 0.062500
0 0.175000 0.529297 0.050000 0.062500
0 0.153125 0.541016 0.050000 0.062500
0 0.150000 0.517578 0.050000 0.062500
0 0.134375 0.535156 0.050000 0.062500
0 0.142187 0.498047 0.050000 0.062500
0 0.134375 0.486328 0.050000 0.062500
0 0.142187 0.476562 0.050000 0.062500
0 0.151562 0.447266 0.050000 0.062500
0 0.151562 0.447266 0.050000 0.062500
0 0.125000 0.445312 0.050000 0.062500
0 0.125000 0.445312 0.050000 0.062500
0 0.146875 0.425781 0.050000 0.062500
0 0.131250 0.417969 0.050000 0.062500
0 0.118750 0.470703 0.050000 0.062500
0 0.165625 0.042969 0.050000 0.062500
0 0.165625 0.058594 0.050000 0.062500
0 0.150000 0.060547 0.050000 0.062500
0 0.137500 0.060547 0.050000 0.062500
0 0.123438 0.074219 0.050000 0.062500
0 0.150000 0.076172 0.050000 0.062500
0 0.123438 0.091797 0.050000 0.062500
0 0.112500 0.105469 0.050000 0.062500
0 0.098437 0.117188 0.050000 0.062500
0 0.110937 0.128906 0.050000 0.062500
0 0.125000 0.126953 0.050000 0.062500
0 0.137500 0.134766 0.050000 0.062500
0 0.150000 0.119141 0.050000 0.062500
0 0.132812 0.103516 0.050000 0.062500
0 0.160938 0.091797 0.050000 0.062500
0 0.151562 0.162109 0.050000 0.062500
0 0.137500 0.156250 0.050000 0.062500
0 0.142187 0.144531 0.050000 0.062500
0 0.156250 0.144531 0.050000 0.062500
0 0.153125 0.193359 0.050000 0.062500
0 0.154688 0.212891 0.050000 0.062500
0 0.150000 0.228516 0.050000 0.062500
0 0.129688 0.250000 0.050000 0.062500
0 0.131250 0.251953 0.050000 0.062500
0 0.117188 0.250000 0.050000 0.062500
0 0.104688 0.255859 0.050000 0.062500
0 0.098437 0.271484 0.050000 0.062500
0 0.106250 0.283203 0.050000 0.062500
0 0.110937 0.302734 0.050000 0.062500
0 0.109375 0.322266 0.050000 0.062500
0 0.123438 0.320312 0.050000 0.062500
0 0.134375 0.291016 0.050000 0.062500
0 0.150000 0.298828 0.050000 0.062500
0 0.135937 0.310547 0.050000 0.062500
0 0.131250 0.330078 0.050000 0.062500
0 0.125000 0.345703 0.050000 0.062500
0 0.120313 0.363281 0.050000 0.062500
0 0.137500 0.373047 0.050000 0.062500
0 0.139063 0.398438 0.050000 0.062500
0 0.148438 0.375000 0.050000 0.062500
0 0.153125 0.402344 0.050000 0.062500
0 0.121875 0.388672 0.050000 0.062500
