0 0.304688 0.968750 0.050000 0.062500
0 0.265625 0.869141 0.050000 0.062500
0 0.354687 0.826172 0.050000 0.062500
0 0.235937 0.826172 0.050000 0.062500
0 0.231250 0.775391 0.050000 0.062500
0 0.284375 0.736328 0.050000 0.062500
0 0.220312 0.662109 0.050000 0.062500
0 0.309375 0.679688 0.050000 0.062500
0 0.415625 0.707031 0.050000 0.062500
0 0.389062 0.880859 0.050000 0.062500
0 0.415625 0.845703 0.050000 0.062500
0 0.378125 0.933594 0.050000 0.062500
0 0.429688 0.941406 0.050000 0.062500
0 0.467187 0.873047 0.050000 0.062500
0 0.520312 0.892578 0.050000 0.062500
0 0.546875 0.955078 0.050000 0.062500
0 0.596875 0.960938 0.050000 0.062500
0 0.604688 0.886719 0.050000 0.062500
0 0.570312 0.841797 0.050000 0.062500
0 0.603125 0.816406 0.050000 0.062500
0 0.537500 0.779297 0.050000 0.062500
0 0.476562 0.730469 0.050000 0.062500
0 0.425000 0.722656 0.050000 0.062500
0 0.409375 0.685547 0.050000 0.062500
0 0.431250 0.632812 0.050000 0.062500
0 0.471875 0.638672 0.050000 0.062500
0 0.537500 0.638672 0.050000 0.062500
0 0.585938 0.634766 0.050000 0.062500
0 0.607812 0.697266 0.050000 0.062500
0 0.587500 0.777344 0.050000 0.062500
0 0.706250 0.681641 0.050000 0.062500
0 0.729688 0.746094 0.050000 0.062500
0 0.709375 0.767578 0.050000 0.062500
0 0.743750 0.800781 0.050000 0.062500
0 0.757812 0.724609 0.050000 0.062500
0 0.776563 0.746094 0.050000 0.062500
0 0.781250 0.896484 0.050000 0.062500
0 0.818750 0.884766 0.050000 0.062500
0 0.810937 0.919922 0.050000 0.062500
0 0.831250 0.902344 0.050000 0.062500
0 0.821875 0.975586 0.050000 0.048828
0 0.846875 0.969727 0.050000 0.060547
0 0.848437 0.921875 0.050000 0.062500
0 0.857812 0.894531 0.050000 0.062500
0 0.862500 0.914062 0.050000 0.062500
0 0.857812 0.933594 0.050000 0.062500
0 0.829688 0.738281 0.050000 0.062500
0 0.831250 0.781250 0.050000 0.062500
0 0.857812 0.781250 0.050000 0.062500
0 0.828125 0.601562 0.050000 0.062500
0 0.889062 0.697266 0.050000 0.062500
0 0.918750 0.712891 0.050000 0.062500
0 0.921875 0.742188 0.050000 0.062500
0 0.925000 0.783203 0.050000 0.062500
0 0.923438 0.794922 0.050000 0.062500
0 0.884375 0.943359 0.050000 0.062500
0 0.909375 0.972656 0.050000 0.054688
0 0.857812 0.605469 0.050000 0.062500
0 0.640625 0.603516 0.050000 0.062500
0 0.610938 0.582031 0.050000 0.062500
0 0.625000 0.574219 0.050000 0.062500
0 0.645312 0.570312 0.050000 0.062500
0 0.662500 0.576172 0.050000 0.062500
0 0.675000 0.558594 0.050000 0.062500
0 0.679688 0.578125 0.050000 0.062500
0 0.693750 0.570312 0.050000 0.062500
0 0.706250 0.568359 0.050000 0.062500
0 0.732812 0.576172 0.050000 0.062500
0 0.037500 0.693359 0.050000 0.062500
0 0.054688 0.691406 0.050000 0.062500
0 0.068750 0.701172 0.050000 0.062500
0 0.059375 0.718750 0.050000 0.062500
0 0.043750 0.726562 0.050000 0.062500
0 0.045312 0.755859 0.050000 0.062500
0 0.048438 0.705078 0.050000 0.062500
0 0.040625 0.783203 0.050000 0.062500
0 0.034375 0.804688 0.050000 0.062500
0 0.048438 0.800781 0.050000 0.062500
0 0.056250 0.810547 0.050000 0.062500
0 0.039062 0.826172 0.050000 0.062500
0 0.046875 0.824219 0.050000 0.062500
0 0.070312 0.826172 0.050000 0.062500
0 0.054688 0.839844 0.050000 0.062500
0 0.070312 0.908203 0.050000 0.062500
0 0.085938 0.931641 0.050000 0.062500
0 0.092188 0.955078 0.050000 0.062500
0 0.090625 0.971680 0.050000 0.056641
0 0.089063 0.981445 0.050000 0.037109
0 0.073438 0.947266 0.050000 0.062500
0 0.110937 0.951172 0.050000 0.062500
0 0.107813 0.927734 0.050000 0.062500
0 0.110937 0.710938 0.050000 0.062500
0 0.118750 0.746094 0.050000 0.062500
0 0.107813 0.808594 0.050000 0.062500
0 0.121875 0.808594 0.050000 0.062500
0 0.157812 0.841797 0.050000 0.062500
0 0.143750 0.826172 0.050000 0.062500
0 0.143750 0.855469 0.050000 0.062500
0 0.140625 0.898438 0.050000 0.062500
0 0.115625 0.880859 0.050000 0.062500
0 0.125000 0.871094 0.050000 0.062500
0 0.114062 0.833984 0.050000 0.062500
0 0.145313 0.798828 0.050000 0.062500
0 0.107813 0.640625 0.050000 0.062500
0 0.135937 0.625000 0.050000 0.062500
0 0.145313 0.603516 0.050000 0.062500
0 0.157812 0.578125 0.050000 0.062500
0 0.112500 0.591797 0.050000 0.062500
0 0.193750 0.591797 0.050000 0.062500
0 0.259375 0.580078 0.050000 0.062500
0 0.087500 0.570312 0.050000 0.062500
0 0.084375 0.535156 0.050000 0.062500
0 0.115625 0.517578 0.050000 0.062500
0 0.135937 0.533203 0.050000 0.062500
0 0.151562 0.539062 0.050000 0.062500
0 0.145313 0.517578 0.050000 0.062500
0 0.167187 0.535156 0.050000 0.062500
0 0.162500 0.517578 0.050000 0.062500
0 0.187500 0.529297 0.050000 0.062500
0 0.178125 0.515625 0.050000 0.062500
0 0.198437 0.513672 0.050000 0.062500
0 0.198437 0.513672 0.050000 0.062500
0 0.210938 0.529297 0.050000 0.062500
0 0.223438 0.513672 0.050000 0.062500
0 0.214062 0.548828 0.050000 0.062500
0 0.128125 0.445312 0.050000 0.062500
0 0.142187 0.449219 0.050000 0.062500
0 0.156250 0.445312 0.050000 0.062500
0 0.146875 0.466797 0.050000 0.062500
0 0.148438 0.486328 0.050000 0.062500
0 0.120313 0.482422 0.050000 0.062500
0 0.118750 0.470703 0.050000 0.062500
0 0.148438 0.486328 0.050000 0.062500
0 0.134375 0.416016 0.050000 0.062500
0 0.150000 0.421875 0.050000 0.062500
0 0.153125 0.398438 0.050000 0.062500
0 0.140625 0.396484 0.050000 0.062500
0 0.140625 0.388672 0.050000 0.062500
0 0.118750 0.384766 0.050000 0.062500
0 0.126562 0.396484 0.050000 0.062500
0 0.135937 0.373047 0.050000 0.062500
0 0.121875 0.363281 0.050000 0.062500
0 0.134375 0.351562 0.050000 0.062500
0 0.126562 0.341797 0.050000 0.062500
0 0.146875 0.333984 0.050000 0.062500
0 0.131250 0.328125 0.050000 0.062500
0 0.110937 0.320312 0.050000 0.062500
0 0.112500 0.300781 0.050000 0.062500
0 0.126562 0.316406 0.050000 0.062500
0 0.139063 0.306641 0.050000 0.062500
0 0.151562 0.300781 0.050000 0.062500
0 0.134375 0.291016 0.050000 0.062500
0 0.153125 0.287109 0.050000 0.062500
0 0.120313 0.287109 0.050000 0.062500
0 0.109375 0.283203 0.050000 0.062500
0 0.098437 0.271484 0.050000 0.062500
0 0.106250 0.251953 0.050000 0.062500
0 0.115625 0.246094 0.050000 0.062500
0 0.129688 0.250000 0.050000 0.062500
0 0.153125 0.246094 0.050000 0.062500
0 0.067187 0.250000 0.050000 0.062500
0 0.040625 0.257812 0.050000 0.062500
0 0.039062 0.240234 0.050000 0.062500
0 0.035937 0.214844 0.050000 0.062500
0 0.071875 0.195312 0.050000 0.062500
0 0.109375 0.212891 0.050000 0.062500
0 0.153125 0.224609 0.050000 0.062500
0 0.146875 0.199219 0.050000 0.062500
0 0.154688 0.185547 0.050000 0.062500
0 0.140625 0.173828 0.050000 0.062500
0 0.150000 0.160156 0.050000 0.062500
0 0.137500 0.158203 0.050000 0.062500
0 0.125000 0.166016 0.050000 0.062500
0 0.106250 0.199219 0.050000 0.062500
0 0.107813 0.158203 0.050000 0.062500
0 0.104688 0.132812 0.050000 0.062500
0 0.128125 0.126953 0.050000 0.062500
0 0.139063 0.132812 0.050000 0.062500
0 0.146875 0.146484 0.050000 0.062500
0 0.159375 0.140625 0.050000 0.062500
0 0.153125 0.123047 0.050000 0.062500
0 0.143750 0.115234 0.050000 0.062500
0 0.035937 0.044922 0.050000 0.062500
0 0.037500 0.093750 0.050000 0.062500
0 0.092188 0.037109 0.050000 0.062500
0 0.096875 0.062500 0.050000 0.062500
0 0.110937 0.105469 0.050000 0.062500
0 0.129688 0.109375 0.050000 0.062500
0 0.123438 0.087891 0.050000 0.062500
0 0.129688 0.072266 0.050000 0.062500
0 0.139063 0.064453 0.050000 0.062500
0 0.156250 0.068359 0.050000 0.062500
0 0.148438 0.080078 0.050000 0.062500
0 0.164062 0.095703 0.050000 0.062500
0 0.162500 0.076172 0.050000 0.062500
0 0.132812 0.054688 0.050000 0.062500
0 0.110937 0.068359 0.050000 0.062500
0 0.164062 0.054688 0.050000 0.062500
0 0.167187 0.041016 0.050000 0.062500
0 0.184375 0.041016 0.050000 0.062500
0 0.195312 0.041016 0.050000 0.062500
0 0.195312 0.056641 0.050000 0.062500
0 0.206250 0.050781 0.050000 0.062500
0 0.214062 0.037109 0.050000 0.062500
0 0.223438 0.048828 0.050000 0.062500
0 0.242188 0.042969 0.050000 0.062500
0 0.256250 0.037109 0.050000 0.062500
0 0.267188 0.052734 0.050000 0.062500
0 0.268750 0.031250 0.050000 0.062500
0 0.417187 0.039062 0.050000 0.062500
0 0.409375 0.028320 0.050000 0.056641
0 0.409375 0.028320 0.050000 0.056641
0 0.401562 0.046875 0.050000 0.062500
0 0.431250 0.031250 0.050000 0.062500
0 0.443750 0.030273 0.050000 0.060547
0 0.507812 0.035156 0.050000 0.062500
0 0.542188 0.050781 0.050000 0.062500
0 0.529687 0.035156 0.050000 0.062500
0 0.656250 0.033203 0.050000 0.062500
0 0.864062 0.028320 0.050000 0.056641
0 0.842187 0.064453 0.050000 0.062500
0 0.839063 0.039062 0.050000 0.062500
0 0.798438 0.035156 0.050000 0.062500
0 0.790625 0.054688 0.050000 0.062500
0 0.800000 0.070312 0.050000 0.062500
0 0.793750 0.085938 0.050000 0.062500
0 0.782813 0.066406 0.050000 0.062500
0 0.800000 0.103516 0.050000 0.062500
0 0.792188 0.115234 0.050000 0.062500
0 0.801562 0.123047 0.050000 0.062500
0 0.812500 0.085938 0.050000 0.062500
0 0.815625 0.105469 0.050000 0.062500
0 0.829688 0.244141 0.050000 0.062500
0 0.806250 0.146484 0.050000 0.062500
0 0.818750 0.142578 0.050000 0.062500
0 0.800000 0.162109 0.050000 0.062500
0 0.812500 0.164062 0.050000 0.062500
0 0.814063 0.181641 0.050000 0.062500
0 0.812500 0.197266 0.050000 0.062500
0 0.829688 0.210938 0.050000 0.062500
0 0.809375 0.222656 0.050000 0.062500
0 0.842187 0.304688 0.050000 0.062500
0 0.821875 0.314453 0.050000 0.062500
0 0.814063 0.269531 0.050000 0.062500
0 0.812500 0.257812 0.050000 0.062500
0 0.817187 0.330078 0.050000 0.062500
0 0.817187 0.353516 0.050000 0.062500
0 0.832812 0.349609 0.050000 0.062500
0 0.825000 0.376953 0.050000 0.062500
0 0.842187 0.375000 0.050000 0.062500
0 0.800000 0.324219 0.050000 0.062500
0 0.804688 0.353516 0.050000 0.062500
0 0.873437 0.351562 0.050000 0.062500
0 0.871875 0.398438 0.050000 0.062500
0 0.871875 0.437500 0.050000 0.062500
0 0.850000 0.359375 0.050000 0.062500
0 0.806250 0.421875 0.050000 0.062500
0 0.818750 0.408203 0.050000 0.062500
0 0.829688 0.394531 0.050000 0.062500
0 0.814063 0.445312 0.050000 0.062500
0 0.821875 0.437500 0.050000 0.062500
0 0.829688 0.421875 0.050000 0.062500
0 0.809375 0.464844 0.050000 0.062500
0 0.825000 0.470703 0.050000 0.062500
0 0.832812 0.445312 0.050000 0.062500
0 0.842187 0.412109 0.050000 0.062500
0 0.842187 0.412109 0.050000 0.062500
0 0.850000 0.396484 0.050000 0.062500
0 0.843750 0.431641 0.050000 0.062500
0 0.842187 0.490234 0.050000 0.062500
0 0.837500 0.511719 0.050000 0.062500
0 0.793750 0.576172 0.050000 0.062500
0 0.778125 0.556641 0.050000 0.062500
0 0.796875 0.550781 0.050000 0.062500
0 0.801562 0.535156 0.050000 0.062500
0 0.821875 0.525391 0.050000 0.062500
0 0.815625 0.505859 0.050000 0.062500
0 0.826562 0.492188 0.050000 0.062500
0 0.809375 0.480469 0.050000 0.062500
0 0.796875 0.496094 0.050000 0.062500
0 0.795312 0.476562 0.050000 0.062500
0 0.754687 0.544922 0.050000 0.062500
0 0.759375 0.513672 0.050000 0.062500
0 0.771875 0.513672 0.050000 0.062500
0 0.787500 0.521484 0.050000 0.062500
0 0.801562 0.513672 0.050000 0.062500
0 0.759375 0.533203 0.050000 0.062500
0 0.745313 0.519531 0.050000 0.062500
0 0.731250 0.515625 0.050000 0.062500
0 0.740625 0.542969 0.050000 0.062500
0 0.485938 0.517578 0.050000 0.062500
0 0.504687 0.529297 0.050000 0.062500
0 0.506250 0.517578 0.050000 0.062500
0 0.520312 0.533203 0.050000 0.062500
0 0.518750 0.519531 0.050000 0.062500
0 0.534375 0.539062 0.050000 0.062500
0 0.532813 0.517578 0.050000 0.062500
0 0.545312 0.531250 0.050000 0.062500
0 0.543750 0.517578 0.050000 0.062500
0 0.556250 0.535156 0.050000 0.062500
0 0.554688 0.525391 0.050000 0.062500
0 0.560937 0.517578 0.050000 0.062500
0 0.564063 0.529297 0.050000 0.062500
0 0.565625 0.548828 0.050000 0.062500
0 0.584375 0.550781 0.050000 0.062500
0 0.581250 0.527344 0.050000 0.062500
0 0.578125 0.507812 0.050000 0.062500
0 0.601562 0.550781 0.050000 0.062500
0 0.601562 0.539062 0.050000 0.062500
0 0.596875 0.525391 0.050000 0.062500
0 0.590625 0.515625 0.050000 0.062500
0 0.620313 0.550781 0.050000 0.062500
0 0.618750 0.535156 0.050000 0.062500
0 0.610938 0.519531 0.050000 0.062500
0 0.607812 0.509766 0.050000 0.062500
0 0.626563 0.517578 0.050000 0.062500
0 0.654687 0.529297 0.050000 0.062500
0 0.634375 0.541016 0.050000 0.062500
0 0.637500 0.531250 0.050000 0.062500
0 0.642188 0.517578 0.050000 0.062500
0 0.657813 0.507812 0.050000 0.062500
0 0.673438 0.515625 0.050000 0.062500
0 0.689063 0.542969 0.050000 0.062500
0 0.692187 0.523438 0.050000 0.062500
0 0.712500 0.513672 0.050000 0.062500
0 0.239063 0.515625 0.050000 0.062500
0 0.248438 0.533203 0.050000 0.062500
0 0.242188 0.550781 0.050000 0.062500
0 0.259375 0.517578 0.050000 0.062500
0 0.268750 0.521484 0.050000 0.062500
0 0.262500 0.560547 0.050000 0.062500
0 0.264062 0.546875 0.050000 0.062500
0 0.275000 0.539062 0.050000 0.062500
0 0.279687 0.527344 0.050000 0.062500
0 0.296875 0.531250 0.050000 0.062500
0 0.293750 0.546875 0.050000 0.062500
0 0.293750 0.558594 0.050000 0.062500
0 0.309375 0.537109 0.050000 0.062500
0 0.307812 0.548828 0.050000 0.062500
0 0.310937 0.562500 0.050000 0.062500
0 0.318750 0.582031 0.050000 0.062500
0 0.320312 0.527344 0.050000 0.062500
0 0.321875 0.544922 0.050000 0.062500
0 0.325000 0.558594 0.050000 0.062500
0 0.345313 0.570312 0.050000 0.062500
0 0.365625 0.574219 0.050000 0.062500
0 0.345313 0.550781 0.050000 0.062500
0 0.334375 0.554688 0.050000 0.062500
0 0.360938 0.556641 0.050000 0.062500
0 0.376563 0.560547 0.050000 0.062500
0 0.337500 0.535156 0.050000 0.062500
0 0.353125 0.539062 0.050000 0.062500
0 0.357812 0.521484 0.050000 0.062500
0 0.365625 0.541016 0.050000 0.062500
0 0.373437 0.523438 0.050000 0.062500
0 0.382812 0.529297 0.050000 0.062500
0 0.384375 0.548828 0.050000 0.062500
0 0.396875 0.523438 0.050000 0.062500
0 0.404687 0.546875 0.050000 0.062500
0 0.409375 0.566406 0.050000 0.062500
0 0.404687 0.535156 0.050000 0.062500
0 0.418750 0.542969 0.050000 0.062500
0 0.420312 0.560547 0.050000 0.062500
0 0.412500 0.517578 0.050000 0.062500
0 0.425000 0.531250 0.050000 0.062500
0 0.437500 0.519531 0.050000 0.062500
0 0.442188 0.541016 0.050000 0.062500
0 0.446875 0.525391 0.050000 0.062500
0 0.460938 0.529297 0.050000 0.062500
0 0.475000 0.519531 0.050000 0.062500
0 0.462500 0.548828 0.050000 0.062500
0 0.473438 0.535156 0.050000 0.062500
0 0.717187 0.027344 0.050000 0.054688
0 0.696875 0.039062 0.050000 0.062500
0 0.720313 0.039062 0.050000 0.062500
0 0.745313 0.042969 0.050000 0.062500
0 0.767188 0.050781 0.050000 0.062500
0 0.618750 0.037109 0.050000 0.062500
0 0.310937 0.062500 0.050000 0.062500
0 0.403125 0.117188 0.050000 0.062500
0 0.587500 0.117188 0.050000 0.062500
0 0.635938 0.201172 0.050000 0.062500
0 0.587500 0.216797 0.050000 0.062500
0 0.482812 0.255859 0.050000 0.062500
0 0.404687 0.179688 0.050000 0.062500
0 0.656250 0.251953 0.050000 0.062500
0 0.490625 0.294922 0.050000 0.062500
0 0.650000 0.361328 0.050000 0.062500
0 0.578125 0.404297 0.050000 0.062500
0 0.509375 0.439453 0.050000 0.062500
0 0.823438 0.074219 0.050000 0.062500
0 0.831250 0.164062 0.050000 0.062500
0 0.870313 0.167969 0.050000 0.062500
0 0.882812 0.160156 0.050000 0.062500
0 0.873437 0.144531 0.050000 0.062500
0 0.825000 0.273438 0.050000 0.062500
0 0.834375 0.281250 0.050000 0.062500
0 0.843750 0.287109 0.050000 0.062500
0 0.568750 0.490234 0.050000 0.062500
0 0.218750 0.572266 0.050000 0.062500
0 0.790625 0.853516 0.050000 0.062500
0 0.834375 0.937500 0.050000 0.062500
