0 0.464062 0.333984 0.050000 0.062500
0 0.425000 0.550781 0.050000 0.062500
0 0.509375 0.521484 0.050000 0.062500
0 0.554688 0.636719 0.050000 0.062500
0 0.378125 0.644531 0.050000 0.062500
0 0.571875 0.875000 0.050000 0.062500
0 0.504687 0.880859 0.050000 0.062500
0 0.412500 0.283203 0.050000 0.062500
0 0.409375 0.306641 0.050000 0.062500
0 0.215625 0.302734 0.050000 0.062500
0 0.346875 0.460938 0.050000 0.062500
0 0.340625 0.482422 0.050000 0.062500
0 0.409375 0.476562 0.050000 0.062500
0 0.421875 0.484375 0.050000 0.062500
0 0.412500 0.492188 0.050000 0.062500
0 0.304688 0.310547 0.050000 0.062500
0 0.248438 0.361328 0.050000 0.062500
0 0.334375 0.460938 0.050000 0.062500
0 0.354687 0.466797 0.050000 0.062500
0 0.331250 0.476562 0.050000 0.062500
0 0.748437 0.460938 0.050000 0.062500
0 0.481250 0.287109 0.050000 0.062500
0 0.534375 0.318359 0.050000 0.062500
0 0.557813 0.285156 0.050000 0.062500
0 0.546875 0.248047 0.050000 0.062500
0 0.531250 0.230469 0.050000 0.062500
0 0.518750 0.197266 0.050000 0.062500
0 0.512500 0.164062 0.050000 0.062500
0 0.518750 0.103516 0.050000 0.062500
0 0.473438 0.166016 0.050000 0.062500
0 0.446875 0.169922 0.050000 0.062500
0 0.217188 0.154297 0.050000 0.062500
0 0.225000 0.121094 0.050000 0.062500
0 0.248438 0.111328 0.050000 0.062500
0 0.264062 0.099609 0.050000 0.062500
0 0.276562 0.091797 0.050000 0.062500
0 0.285938 0.082031 0.050000 0.062500
0 0.295312 0.074219 0.050000 0.062500
0 0.307812 0.062500 0.050000 0.062500
0 0.317188 0.052734 0.050000 0.062500
0 0.331250 0.031250 0.050000 0.062500
0 0.339062 0.039062 0.050000 0.062500
0 0.370312 0.027344 0.050000 0.054688
0 0.454688 0.076172 0.050000 0.062500
0 0.417187 0.070312 0.050000 0.062500
0 0.417187 0.035156 0.050000 0.062500
0 0.406250 0.028320 0.050000 0.056641
0 0.664062 0.085938 0.050000 0.062500
0 0.629687 0.328125 0.050000 0.062500
0 0.723437 0.310547 0.050000 0.062500
0 0.710938 0.320312 0.050000 0.062500
0 0.687500 0.312500 0.050000 0.062500
0 0.696875 0.234375 0.050000 0.062500
0 0.692187 0.269531 0.050000 0.062500
0 0.646875 0.251953 0.050000 0.062500
0 0.679688 0.240234 0.050000 0.062500
0 0.664062 0.216797 0.050000 0.062500
0 0.650000 0.220703 0.050000 0.062500
0 0.631250 0.246094 0.050000 0.062500
0 0.646875 0.294922 0.050000 0.062500
0 0.635938 0.291016 0.050000 0.062500
0 0.635938 0.275391 0.050000 0.062500
0 0.620313 0.253906 0.050000 0.062500
0 0.607812 0.265625 0.050000 0.062500
0 0.592187 0.265625 0.050000 0.062500
0 0.582812 0.253906 0.050000 0.062500
0 0.571875 0.251953 0.050000 0.062500
0 0.551562 0.216797 0.050000 0.062500
0 0.562500 0.203125 0.050000 0.062500
0 0.550000 0.179688 0.050000 0.062500
0 0.620313 0.181641 0.050000 0.062500
0 0.560937 0.244141 0.050000 0.062500
0 0.554688 0.230469 0.050000 0.062500
0 0.678125 0.179688 0.050000 0.062500
0 0.765625 0.162109 0.050000 0.062500
0 0.750000 0.195312 0.050000 0.062500
0 0.895312 0.201172 0.050000 0.062500
0 0.887500 0.220703 0.050000 0.062500
0 0.745313 0.109375 0.050000 0.062500
0 0.707812 0.111328 0.050000 0.062500
0 0.689063 0.140625 0.050000 0.062500
0 0.687500 0.160156 0.050000 0.062500
0 0.656250 0.150391 0.050000 0.062500
0 0.610938 0.064453 0.050000 0.062500
0 0.623437 0.066406 0.050000 0.062500
0 0.585938 0.132812 0.050000 0.062500
0 0.590625 0.148438 0.050000 0.062500
0 0.601562 0.152344 0.050000 0.062500
0 0.648438 0.113281 0.050000 0.062500
0 0.642188 0.130859 0.050000 0.062500
0 0.631250 0.130859 0.050000 0.062500
0 0.607812 0.134766 0.050000 0.062500
0 0.617188 0.142578 0.050000 0.062500
0 0.664062 0.037109 0.050000 0.062500
0 0.675000 0.026367 0.050000 0.052734
0 0.703125 0.074219 0.050000 0.062500
0 0.684375 0.066406 0.050000 0.062500
0 0.389062 0.279297 0.050000 0.062500
0 0.537500 0.302734 0.050000 0.062500
0 0.543750 0.318359 0.050000 0.062500
0 0.237500 0.130859 0.050000 0.062500
