0 0.246875 0.238281 0.050000 0.062500
0 0.207813 0.253906 0.050000 0.062500
0 0.196875 0.296875 0.050000 0.062500
0 0.195312 0.328125 0.050000 0.062500
0 0.239063 0.333984 0.050000 0.062500
0 0.239063 0.306641 0.050000 0.062500
0 0.239063 0.277344 0.050000 0.062500
0 0.326562 0.339844 0.050000 0.062500
0 0.365625 0.335938 0.050000 0.062500
0 0.485938 0.308594 0.050000 0.062500
0 0.460938 0.316406 0.050000 0.062500
0 0.671875 0.429688 0.050000 0.062500
0 0.959375 0.371094 0.050000 0.062500
0 0.918750 0.390625 0.050000 0.062500
0 0.878125 0.236328 0.050000 0.062500
0 0.876563 0.285156 0.050000 0.062500
0 0.437500 0.810547 0.050000 0.062500
