0 0.192188 0.306641 0.050000 0.062500
0 0.210938 0.294922 0.050000 0.062500
0 0.401562 0.425781 0.050000 0.062500
0 0.290625 0.421875 0.050000 0.062500
0 0.246875 0.445312 0.050000 0.062500
0 0.618750 0.248047 0.050000 0.062500
0 0.610938 0.298828 0.050000 0.062500
0 0.687500 0.388672 0.050000 0.062500
0 0.645312 0.404297 0.050000 0.062500
0 0.095312 0.333984 0.050000 0.062500
0 0.064062 0.312500 0.050000 0.062500
0 0.906250 0.416016 0.050000 0.062500
0 0.942187 0.394531 0.050000 0.062500
0 0.970313 0.253906 0.050000 0.062500
