0 0.182812 0.283203 0.050000 0.062500
0 0.189062 0.222656 0.050000 0.062500
0 0.256250 0.367188 0.050000 0.062500
0 0.217188 0.380859 0.050000 0.062500
0 0.484375 0.394531 0.050000 0.062500
0 0.521875 0.376953 0.050000 0.062500
0 0.654687 0.339844 0.050000 0.062500
0 0.660937 0.367188 0.050000 0.062500
0 0.637500 0.361328 0.050000 0.062500
0 0.868750 0.337891 0.050000 0.062500
0 0.901563 0.349609 0.050000 0.062500
0 0.903125 0.371094 0.050000 0.062500
0 0.870313 0.392578 0.050000 0.062500
0 0.859375 0.361328 0.050000 0.062500
0 0.665625 0.230469 0.050000 0.062500
0 0.973437 0.369141 0.050000 0.062500
0 0.967187 0.333984 0.050000 0.062500
0 0.937500 0.357422 0.050000 0.062500
0 0.934375 0.271484 0.050000 0.062500
0 0.903125 0.261719 0.050000 0.062500
0 0.968750 0.169922 0.050000 0.062500
0 0.706250 0.232422 0.050000 0.062500
0 0.545312 0.232422 0.050000 0.062500
