0 0.184375 0.283203 0.050000 0.062500
0 0.181250 0.242188 0.050000 0.062500
0 0.217188 0.382812 0.050000 0.062500
0 0.254688 0.361328 0.050000 0.062500
0 0.517188 0.365234 0.050000 0.062500
0 0.485938 0.394531 0.050000 0.062500
0 0.660937 0.339844 0.050000 0.062500
0 0.664062 0.365234 0.050000 0.062500
0 0.634375 0.363281 0.050000 0.062500
0 0.907813 0.349609 0.050000 0.062500
0 0.903125 0.378906 0.050000 0.062500
0 0.873437 0.396484 0.050000 0.062500
0 0.864062 0.357422 0.050000 0.062500
0 0.875000 0.337891 0.050000 0.062500
0 0.664062 0.228516 0.050000 0.062500
0 0.700000 0.240234 0.050000 0.062500
0 0.532813 0.238281 0.050000 0.062500
0 0.903125 0.259766 0.050000 0.062500
0 0.934375 0.271484 0.050000 0.062500
0 0.935937 0.357422 0.050000 0.062500
0 0.973437 0.367188 0.050000 0.062500
