0 0.462500 0.021484 0.050000 0.042969
0 0.453125 0.171875 0.050000 0.062500
0 0.453125 0.380859 0.050000 0.062500
0 0.532813 0.591797 0.050000 0.062500
0 0.637500 0.468750 0.050000 0.062500
0 0.443750 0.802734 0.050000 0.062500
0 0.381250 0.900391 0.050000 0.062500
0 0.340625 0.886719 0.050000 0.062500
0 0.565625 0.966797 0.050000 0.062500
0 0.904687 0.833984 0.050000 0.062500
0 0.925000 0.736328 0.050000 0.062500
0 0.871875 0.632812 0.050000 0.062500
0 0.864062 0.019531 0.050000 0.039062
0 0.985156 0.128906 0.029687 0.062500
0 0.821875 0.017578 0.050000 0.035156
