0 0.351562 0.371094 0.050000 0.062500
0 0.323437 0.359375 0.050000 0.062500
0 0.318750 0.421875 0.050000 0.062500
0 0.210938 0.376953 0.050000 0.062500
0 0.168750 0.398438 0.050000 0.062500
0 0.189062 0.294922 0.050000 0.062500
0 0.220312 0.232422 0.050000 0.062500
0 0.354687 0.234375 0.050000 0.062500
0 0.387500 0.236328 0.050000 0.062500
0 0.548438 0.363281 0.050000 0.062500
0 0.557813 0.388672 0.050000 0.062500
0 0.590625 0.384766 0.050000 0.062500
0 0.592187 0.357422 0.050000 0.062500
0 0.625000 0.267578 0.050000 0.062500
0 0.592187 0.269531 0.050000 0.062500
0 0.914062 0.158203 0.050000 0.062500
0 0.868750 0.150391 0.050000 0.062500
0 0.942187 0.208984 0.050000 0.062500
0 0.925000 0.230469 0.050000 0.062500
0 0.926562 0.253906 0.050000 0.062500
0 0.929688 0.279297 0.050000 0.062500
0 0.948438 0.300781 0.050000 0.062500
0 0.964063 0.279297 0.050000 0.062500
0 0.964063 0.255859 0.050000 0.062500
0 0.959375 0.242188 0.050000 0.062500
0 0.725000 0.197266 0.050000 0.062500
0 0.662500 0.179688 0.050000 0.062500
0 0.703125 0.291016 0.050000 0.062500
0 0.662500 0.269531 0.050000 0.062500
0 0.865625 0.464844 0.050000 0.062500
0 0.857812 0.507812 0.050000 0.062500
