0 0.492188 0.201172 0.050000 0.062500
0 0.634375 0.160156 0.050000 0.062500
0 0.675000 0.162109 0.050000 0.062500
0 0.704688 0.214844 0.050000 0.062500
0 0.692187 0.257812 0.050000 0.062500
0 0.701562 0.279297 0.050000 0.062500
0 0.706250 0.296875 0.050000 0.062500
0 0.723437 0.310547 0.050000 0.062500
0 0.735938 0.285156 0.050000 0.062500
0 0.734375 0.255859 0.050000 0.062500
0 0.725000 0.236328 0.050000 0.062500
0 0.428125 0.384766 0.050000 0.062500
0 0.376563 0.367188 0.050000 0.062500
0 0.309375 0.367188 0.050000 0.062500
0 0.315625 0.392578 0.050000 0.062500
0 0.353125 0.363281 0.050000 0.062500
0 0.354687 0.386719 0.050000 0.062500
0 0.109375 0.355469 0.050000 0.062500
0 0.114062 0.378906 0.050000 0.062500
0 0.082812 0.378906 0.050000 0.062500
0 0.187500 0.283203 0.050000 0.062500
0 0.114062 0.250000 0.050000 0.062500
0 0.148438 0.250000 0.050000 0.062500
0 0.462500 0.292969 0.050000 0.062500
0 0.428125 0.283203 0.050000 0.062500
0 0.426563 0.185547 0.050000 0.062500
0 0.629687 0.472656 0.050000 0.062500
0 0.623437 0.517578 0.050000 0.062500
