0 0.815625 0.259766 0.050000 0.062500
0 0.862500 0.283203 0.050000 0.062500
0 0.878125 0.314453 0.050000 0.062500
0 0.868750 0.355469 0.050000 0.062500
0 0.845313 0.408203 0.050000 0.062500
0 0.812500 0.378906 0.050000 0.062500
0 0.806250 0.324219 0.050000 0.062500
0 0.820312 0.289062 0.050000 0.062500
0 0.770312 0.183594 0.050000 0.062500
0 0.710938 0.175781 0.050000 0.062500
0 0.590625 0.429688 0.050000 0.062500
0 0.407813 0.507812 0.050000 0.062500
0 0.407813 0.472656 0.050000 0.062500
0 0.348438 0.490234 0.050000 0.062500
0 0.306250 0.472656 0.050000 0.062500
0 0.306250 0.521484 0.050000 0.062500
0 0.248438 0.496094 0.050000 0.062500
0 0.254688 0.539062 0.050000 0.062500
0 0.303125 0.351562 0.050000 0.062500
0 0.351562 0.347656 0.050000 0.062500
0 0.465625 0.378906 0.050000 0.062500
0 0.410938 0.361328 0.050000 0.062500
0 0.410938 0.214844 0.050000 0.062500
0 0.051562 0.361328 0.050000 0.062500
0 0.015625 0.306641 0.031250 0.062500
0 0.707812 0.638672 0.050000 0.062500
0 0.695312 0.693359 0.050000 0.062500
0 0.509375 0.253906 0.050000 0.062500
0 0.540625 0.275391 0.050000 0.062500
