0 0.065625 0.529297 0.050000 0.062500
0 0.016406 0.568359 0.032813 0.062500
0 0.231250 0.593750 0.050000 0.062500
0 0.275000 0.486328 0.050000 0.062500
0 0.279687 0.529297 0.050000 0.062500
0 0.234375 0.523438 0.050000 0.062500
0 0.331250 0.337891 0.050000 0.062500
0 0.275000 0.326172 0.050000 0.062500
0 0.642188 0.505859 0.050000 0.062500
0 0.632812 0.554688 0.050000 0.062500
0 0.568750 0.519531 0.050000 0.062500
0 0.575000 0.558594 0.050000 0.062500
0 0.834375 0.289062 0.050000 0.062500
0 0.876563 0.318359 0.050000 0.062500
0 0.742188 0.240234 0.050000 0.062500
0 0.628125 0.371094 0.050000 0.062500
0 0.689063 0.378906 0.050000 0.062500
0 0.732812 0.380859 0.050000 0.062500
0 0.800000 0.406250 0.050000 0.062500
0 0.731250 0.498047 0.050000 0.062500
0 0.740625 0.537109 0.050000 0.062500
0 0.668750 0.519531 0.050000 0.062500
0 0.917188 0.449219 0.050000 0.062500
0 0.345313 0.283203 0.050000 0.062500
0 0.381250 0.382812 0.050000 0.062500
0 0.110937 0.310547 0.050000 0.062500
