0 0.875000 0.314453 0.050000 0.062500
0 0.837500 0.275391 0.050000 0.062500
0 0.739062 0.380859 0.050000 0.062500
0 0.800000 0.402344 0.050000 0.062500
0 0.692187 0.373047 0.050000 0.062500
0 0.631250 0.363281 0.050000 0.062500
0 0.731250 0.484375 0.050000 0.062500
0 0.735938 0.533203 0.050000 0.062500
0 0.676562 0.505859 0.050000 0.062500
0 0.632812 0.500000 0.050000 0.062500
0 0.631250 0.541016 0.050000 0.062500
0 0.573438 0.513672 0.050000 0.062500
0 0.575000 0.552734 0.050000 0.062500
0 0.278125 0.474609 0.050000 0.062500
0 0.278125 0.527344 0.050000 0.062500
0 0.239063 0.517578 0.050000 0.062500
0 0.062500 0.533203 0.050000 0.062500
0 0.018750 0.562500 0.037500 0.062500
0 0.279687 0.320312 0.050000 0.062500
0 0.328125 0.332031 0.050000 0.062500
0 0.390625 0.376953 0.050000 0.062500
0 0.742188 0.230469 0.050000 0.062500
0 0.920312 0.462891 0.050000 0.062500
0 0.109375 0.304688 0.050000 0.062500
