0 0.650000 0.478516 0.050000 0.062500
0 0.610938 0.523438 0.050000 0.062500
0 0.657813 0.525391 0.050000 0.062500
0 0.943750 0.513672 0.050000 0.062500
0 0.950000 0.558594 0.050000 0.062500
0 0.767188 0.378906 0.050000 0.062500
0 0.709375 0.337891 0.050000 0.062500
0 0.653125 0.322266 0.050000 0.062500
0 0.482812 0.308594 0.050000 0.062500
0 0.440625 0.533203 0.050000 0.062500
0 0.379688 0.556641 0.050000 0.062500
0 0.606250 0.595703 0.050000 0.062500
0 0.343750 0.539062 0.050000 0.062500
0 0.045312 0.521484 0.050000 0.062500
