0 0.464062 0.024414 0.050000 0.048828
0 0.478125 0.113281 0.050000 0.062500
0 0.457813 0.310547 0.050000 0.062500
0 0.645312 0.445312 0.050000 0.062500
0 0.532813 0.601562 0.050000 0.062500
0 0.493750 0.777344 0.050000 0.062500
0 0.343750 0.888672 0.050000 0.062500
0 0.378125 0.904297 0.050000 0.062500
0 0.628125 0.969727 0.050000 0.060547
0 0.909375 0.835938 0.050000 0.062500
0 0.926562 0.751953 0.050000 0.062500
0 0.832812 0.626953 0.050000 0.062500
0 0.860938 0.022461 0.050000 0.044922
0 0.983594 0.134766 0.032813 0.062500
