0 0.581250 0.208984 0.050000 0.062500
0 0.651563 0.167969 0.050000 0.062500
0 0.625000 0.419922 0.050000 0.062500
0 0.706250 0.216797 0.050000 0.062500
0 0.706250 0.285156 0.050000 0.062500
0 0.732812 0.322266 0.050000 0.062500
0 0.768750 0.345703 0.050000 0.062500
0 0.795312 0.279297 0.050000 0.062500
0 0.778125 0.242188 0.050000 0.062500
0 0.739062 0.212891 0.050000 0.062500
0 0.717187 0.242188 0.050000 0.062500
0 0.525000 0.443359 0.050000 0.062500
0 0.551562 0.500000 0.050000 0.062500
0 0.446875 0.376953 0.050000 0.062500
0 0.312500 0.402344 0.050000 0.062500
0 0.414062 0.390625 0.050000 0.062500
0 0.425000 0.521484 0.050000 0.062500
0 0.357812 0.517578 0.050000 0.062500
0 0.412500 0.673828 0.050000 0.062500
0 0.396875 0.628906 0.050000 0.062500
0 0.348438 0.685547 0.050000 0.062500
0 0.312500 0.552734 0.050000 0.062500
0 0.260937 0.576172 0.050000 0.062500
0 0.268750 0.773438 0.050000 0.062500
0 0.318750 0.734375 0.050000 0.062500
0 0.307812 0.695312 0.050000 0.062500
0 0.251563 0.734375 0.050000 0.062500
0 0.017969 0.734375 0.035937 0.062500
