0 0.171875 0.318359 0.050000 0.062500
0 0.284375 0.314453 0.050000 0.062500
0 0.431250 0.267578 0.050000 0.062500
0 0.495312 0.353516 0.050000 0.062500
0 0.601562 0.402344 0.050000 0.062500
0 0.095312 0.287109 0.050000 0.062500
0 0.078125 0.257812 0.050000 0.062500
0 0.187500 0.126953 0.050000 0.062500
0 0.517188 0.177734 0.050000 0.062500
0 0.423438 0.226562 0.050000 0.062500
0 0.520312 0.031250 0.050000 0.062500
0 0.579688 0.021484 0.050000 0.042969
0 0.479687 0.093750 0.050000 0.062500
0 0.421875 0.501953 0.050000 0.062500
0 0.392188 0.390625 0.050000 0.062500
0 0.376563 0.298828 0.050000 0.062500
0 0.360938 0.267578 0.050000 0.062500
0 0.328125 0.316406 0.050000 0.062500
0 0.339062 0.322266 0.050000 0.062500
0 0.350000 0.339844 0.050000 0.062500
0 0.276562 0.058594 0.050000 0.062500
0 0.273438 0.044922 0.050000 0.062500
0 0.268750 0.028320 0.050000 0.056641
0 0.118750 0.066406 0.050000 0.062500
0 0.114062 0.027344 0.050000 0.054688
