0 0.039062 0.539062 0.050000 0.062500
0 0.118750 0.519531 0.050000 0.062500
0 0.118750 0.541016 0.050000 0.062500
0 0.104688 0.580078 0.050000 0.062500
0 0.114062 0.617188 0.050000 0.062500
0 0.342187 0.542969 0.050000 0.062500
0 0.420312 0.673828 0.050000 0.062500
0 0.425000 0.712891 0.050000 0.062500
0 0.462500 0.605469 0.050000 0.062500
0 0.551562 0.554688 0.050000 0.062500
0 0.543750 0.525391 0.050000 0.062500
0 0.462500 0.505859 0.050000 0.062500
0 0.425000 0.443359 0.050000 0.062500
0 0.409375 0.396484 0.050000 0.062500
0 0.553125 0.375000 0.050000 0.062500
0 0.593750 0.267578 0.050000 0.062500
0 0.571875 0.238281 0.050000 0.062500
0 0.500000 0.113281 0.050000 0.062500
0 0.357812 0.052734 0.050000 0.062500
0 0.629687 0.027344 0.050000 0.054688
0 0.706250 0.030273 0.050000 0.060547
0 0.720313 0.113281 0.050000 0.062500
0 0.765625 0.160156 0.050000 0.062500
0 0.732812 0.167969 0.050000 0.062500
0 0.693750 0.236328 0.050000 0.062500
0 0.718750 0.263672 0.050000 0.062500
0 0.676562 0.337891 0.050000 0.062500
0 0.665625 0.429688 0.050000 0.062500
0 0.712500 0.380859 0.050000 0.062500
0 0.732812 0.400391 0.050000 0.062500
0 0.770312 0.320312 0.050000 0.062500
0 0.781250 0.347656 0.050000 0.062500
0 0.853125 0.337891 0.050000 0.062500
0 0.818750 0.314453 0.050000 0.062500
0 0.835938 0.126953 0.050000 0.062500
0 0.829688 0.103516 0.050000 0.062500
0 0.910937 0.052734 0.050000 0.062500
0 0.903125 0.375000 0.050000 0.062500
0 0.796875 0.443359 0.050000 0.062500
0 0.781250 0.515625 0.050000 0.062500
0 0.867188 0.671875 0.050000 0.062500
0 0.978906 0.685547 0.042188 0.062500
0 0.979688 0.623047 0.040625 0.062500
0 0.983594 0.562500 0.032813 0.062500
0 0.968750 0.529297 0.050000 0.062500
0 0.834375 0.779297 0.050000 0.062500
0 0.893750 0.771484 0.050000 0.062500
0 0.926562 0.765625 0.050000 0.062500
0 0.942187 0.765625 0.050000 0.062500
0 0.959375 0.765625 0.050000 0.062500
0 0.971875 0.765625 0.050000 0.062500
0 0.982031 0.765625 0.035937 0.062500
0 0.554688 0.781250 0.050000 0.062500
0 0.646875 0.767578 0.050000 0.062500
0 0.670312 0.767578 0.050000 0.062500
0 0.673438 0.730469 0.050000 0.062500
0 0.698438 0.685547 0.050000 0.062500
0 0.203125 0.755859 0.050000 0.062500
0 0.980469 0.017578 0.039062 0.035156
0 0.985938 0.095703 0.028125 0.062500
0 0.986719 0.056641 0.026562 0.062500
