0 0.471875 0.619141 0.050000 0.062500
0 0.529687 0.683594 0.050000 0.062500
0 0.562500 0.732422 0.050000 0.062500
0 0.190625 0.582031 0.050000 0.062500
0 0.117188 0.646484 0.050000 0.062500
0 0.035937 0.601562 0.050000 0.062500
0 0.014063 0.529297 0.028125 0.062500
0 0.159375 0.410156 0.050000 0.062500
0 0.240625 0.501953 0.050000 0.062500
0 0.254688 0.537109 0.050000 0.062500
0 0.078125 0.853516 0.050000 0.062500
0 0.048438 0.857422 0.050000 0.062500
0 0.162500 0.857422 0.050000 0.062500
0 0.712500 0.626953 0.050000 0.062500
0 0.781250 0.558594 0.050000 0.062500
0 0.635938 0.441406 0.050000 0.062500
0 0.529687 0.449219 0.050000 0.062500
0 0.384375 0.232422 0.050000 0.062500
0 0.828125 0.494141 0.050000 0.062500
0 0.903125 0.453125 0.050000 0.062500
0 0.898438 0.412109 0.050000 0.062500
0 0.887500 0.390625 0.050000 0.062500
0 0.918750 0.326172 0.050000 0.062500
0 0.980469 0.226562 0.039062 0.062500
0 0.973437 0.201172 0.050000 0.062500
0 0.907813 0.167969 0.050000 0.062500
0 0.862500 0.109375 0.050000 0.062500
0 0.918750 0.083984 0.050000 0.062500
0 0.868750 0.016602 0.050000 0.033203
0 0.986719 0.707031 0.026562 0.062500
0 0.975781 0.689453 0.048438 0.062500
0 0.792188 0.744141 0.050000 0.062500
0 0.903125 0.730469 0.050000 0.062500
0 0.940625 0.644531 0.050000 0.062500
