0 0.017188 0.562500 0.034375 0.062500
0 0.198437 0.654297 0.050000 0.062500
0 0.376563 0.558594 0.050000 0.062500
0 0.376563 0.587891 0.050000 0.062500
0 0.106250 0.666016 0.050000 0.062500
0 0.110937 0.683594 0.050000 0.062500
0 0.104688 0.703125 0.050000 0.062500
0 0.067187 0.771484 0.050000 0.062500
0 0.089063 0.873047 0.050000 0.062500
0 0.696875 0.802734 0.050000 0.062500
0 0.621875 0.681641 0.050000 0.062500
0 0.689063 0.648438 0.050000 0.062500
0 0.745313 0.767578 0.050000 0.062500
0 0.760938 0.800781 0.050000 0.062500
0 0.878125 0.601562 0.050000 0.062500
0 0.825000 0.501953 0.050000 0.062500
0 0.712500 0.556641 0.050000 0.062500
0 0.639062 0.488281 0.050000 0.062500
0 0.432812 0.339844 0.050000 0.062500
0 0.375000 0.341797 0.050000 0.062500
0 0.462500 0.412109 0.050000 0.062500
0 0.565625 0.150391 0.050000 0.062500
0 0.342187 0.150391 0.050000 0.062500
0 0.248438 0.179688 0.050000 0.062500
0 0.210938 0.191406 0.050000 0.062500
0 0.962500 0.707031 0.050000 0.062500
0 0.940625 0.681641 0.050000 0.062500
0 0.950000 0.652344 0.050000 0.062500
0 0.928125 0.849609 0.050000 0.062500
0 0.918750 0.533203 0.050000 0.062500
0 0.643750 0.455078 0.050000 0.062500
0 0.095312 0.082031 0.050000 0.062500
0 0.025000 0.062500 0.050000 0.062500
0 0.684375 0.875000 0.050000 0.062500
0 0.982812 0.634766 0.034375 0.062500
0 0.687500 0.623047 0.050000 0.062500
