0 0.128125 0.660156 0.050000 0.062500
0 0.021875 0.574219 0.043750 0.062500
0 0.479687 0.578125 0.050000 0.062500
0 0.457813 0.744141 0.050000 0.062500
0 0.232813 0.781250 0.050000 0.062500
0 0.528125 0.800781 0.050000 0.062500
0 0.676562 0.822266 0.050000 0.062500
0 0.848437 0.703125 0.050000 0.062500
0 0.820312 0.550781 0.050000 0.062500
0 0.712500 0.681641 0.050000 0.062500
0 0.701562 0.712891 0.050000 0.062500
0 0.593750 0.640625 0.050000 0.062500
0 0.712500 0.148438 0.050000 0.062500
0 0.362500 0.156250 0.050000 0.062500
0 0.484375 0.026367 0.050000 0.052734
0 0.412500 0.019531 0.050000 0.039062
0 0.357812 0.024414 0.050000 0.048828
0 0.983594 0.562500 0.032813 0.062500
0 0.984375 0.585938 0.031250 0.062500
0 0.983594 0.912109 0.032813 0.062500
0 0.957812 0.923828 0.050000 0.062500
0 0.373437 0.871094 0.050000 0.062500
0 0.354687 0.843750 0.050000 0.062500
0 0.323437 0.857422 0.050000 0.062500
0 0.334375 0.890625 0.050000 0.062500
0 0.103125 0.841797 0.050000 0.062500
0 0.100000 0.869141 0.050000 0.062500
0 0.812500 0.332031 0.050000 0.062500
0 0.843750 0.333984 0.050000 0.062500
0 0.604688 0.562500 0.050000 0.062500
0 0.625000 0.609375 0.050000 0.062500
0 0.265625 0.552734 0.050000 0.062500
0 0.960938 0.019531 0.050000 0.039062
