0 0.251563 0.021484 0.050000 0.042969
0 0.251563 0.068359 0.050000 0.062500
0 0.239063 0.205078 0.050000 0.062500
0 0.239063 0.306641 0.050000 0.062500
0 0.242188 0.421875 0.050000 0.062500
0 0.237500 0.544922 0.050000 0.062500
0 0.235937 0.628906 0.050000 0.062500
0 0.237500 0.746094 0.050000 0.062500
0 0.237500 0.830078 0.050000 0.062500
0 0.235937 0.935547 0.050000 0.062500
0 0.303125 0.973633 0.050000 0.052734
0 0.306250 0.843750 0.050000 0.062500
0 0.289062 0.740234 0.050000 0.062500
0 0.309375 0.628906 0.050000 0.062500
0 0.314063 0.539062 0.050000 0.062500
0 0.314063 0.400391 0.050000 0.062500
0 0.317188 0.310547 0.050000 0.062500
0 0.321875 0.248047 0.050000 0.062500
0 0.321875 0.093750 0.050000 0.062500
0 0.325000 0.039062 0.050000 0.062500
0 0.395313 0.025391 0.050000 0.050781
0 0.392188 0.074219 0.050000 0.062500
0 0.393750 0.150391 0.050000 0.062500
0 0.390625 0.199219 0.050000 0.062500
0 0.393750 0.283203 0.050000 0.062500
0 0.382812 0.367188 0.050000 0.062500
0 0.379688 0.451172 0.050000 0.062500
0 0.389062 0.570312 0.050000 0.062500
0 0.389062 0.630859 0.050000 0.062500
0 0.381250 0.732422 0.050000 0.062500
0 0.381250 0.837891 0.050000 0.062500
0 0.378125 0.945312 0.050000 0.062500
0 0.489063 0.480469 0.050000 0.062500
0 0.934375 0.753906 0.050000 0.062500
0 0.915625 0.632812 0.050000 0.062500
0 0.964063 0.585938 0.050000 0.062500
0 0.901563 0.488281 0.050000 0.062500
0 0.964063 0.505859 0.050000 0.062500
0 0.964063 0.439453 0.050000 0.062500
0 0.893750 0.390625 0.050000 0.062500
0 0.962500 0.349609 0.050000 0.062500
0 0.890625 0.312500 0.050000 0.062500
0 0.903125 0.234375 0.050000 0.062500
0 0.968750 0.240234 0.050000 0.062500
0 0.893750 0.154297 0.050000 0.062500
0 0.893750 0.083984 0.050000 0.062500
0 0.890625 0.035156 0.050000 0.062500
0 0.971875 0.111328 0.050000 0.062500
0 0.967187 0.044922 0.050000 0.062500
0 0.765625 0.117188 0.050000 0.062500
0 0.420312 0.982422 0.050000 0.035156
0 0.501563 0.982422 0.050000 0.035156
0 0.578125 0.982422 0.050000 0.035156
0 0.657813 0.982422 0.050000 0.035156
0 0.578125 0.787109 0.050000 0.062500
0 0.090625 0.970703 0.050000 0.058594
0 0.134375 0.964844 0.050000 0.062500
0 0.065625 0.373047 0.050000 0.062500
