0 0.017188 0.361328 0.034375 0.062500
0 0.193750 0.035156 0.050000 0.062500
0 0.189062 0.097656 0.050000 0.062500
0 0.187500 0.236328 0.050000 0.062500
0 0.189062 0.341797 0.050000 0.062500
0 0.187500 0.468750 0.050000 0.062500
0 0.176563 0.580078 0.050000 0.062500
0 0.179688 0.662109 0.050000 0.062500
0 0.178125 0.796875 0.050000 0.062500
0 0.184375 0.871094 0.050000 0.062500
0 0.181250 0.975586 0.050000 0.048828
0 0.250000 0.876953 0.050000 0.062500
0 0.243750 0.767578 0.050000 0.062500
0 0.254688 0.660156 0.050000 0.062500
0 0.257812 0.587891 0.050000 0.062500
0 0.253125 0.433594 0.050000 0.062500
0 0.257812 0.353516 0.050000 0.062500
0 0.264062 0.283203 0.050000 0.062500
0 0.265625 0.126953 0.050000 0.062500
0 0.268750 0.064453 0.050000 0.062500
0 0.329688 0.041016 0.050000 0.062500
0 0.334375 0.099609 0.050000 0.062500
0 0.335938 0.179688 0.050000 0.062500
0 0.337500 0.226562 0.050000 0.062500
0 0.335938 0.320312 0.050000 0.062500
0 0.326562 0.416016 0.050000 0.062500
0 0.329688 0.488281 0.050000 0.062500
0 0.332813 0.599609 0.050000 0.062500
0 0.334375 0.660156 0.050000 0.062500
0 0.326562 0.767578 0.050000 0.062500
0 0.323437 0.863281 0.050000 0.062500
0 0.317188 0.974609 0.050000 0.050781
0 0.407813 0.976562 0.050000 0.046875
0 0.490625 0.974609 0.050000 0.050781
0 0.562500 0.970703 0.050000 0.058594
0 0.643750 0.973633 0.050000 0.052734
0 0.425000 0.492188 0.050000 0.062500
0 0.885938 0.685547 0.050000 0.062500
0 0.859375 0.599609 0.050000 0.062500
0 0.904687 0.527344 0.050000 0.062500
0 0.909375 0.443359 0.050000 0.062500
0 0.907813 0.380859 0.050000 0.062500
0 0.842187 0.417969 0.050000 0.062500
0 0.840625 0.318359 0.050000 0.062500
0 0.846875 0.246094 0.050000 0.062500
0 0.907813 0.265625 0.050000 0.062500
0 0.977344 0.384766 0.045312 0.062500
0 0.982812 0.250000 0.034375 0.062500
0 0.978906 0.167969 0.042188 0.062500
0 0.909375 0.173828 0.050000 0.062500
0 0.837500 0.171875 0.050000 0.062500
0 0.842187 0.101562 0.050000 0.062500
0 0.840625 0.039062 0.050000 0.062500
0 0.909375 0.046875 0.050000 0.062500
0 0.981250 0.044922 0.037500 0.062500
0 0.983594 0.103516 0.032813 0.062500
0 0.698438 0.099609 0.050000 0.062500
0 0.976562 0.544922 0.046875 0.062500
0 0.273438 0.018555 0.050000 0.037109
0 0.035937 0.958984 0.050000 0.062500
0 0.082812 0.947266 0.050000 0.062500
