0 0.201563 0.082031 0.050000 0.062500
0 0.203125 0.164062 0.050000 0.062500
0 0.198437 0.224609 0.050000 0.062500
0 0.198437 0.373047 0.050000 0.062500
0 0.198437 0.486328 0.050000 0.062500
0 0.193750 0.603516 0.050000 0.062500
0 0.193750 0.718750 0.050000 0.062500
0 0.187500 0.800781 0.050000 0.062500
0 0.193750 0.923828 0.050000 0.062500
0 0.260937 0.979492 0.050000 0.041016
0 0.259375 0.900391 0.050000 0.062500
0 0.268750 0.796875 0.050000 0.062500
0 0.265625 0.716797 0.050000 0.062500
0 0.334375 0.979492 0.050000 0.041016
0 0.335938 0.894531 0.050000 0.062500
0 0.340625 0.791016 0.050000 0.062500
0 0.335938 0.736328 0.050000 0.062500
0 0.435937 0.617188 0.050000 0.062500
0 0.343750 0.625000 0.050000 0.062500
0 0.339062 0.552734 0.050000 0.062500
0 0.270313 0.566406 0.050000 0.062500
0 0.270313 0.488281 0.050000 0.062500
0 0.343750 0.447266 0.050000 0.062500
0 0.270313 0.412109 0.050000 0.062500
0 0.340625 0.310547 0.050000 0.062500
0 0.343750 0.363281 0.050000 0.062500
0 0.273438 0.253906 0.050000 0.062500
0 0.345313 0.224609 0.050000 0.062500
0 0.351562 0.177734 0.050000 0.062500
0 0.282813 0.199219 0.050000 0.062500
0 0.279687 0.125000 0.050000 0.062500
0 0.351562 0.091797 0.050000 0.062500
0 0.360938 0.041016 0.050000 0.062500
0 0.278125 0.024414 0.050000 0.048828
0 0.022656 0.466797 0.045312 0.062500
0 0.409375 0.018555 0.050000 0.037109
0 0.485938 0.019531 0.050000 0.039062
0 0.553125 0.024414 0.050000 0.048828
0 0.620313 0.029297 0.050000 0.058594
0 0.679688 0.031250 0.050000 0.062500
0 0.734375 0.031250 0.050000 0.062500
0 0.812500 0.046875 0.050000 0.062500
0 0.846875 0.089844 0.050000 0.062500
0 0.853125 0.148438 0.050000 0.062500
0 0.700000 0.216797 0.050000 0.062500
0 0.850000 0.207031 0.050000 0.062500
0 0.857812 0.277344 0.050000 0.062500
0 0.937500 0.020508 0.050000 0.041016
0 0.921875 0.091797 0.050000 0.062500
0 0.928125 0.150391 0.050000 0.062500
0 0.984375 0.076172 0.031250 0.062500
0 0.984375 0.146484 0.031250 0.062500
0 0.985156 0.205078 0.029687 0.062500
0 0.925000 0.267578 0.050000 0.062500
0 0.985938 0.283203 0.028125 0.062500
0 0.851562 0.345703 0.050000 0.062500
0 0.921875 0.369141 0.050000 0.062500
0 0.981250 0.351562 0.037500 0.062500
0 0.845313 0.419922 0.050000 0.062500
0 0.848437 0.513672 0.050000 0.062500
0 0.918750 0.478516 0.050000 0.062500
0 0.921875 0.537109 0.050000 0.062500
0 0.982031 0.490234 0.035937 0.062500
0 0.920312 0.589844 0.050000 0.062500
0 0.980469 0.656250 0.039062 0.062500
0 0.859375 0.699219 0.050000 0.062500
0 0.885938 0.794922 0.050000 0.062500
