0 0.068750 0.480469 0.050000 0.062500
0 0.325000 0.427734 0.050000 0.062500
0 0.323437 0.384766 0.050000 0.062500
0 0.321875 0.326172 0.050000 0.062500
0 0.326562 0.240234 0.050000 0.062500
0 0.321875 0.136719 0.050000 0.062500
0 0.331250 0.089844 0.050000 0.062500
0 0.315625 0.611328 0.050000 0.062500
0 0.315625 0.761719 0.050000 0.062500
0 0.318750 0.697266 0.050000 0.062500
0 0.320312 0.527344 0.050000 0.062500
0 0.317188 0.830078 0.050000 0.062500
0 0.315625 0.914062 0.050000 0.062500
0 0.317188 0.960938 0.050000 0.062500
0 0.248438 0.912109 0.050000 0.062500
0 0.228125 0.923828 0.050000 0.062500
0 0.243750 0.981445 0.050000 0.037109
0 0.223438 0.980469 0.050000 0.039062
0 0.393750 0.978516 0.050000 0.042969
0 0.457813 0.979492 0.050000 0.041016
0 0.526563 0.979492 0.050000 0.041016
0 0.587500 0.981445 0.050000 0.037109
0 0.642188 0.980469 0.050000 0.039062
0 0.693750 0.979492 0.050000 0.041016
0 0.684375 0.935547 0.050000 0.062500
0 0.635938 0.925781 0.050000 0.062500
0 0.584375 0.931641 0.050000 0.062500
0 0.528125 0.931641 0.050000 0.062500
0 0.476562 0.931641 0.050000 0.062500
0 0.417187 0.923828 0.050000 0.062500
0 0.362500 0.937500 0.050000 0.062500
0 0.357812 0.882812 0.050000 0.062500
0 0.368750 0.816406 0.050000 0.062500
0 0.407813 0.863281 0.050000 0.062500
0 0.417187 0.802734 0.050000 0.062500
0 0.414062 0.761719 0.050000 0.062500
0 0.364063 0.748047 0.050000 0.062500
0 0.409375 0.703125 0.050000 0.062500
0 0.412500 0.646484 0.050000 0.062500
0 0.481250 0.667969 0.050000 0.062500
0 0.414062 0.589844 0.050000 0.062500
0 0.371875 0.560547 0.050000 0.062500
0 0.414062 0.490234 0.050000 0.062500
0 0.368750 0.445312 0.050000 0.062500
0 0.371875 0.607422 0.050000 0.062500
0 0.365625 0.662109 0.050000 0.062500
0 0.423438 0.519531 0.050000 0.062500
0 0.417187 0.425781 0.050000 0.062500
0 0.415625 0.382812 0.050000 0.062500
0 0.423438 0.332031 0.050000 0.062500
0 0.425000 0.302734 0.050000 0.062500
0 0.429688 0.250000 0.050000 0.062500
0 0.379688 0.232422 0.050000 0.062500
0 0.373437 0.406250 0.050000 0.062500
0 0.375000 0.367188 0.050000 0.062500
0 0.376563 0.291016 0.050000 0.062500
0 0.381250 0.166016 0.050000 0.062500
0 0.409375 0.146484 0.050000 0.062500
0 0.365625 0.089844 0.050000 0.062500
0 0.414062 0.087891 0.050000 0.062500
0 0.451562 0.097656 0.050000 0.062500
0 0.201563 0.515625 0.050000 0.062500
0 0.148438 0.312500 0.050000 0.062500
0 0.164062 0.300781 0.050000 0.062500
0 0.015625 0.263672 0.031250 0.062500
0 0.021094 0.080078 0.042188 0.062500
0 0.145313 0.085938 0.050000 0.062500
0 0.178125 0.117188 0.050000 0.062500
0 0.201563 0.027344 0.050000 0.054688
0 0.275000 0.054688 0.050000 0.062500
0 0.450000 0.026367 0.050000 0.052734
0 0.564063 0.021484 0.050000 0.042969
0 0.467187 0.070312 0.050000 0.062500
0 0.904687 0.351562 0.050000 0.062500
0 0.921875 0.353516 0.050000 0.062500
0 0.975000 0.906250 0.050000 0.062500
0 0.975781 0.806641 0.048438 0.062500
0 0.804688 0.979492 0.050000 0.041016
0 0.826562 0.973633 0.050000 0.052734
0 0.815625 0.755859 0.050000 0.062500
0 0.801562 0.740234 0.050000 0.062500
0 0.776563 0.662109 0.050000 0.062500
0 0.762500 0.593750 0.050000 0.062500
0 0.845313 0.556641 0.050000 0.062500
0 0.790625 0.529297 0.050000 0.062500
0 0.793750 0.488281 0.050000 0.062500
0 0.743750 0.474609 0.050000 0.062500
0 0.790625 0.439453 0.050000 0.062500
0 0.845313 0.453125 0.050000 0.062500
0 0.750000 0.416016 0.050000 0.062500
0 0.628125 0.341797 0.050000 0.062500
0 0.757812 0.341797 0.050000 0.062500
0 0.465625 0.210938 0.050000 0.062500
0 0.493750 0.158203 0.050000 0.062500
0 0.489063 0.099609 0.050000 0.062500
0 0.526563 0.101562 0.050000 0.062500
0 0.576562 0.115234 0.050000 0.062500
0 0.607812 0.111328 0.050000 0.062500
0 0.637500 0.117188 0.050000 0.062500
0 0.689063 0.121094 0.050000 0.062500
0 0.729688 0.115234 0.050000 0.062500
0 0.771875 0.119141 0.050000 0.062500
0 0.798438 0.125000 0.050000 0.062500
0 0.821875 0.152344 0.050000 0.062500
0 0.853125 0.181641 0.050000 0.062500
0 0.846875 0.214844 0.050000 0.062500
0 0.850000 0.261719 0.050000 0.062500
0 0.846875 0.304688 0.050000 0.062500
0 0.851562 0.359375 0.050000 0.062500
0 0.509375 0.218750 0.050000 0.062500
0 0.521875 0.162109 0.050000 0.062500
0 0.587500 0.171875 0.050000 0.062500
0 0.614062 0.177734 0.050000 0.062500
0 0.637500 0.179688 0.050000 0.062500
0 0.679688 0.171875 0.050000 0.062500
0 0.560937 0.224609 0.050000 0.062500
0 0.593750 0.228516 0.050000 0.062500
0 0.634375 0.224609 0.050000 0.062500
0 0.692187 0.240234 0.050000 0.062500
0 0.728125 0.183594 0.050000 0.062500
0 0.781250 0.187500 0.050000 0.062500
0 0.796875 0.207031 0.050000 0.062500
0 0.806250 0.238281 0.050000 0.062500
0 0.804688 0.306641 0.050000 0.062500
0 0.796875 0.375000 0.050000 0.062500
0 0.756250 0.376953 0.050000 0.062500
0 0.751563 0.294922 0.050000 0.062500
0 0.751563 0.257812 0.050000 0.062500
0 0.731250 0.246094 0.050000 0.062500
