0 0.245312 0.921875 0.050000 0.062500
0 0.251563 0.906250 0.050000 0.062500
0 0.246875 0.979492 0.050000 0.041016
0 0.225000 0.979492 0.050000 0.041016
0 0.635938 0.333984 0.050000 0.062500
0 0.751563 0.367188 0.050000 0.062500
0 0.806250 0.359375 0.050000 0.062500
0 0.759375 0.324219 0.050000 0.062500
0 0.209375 0.513672 0.050000 0.062500
0 0.070312 0.466797 0.050000 0.062500
0 0.156250 0.312500 0.050000 0.062500
0 0.167187 0.296875 0.050000 0.062500
0 0.137500 0.263672 0.050000 0.062500
0 0.017969 0.253906 0.035937 0.062500
0 0.143750 0.072266 0.050000 0.062500
0 0.179688 0.115234 0.050000 0.062500
0 0.201563 0.026367 0.050000 0.052734
0 0.267188 0.058594 0.050000 0.062500
0 0.026562 0.080078 0.050000 0.062500
0 0.448437 0.021484 0.050000 0.042969
0 0.540625 0.021484 0.050000 0.042969
0 0.448437 0.050781 0.050000 0.062500
0 0.982812 0.880859 0.034375 0.062500
0 0.982812 0.759766 0.034375 0.062500
0 0.923438 0.343750 0.050000 0.062500
0 0.904687 0.341797 0.050000 0.062500
0 0.704688 0.980469 0.050000 0.039062
0 0.646875 0.978516 0.050000 0.042969
0 0.596875 0.978516 0.050000 0.042969
0 0.542188 0.977539 0.050000 0.044922
0 0.468750 0.973633 0.050000 0.052734
0 0.407813 0.974609 0.050000 0.050781
0 0.695312 0.927734 0.050000 0.062500
0 0.642188 0.927734 0.050000 0.062500
0 0.590625 0.927734 0.050000 0.062500
0 0.535937 0.927734 0.050000 0.062500
0 0.482812 0.927734 0.050000 0.062500
0 0.417187 0.927734 0.050000 0.062500
0 0.364063 0.941406 0.050000 0.062500
0 0.318750 0.955078 0.050000 0.062500
0 0.318750 0.908203 0.050000 0.062500
0 0.359375 0.884766 0.050000 0.062500
0 0.410938 0.861328 0.050000 0.062500
0 0.360938 0.810547 0.050000 0.062500
0 0.414062 0.800781 0.050000 0.062500
0 0.415625 0.761719 0.050000 0.062500
0 0.367188 0.751953 0.050000 0.062500
0 0.315625 0.765625 0.050000 0.062500
0 0.317188 0.701172 0.050000 0.062500
0 0.420312 0.699219 0.050000 0.062500
0 0.485938 0.666016 0.050000 0.062500
0 0.415625 0.650391 0.050000 0.062500
0 0.362500 0.652344 0.050000 0.062500
0 0.321875 0.619141 0.050000 0.062500
0 0.371875 0.605469 0.050000 0.062500
0 0.370312 0.564453 0.050000 0.062500
0 0.415625 0.583984 0.050000 0.062500
0 0.323437 0.531250 0.050000 0.062500
0 0.420312 0.482422 0.050000 0.062500
0 0.420312 0.519531 0.050000 0.062500
0 0.325000 0.435547 0.050000 0.062500
0 0.375000 0.443359 0.050000 0.062500
0 0.420312 0.429688 0.050000 0.062500
0 0.376563 0.408203 0.050000 0.062500
0 0.325000 0.392578 0.050000 0.062500
0 0.323437 0.335938 0.050000 0.062500
0 0.376563 0.369141 0.050000 0.062500
0 0.420312 0.382812 0.050000 0.062500
0 0.429688 0.330078 0.050000 0.062500
0 0.425000 0.298828 0.050000 0.062500
0 0.432812 0.253906 0.050000 0.062500
0 0.382812 0.234375 0.050000 0.062500
0 0.331250 0.244141 0.050000 0.062500
0 0.376563 0.283203 0.050000 0.062500
0 0.385937 0.169922 0.050000 0.062500
0 0.328125 0.140625 0.050000 0.062500
0 0.404687 0.148438 0.050000 0.062500
0 0.331250 0.093750 0.050000 0.062500
0 0.364063 0.080078 0.050000 0.062500
0 0.406250 0.085938 0.050000 0.062500
0 0.440625 0.085938 0.050000 0.062500
0 0.481250 0.091797 0.050000 0.062500
0 0.523438 0.095703 0.050000 0.062500
0 0.493750 0.146484 0.050000 0.062500
0 0.521875 0.154297 0.050000 0.062500
0 0.507812 0.210938 0.050000 0.062500
0 0.462500 0.207031 0.050000 0.062500
0 0.573438 0.105469 0.050000 0.062500
0 0.596875 0.105469 0.050000 0.062500
0 0.585938 0.166016 0.050000 0.062500
0 0.610938 0.169922 0.050000 0.062500
0 0.637500 0.169922 0.050000 0.062500
0 0.673438 0.166016 0.050000 0.062500
0 0.553125 0.216797 0.050000 0.062500
0 0.593750 0.214844 0.050000 0.062500
0 0.634375 0.220703 0.050000 0.062500
0 0.640625 0.107422 0.050000 0.062500
0 0.685937 0.113281 0.050000 0.062500
0 0.726562 0.113281 0.050000 0.062500
0 0.773438 0.121094 0.050000 0.062500
0 0.728125 0.179688 0.050000 0.062500
0 0.692187 0.228516 0.050000 0.062500
0 0.779687 0.179688 0.050000 0.062500
0 0.807813 0.123047 0.050000 0.062500
0 0.823438 0.142578 0.050000 0.062500
0 0.860938 0.166016 0.050000 0.062500
0 0.800000 0.201172 0.050000 0.062500
0 0.807813 0.232422 0.050000 0.062500
0 0.854688 0.203125 0.050000 0.062500
0 0.860938 0.240234 0.050000 0.062500
0 0.857812 0.281250 0.050000 0.062500
0 0.851562 0.335938 0.050000 0.062500
0 0.848437 0.435547 0.050000 0.062500
0 0.850000 0.542969 0.050000 0.062500
0 0.834375 0.933594 0.050000 0.062500
0 0.810937 0.939453 0.050000 0.062500
0 0.812500 0.767578 0.050000 0.062500
0 0.793750 0.759766 0.050000 0.062500
0 0.776563 0.644531 0.050000 0.062500
0 0.759375 0.576172 0.050000 0.062500
0 0.753125 0.404297 0.050000 0.062500
0 0.750000 0.466797 0.050000 0.062500
0 0.796875 0.472656 0.050000 0.062500
0 0.804688 0.427734 0.050000 0.062500
0 0.796875 0.523438 0.050000 0.062500
0 0.748437 0.240234 0.050000 0.062500
0 0.721875 0.238281 0.050000 0.062500
0 0.759375 0.279297 0.050000 0.062500
0 0.803125 0.294922 0.050000 0.062500
