0 0.225000 0.572266 0.050000 0.062500
0 0.267188 0.550781 0.050000 0.062500
0 0.284375 0.546875 0.050000 0.062500
0 0.410938 0.666016 0.050000 0.062500
0 0.385937 0.832031 0.050000 0.062500
0 0.495312 0.597656 0.050000 0.062500
0 0.506250 0.414062 0.050000 0.062500
0 0.525000 0.443359 0.050000 0.062500
0 0.404687 0.328125 0.050000 0.062500
0 0.493750 0.214844 0.050000 0.062500
0 0.471875 0.146484 0.050000 0.062500
0 0.606250 0.179688 0.050000 0.062500
0 0.693750 0.080078 0.050000 0.062500
0 0.753125 0.248047 0.050000 0.062500
0 0.721875 0.281250 0.050000 0.062500
0 0.731250 0.285156 0.050000 0.062500
0 0.717187 0.353516 0.050000 0.062500
0 0.732812 0.404297 0.050000 0.062500
0 0.798438 0.503906 0.050000 0.062500
0 0.726562 0.732422 0.050000 0.062500
0 0.704688 0.794922 0.050000 0.062500
0 0.732812 0.820312 0.050000 0.062500
0 0.603125 0.544922 0.050000 0.062500
0 0.968750 0.468750 0.050000 0.062500
0 0.975000 0.500000 0.050000 0.062500
0 0.980469 0.457031 0.039062 0.062500
0 0.980469 0.250000 0.039062 0.062500
0 0.817187 0.121094 0.050000 0.062500
0 0.856250 0.029297 0.050000 0.058594
0 0.418750 0.496094 0.050000 0.062500
0 0.542188 0.767578 0.050000 0.062500
0 0.554688 0.783203 0.050000 0.062500
0 0.825000 0.796875 0.050000 0.062500
0 0.840625 0.806641 0.050000 0.062500
0 0.884375 0.763672 0.050000 0.062500
0 0.980469 0.973633 0.039062 0.052734
0 0.893750 0.979492 0.050000 0.041016
0 0.726562 0.978516 0.050000 0.042969
0 0.682813 0.977539 0.050000 0.044922
0 0.656250 0.977539 0.050000 0.044922
0 0.604688 0.977539 0.050000 0.044922
0 0.534375 0.975586 0.050000 0.048828
0 0.457813 0.975586 0.050000 0.048828
0 0.410938 0.975586 0.050000 0.048828
0 0.378125 0.973633 0.050000 0.052734
0 0.218750 0.972656 0.050000 0.054688
0 0.056250 0.869141 0.050000 0.062500
0 0.075000 0.880859 0.050000 0.062500
0 0.045312 0.884766 0.050000 0.062500
0 0.014844 0.845703 0.029687 0.062500
0 0.017969 0.873047 0.035937 0.062500
0 0.595313 0.574219 0.050000 0.062500
0 0.289062 0.972656 0.050000 0.054688
0 0.151562 0.969727 0.050000 0.060547
0 0.090625 0.968750 0.050000 0.062500
0 0.043750 0.964844 0.050000 0.062500
0 0.734375 0.597656 0.050000 0.062500
0 0.746875 0.585938 0.050000 0.062500
0 0.735938 0.572266 0.050000 0.062500
0 0.360938 0.265625 0.050000 0.062500
0 0.193750 0.265625 0.050000 0.062500
0 0.142187 0.234375 0.050000 0.062500
0 0.106250 0.402344 0.050000 0.062500
0 0.073438 0.355469 0.050000 0.062500
0 0.134375 0.349609 0.050000 0.062500
0 0.120313 0.330078 0.050000 0.062500
0 0.115625 0.296875 0.050000 0.062500
0 0.100000 0.298828 0.050000 0.062500
0 0.182812 0.341797 0.050000 0.062500
0 0.232813 0.337891 0.050000 0.062500
0 0.239063 0.279297 0.050000 0.062500
0 0.231250 0.248047 0.050000 0.062500
0 0.289062 0.216797 0.050000 0.062500
0 0.118750 0.037109 0.050000 0.062500
0 0.162500 0.037109 0.050000 0.062500
0 0.209375 0.035156 0.050000 0.062500
0 0.251563 0.035156 0.050000 0.062500
0 0.296875 0.035156 0.050000 0.062500
0 0.337500 0.037109 0.050000 0.062500
0 0.376563 0.058594 0.050000 0.062500
0 0.254688 0.093750 0.050000 0.062500
0 0.204687 0.095703 0.050000 0.062500
0 0.159375 0.099609 0.050000 0.062500
0 0.114062 0.087891 0.050000 0.062500
0 0.070312 0.072266 0.050000 0.062500
0 0.109375 0.160156 0.050000 0.062500
0 0.059375 0.162109 0.050000 0.062500
0 0.107813 0.226562 0.050000 0.062500
0 0.179688 0.197266 0.050000 0.062500
0 0.151562 0.164062 0.050000 0.062500
0 0.179688 0.152344 0.050000 0.062500
0 0.210938 0.136719 0.050000 0.062500
0 0.246875 0.144531 0.050000 0.062500
0 0.243750 0.212891 0.050000 0.062500
0 0.204687 0.220703 0.050000 0.062500
0 0.290625 0.146484 0.050000 0.062500
0 0.325000 0.193359 0.050000 0.062500
0 0.315625 0.107422 0.050000 0.062500
0 0.356250 0.130859 0.050000 0.062500
0 0.371875 0.148438 0.050000 0.062500
0 0.370312 0.207031 0.050000 0.062500
0 0.323437 0.281250 0.050000 0.062500
0 0.289062 0.265625 0.050000 0.062500
0 0.334375 0.121094 0.050000 0.062500
0 0.081250 0.029297 0.050000 0.058594
0 0.037500 0.020508 0.050000 0.041016
0 0.025000 0.097656 0.050000 0.062500
0 0.985938 0.847656 0.028125 0.062500
