0 0.412500 0.673828 0.050000 0.062500
0 0.523438 0.425781 0.050000 0.062500
0 0.721875 0.734375 0.050000 0.062500
0 0.703125 0.804688 0.050000 0.062500
0 0.740625 0.832031 0.050000 0.062500
0 0.550000 0.781250 0.050000 0.062500
0 0.385937 0.837891 0.050000 0.062500
0 0.284375 0.552734 0.050000 0.062500
0 0.270313 0.542969 0.050000 0.062500
0 0.223438 0.583984 0.050000 0.062500
0 0.414062 0.503906 0.050000 0.062500
0 0.400000 0.335938 0.050000 0.062500
0 0.501563 0.212891 0.050000 0.062500
0 0.470313 0.152344 0.050000 0.062500
0 0.603125 0.187500 0.050000 0.062500
0 0.684375 0.085938 0.050000 0.062500
0 0.703125 0.083984 0.050000 0.062500
0 0.748437 0.248047 0.050000 0.062500
0 0.821875 0.125000 0.050000 0.062500
0 0.851562 0.030273 0.050000 0.060547
0 0.968750 0.255859 0.050000 0.062500
0 0.968750 0.472656 0.050000 0.062500
0 0.968750 0.509766 0.050000 0.062500
0 0.731250 0.603516 0.050000 0.062500
0 0.735938 0.580078 0.050000 0.062500
0 0.748437 0.595703 0.050000 0.062500
0 0.618750 0.562500 0.050000 0.062500
0 0.601562 0.570312 0.050000 0.062500
0 0.678125 0.451172 0.050000 0.062500
0 0.715625 0.361328 0.050000 0.062500
0 0.715625 0.285156 0.050000 0.062500
0 0.729688 0.292969 0.050000 0.062500
0 0.206250 0.974609 0.050000 0.050781
0 0.090625 0.964844 0.050000 0.062500
0 0.978125 0.975586 0.043750 0.048828
0 0.885938 0.773438 0.050000 0.062500
0 0.850000 0.802734 0.050000 0.062500
0 0.829688 0.806641 0.050000 0.062500
0 0.789062 0.979492 0.050000 0.041016
0 0.771875 0.981445 0.050000 0.037109
0 0.723437 0.980469 0.050000 0.039062
0 0.645312 0.978516 0.050000 0.042969
0 0.521875 0.978516 0.050000 0.042969
0 0.367188 0.977539 0.050000 0.044922
0 0.398438 0.978516 0.050000 0.042969
0 0.279687 0.975586 0.050000 0.048828
0 0.448437 0.978516 0.050000 0.042969
0 0.490625 0.980469 0.050000 0.039062
0 0.598437 0.978516 0.050000 0.042969
0 0.050000 0.966797 0.050000 0.062500
0 0.032813 0.975586 0.050000 0.048828
0 0.145313 0.974609 0.050000 0.050781
0 0.071875 0.880859 0.050000 0.062500
0 0.059375 0.873047 0.050000 0.062500
0 0.014063 0.849609 0.028125 0.062500
0 0.013281 0.875000 0.026562 0.062500
0 0.104688 0.406250 0.050000 0.062500
0 0.068750 0.359375 0.050000 0.062500
0 0.129688 0.341797 0.050000 0.062500
0 0.139063 0.359375 0.050000 0.062500
0 0.185938 0.341797 0.050000 0.062500
0 0.235937 0.341797 0.050000 0.062500
0 0.107813 0.298828 0.050000 0.062500
0 0.192188 0.273438 0.050000 0.062500
0 0.145313 0.236328 0.050000 0.062500
0 0.112500 0.228516 0.050000 0.062500
0 0.235937 0.279297 0.050000 0.062500
0 0.285938 0.273438 0.050000 0.062500
0 0.328125 0.277344 0.050000 0.062500
0 0.364063 0.273438 0.050000 0.062500
0 0.365625 0.207031 0.050000 0.062500
0 0.290625 0.224609 0.050000 0.062500
0 0.334375 0.193359 0.050000 0.062500
0 0.376563 0.144531 0.050000 0.062500
0 0.229687 0.253906 0.050000 0.062500
0 0.242188 0.220703 0.050000 0.062500
0 0.207813 0.224609 0.050000 0.062500
0 0.175000 0.199219 0.050000 0.062500
0 0.290625 0.146484 0.050000 0.062500
0 0.315625 0.117188 0.050000 0.062500
0 0.339062 0.123047 0.050000 0.062500
0 0.375000 0.060547 0.050000 0.062500
0 0.256250 0.095703 0.050000 0.062500
0 0.251563 0.146484 0.050000 0.062500
0 0.206250 0.142578 0.050000 0.062500
0 0.181250 0.160156 0.050000 0.062500
0 0.154688 0.166016 0.050000 0.062500
0 0.112500 0.162109 0.050000 0.062500
0 0.062500 0.166016 0.050000 0.062500
0 0.110937 0.087891 0.050000 0.062500
0 0.156250 0.107422 0.050000 0.062500
0 0.203125 0.097656 0.050000 0.062500
0 0.289062 0.101562 0.050000 0.062500
0 0.292187 0.033203 0.050000 0.062500
0 0.254688 0.031250 0.050000 0.062500
0 0.206250 0.033203 0.050000 0.062500
0 0.159375 0.041016 0.050000 0.062500
0 0.354687 0.130859 0.050000 0.062500
0 0.331250 0.042969 0.050000 0.062500
0 0.393750 0.042969 0.050000 0.062500
0 0.123438 0.304688 0.050000 0.062500
0 0.026562 0.099609 0.050000 0.062500
0 0.071875 0.074219 0.050000 0.062500
0 0.053125 0.070312 0.050000 0.062500
0 0.115625 0.035156 0.050000 0.062500
0 0.082812 0.031250 0.050000 0.062500
0 0.029687 0.022461 0.050000 0.044922
0 0.045312 0.888672 0.050000 0.062500
