0 0.175000 0.425781 0.050000 0.062500
0 0.289062 0.595703 0.050000 0.062500
0 0.239063 0.744141 0.050000 0.062500
0 0.162500 0.894531 0.050000 0.062500
0 0.137500 0.882812 0.050000 0.062500
0 0.479687 0.429688 0.050000 0.062500
0 0.700000 0.732422 0.050000 0.062500
0 0.692187 0.800781 0.050000 0.062500
0 0.935937 0.425781 0.050000 0.062500
0 0.829688 0.977539 0.050000 0.044922
0 0.682813 0.195312 0.050000 0.062500
0 0.262500 0.109375 0.050000 0.062500
0 0.903125 0.355469 0.050000 0.062500
0 0.306250 0.021484 0.050000 0.042969
0 0.759375 0.085938 0.050000 0.062500
