0 0.973437 0.835938 0.050000 0.062500
0 0.753125 0.820312 0.050000 0.062500
0 0.692187 0.792969 0.050000 0.062500
0 0.721875 0.587891 0.050000 0.062500
0 0.943750 0.511719 0.050000 0.062500
0 0.942187 0.476562 0.050000 0.062500
0 0.964063 0.464844 0.050000 0.062500
0 0.635938 0.609375 0.050000 0.062500
0 0.543750 0.419922 0.050000 0.062500
0 0.714063 0.419922 0.050000 0.062500
0 0.746875 0.406250 0.050000 0.062500
0 0.729688 0.265625 0.050000 0.062500
0 0.696875 0.369141 0.050000 0.062500
0 0.707812 0.361328 0.050000 0.062500
0 0.717187 0.353516 0.050000 0.062500
0 0.715625 0.332031 0.050000 0.062500
0 0.418750 0.652344 0.050000 0.062500
0 0.304688 0.544922 0.050000 0.062500
0 0.264062 0.576172 0.050000 0.062500
0 0.415625 0.501953 0.050000 0.062500
0 0.406250 0.343750 0.050000 0.062500
0 0.367188 0.279297 0.050000 0.062500
0 0.375000 0.234375 0.050000 0.062500
0 0.375000 0.173828 0.050000 0.062500
0 0.337500 0.214844 0.050000 0.062500
0 0.303125 0.242188 0.050000 0.062500
0 0.303125 0.281250 0.050000 0.062500
0 0.248438 0.353516 0.050000 0.062500
0 0.253125 0.294922 0.050000 0.062500
0 0.204687 0.349609 0.050000 0.062500
0 0.126562 0.414062 0.050000 0.062500
0 0.017188 0.568359 0.034375 0.062500
0 0.770312 0.947266 0.050000 0.062500
0 0.700000 0.972656 0.050000 0.054688
0 0.679688 0.975586 0.050000 0.048828
0 0.603125 0.970703 0.050000 0.058594
0 0.559375 0.966797 0.050000 0.062500
0 0.492188 0.962891 0.050000 0.062500
0 0.414062 0.960938 0.050000 0.062500
0 0.376563 0.962891 0.050000 0.062500
0 0.339062 0.962891 0.050000 0.062500
0 0.259375 0.953125 0.050000 0.062500
0 0.195312 0.955078 0.050000 0.062500
0 0.185938 0.978516 0.050000 0.042969
0 0.101562 0.979492 0.050000 0.041016
0 0.059375 0.977539 0.050000 0.044922
0 0.085938 0.933594 0.050000 0.062500
0 0.051562 0.939453 0.050000 0.062500
0 0.079687 0.855469 0.050000 0.062500
0 0.096875 0.873047 0.050000 0.062500
0 0.068750 0.867188 0.050000 0.062500
0 0.978906 0.977539 0.042188 0.044922
0 0.387500 0.822266 0.050000 0.062500
0 0.539062 0.759766 0.050000 0.062500
0 0.554688 0.771484 0.050000 0.062500
0 0.820312 0.773438 0.050000 0.062500
0 0.865625 0.767578 0.050000 0.062500
0 0.714063 0.722656 0.050000 0.062500
0 0.592187 0.556641 0.050000 0.062500
0 0.885938 0.275391 0.050000 0.062500
0 0.803125 0.148438 0.050000 0.062500
0 0.785937 0.058594 0.050000 0.062500
0 0.689063 0.111328 0.050000 0.062500
0 0.673438 0.109375 0.050000 0.062500
0 0.521875 0.046875 0.050000 0.062500
0 0.506250 0.054688 0.050000 0.062500
0 0.135937 0.951172 0.050000 0.062500
0 0.635938 0.969727 0.050000 0.060547
0 0.968750 0.977539 0.050000 0.044922
0 0.959375 0.962891 0.050000 0.062500
0 0.024219 0.873047 0.048438 0.062500
0 0.032813 0.859375 0.050000 0.062500
0 0.014063 0.873047 0.028125 0.062500
0 0.034375 0.830078 0.050000 0.062500
0 0.015625 0.839844 0.031250 0.062500
0 0.020313 0.826172 0.040625 0.062500
0 0.245312 0.591797 0.050000 0.062500
0 0.204687 0.285156 0.050000 0.062500
0 0.162500 0.357422 0.050000 0.062500
0 0.135937 0.357422 0.050000 0.062500
0 0.096875 0.371094 0.050000 0.062500
0 0.162500 0.259766 0.050000 0.062500
0 0.128125 0.244141 0.050000 0.062500
0 0.193750 0.220703 0.050000 0.062500
0 0.256250 0.234375 0.050000 0.062500
0 0.243750 0.267578 0.050000 0.062500
0 0.301563 0.173828 0.050000 0.062500
0 0.264062 0.167969 0.050000 0.062500
0 0.223438 0.164062 0.050000 0.062500
0 0.204687 0.181641 0.050000 0.062500
0 0.168750 0.189453 0.050000 0.062500
0 0.134375 0.181641 0.050000 0.062500
0 0.387500 0.024414 0.050000 0.048828
0 0.379688 0.087891 0.050000 0.062500
0 0.246875 0.029297 0.050000 0.058594
0 0.225000 0.060547 0.050000 0.062500
0 0.264062 0.068359 0.050000 0.062500
0 0.306250 0.066406 0.050000 0.062500
0 0.267188 0.121094 0.050000 0.062500
0 0.223438 0.238281 0.050000 0.062500
0 0.123438 0.314453 0.050000 0.062500
0 0.137500 0.310547 0.050000 0.062500
0 0.021875 0.273438 0.043750 0.062500
0 0.023438 0.068359 0.046875 0.062500
0 0.057813 0.039062 0.050000 0.062500
0 0.053125 0.126953 0.050000 0.062500
0 0.090625 0.103516 0.050000 0.062500
0 0.103125 0.052734 0.050000 0.062500
0 0.081250 0.187500 0.050000 0.062500
0 0.131250 0.113281 0.050000 0.062500
0 0.140625 0.062500 0.050000 0.062500
0 0.182812 0.066406 0.050000 0.062500
0 0.175000 0.130859 0.050000 0.062500
0 0.218750 0.126953 0.050000 0.062500
0 0.986719 0.275391 0.026562 0.062500
0 0.329688 0.298828 0.050000 0.062500
0 0.300000 0.126953 0.050000 0.062500
0 0.323437 0.132812 0.050000 0.062500
0 0.343750 0.142578 0.050000 0.062500
0 0.360938 0.154297 0.050000 0.062500
0 0.185938 0.017578 0.050000 0.035156
0 0.228125 0.015625 0.050000 0.031250
0 0.343750 0.064453 0.050000 0.062500
