0 0.014844 0.876953 0.029687 0.062500
0 0.035937 0.853516 0.050000 0.062500
0 0.037500 0.828125 0.050000 0.062500
0 0.023438 0.818359 0.046875 0.062500
0 0.019531 0.833984 0.039062 0.062500
0 0.226562 0.240234 0.050000 0.062500
0 0.420312 0.644531 0.050000 0.062500
0 0.304688 0.546875 0.050000 0.062500
0 0.264062 0.574219 0.050000 0.062500
0 0.239063 0.599609 0.050000 0.062500
0 0.395313 0.812500 0.050000 0.062500
0 0.645312 0.621094 0.050000 0.062500
0 0.556250 0.419922 0.050000 0.062500
0 0.303125 0.283203 0.050000 0.062500
0 0.306250 0.238281 0.050000 0.062500
0 0.340625 0.214844 0.050000 0.062500
0 0.307812 0.173828 0.050000 0.062500
0 0.329688 0.136719 0.050000 0.062500
0 0.415625 0.347656 0.050000 0.062500
0 0.376563 0.279297 0.050000 0.062500
0 0.382812 0.232422 0.050000 0.062500
0 0.382812 0.169922 0.050000 0.062500
0 0.592187 0.550781 0.050000 0.062500
0 0.723437 0.585938 0.050000 0.062500
0 0.715625 0.718750 0.050000 0.062500
0 0.698438 0.787109 0.050000 0.062500
0 0.764062 0.816406 0.050000 0.062500
0 0.815625 0.777344 0.050000 0.062500
0 0.864062 0.755859 0.050000 0.062500
0 0.975000 0.830078 0.050000 0.062500
0 0.964063 0.962891 0.050000 0.062500
0 0.971875 0.975586 0.050000 0.048828
0 0.942187 0.509766 0.050000 0.062500
0 0.943750 0.478516 0.050000 0.062500
0 0.965625 0.462891 0.050000 0.062500
0 0.735938 0.412109 0.050000 0.062500
0 0.732812 0.263672 0.050000 0.062500
0 0.803125 0.146484 0.050000 0.062500
0 0.785937 0.060547 0.050000 0.062500
0 0.692187 0.111328 0.050000 0.062500
0 0.675000 0.115234 0.050000 0.062500
0 0.523438 0.064453 0.050000 0.062500
0 0.507812 0.072266 0.050000 0.062500
0 0.390625 0.023438 0.050000 0.046875
0 0.415625 0.494141 0.050000 0.062500
0 0.206250 0.347656 0.050000 0.062500
0 0.167187 0.357422 0.050000 0.062500
0 0.143750 0.351562 0.050000 0.062500
0 0.131250 0.410156 0.050000 0.062500
0 0.550000 0.763672 0.050000 0.062500
0 0.257812 0.353516 0.050000 0.062500
0 0.256250 0.292969 0.050000 0.062500
0 0.257812 0.232422 0.050000 0.062500
0 0.268750 0.173828 0.050000 0.062500
0 0.267188 0.126953 0.050000 0.062500
0 0.306250 0.126953 0.050000 0.062500
0 0.309375 0.066406 0.050000 0.062500
0 0.270313 0.066406 0.050000 0.062500
0 0.235937 0.066406 0.050000 0.062500
0 0.253125 0.029297 0.050000 0.058594
0 0.225000 0.119141 0.050000 0.062500
0 0.231250 0.166016 0.050000 0.062500
0 0.203125 0.185547 0.050000 0.062500
0 0.201563 0.222656 0.050000 0.062500
0 0.207813 0.287109 0.050000 0.062500
0 0.167187 0.255859 0.050000 0.062500
0 0.140625 0.314453 0.050000 0.062500
0 0.134375 0.242188 0.050000 0.062500
0 0.134375 0.185547 0.050000 0.062500
0 0.170313 0.187500 0.050000 0.062500
0 0.175000 0.132812 0.050000 0.062500
0 0.139063 0.119141 0.050000 0.062500
0 0.137500 0.068359 0.050000 0.062500
0 0.187500 0.064453 0.050000 0.062500
0 0.334375 0.291016 0.050000 0.062500
0 0.348438 0.066406 0.050000 0.062500
0 0.868750 0.273438 0.050000 0.062500
0 0.980469 0.261719 0.039062 0.062500
0 0.696875 0.369141 0.050000 0.062500
0 0.710938 0.357422 0.050000 0.062500
0 0.726562 0.355469 0.050000 0.062500
0 0.770312 0.947266 0.050000 0.062500
0 0.698438 0.971680 0.050000 0.056641
0 0.684375 0.971680 0.050000 0.056641
0 0.634375 0.964844 0.050000 0.062500
0 0.604688 0.964844 0.050000 0.062500
0 0.557813 0.960938 0.050000 0.062500
0 0.485938 0.958984 0.050000 0.062500
0 0.410938 0.964844 0.050000 0.062500
0 0.376563 0.962891 0.050000 0.062500
0 0.342187 0.958984 0.050000 0.062500
0 0.254688 0.953125 0.050000 0.062500
0 0.192188 0.947266 0.050000 0.062500
0 0.106250 0.976562 0.050000 0.046875
0 0.121875 0.943359 0.050000 0.062500
0 0.087500 0.941406 0.050000 0.062500
0 0.046875 0.935547 0.050000 0.062500
0 0.070312 0.978516 0.050000 0.042969
0 0.032813 0.958984 0.050000 0.062500
0 0.015625 0.955078 0.031250 0.062500
0 0.075000 0.865234 0.050000 0.062500
0 0.087500 0.853516 0.050000 0.062500
0 0.101562 0.873047 0.050000 0.062500
0 0.021875 0.564453 0.043750 0.062500
0 0.026562 0.287109 0.050000 0.062500
0 0.101562 0.369141 0.050000 0.062500
0 0.350000 0.146484 0.050000 0.062500
0 0.365625 0.154297 0.050000 0.062500
0 0.060937 0.130859 0.050000 0.062500
0 0.090625 0.187500 0.050000 0.062500
0 0.093750 0.105469 0.050000 0.062500
0 0.104688 0.046875 0.050000 0.062500
0 0.070312 0.035156 0.050000 0.062500
0 0.029687 0.052734 0.050000 0.062500
0 0.189062 0.015625 0.050000 0.031250
0 0.228125 0.016602 0.050000 0.033203
