0 0.264062 0.578125 0.050000 0.062500
0 0.307812 0.542969 0.050000 0.062500
0 0.420312 0.644531 0.050000 0.062500
0 0.395313 0.812500 0.050000 0.062500
0 0.498437 0.589844 0.050000 0.062500
0 0.417187 0.490234 0.050000 0.062500
0 0.562500 0.406250 0.050000 0.062500
0 0.426563 0.335938 0.050000 0.062500
0 0.585938 0.531250 0.050000 0.062500
0 0.693750 0.111328 0.050000 0.062500
0 0.675000 0.113281 0.050000 0.062500
0 0.781250 0.060547 0.050000 0.062500
0 0.834375 0.060547 0.050000 0.062500
0 0.807813 0.146484 0.050000 0.062500
0 0.734375 0.267578 0.050000 0.062500
0 0.867188 0.267578 0.050000 0.062500
0 0.978906 0.250000 0.042188 0.062500
0 0.950000 0.472656 0.050000 0.062500
0 0.946875 0.509766 0.050000 0.062500
0 0.968750 0.462891 0.050000 0.062500
0 0.976562 0.832031 0.046875 0.062500
0 0.960938 0.957031 0.050000 0.062500
0 0.977344 0.974609 0.045312 0.050781
0 0.775000 0.931641 0.050000 0.062500
0 0.764062 0.812500 0.050000 0.062500
0 0.807813 0.779297 0.050000 0.062500
0 0.718750 0.718750 0.050000 0.062500
0 0.700000 0.785156 0.050000 0.062500
0 0.732812 0.595703 0.050000 0.062500
0 0.726562 0.574219 0.050000 0.062500
0 0.732812 0.417969 0.050000 0.062500
0 0.700000 0.369141 0.050000 0.062500
0 0.718750 0.361328 0.050000 0.062500
0 0.606250 0.207031 0.050000 0.062500
0 0.525000 0.072266 0.050000 0.062500
0 0.510938 0.076172 0.050000 0.062500
0 0.548438 0.755859 0.050000 0.062500
0 0.696875 0.966797 0.050000 0.062500
0 0.678125 0.966797 0.050000 0.062500
0 0.703125 0.978516 0.050000 0.042969
0 0.631250 0.962891 0.050000 0.062500
0 0.603125 0.962891 0.050000 0.062500
0 0.560937 0.955078 0.050000 0.062500
0 0.492188 0.955078 0.050000 0.062500
0 0.376563 0.949219 0.050000 0.062500
0 0.345313 0.951172 0.050000 0.062500
0 0.256250 0.947266 0.050000 0.062500
0 0.196875 0.945312 0.050000 0.062500
0 0.103125 0.867188 0.050000 0.062500
0 0.090625 0.849609 0.050000 0.062500
0 0.075000 0.867188 0.050000 0.062500
0 0.021875 0.570312 0.043750 0.062500
0 0.031250 0.300781 0.050000 0.062500
0 0.012500 0.300781 0.025000 0.062500
0 0.037500 0.037109 0.050000 0.062500
0 0.070312 0.035156 0.050000 0.062500
0 0.060937 0.125000 0.050000 0.062500
0 0.092188 0.183594 0.050000 0.062500
0 0.096875 0.099609 0.050000 0.062500
0 0.110937 0.048828 0.050000 0.062500
0 0.142187 0.060547 0.050000 0.062500
0 0.139063 0.107422 0.050000 0.062500
0 0.140625 0.181641 0.050000 0.062500
0 0.135937 0.240234 0.050000 0.062500
0 0.139063 0.310547 0.050000 0.062500
0 0.148438 0.341797 0.050000 0.062500
0 0.107813 0.365234 0.050000 0.062500
0 0.134375 0.414062 0.050000 0.062500
0 0.170313 0.353516 0.050000 0.062500
0 0.209375 0.345703 0.050000 0.062500
0 0.260937 0.343750 0.050000 0.062500
0 0.284375 0.320312 0.050000 0.062500
0 0.301563 0.279297 0.050000 0.062500
0 0.340625 0.292969 0.050000 0.062500
0 0.373437 0.277344 0.050000 0.062500
0 0.379688 0.230469 0.050000 0.062500
0 0.340625 0.212891 0.050000 0.062500
0 0.303125 0.246094 0.050000 0.062500
0 0.306250 0.166016 0.050000 0.062500
0 0.384375 0.173828 0.050000 0.062500
0 0.365625 0.146484 0.050000 0.062500
0 0.350000 0.140625 0.050000 0.062500
0 0.331250 0.140625 0.050000 0.062500
0 0.387500 0.082031 0.050000 0.062500
0 0.390625 0.020508 0.050000 0.041016
0 0.259375 0.287109 0.050000 0.062500
0 0.210938 0.281250 0.050000 0.062500
0 0.257812 0.232422 0.050000 0.062500
0 0.232813 0.240234 0.050000 0.062500
0 0.170313 0.250000 0.050000 0.062500
0 0.204687 0.214844 0.050000 0.062500
0 0.206250 0.179688 0.050000 0.062500
0 0.178125 0.183594 0.050000 0.062500
0 0.231250 0.166016 0.050000 0.062500
0 0.271875 0.173828 0.050000 0.062500
0 0.304688 0.130859 0.050000 0.062500
0 0.275000 0.119141 0.050000 0.062500
0 0.231250 0.125000 0.050000 0.062500
0 0.178125 0.132812 0.050000 0.062500
0 0.184375 0.060547 0.050000 0.062500
0 0.231250 0.054688 0.050000 0.062500
0 0.270313 0.058594 0.050000 0.062500
0 0.320312 0.062500 0.050000 0.062500
0 0.251563 0.028320 0.050000 0.056641
0 0.235937 0.591797 0.050000 0.062500
0 0.101562 0.978516 0.050000 0.042969
0 0.065625 0.974609 0.050000 0.050781
0 0.085938 0.929688 0.050000 0.062500
0 0.048438 0.927734 0.050000 0.062500
0 0.016406 0.951172 0.032813 0.062500
0 0.017188 0.873047 0.034375 0.062500
0 0.040625 0.859375 0.050000 0.062500
0 0.021094 0.835938 0.042188 0.062500
0 0.026562 0.814453 0.050000 0.062500
0 0.040625 0.830078 0.050000 0.062500
0 0.871875 0.751953 0.050000 0.062500
0 0.653125 0.626953 0.050000 0.062500
0 0.560937 0.767578 0.050000 0.062500
0 0.404687 0.066406 0.050000 0.062500
0 0.134375 0.939453 0.050000 0.062500
0 0.193750 0.980469 0.050000 0.039062
