0 0.034375 0.031250 0.050000 0.062500
0 0.059375 0.123047 0.050000 0.062500
0 0.064062 0.035156 0.050000 0.062500
0 0.107813 0.048828 0.050000 0.062500
0 0.098437 0.101562 0.050000 0.062500
0 0.089063 0.181641 0.050000 0.062500
0 0.139063 0.183594 0.050000 0.062500
0 0.140625 0.105469 0.050000 0.062500
0 0.145313 0.058594 0.050000 0.062500
0 0.189062 0.066406 0.050000 0.062500
0 0.235937 0.068359 0.050000 0.062500
0 0.279687 0.062500 0.050000 0.062500
0 0.317188 0.060547 0.050000 0.062500
0 0.182812 0.132812 0.050000 0.062500
0 0.171875 0.185547 0.050000 0.062500
0 0.209375 0.175781 0.050000 0.062500
0 0.228125 0.121094 0.050000 0.062500
0 0.268750 0.117188 0.050000 0.062500
0 0.301563 0.125000 0.050000 0.062500
0 0.328125 0.136719 0.050000 0.062500
0 0.348438 0.144531 0.050000 0.062500
0 0.371875 0.154297 0.050000 0.062500
0 0.385937 0.082031 0.050000 0.062500
0 0.387500 0.171875 0.050000 0.062500
0 0.381250 0.230469 0.050000 0.062500
0 0.376563 0.275391 0.050000 0.062500
0 0.339062 0.289062 0.050000 0.062500
0 0.343750 0.212891 0.050000 0.062500
0 0.306250 0.171875 0.050000 0.062500
0 0.275000 0.173828 0.050000 0.062500
0 0.235937 0.164062 0.050000 0.062500
0 0.204687 0.216797 0.050000 0.062500
0 0.170313 0.257812 0.050000 0.062500
0 0.135937 0.240234 0.050000 0.062500
0 0.028125 0.312500 0.050000 0.062500
0 0.014844 0.300781 0.029687 0.062500
0 0.134375 0.306641 0.050000 0.062500
0 0.107813 0.375000 0.050000 0.062500
0 0.145313 0.341797 0.050000 0.062500
0 0.170313 0.353516 0.050000 0.062500
0 0.135937 0.408203 0.050000 0.062500
0 0.209375 0.343750 0.050000 0.062500
0 0.215625 0.279297 0.050000 0.062500
0 0.231250 0.240234 0.050000 0.062500
0 0.264062 0.226562 0.050000 0.062500
0 0.257812 0.265625 0.050000 0.062500
0 0.304688 0.240234 0.050000 0.062500
0 0.309375 0.281250 0.050000 0.062500
0 0.264062 0.294922 0.050000 0.062500
0 0.267188 0.355469 0.050000 0.062500
0 0.415625 0.341797 0.050000 0.062500
0 0.521875 0.083984 0.050000 0.062500
0 0.510938 0.089844 0.050000 0.062500
0 0.392188 0.021484 0.050000 0.042969
0 0.307812 0.541016 0.050000 0.062500
0 0.260937 0.582031 0.050000 0.062500
0 0.226562 0.597656 0.050000 0.062500
0 0.557813 0.406250 0.050000 0.062500
0 0.690625 0.113281 0.050000 0.062500
0 0.673438 0.113281 0.050000 0.062500
0 0.773438 0.056641 0.050000 0.062500
0 0.807813 0.146484 0.050000 0.062500
0 0.740625 0.271484 0.050000 0.062500
0 0.867188 0.265625 0.050000 0.062500
0 0.975781 0.240234 0.048438 0.062500
0 0.948438 0.476562 0.050000 0.062500
0 0.948438 0.509766 0.050000 0.062500
0 0.968750 0.457031 0.050000 0.062500
0 0.981250 0.517578 0.037500 0.062500
0 0.971875 0.832031 0.050000 0.062500
0 0.962500 0.957031 0.050000 0.062500
0 0.977344 0.971680 0.045312 0.056641
0 0.775000 0.937500 0.050000 0.062500
0 0.762500 0.812500 0.050000 0.062500
0 0.700000 0.783203 0.050000 0.062500
0 0.715625 0.720703 0.050000 0.062500
0 0.803125 0.775391 0.050000 0.062500
0 0.826562 0.791016 0.050000 0.062500
0 0.729688 0.583984 0.050000 0.062500
0 0.732812 0.425781 0.050000 0.062500
0 0.701562 0.369141 0.050000 0.062500
0 0.723437 0.365234 0.050000 0.062500
0 0.606250 0.203125 0.050000 0.062500
0 0.407813 0.490234 0.050000 0.062500
0 0.398438 0.818359 0.050000 0.062500
0 0.420312 0.640625 0.050000 0.062500
0 0.571875 0.490234 0.050000 0.062500
0 0.573438 0.525391 0.050000 0.062500
0 0.654687 0.638672 0.050000 0.062500
0 0.559375 0.769531 0.050000 0.062500
0 0.540625 0.755859 0.050000 0.062500
0 0.251563 0.031250 0.050000 0.062500
0 0.232813 0.015625 0.050000 0.031250
0 0.867188 0.751953 0.050000 0.062500
0 0.023438 0.572266 0.046875 0.062500
0 0.712500 0.975586 0.050000 0.048828
0 0.693750 0.964844 0.050000 0.062500
0 0.603125 0.960938 0.050000 0.062500
0 0.553125 0.958984 0.050000 0.062500
0 0.482812 0.953125 0.050000 0.062500
0 0.412500 0.955078 0.050000 0.062500
0 0.375000 0.957031 0.050000 0.062500
0 0.343750 0.955078 0.050000 0.062500
0 0.187500 0.943359 0.050000 0.062500
0 0.107813 0.867188 0.050000 0.062500
0 0.093750 0.847656 0.050000 0.062500
0 0.082812 0.861328 0.050000 0.062500
0 0.039062 0.828125 0.050000 0.062500
0 0.028125 0.812500 0.050000 0.062500
0 0.104688 0.978516 0.050000 0.042969
0 0.067187 0.978516 0.050000 0.042969
0 0.051562 0.933594 0.050000 0.062500
0 0.085938 0.927734 0.050000 0.062500
0 0.014063 0.951172 0.028125 0.062500
0 0.176563 0.978516 0.050000 0.042969
0 0.260937 0.953125 0.050000 0.062500
0 0.675000 0.971680 0.050000 0.056641
0 0.020313 0.833984 0.040625 0.062500
0 0.015625 0.873047 0.031250 0.062500
0 0.031250 0.867188 0.050000 0.062500
0 0.046875 0.853516 0.050000 0.062500
