0 0.976562 0.974609 0.046875 0.050781
0 0.959375 0.958984 0.050000 0.062500
0 0.964063 0.839844 0.050000 0.062500
0 0.862500 0.757812 0.050000 0.062500
0 0.815625 0.802734 0.050000 0.062500
0 0.757812 0.820312 0.050000 0.062500
0 0.695312 0.791016 0.050000 0.062500
0 0.714063 0.722656 0.050000 0.062500
0 0.765625 0.941406 0.050000 0.062500
0 0.939063 0.511719 0.050000 0.062500
0 0.940625 0.476562 0.050000 0.062500
0 0.959375 0.230469 0.050000 0.062500
0 0.846875 0.265625 0.050000 0.062500
0 0.803125 0.150391 0.050000 0.062500
0 0.732812 0.275391 0.050000 0.062500
0 0.689063 0.119141 0.050000 0.062500
0 0.667188 0.119141 0.050000 0.062500
0 0.764062 0.066406 0.050000 0.062500
0 0.831250 0.066406 0.050000 0.062500
0 0.656250 0.650391 0.050000 0.062500
0 0.554688 0.775391 0.050000 0.062500
0 0.539062 0.761719 0.050000 0.062500
0 0.392188 0.818359 0.050000 0.062500
0 0.414062 0.654297 0.050000 0.062500
0 0.501563 0.597656 0.050000 0.062500
0 0.565625 0.544922 0.050000 0.062500
0 0.540625 0.458984 0.050000 0.062500
0 0.545312 0.408203 0.050000 0.062500
0 0.398438 0.490234 0.050000 0.062500
0 0.600000 0.210938 0.050000 0.062500
0 0.495312 0.234375 0.050000 0.062500
0 0.409375 0.341797 0.050000 0.062500
0 0.304688 0.541016 0.050000 0.062500
0 0.235937 0.597656 0.050000 0.062500
0 0.212500 0.603516 0.050000 0.062500
0 0.726562 0.583984 0.050000 0.062500
0 0.726562 0.460938 0.050000 0.062500
0 0.721875 0.410156 0.050000 0.062500
0 0.704688 0.373047 0.050000 0.062500
0 0.701562 0.975586 0.050000 0.048828
0 0.687500 0.968750 0.050000 0.062500
0 0.675000 0.972656 0.050000 0.054688
0 0.626563 0.966797 0.050000 0.062500
0 0.596875 0.968750 0.050000 0.062500
0 0.543750 0.968750 0.050000 0.062500
0 0.473438 0.966797 0.050000 0.062500
0 0.410938 0.960938 0.050000 0.062500
0 0.342187 0.964844 0.050000 0.062500
0 0.257812 0.958984 0.050000 0.062500
0 0.184375 0.951172 0.050000 0.062500
0 0.098437 0.979492 0.050000 0.041016
0 0.070312 0.979492 0.050000 0.041016
0 0.104688 0.871094 0.050000 0.062500
0 0.090625 0.853516 0.050000 0.062500
0 0.079687 0.867188 0.050000 0.062500
0 0.021875 0.576172 0.043750 0.062500
0 0.024219 0.335938 0.048438 0.062500
0 0.082812 0.941406 0.050000 0.062500
0 0.048438 0.937500 0.050000 0.062500
0 0.013281 0.880859 0.026562 0.062500
0 0.031250 0.867188 0.050000 0.062500
0 0.040625 0.830078 0.050000 0.062500
0 0.014844 0.839844 0.029687 0.062500
0 0.020313 0.820312 0.040625 0.062500
0 0.023438 0.839844 0.046875 0.062500
0 0.371875 0.960938 0.050000 0.062500
0 0.959375 0.460938 0.050000 0.062500
0 0.340625 0.222656 0.050000 0.062500
0 0.375000 0.232422 0.050000 0.062500
0 0.370312 0.287109 0.050000 0.062500
0 0.332813 0.300781 0.050000 0.062500
0 0.379688 0.175781 0.050000 0.062500
0 0.362500 0.150391 0.050000 0.062500
0 0.340625 0.152344 0.050000 0.062500
0 0.326562 0.140625 0.050000 0.062500
0 0.384375 0.091797 0.050000 0.062500
0 0.384375 0.024414 0.050000 0.048828
0 0.304688 0.287109 0.050000 0.062500
0 0.310937 0.246094 0.050000 0.062500
0 0.253125 0.361328 0.050000 0.062500
0 0.256250 0.298828 0.050000 0.062500
0 0.251563 0.267578 0.050000 0.062500
0 0.259375 0.240234 0.050000 0.062500
0 0.264062 0.183594 0.050000 0.062500
0 0.306250 0.179688 0.050000 0.062500
0 0.306250 0.140625 0.050000 0.062500
0 0.268750 0.125000 0.050000 0.062500
0 0.314063 0.072266 0.050000 0.062500
0 0.275000 0.072266 0.050000 0.062500
0 0.245312 0.031250 0.050000 0.062500
0 0.226562 0.068359 0.050000 0.062500
0 0.225000 0.128906 0.050000 0.062500
0 0.232813 0.167969 0.050000 0.062500
0 0.226562 0.248047 0.050000 0.062500
0 0.209375 0.291016 0.050000 0.062500
0 0.206250 0.355469 0.050000 0.062500
0 0.167187 0.355469 0.050000 0.062500
0 0.131250 0.417969 0.050000 0.062500
0 0.143750 0.341797 0.050000 0.062500
0 0.137500 0.318359 0.050000 0.062500
0 0.171875 0.259766 0.050000 0.062500
0 0.200000 0.226562 0.050000 0.062500
0 0.134375 0.251953 0.050000 0.062500
0 0.103125 0.371094 0.050000 0.062500
0 0.137500 0.187500 0.050000 0.062500
0 0.170313 0.193359 0.050000 0.062500
0 0.201563 0.181641 0.050000 0.062500
0 0.176563 0.136719 0.050000 0.062500
0 0.139063 0.117188 0.050000 0.062500
0 0.140625 0.066406 0.050000 0.062500
0 0.184375 0.074219 0.050000 0.062500
0 0.107813 0.052734 0.050000 0.062500
0 0.090625 0.103516 0.050000 0.062500
0 0.085938 0.187500 0.050000 0.062500
0 0.059375 0.130859 0.050000 0.062500
0 0.064062 0.044922 0.050000 0.062500
0 0.031250 0.024414 0.050000 0.048828
0 0.014063 0.312500 0.028125 0.062500
0 0.325000 0.525391 0.050000 0.062500
0 0.506250 0.109375 0.050000 0.062500
0 0.517188 0.105469 0.050000 0.062500
0 0.345313 0.078125 0.050000 0.062500
0 0.189062 0.018555 0.050000 0.037109
0 0.225000 0.018555 0.050000 0.037109
