0 0.723437 0.591797 0.050000 0.062500
0 0.937500 0.515625 0.050000 0.062500
0 0.939063 0.476562 0.050000 0.062500
0 0.957812 0.474609 0.050000 0.062500
0 0.959375 0.847656 0.050000 0.062500
0 0.953125 0.966797 0.050000 0.062500
0 0.968750 0.975586 0.050000 0.048828
0 0.765625 0.947266 0.050000 0.062500
0 0.756250 0.822266 0.050000 0.062500
0 0.690625 0.792969 0.050000 0.062500
0 0.710938 0.726562 0.050000 0.062500
0 0.571875 0.554688 0.050000 0.062500
0 0.723437 0.470703 0.050000 0.062500
0 0.715625 0.416016 0.050000 0.062500
0 0.718750 0.371094 0.050000 0.062500
0 0.695312 0.369141 0.050000 0.062500
0 0.528125 0.412109 0.050000 0.062500
0 0.528125 0.441406 0.050000 0.062500
0 0.407813 0.347656 0.050000 0.062500
0 0.387500 0.501953 0.050000 0.062500
0 0.409375 0.654297 0.050000 0.062500
0 0.301563 0.546875 0.050000 0.062500
0 0.209375 0.603516 0.050000 0.062500
0 0.392188 0.820312 0.050000 0.062500
0 0.534375 0.759766 0.050000 0.062500
0 0.553125 0.773438 0.050000 0.062500
0 0.729688 0.271484 0.050000 0.062500
0 0.801562 0.146484 0.050000 0.062500
0 0.832812 0.265625 0.050000 0.062500
0 0.945312 0.226562 0.050000 0.062500
0 0.826562 0.068359 0.050000 0.062500
0 0.757812 0.064453 0.050000 0.062500
0 0.684375 0.125000 0.050000 0.062500
0 0.670312 0.117188 0.050000 0.062500
0 0.595313 0.212891 0.050000 0.062500
0 0.496875 0.238281 0.050000 0.062500
0 0.507812 0.111328 0.050000 0.062500
0 0.685937 0.016602 0.050000 0.033203
0 0.656250 0.658203 0.050000 0.062500
0 0.468750 0.179688 0.050000 0.062500
0 0.368750 0.292969 0.050000 0.062500
0 0.334375 0.294922 0.050000 0.062500
0 0.373437 0.236328 0.050000 0.062500
0 0.339062 0.222656 0.050000 0.062500
0 0.375000 0.179688 0.050000 0.062500
0 0.384375 0.095703 0.050000 0.062500
0 0.384375 0.024414 0.050000 0.048828
0 0.296875 0.291016 0.050000 0.062500
0 0.303125 0.246094 0.050000 0.062500
0 0.246875 0.357422 0.050000 0.062500
0 0.251563 0.296875 0.050000 0.062500
0 0.246875 0.273438 0.050000 0.062500
0 0.257812 0.248047 0.050000 0.062500
0 0.225000 0.248047 0.050000 0.062500
0 0.206250 0.292969 0.050000 0.062500
0 0.203125 0.357422 0.050000 0.062500
0 0.164062 0.359375 0.050000 0.062500
0 0.132812 0.414062 0.050000 0.062500
0 0.100000 0.380859 0.050000 0.062500
0 0.143750 0.341797 0.050000 0.062500
0 0.123438 0.322266 0.050000 0.062500
0 0.140625 0.322266 0.050000 0.062500
0 0.025000 0.351562 0.050000 0.062500
0 0.018750 0.580078 0.037500 0.062500
0 0.128125 0.253906 0.050000 0.062500
0 0.168750 0.263672 0.050000 0.062500
0 0.198437 0.230469 0.050000 0.062500
0 0.082812 0.193359 0.050000 0.062500
0 0.139063 0.189453 0.050000 0.062500
0 0.171875 0.193359 0.050000 0.062500
0 0.200000 0.187500 0.050000 0.062500
0 0.226562 0.171875 0.050000 0.062500
0 0.264062 0.187500 0.050000 0.062500
0 0.301563 0.179688 0.050000 0.062500
0 0.360938 0.156250 0.050000 0.062500
0 0.343750 0.152344 0.050000 0.062500
0 0.323437 0.144531 0.050000 0.062500
0 0.295312 0.134766 0.050000 0.062500
0 0.268750 0.130859 0.050000 0.062500
0 0.220312 0.128906 0.050000 0.062500
0 0.171875 0.138672 0.050000 0.062500
0 0.132812 0.125000 0.050000 0.062500
0 0.090625 0.105469 0.050000 0.062500
0 0.053125 0.130859 0.050000 0.062500
0 0.101562 0.056641 0.050000 0.062500
0 0.059375 0.048828 0.050000 0.062500
0 0.031250 0.018555 0.050000 0.037109
0 0.139063 0.072266 0.050000 0.062500
0 0.182812 0.078125 0.050000 0.062500
0 0.226562 0.072266 0.050000 0.062500
0 0.242188 0.039062 0.050000 0.062500
0 0.221875 0.018555 0.050000 0.037109
0 0.187500 0.018555 0.050000 0.037109
0 0.265625 0.072266 0.050000 0.062500
0 0.306250 0.080078 0.050000 0.062500
0 0.339062 0.080078 0.050000 0.062500
0 0.684375 0.971680 0.050000 0.056641
0 0.592187 0.968750 0.050000 0.062500
0 0.540625 0.966797 0.050000 0.062500
0 0.473438 0.960938 0.050000 0.062500
0 0.403125 0.958984 0.050000 0.062500
0 0.371875 0.960938 0.050000 0.062500
0 0.339062 0.960938 0.050000 0.062500
0 0.181250 0.945312 0.050000 0.062500
0 0.618750 0.972656 0.050000 0.054688
0 0.710938 0.978516 0.050000 0.042969
0 0.695312 0.978516 0.050000 0.042969
0 0.098437 0.873047 0.050000 0.062500
0 0.089063 0.853516 0.050000 0.062500
0 0.075000 0.869141 0.050000 0.062500
0 0.084375 0.937500 0.050000 0.062500
0 0.045312 0.935547 0.050000 0.062500
0 0.059375 0.979492 0.050000 0.041016
0 0.095312 0.981445 0.050000 0.037109
0 0.012500 0.884766 0.025000 0.062500
0 0.031250 0.871094 0.050000 0.062500
0 0.037500 0.833984 0.050000 0.062500
0 0.022656 0.822266 0.045312 0.062500
0 0.023438 0.841797 0.046875 0.062500
0 0.017969 0.832031 0.035937 0.062500
0 0.018750 0.847656 0.037500 0.062500
0 0.123438 0.947266 0.050000 0.062500
0 0.256250 0.953125 0.050000 0.062500
0 0.014844 0.962891 0.029687 0.062500
0 0.667188 0.968750 0.050000 0.062500
0 0.806250 0.812500 0.050000 0.062500
0 0.860938 0.759766 0.050000 0.062500
0 0.873437 0.973633 0.050000 0.052734
