0 0.518750 0.416016 0.050000 0.062500
0 0.565625 0.560547 0.050000 0.062500
0 0.715625 0.603516 0.050000 0.062500
0 0.726562 0.591797 0.050000 0.062500
0 0.712500 0.578125 0.050000 0.062500
0 0.721875 0.482422 0.050000 0.062500
0 0.714063 0.417969 0.050000 0.062500
0 0.725000 0.275391 0.050000 0.062500
0 0.796875 0.152344 0.050000 0.062500
0 0.823438 0.068359 0.050000 0.062500
0 0.740625 0.066406 0.050000 0.062500
0 0.682813 0.130859 0.050000 0.062500
0 0.662500 0.119141 0.050000 0.062500
0 0.690625 0.026367 0.050000 0.052734
0 0.592187 0.208984 0.050000 0.062500
0 0.490625 0.240234 0.050000 0.062500
0 0.473438 0.179688 0.050000 0.062500
0 0.500000 0.132812 0.050000 0.062500
0 0.403125 0.347656 0.050000 0.062500
0 0.926562 0.503906 0.050000 0.062500
0 0.935937 0.482422 0.050000 0.062500
0 0.953125 0.470703 0.050000 0.062500
0 0.932813 0.216797 0.050000 0.062500
0 0.956250 0.839844 0.050000 0.062500
0 0.953125 0.966797 0.050000 0.062500
0 0.964063 0.975586 0.050000 0.048828
0 0.750000 0.822266 0.050000 0.062500
0 0.690625 0.792969 0.050000 0.062500
0 0.707812 0.726562 0.050000 0.062500
0 0.387500 0.824219 0.050000 0.062500
0 0.698438 0.976562 0.050000 0.046875
0 0.678125 0.970703 0.050000 0.058594
0 0.664062 0.971680 0.050000 0.056641
0 0.589063 0.968750 0.050000 0.062500
0 0.542188 0.966797 0.050000 0.062500
0 0.473438 0.964844 0.050000 0.062500
0 0.398438 0.960938 0.050000 0.062500
0 0.362500 0.964844 0.050000 0.062500
0 0.334375 0.958984 0.050000 0.062500
0 0.182812 0.947266 0.050000 0.062500
0 0.253125 0.953125 0.050000 0.062500
0 0.182812 0.978516 0.050000 0.042969
0 0.090625 0.979492 0.050000 0.041016
0 0.048438 0.978516 0.050000 0.042969
0 0.078125 0.937500 0.050000 0.062500
0 0.039062 0.937500 0.050000 0.062500
0 0.100000 0.873047 0.050000 0.062500
0 0.082812 0.855469 0.050000 0.062500
0 0.073438 0.871094 0.050000 0.062500
0 0.193750 0.617188 0.050000 0.062500
0 0.295312 0.548828 0.050000 0.062500
0 0.410938 0.658203 0.050000 0.062500
0 0.529687 0.757812 0.050000 0.062500
0 0.546875 0.775391 0.050000 0.062500
0 0.659375 0.673828 0.050000 0.062500
0 0.856250 0.759766 0.050000 0.062500
0 0.807813 0.824219 0.050000 0.062500
0 0.910937 0.804688 0.050000 0.062500
0 0.764062 0.947266 0.050000 0.062500
0 0.868750 0.974609 0.050000 0.050781
0 0.118750 0.947266 0.050000 0.062500
0 0.373437 0.509766 0.050000 0.062500
0 0.014063 0.886719 0.028125 0.062500
0 0.022656 0.871094 0.045312 0.062500
0 0.034375 0.853516 0.050000 0.062500
0 0.031250 0.828125 0.050000 0.062500
0 0.017969 0.841797 0.035937 0.062500
0 0.020313 0.826172 0.040625 0.062500
0 0.017188 0.572266 0.034375 0.062500
0 0.023438 0.363281 0.046875 0.062500
0 0.126562 0.416016 0.050000 0.062500
0 0.100000 0.375000 0.050000 0.062500
0 0.160938 0.361328 0.050000 0.062500
0 0.142187 0.345703 0.050000 0.062500
0 0.139063 0.322266 0.050000 0.062500
0 0.200000 0.357422 0.050000 0.062500
0 0.204687 0.291016 0.050000 0.062500
0 0.167187 0.253906 0.050000 0.062500
0 0.126562 0.251953 0.050000 0.062500
0 0.196875 0.226562 0.050000 0.062500
0 0.217188 0.253906 0.050000 0.062500
0 0.243750 0.277344 0.050000 0.062500
0 0.253125 0.308594 0.050000 0.062500
0 0.298438 0.285156 0.050000 0.062500
0 0.325000 0.306641 0.050000 0.062500
0 0.301563 0.248047 0.050000 0.062500
0 0.257812 0.246094 0.050000 0.062500
0 0.365625 0.287109 0.050000 0.062500
0 0.371875 0.240234 0.050000 0.062500
0 0.376563 0.179688 0.050000 0.062500
0 0.298438 0.179688 0.050000 0.062500
0 0.257812 0.189453 0.050000 0.062500
0 0.221875 0.173828 0.050000 0.062500
0 0.198437 0.187500 0.050000 0.062500
0 0.167187 0.193359 0.050000 0.062500
0 0.134375 0.185547 0.050000 0.062500
0 0.084375 0.189453 0.050000 0.062500
0 0.054688 0.126953 0.050000 0.062500
0 0.090625 0.111328 0.050000 0.062500
0 0.128125 0.111328 0.050000 0.062500
0 0.171875 0.140625 0.050000 0.062500
0 0.218750 0.128906 0.050000 0.062500
0 0.264062 0.130859 0.050000 0.062500
0 0.301563 0.146484 0.050000 0.062500
0 0.318750 0.144531 0.050000 0.062500
0 0.348438 0.150391 0.050000 0.062500
0 0.379688 0.091797 0.050000 0.062500
0 0.382812 0.023438 0.050000 0.046875
0 0.309375 0.072266 0.050000 0.062500
0 0.264062 0.068359 0.050000 0.062500
0 0.221875 0.064453 0.050000 0.062500
0 0.242188 0.033203 0.050000 0.062500
0 0.185938 0.072266 0.050000 0.062500
0 0.140625 0.070312 0.050000 0.062500
0 0.121875 0.072266 0.050000 0.062500
0 0.100000 0.060547 0.050000 0.062500
0 0.059375 0.046875 0.050000 0.062500
0 0.187500 0.016602 0.050000 0.033203
0 0.223438 0.015625 0.050000 0.031250
0 0.334375 0.218750 0.050000 0.062500
0 0.482812 0.018555 0.050000 0.037109
0 0.695312 0.376953 0.050000 0.062500
