0 0.689063 0.794922 0.050000 0.062500
0 0.410938 0.652344 0.050000 0.062500
0 0.492188 0.597656 0.050000 0.062500
0 0.520312 0.388672 0.050000 0.062500
0 0.592187 0.210938 0.050000 0.062500
0 0.725000 0.273438 0.050000 0.062500
0 0.778125 0.271484 0.050000 0.062500
0 0.795312 0.152344 0.050000 0.062500
0 0.729688 0.064453 0.050000 0.062500
0 0.682813 0.126953 0.050000 0.062500
0 0.667188 0.123047 0.050000 0.062500
0 0.690625 0.054688 0.050000 0.062500
0 0.615625 0.022461 0.050000 0.044922
0 0.485938 0.033203 0.050000 0.062500
0 0.498437 0.164062 0.050000 0.062500
0 0.468750 0.179688 0.050000 0.062500
0 0.353125 0.509766 0.050000 0.062500
0 0.303125 0.548828 0.050000 0.062500
0 0.168750 0.644531 0.050000 0.062500
0 0.017969 0.574219 0.035937 0.062500
0 0.037500 0.408203 0.050000 0.062500
0 0.387500 0.822266 0.050000 0.062500
0 0.548438 0.771484 0.050000 0.062500
0 0.531250 0.765625 0.050000 0.062500
0 0.667188 0.695312 0.050000 0.062500
0 0.704688 0.724609 0.050000 0.062500
0 0.750000 0.808594 0.050000 0.062500
0 0.764062 0.779297 0.050000 0.062500
0 0.714063 0.578125 0.050000 0.062500
0 0.720313 0.500000 0.050000 0.062500
0 0.718750 0.419922 0.050000 0.062500
0 0.687500 0.375000 0.050000 0.062500
0 0.701562 0.371094 0.050000 0.062500
0 0.923438 0.482422 0.050000 0.062500
0 0.937500 0.482422 0.050000 0.062500
0 0.953125 0.472656 0.050000 0.062500
0 0.975000 0.531250 0.050000 0.062500
0 0.948438 0.960938 0.050000 0.062500
0 0.964063 0.975586 0.050000 0.048828
0 0.762500 0.939453 0.050000 0.062500
0 0.703125 0.976562 0.050000 0.046875
0 0.682813 0.972656 0.050000 0.054688
0 0.656250 0.968750 0.050000 0.062500
0 0.623437 0.971680 0.050000 0.056641
0 0.582812 0.970703 0.050000 0.058594
0 0.523438 0.964844 0.050000 0.062500
0 0.473438 0.960938 0.050000 0.062500
0 0.401562 0.964844 0.050000 0.062500
0 0.362500 0.955078 0.050000 0.062500
0 0.332813 0.957031 0.050000 0.062500
0 0.176563 0.947266 0.050000 0.062500
0 0.093750 0.978516 0.050000 0.042969
0 0.054688 0.978516 0.050000 0.042969
0 0.168750 0.979492 0.050000 0.041016
0 0.206250 0.982422 0.050000 0.035156
0 0.101562 0.941406 0.050000 0.062500
0 0.071875 0.941406 0.050000 0.062500
0 0.039062 0.941406 0.050000 0.062500
0 0.101562 0.873047 0.050000 0.062500
0 0.085938 0.853516 0.050000 0.062500
0 0.075000 0.869141 0.050000 0.062500
0 0.026562 0.873047 0.050000 0.062500
0 0.024219 0.845703 0.048438 0.062500
0 0.014063 0.873047 0.028125 0.062500
0 0.034375 0.832031 0.050000 0.062500
0 0.023438 0.820312 0.046875 0.062500
0 0.017969 0.835938 0.035937 0.062500
0 0.015625 0.826172 0.031250 0.062500
0 0.179688 0.625000 0.050000 0.062500
0 0.195312 0.630859 0.050000 0.062500
0 0.710938 0.595703 0.050000 0.062500
0 0.723437 0.593750 0.050000 0.062500
0 0.859375 0.753906 0.050000 0.062500
0 0.407813 0.343750 0.050000 0.062500
0 0.368750 0.294922 0.050000 0.062500
0 0.375000 0.240234 0.050000 0.062500
0 0.376563 0.175781 0.050000 0.062500
0 0.379688 0.091797 0.050000 0.062500
0 0.382812 0.025391 0.050000 0.050781
0 0.328125 0.292969 0.050000 0.062500
0 0.334375 0.218750 0.050000 0.062500
0 0.362500 0.166016 0.050000 0.062500
0 0.342187 0.148438 0.050000 0.062500
0 0.323437 0.146484 0.050000 0.062500
0 0.298438 0.134766 0.050000 0.062500
0 0.301563 0.185547 0.050000 0.062500
0 0.301563 0.246094 0.050000 0.062500
0 0.295312 0.292969 0.050000 0.062500
0 0.256250 0.367188 0.050000 0.062500
0 0.253125 0.294922 0.050000 0.062500
0 0.245312 0.269531 0.050000 0.062500
0 0.257812 0.240234 0.050000 0.062500
0 0.259375 0.183594 0.050000 0.062500
0 0.264062 0.126953 0.050000 0.062500
0 0.303125 0.078125 0.050000 0.062500
0 0.267188 0.066406 0.050000 0.062500
0 0.226562 0.068359 0.050000 0.062500
0 0.246875 0.031250 0.050000 0.062500
0 0.221875 0.018555 0.050000 0.037109
0 0.184375 0.017578 0.050000 0.035156
0 0.178125 0.072266 0.050000 0.062500
0 0.175000 0.140625 0.050000 0.062500
0 0.175000 0.199219 0.050000 0.062500
0 0.200000 0.185547 0.050000 0.062500
0 0.220312 0.128906 0.050000 0.062500
0 0.196875 0.224609 0.050000 0.062500
0 0.225000 0.250000 0.050000 0.062500
0 0.207813 0.294922 0.050000 0.062500
0 0.159375 0.259766 0.050000 0.062500
0 0.204687 0.361328 0.050000 0.062500
0 0.164062 0.357422 0.050000 0.062500
0 0.128125 0.414062 0.050000 0.062500
0 0.098437 0.371094 0.050000 0.062500
0 0.156250 0.337891 0.050000 0.062500
0 0.140625 0.316406 0.050000 0.062500
0 0.121875 0.322266 0.050000 0.062500
0 0.128125 0.250000 0.050000 0.062500
0 0.134375 0.187500 0.050000 0.062500
0 0.085938 0.189453 0.050000 0.062500
0 0.015625 0.175781 0.031250 0.062500
0 0.056250 0.134766 0.050000 0.062500
0 0.131250 0.121094 0.050000 0.062500
0 0.089063 0.105469 0.050000 0.062500
0 0.060937 0.048828 0.050000 0.062500
0 0.103125 0.056641 0.050000 0.062500
0 0.137500 0.068359 0.050000 0.062500
0 0.575000 0.570312 0.050000 0.062500
0 0.339062 0.078125 0.050000 0.062500
0 0.240625 0.953125 0.050000 0.062500
