0 0.906250 0.357422 0.050000 0.062500
0 0.942187 0.435547 0.050000 0.062500
0 0.703125 0.720703 0.050000 0.062500
0 0.692187 0.798828 0.050000 0.062500
0 0.851562 0.966797 0.050000 0.062500
0 0.848437 0.979492 0.050000 0.041016
0 0.165625 0.890625 0.050000 0.062500
0 0.134375 0.876953 0.050000 0.062500
0 0.225000 0.755859 0.050000 0.062500
0 0.290625 0.591797 0.050000 0.062500
0 0.454688 0.416016 0.050000 0.062500
0 0.181250 0.423828 0.050000 0.062500
0 0.704688 0.251953 0.050000 0.062500
0 0.260937 0.103516 0.050000 0.062500
0 0.307812 0.020508 0.050000 0.041016
0 0.760938 0.089844 0.050000 0.062500
