0 0.250000 0.080078 0.050000 0.062500
0 0.264062 0.054688 0.050000 0.062500
0 0.425000 0.193359 0.050000 0.062500
0 0.448437 0.173828 0.050000 0.062500
0 0.518750 0.324219 0.050000 0.062500
0 0.559375 0.308594 0.050000 0.062500
0 0.442188 0.462891 0.050000 0.062500
0 0.304688 0.439453 0.050000 0.062500
0 0.193750 0.033203 0.050000 0.062500
0 0.190625 0.109375 0.050000 0.062500
0 0.190625 0.181641 0.050000 0.062500
0 0.190625 0.259766 0.050000 0.062500
0 0.187500 0.341797 0.050000 0.062500
0 0.198437 0.394531 0.050000 0.062500
0 0.192188 0.468750 0.050000 0.062500
0 0.193750 0.527344 0.050000 0.062500
0 0.190625 0.564453 0.050000 0.062500
0 0.195312 0.634766 0.050000 0.062500
0 0.190625 0.812500 0.050000 0.062500
0 0.193750 0.832031 0.050000 0.062500
0 0.106250 0.845703 0.050000 0.062500
0 0.023438 0.845703 0.046875 0.062500
0 0.016406 0.783203 0.032813 0.062500
0 0.016406 0.738281 0.032813 0.062500
0 0.043750 0.728516 0.050000 0.062500
0 0.065625 0.779297 0.050000 0.062500
0 0.090625 0.787109 0.050000 0.062500
0 0.143750 0.787109 0.050000 0.062500
0 0.142187 0.748047 0.050000 0.062500
0 0.143750 0.691406 0.050000 0.062500
0 0.145313 0.630859 0.050000 0.062500
0 0.145313 0.560547 0.050000 0.062500
0 0.103125 0.583984 0.050000 0.062500
0 0.098437 0.630859 0.050000 0.062500
0 0.096875 0.523438 0.050000 0.062500
0 0.096875 0.472656 0.050000 0.062500
0 0.101562 0.429688 0.050000 0.062500
0 0.096875 0.392578 0.050000 0.062500
0 0.100000 0.361328 0.050000 0.062500
0 0.096875 0.310547 0.050000 0.062500
0 0.098437 0.257812 0.050000 0.062500
0 0.101562 0.208984 0.050000 0.062500
0 0.103125 0.167969 0.050000 0.062500
0 0.098437 0.109375 0.050000 0.062500
0 0.151562 0.072266 0.050000 0.062500
0 0.148438 0.160156 0.050000 0.062500
0 0.145313 0.205078 0.050000 0.062500
0 0.139063 0.253906 0.050000 0.062500
0 0.145313 0.332031 0.050000 0.062500
0 0.145313 0.388672 0.050000 0.062500
0 0.145313 0.433594 0.050000 0.062500
0 0.145313 0.517578 0.050000 0.062500
0 0.226562 0.908203 0.050000 0.062500
0 0.246875 0.917969 0.050000 0.062500
0 0.317188 0.898438 0.050000 0.062500
0 0.339062 0.816406 0.050000 0.062500
0 0.376563 0.816406 0.050000 0.062500
0 0.393750 0.841797 0.050000 0.062500
0 0.090625 0.916016 0.050000 0.062500
0 0.081250 0.935547 0.050000 0.062500
0 0.060937 0.966797 0.050000 0.062500
0 0.045312 0.974609 0.050000 0.050781
0 0.350000 0.638672 0.050000 0.062500
0 0.506250 0.644531 0.050000 0.062500
0 0.551562 0.648438 0.050000 0.062500
0 0.646875 0.636719 0.050000 0.062500
0 0.495312 0.841797 0.050000 0.062500
0 0.500000 0.859375 0.050000 0.062500
0 0.512500 0.845703 0.050000 0.062500
0 0.554688 0.863281 0.050000 0.062500
0 0.635938 0.837891 0.050000 0.062500
0 0.740625 0.812500 0.050000 0.062500
0 0.764062 0.849609 0.050000 0.062500
0 0.693750 0.822266 0.050000 0.062500
0 0.678125 0.822266 0.050000 0.062500
0 0.660937 0.837891 0.050000 0.062500
0 0.673438 0.796875 0.050000 0.062500
0 0.857812 0.925781 0.050000 0.062500
0 0.834375 0.949219 0.050000 0.062500
0 0.929688 0.794922 0.050000 0.062500
0 0.912500 0.792969 0.050000 0.062500
0 0.882812 0.761719 0.050000 0.062500
0 0.876563 0.785156 0.050000 0.062500
0 0.957812 0.730469 0.050000 0.062500
0 0.907813 0.679688 0.050000 0.062500
0 0.879687 0.525391 0.050000 0.062500
0 0.779687 0.556641 0.050000 0.062500
0 0.775000 0.533203 0.050000 0.062500
0 0.684375 0.443359 0.050000 0.062500
0 0.732812 0.390625 0.050000 0.062500
0 0.767188 0.400391 0.050000 0.062500
0 0.823438 0.396484 0.050000 0.062500
0 0.721875 0.341797 0.050000 0.062500
0 0.618750 0.087891 0.050000 0.062500
0 0.653125 0.050781 0.050000 0.062500
0 0.673438 0.134766 0.050000 0.062500
0 0.687500 0.121094 0.050000 0.062500
0 0.671875 0.193359 0.050000 0.062500
0 0.667188 0.246094 0.050000 0.062500
0 0.714063 0.246094 0.050000 0.062500
0 0.723437 0.183594 0.050000 0.062500
0 0.746875 0.134766 0.050000 0.062500
0 0.748437 0.083984 0.050000 0.062500
0 0.798438 0.091797 0.050000 0.062500
0 0.795312 0.027344 0.050000 0.054688
0 0.851562 0.082031 0.050000 0.062500
0 0.860938 0.037109 0.050000 0.062500
0 0.890625 0.089844 0.050000 0.062500
0 0.901563 0.041016 0.050000 0.062500
0 0.975781 0.060547 0.048438 0.062500
0 0.957812 0.144531 0.050000 0.062500
0 0.903125 0.146484 0.050000 0.062500
0 0.843750 0.140625 0.050000 0.062500
0 0.803125 0.132812 0.050000 0.062500
0 0.775000 0.166016 0.050000 0.062500
0 0.800000 0.171875 0.050000 0.062500
0 0.818750 0.207031 0.050000 0.062500
0 0.764062 0.246094 0.050000 0.062500
0 0.814063 0.251953 0.050000 0.062500
0 0.856250 0.253906 0.050000 0.062500
0 0.848437 0.205078 0.050000 0.062500
0 0.904687 0.197266 0.050000 0.062500
0 0.901563 0.257812 0.050000 0.062500
0 0.928125 0.220703 0.050000 0.062500
0 0.953125 0.189453 0.050000 0.062500
0 0.731250 0.304688 0.050000 0.062500
0 0.764062 0.298828 0.050000 0.062500
0 0.781250 0.345703 0.050000 0.062500
0 0.812500 0.308594 0.050000 0.062500
0 0.837500 0.371094 0.050000 0.062500
0 0.839063 0.349609 0.050000 0.062500
0 0.845313 0.326172 0.050000 0.062500
0 0.851562 0.294922 0.050000 0.062500
0 0.945312 0.398438 0.050000 0.062500
0 0.884375 0.394531 0.050000 0.062500
0 0.900000 0.306641 0.050000 0.062500
0 0.962500 0.324219 0.050000 0.062500
0 0.962500 0.375000 0.050000 0.062500
0 0.983594 0.398438 0.032813 0.062500
0 0.981250 0.365234 0.037500 0.062500
0 0.982812 0.300781 0.034375 0.062500
0 0.983594 0.267578 0.032813 0.062500
0 0.985938 0.199219 0.028125 0.062500
0 0.756250 0.207031 0.050000 0.062500
0 0.690625 0.085938 0.050000 0.062500
0 0.698438 0.103516 0.050000 0.062500
0 0.548438 0.017578 0.050000 0.035156
0 0.106250 0.072266 0.050000 0.062500
0 0.071875 0.064453 0.050000 0.062500
0 0.032813 0.064453 0.050000 0.062500
0 0.153125 0.026367 0.050000 0.052734
0 0.257812 0.015625 0.050000 0.031250
0 0.096875 0.677734 0.050000 0.062500
0 0.075000 0.736328 0.050000 0.062500
0 0.045312 0.259766 0.050000 0.062500
0 0.046875 0.845703 0.050000 0.062500
0 0.131250 0.845703 0.050000 0.062500
0 0.164062 0.853516 0.050000 0.062500
0 0.982031 0.109375 0.035937 0.062500
