0 0.204687 0.028320 0.050000 0.056641
0 0.198437 0.101562 0.050000 0.062500
0 0.196875 0.164062 0.050000 0.062500
0 0.196875 0.242188 0.050000 0.062500
0 0.190625 0.337891 0.050000 0.062500
0 0.195312 0.378906 0.050000 0.062500
0 0.190625 0.451172 0.050000 0.062500
0 0.187500 0.515625 0.050000 0.062500
0 0.187500 0.558594 0.050000 0.062500
0 0.192188 0.613281 0.050000 0.062500
0 0.187500 0.794922 0.050000 0.062500
0 0.139063 0.781250 0.050000 0.062500
0 0.142187 0.738281 0.050000 0.062500
0 0.139063 0.677734 0.050000 0.062500
0 0.143750 0.617188 0.050000 0.062500
0 0.137500 0.556641 0.050000 0.062500
0 0.145313 0.517578 0.050000 0.062500
0 0.150000 0.416016 0.050000 0.062500
0 0.143750 0.369141 0.050000 0.062500
0 0.153125 0.320312 0.050000 0.062500
0 0.150000 0.240234 0.050000 0.062500
0 0.150000 0.185547 0.050000 0.062500
0 0.153125 0.142578 0.050000 0.062500
0 0.153125 0.064453 0.050000 0.062500
0 0.162500 0.019531 0.050000 0.039062
0 0.187500 0.759766 0.050000 0.062500
0 0.187500 0.716797 0.050000 0.062500
0 0.187500 0.820312 0.050000 0.062500
0 0.193750 0.839844 0.050000 0.062500
0 0.157812 0.843750 0.050000 0.062500
0 0.123438 0.839844 0.050000 0.062500
0 0.100000 0.832031 0.050000 0.062500
0 0.017969 0.830078 0.035937 0.062500
0 0.085938 0.777344 0.050000 0.062500
0 0.060937 0.777344 0.050000 0.062500
0 0.013281 0.765625 0.026562 0.062500
0 0.014063 0.718750 0.028125 0.062500
0 0.048438 0.716797 0.050000 0.062500
0 0.071875 0.714844 0.050000 0.062500
0 0.100000 0.656250 0.050000 0.062500
0 0.098437 0.615234 0.050000 0.062500
0 0.096875 0.564453 0.050000 0.062500
0 0.100000 0.509766 0.050000 0.062500
0 0.098437 0.462891 0.050000 0.062500
0 0.103125 0.416016 0.050000 0.062500
0 0.101562 0.355469 0.050000 0.062500
0 0.101562 0.300781 0.050000 0.062500
0 0.104688 0.251953 0.050000 0.062500
0 0.107813 0.148438 0.050000 0.062500
0 0.107813 0.099609 0.050000 0.062500
0 0.309375 0.431641 0.050000 0.062500
0 0.260937 0.072266 0.050000 0.062500
0 0.270313 0.052734 0.050000 0.062500
0 0.425000 0.197266 0.050000 0.062500
0 0.451562 0.175781 0.050000 0.062500
0 0.528125 0.330078 0.050000 0.062500
0 0.445312 0.462891 0.050000 0.062500
0 0.350000 0.628906 0.050000 0.062500
0 0.335938 0.810547 0.050000 0.062500
0 0.364063 0.820312 0.050000 0.062500
0 0.387500 0.837891 0.050000 0.062500
0 0.315625 0.896484 0.050000 0.062500
0 0.245312 0.910156 0.050000 0.062500
0 0.079687 0.902344 0.050000 0.062500
0 0.079687 0.933594 0.050000 0.062500
0 0.053125 0.945312 0.050000 0.062500
0 0.043750 0.966797 0.050000 0.062500
0 0.546875 0.859375 0.050000 0.062500
0 0.515625 0.636719 0.050000 0.062500
0 0.515625 0.636719 0.050000 0.062500
0 0.643750 0.658203 0.050000 0.062500
0 0.731250 0.796875 0.050000 0.062500
0 0.748437 0.851562 0.050000 0.062500
0 0.823438 0.939453 0.050000 0.062500
0 0.853125 0.941406 0.050000 0.062500
0 0.878125 0.798828 0.050000 0.062500
0 0.876563 0.763672 0.050000 0.062500
0 0.904687 0.787109 0.050000 0.062500
0 0.931250 0.804688 0.050000 0.062500
0 0.950000 0.744141 0.050000 0.062500
0 0.896875 0.689453 0.050000 0.062500
0 0.760938 0.558594 0.050000 0.062500
0 0.770312 0.544922 0.050000 0.062500
0 0.687500 0.453125 0.050000 0.062500
0 0.728125 0.400391 0.050000 0.062500
0 0.773438 0.404297 0.050000 0.062500
0 0.867188 0.537109 0.050000 0.062500
0 0.890625 0.408203 0.050000 0.062500
0 0.953125 0.416016 0.050000 0.062500
0 0.823438 0.410156 0.050000 0.062500
0 0.850000 0.341797 0.050000 0.062500
0 0.784375 0.357422 0.050000 0.062500
0 0.729688 0.351562 0.050000 0.062500
0 0.731250 0.308594 0.050000 0.062500
0 0.770312 0.308594 0.050000 0.062500
0 0.820312 0.308594 0.050000 0.062500
0 0.857812 0.312500 0.050000 0.062500
0 0.904687 0.359375 0.050000 0.062500
0 0.909375 0.322266 0.050000 0.062500
0 0.968750 0.382812 0.050000 0.062500
0 0.985938 0.369141 0.028125 0.062500
0 0.986719 0.322266 0.026562 0.062500
0 0.981250 0.416016 0.037500 0.062500
0 0.910937 0.265625 0.050000 0.062500
0 0.862500 0.263672 0.050000 0.062500
0 0.817187 0.261719 0.050000 0.062500
0 0.771875 0.255859 0.050000 0.062500
0 0.725000 0.253906 0.050000 0.062500
0 0.679688 0.253906 0.050000 0.062500
0 0.673438 0.203125 0.050000 0.062500
0 0.725000 0.201172 0.050000 0.062500
0 0.765625 0.216797 0.050000 0.062500
0 0.781250 0.179688 0.050000 0.062500
0 0.809375 0.179688 0.050000 0.062500
0 0.820312 0.212891 0.050000 0.062500
0 0.862500 0.207031 0.050000 0.062500
0 0.909375 0.207031 0.050000 0.062500
0 0.937500 0.242188 0.050000 0.062500
0 0.959375 0.212891 0.050000 0.062500
0 0.965625 0.158203 0.050000 0.062500
0 0.909375 0.166016 0.050000 0.062500
0 0.854688 0.148438 0.050000 0.062500
0 0.806250 0.146484 0.050000 0.062500
0 0.756250 0.142578 0.050000 0.062500
0 0.700000 0.136719 0.050000 0.062500
0 0.684375 0.148438 0.050000 0.062500
0 0.625000 0.103516 0.050000 0.062500
0 0.651563 0.058594 0.050000 0.062500
0 0.545312 0.017578 0.050000 0.035156
0 0.703125 0.109375 0.050000 0.062500
0 0.704688 0.091797 0.050000 0.062500
0 0.762500 0.101562 0.050000 0.062500
0 0.810937 0.105469 0.050000 0.062500
0 0.807813 0.042969 0.050000 0.062500
0 0.860938 0.097656 0.050000 0.062500
0 0.870313 0.046875 0.050000 0.062500
0 0.915625 0.056641 0.050000 0.062500
0 0.901563 0.105469 0.050000 0.062500
0 0.980469 0.068359 0.039062 0.062500
0 0.920312 0.018555 0.050000 0.037109
0 0.856250 0.018555 0.050000 0.037109
0 0.843750 0.378906 0.050000 0.062500
0 0.700000 0.826172 0.050000 0.062500
0 0.670312 0.830078 0.050000 0.062500
0 0.653125 0.847656 0.050000 0.062500
0 0.629687 0.839844 0.050000 0.062500
0 0.667188 0.800781 0.050000 0.062500
0 0.506250 0.839844 0.050000 0.062500
0 0.495312 0.853516 0.050000 0.062500
0 0.485938 0.841797 0.050000 0.062500
0 0.517188 0.662109 0.050000 0.062500
0 0.039062 0.830078 0.050000 0.062500
0 0.048438 0.253906 0.050000 0.062500
0 0.112500 0.060547 0.050000 0.062500
0 0.079687 0.050781 0.050000 0.062500
0 0.040625 0.054688 0.050000 0.062500
0 0.026562 0.018555 0.050000 0.037109
0 0.120313 0.021484 0.050000 0.042969
0 0.078125 0.020508 0.050000 0.041016
