0 0.048438 0.976562 0.050000 0.046875
0 0.060937 0.971680 0.050000 0.056641
0 0.076563 0.929688 0.050000 0.062500
0 0.082812 0.912109 0.050000 0.062500
0 0.101562 0.837891 0.050000 0.062500
0 0.129688 0.851562 0.050000 0.062500
0 0.159375 0.847656 0.050000 0.062500
0 0.019531 0.833984 0.039062 0.062500
0 0.013281 0.775391 0.026562 0.062500
0 0.065625 0.783203 0.050000 0.062500
0 0.090625 0.783203 0.050000 0.062500
0 0.139063 0.779297 0.050000 0.062500
0 0.048438 0.837891 0.050000 0.062500
0 0.015625 0.734375 0.031250 0.062500
0 0.045312 0.728516 0.050000 0.062500
0 0.070312 0.724609 0.050000 0.062500
0 0.090625 0.728516 0.050000 0.062500
0 0.095312 0.667969 0.050000 0.062500
0 0.092188 0.619141 0.050000 0.062500
0 0.096875 0.572266 0.050000 0.062500
0 0.096875 0.523438 0.050000 0.062500
0 0.096875 0.474609 0.050000 0.062500
0 0.100000 0.431641 0.050000 0.062500
0 0.107813 0.392578 0.050000 0.062500
0 0.110937 0.365234 0.050000 0.062500
0 0.103125 0.298828 0.050000 0.062500
0 0.104688 0.253906 0.050000 0.062500
0 0.101562 0.201172 0.050000 0.062500
0 0.101562 0.158203 0.050000 0.062500
0 0.112500 0.101562 0.050000 0.062500
0 0.078125 0.054688 0.050000 0.062500
0 0.045312 0.056641 0.050000 0.062500
0 0.021875 0.021484 0.043750 0.042969
0 0.076563 0.016602 0.050000 0.033203
0 0.123438 0.018555 0.050000 0.037109
0 0.159375 0.021484 0.050000 0.042969
0 0.164062 0.068359 0.050000 0.062500
0 0.159375 0.154297 0.050000 0.062500
0 0.150000 0.205078 0.050000 0.062500
0 0.150000 0.240234 0.050000 0.062500
0 0.150000 0.332031 0.050000 0.062500
0 0.146875 0.371094 0.050000 0.062500
0 0.148438 0.412109 0.050000 0.062500
0 0.139063 0.513672 0.050000 0.062500
0 0.139063 0.558594 0.050000 0.062500
0 0.142187 0.677734 0.050000 0.062500
0 0.142187 0.623047 0.050000 0.062500
0 0.139063 0.738281 0.050000 0.062500
0 0.187500 0.824219 0.050000 0.062500
0 0.187500 0.806641 0.050000 0.062500
0 0.185938 0.765625 0.050000 0.062500
0 0.189062 0.720703 0.050000 0.062500
0 0.187500 0.611328 0.050000 0.062500
0 0.187500 0.556641 0.050000 0.062500
0 0.190625 0.519531 0.050000 0.062500
0 0.193750 0.375000 0.050000 0.062500
0 0.193750 0.332031 0.050000 0.062500
0 0.190625 0.255859 0.050000 0.062500
0 0.198437 0.166016 0.050000 0.062500
0 0.206250 0.026367 0.050000 0.052734
0 0.270313 0.050781 0.050000 0.062500
0 0.256250 0.076172 0.050000 0.062500
0 0.451562 0.154297 0.050000 0.062500
0 0.437500 0.187500 0.050000 0.062500
0 0.457813 0.189453 0.050000 0.062500
0 0.523438 0.021484 0.050000 0.042969
0 0.528125 0.324219 0.050000 0.062500
0 0.446875 0.468750 0.050000 0.062500
0 0.300000 0.435547 0.050000 0.062500
0 0.339062 0.625000 0.050000 0.062500
0 0.351562 0.640625 0.050000 0.062500
0 0.479687 0.566406 0.050000 0.062500
0 0.507812 0.638672 0.050000 0.062500
0 0.331250 0.816406 0.050000 0.062500
0 0.357812 0.839844 0.050000 0.062500
0 0.387500 0.843750 0.050000 0.062500
0 0.312500 0.902344 0.050000 0.062500
0 0.253125 0.910156 0.050000 0.062500
0 0.226562 0.910156 0.050000 0.062500
0 0.489063 0.851562 0.050000 0.062500
0 0.504687 0.847656 0.050000 0.062500
0 0.496875 0.867188 0.050000 0.062500
0 0.545312 0.873047 0.050000 0.062500
0 0.632812 0.845703 0.050000 0.062500
0 0.650000 0.853516 0.050000 0.062500
0 0.673438 0.853516 0.050000 0.062500
0 0.667188 0.806641 0.050000 0.062500
0 0.700000 0.835938 0.050000 0.062500
0 0.735938 0.794922 0.050000 0.062500
0 0.751563 0.859375 0.050000 0.062500
0 0.829688 0.921875 0.050000 0.062500
0 0.854688 0.947266 0.050000 0.062500
0 0.648438 0.677734 0.050000 0.062500
0 0.750000 0.570312 0.050000 0.062500
0 0.743750 0.546875 0.050000 0.062500
0 0.682813 0.457031 0.050000 0.062500
0 0.856250 0.542969 0.050000 0.062500
0 0.898438 0.699219 0.050000 0.062500
0 0.942187 0.748047 0.050000 0.062500
0 0.946875 0.804688 0.050000 0.062500
0 0.898438 0.771484 0.050000 0.062500
0 0.875000 0.777344 0.050000 0.062500
0 0.867188 0.794922 0.050000 0.062500
0 0.732812 0.404297 0.050000 0.062500
0 0.781250 0.410156 0.050000 0.062500
0 0.821875 0.414062 0.050000 0.062500
0 0.889062 0.414062 0.050000 0.062500
0 0.945312 0.421875 0.050000 0.062500
0 0.982031 0.423828 0.035937 0.062500
0 0.985938 0.376953 0.028125 0.062500
0 0.906250 0.373047 0.050000 0.062500
0 0.851562 0.380859 0.050000 0.062500
0 0.785937 0.361328 0.050000 0.062500
0 0.726562 0.355469 0.050000 0.062500
0 0.729688 0.316406 0.050000 0.062500
0 0.765625 0.316406 0.050000 0.062500
0 0.820312 0.316406 0.050000 0.062500
0 0.850000 0.347656 0.050000 0.062500
0 0.853125 0.314453 0.050000 0.062500
0 0.909375 0.320312 0.050000 0.062500
0 0.984375 0.328125 0.031250 0.062500
0 0.907813 0.275391 0.050000 0.062500
0 0.864062 0.275391 0.050000 0.062500
0 0.815625 0.269531 0.050000 0.062500
0 0.771875 0.259766 0.050000 0.062500
0 0.743750 0.246094 0.050000 0.062500
0 0.728125 0.259766 0.050000 0.062500
0 0.676562 0.261719 0.050000 0.062500
0 0.678125 0.207031 0.050000 0.062500
0 0.734375 0.201172 0.050000 0.062500
0 0.759375 0.226562 0.050000 0.062500
0 0.781250 0.187500 0.050000 0.062500
0 0.817187 0.187500 0.050000 0.062500
0 0.823438 0.222656 0.050000 0.062500
0 0.859375 0.212891 0.050000 0.062500
0 0.909375 0.220703 0.050000 0.062500
0 0.937500 0.246094 0.050000 0.062500
0 0.957812 0.212891 0.050000 0.062500
0 0.967187 0.167969 0.050000 0.062500
0 0.915625 0.173828 0.050000 0.062500
0 0.853125 0.158203 0.050000 0.062500
0 0.804688 0.148438 0.050000 0.062500
0 0.757812 0.146484 0.050000 0.062500
0 0.704688 0.152344 0.050000 0.062500
0 0.679688 0.152344 0.050000 0.062500
0 0.628125 0.105469 0.050000 0.062500
0 0.656250 0.064453 0.050000 0.062500
0 0.700000 0.105469 0.050000 0.062500
0 0.754687 0.101562 0.050000 0.062500
0 0.812500 0.105469 0.050000 0.062500
0 0.803125 0.042969 0.050000 0.062500
0 0.873437 0.048828 0.050000 0.062500
0 0.860938 0.101562 0.050000 0.062500
0 0.906250 0.105469 0.050000 0.062500
0 0.910937 0.062500 0.050000 0.062500
0 0.921875 0.021484 0.050000 0.042969
0 0.851562 0.021484 0.050000 0.042969
0 0.979688 0.080078 0.040625 0.062500
0 0.984375 0.132812 0.031250 0.062500
0 0.189062 0.449219 0.050000 0.062500
0 0.985938 0.214844 0.028125 0.062500
0 0.039062 0.251953 0.050000 0.062500
0 0.195312 0.103516 0.050000 0.062500
