0 0.443750 0.470703 0.050000 0.062500
0 0.300000 0.439453 0.050000 0.062500
0 0.531250 0.328125 0.050000 0.062500
0 0.573438 0.275391 0.050000 0.062500
0 0.462500 0.162109 0.050000 0.062500
0 0.451562 0.181641 0.050000 0.062500
0 0.260937 0.080078 0.050000 0.062500
0 0.268750 0.054688 0.050000 0.062500
0 0.521875 0.023438 0.050000 0.046875
0 0.625000 0.105469 0.050000 0.062500
0 0.654687 0.066406 0.050000 0.062500
0 0.681250 0.148438 0.050000 0.062500
0 0.707812 0.160156 0.050000 0.062500
0 0.701562 0.119141 0.050000 0.062500
0 0.757812 0.109375 0.050000 0.062500
0 0.751563 0.152344 0.050000 0.062500
0 0.807813 0.109375 0.050000 0.062500
0 0.806250 0.152344 0.050000 0.062500
0 0.796875 0.044922 0.050000 0.062500
0 0.857812 0.103516 0.050000 0.062500
0 0.867188 0.048828 0.050000 0.062500
0 0.910937 0.066406 0.050000 0.062500
0 0.903125 0.109375 0.050000 0.062500
0 0.921875 0.024414 0.050000 0.048828
0 0.854688 0.021484 0.050000 0.042969
0 0.981250 0.080078 0.037500 0.062500
0 0.962500 0.166016 0.050000 0.062500
0 0.959375 0.214844 0.050000 0.062500
0 0.910937 0.218750 0.050000 0.062500
0 0.909375 0.166016 0.050000 0.062500
0 0.853125 0.156250 0.050000 0.062500
0 0.860938 0.220703 0.050000 0.062500
0 0.823438 0.222656 0.050000 0.062500
0 0.807813 0.189453 0.050000 0.062500
0 0.781250 0.185547 0.050000 0.062500
0 0.770312 0.255859 0.050000 0.062500
0 0.742188 0.251953 0.050000 0.062500
0 0.728125 0.203125 0.050000 0.062500
0 0.723437 0.259766 0.050000 0.062500
0 0.676562 0.207031 0.050000 0.062500
0 0.665625 0.253906 0.050000 0.062500
0 0.735938 0.320312 0.050000 0.062500
0 0.760938 0.328125 0.050000 0.062500
0 0.818750 0.328125 0.050000 0.062500
0 0.859375 0.267578 0.050000 0.062500
0 0.903125 0.279297 0.050000 0.062500
0 0.909375 0.328125 0.050000 0.062500
0 0.967187 0.341797 0.050000 0.062500
0 0.982812 0.324219 0.034375 0.062500
0 0.975781 0.281250 0.048438 0.062500
0 0.965625 0.388672 0.050000 0.062500
0 0.983594 0.382812 0.032813 0.062500
0 0.985156 0.423828 0.029687 0.062500
0 0.945312 0.419922 0.050000 0.062500
0 0.889062 0.416016 0.050000 0.062500
0 0.818750 0.410156 0.050000 0.062500
0 0.768750 0.412109 0.050000 0.062500
0 0.729688 0.408203 0.050000 0.062500
0 0.693750 0.458984 0.050000 0.062500
0 0.843750 0.375000 0.050000 0.062500
0 0.846875 0.347656 0.050000 0.062500
0 0.854688 0.318359 0.050000 0.062500
0 0.821875 0.533203 0.050000 0.062500
0 0.735938 0.558594 0.050000 0.062500
0 0.743750 0.548828 0.050000 0.062500
0 0.842187 0.542969 0.050000 0.062500
0 0.895312 0.693359 0.050000 0.062500
0 0.942187 0.751953 0.050000 0.062500
0 0.951562 0.804688 0.050000 0.062500
0 0.868750 0.796875 0.050000 0.062500
0 0.898438 0.773438 0.050000 0.062500
0 0.651563 0.673828 0.050000 0.062500
0 0.731250 0.769531 0.050000 0.062500
0 0.748437 0.855469 0.050000 0.062500
0 0.832812 0.908203 0.050000 0.062500
0 0.851562 0.947266 0.050000 0.062500
0 0.667188 0.798828 0.050000 0.062500
0 0.700000 0.832031 0.050000 0.062500
0 0.506250 0.843750 0.050000 0.062500
0 0.484375 0.849609 0.050000 0.062500
0 0.495312 0.857422 0.050000 0.062500
0 0.387500 0.839844 0.050000 0.062500
0 0.343750 0.839844 0.050000 0.062500
0 0.334375 0.814453 0.050000 0.062500
0 0.307812 0.900391 0.050000 0.062500
0 0.251563 0.908203 0.050000 0.062500
0 0.215625 0.906250 0.050000 0.062500
0 0.070312 0.931641 0.050000 0.062500
0 0.078125 0.914062 0.050000 0.062500
0 0.059375 0.973633 0.050000 0.052734
0 0.039062 0.978516 0.050000 0.042969
0 0.128125 0.851562 0.050000 0.062500
0 0.096875 0.837891 0.050000 0.062500
0 0.040625 0.853516 0.050000 0.062500
0 0.017188 0.833984 0.034375 0.062500
0 0.154688 0.847656 0.050000 0.062500
0 0.187500 0.833984 0.050000 0.062500
0 0.182812 0.800781 0.050000 0.062500
0 0.187500 0.769531 0.050000 0.062500
0 0.187500 0.718750 0.050000 0.062500
0 0.187500 0.605469 0.050000 0.062500
0 0.192188 0.560547 0.050000 0.062500
0 0.193750 0.509766 0.050000 0.062500
0 0.193750 0.443359 0.050000 0.062500
0 0.189062 0.380859 0.050000 0.062500
0 0.190625 0.337891 0.050000 0.062500
0 0.192188 0.259766 0.050000 0.062500
0 0.193750 0.171875 0.050000 0.062500
0 0.198437 0.101562 0.050000 0.062500
0 0.203125 0.022461 0.050000 0.044922
0 0.160938 0.025391 0.050000 0.050781
0 0.160938 0.064453 0.050000 0.062500
0 0.157812 0.152344 0.050000 0.062500
0 0.145313 0.193359 0.050000 0.062500
0 0.145313 0.246094 0.050000 0.062500
0 0.150000 0.335938 0.050000 0.062500
0 0.140625 0.378906 0.050000 0.062500
0 0.150000 0.414062 0.050000 0.062500
0 0.139063 0.519531 0.050000 0.062500
0 0.139063 0.562500 0.050000 0.062500
0 0.134375 0.625000 0.050000 0.062500
0 0.139063 0.691406 0.050000 0.062500
0 0.137500 0.740234 0.050000 0.062500
0 0.139063 0.785156 0.050000 0.062500
0 0.085938 0.787109 0.050000 0.062500
0 0.087500 0.787109 0.050000 0.062500
0 0.059375 0.785156 0.050000 0.062500
0 0.012500 0.777344 0.025000 0.062500
0 0.015625 0.734375 0.031250 0.062500
0 0.042188 0.726562 0.050000 0.062500
0 0.075000 0.726562 0.050000 0.062500
0 0.095312 0.666016 0.050000 0.062500
0 0.093750 0.623047 0.050000 0.062500
0 0.095312 0.578125 0.050000 0.062500
0 0.092188 0.523438 0.050000 0.062500
0 0.101562 0.470703 0.050000 0.062500
0 0.098437 0.429688 0.050000 0.062500
0 0.100000 0.388672 0.050000 0.062500
0 0.101562 0.306641 0.050000 0.062500
0 0.098437 0.253906 0.050000 0.062500
0 0.037500 0.259766 0.050000 0.062500
0 0.107813 0.203125 0.050000 0.062500
0 0.106250 0.154297 0.050000 0.062500
0 0.112500 0.107422 0.050000 0.062500
0 0.039062 0.062500 0.050000 0.062500
0 0.022656 0.019531 0.045312 0.039062
0 0.071875 0.016602 0.050000 0.033203
0 0.128125 0.016602 0.050000 0.033203
0 0.351562 0.642578 0.050000 0.062500
0 0.334375 0.626953 0.050000 0.062500
0 0.506250 0.642578 0.050000 0.062500
0 0.481250 0.572266 0.050000 0.062500
0 0.651563 0.851562 0.050000 0.062500
0 0.675000 0.859375 0.050000 0.062500
0 0.983594 0.218750 0.032813 0.062500
0 0.985156 0.267578 0.029687 0.062500
