0 0.118750 0.855469 0.050000 0.062500
0 0.153125 0.886719 0.050000 0.062500
0 0.156250 0.919922 0.050000 0.062500
0 0.121875 0.925781 0.050000 0.062500
0 0.167187 0.812500 0.050000 0.062500
0 0.221875 0.833984 0.050000 0.062500
0 0.232813 0.873047 0.050000 0.062500
0 0.375000 0.818359 0.050000 0.062500
0 0.323437 0.847656 0.050000 0.062500
0 0.339062 0.847656 0.050000 0.062500
0 0.334375 0.640625 0.050000 0.062500
0 0.318750 0.554688 0.050000 0.062500
0 0.171875 0.593750 0.050000 0.062500
0 0.162500 0.566406 0.050000 0.062500
0 0.275000 0.458984 0.050000 0.062500
0 0.135937 0.433594 0.050000 0.062500
0 0.354687 0.330078 0.050000 0.062500
0 0.275000 0.173828 0.050000 0.062500
0 0.301563 0.164062 0.050000 0.062500
0 0.260937 0.029297 0.050000 0.058594
0 0.112500 0.048828 0.050000 0.062500
0 0.106250 0.068359 0.050000 0.062500
0 0.096875 0.039062 0.050000 0.062500
0 0.485938 0.628906 0.050000 0.062500
0 0.556250 0.642578 0.050000 0.062500
0 0.500000 0.806641 0.050000 0.062500
0 0.531250 0.826172 0.050000 0.062500
0 0.501563 0.839844 0.050000 0.062500
0 0.476562 0.843750 0.050000 0.062500
0 0.584375 0.853516 0.050000 0.062500
0 0.692187 0.933594 0.050000 0.062500
0 0.714063 0.796875 0.050000 0.062500
0 0.717187 0.779297 0.050000 0.062500
0 0.698438 0.765625 0.050000 0.062500
0 0.756250 0.710938 0.050000 0.062500
0 0.756250 0.673828 0.050000 0.062500
0 0.635938 0.683594 0.050000 0.062500
0 0.793750 0.759766 0.050000 0.062500
0 0.807813 0.798828 0.050000 0.062500
0 0.906250 0.833984 0.050000 0.062500
0 0.934375 0.773438 0.050000 0.062500
0 0.923438 0.763672 0.050000 0.062500
0 0.943750 0.753906 0.050000 0.062500
0 0.860938 0.615234 0.050000 0.062500
0 0.660937 0.527344 0.050000 0.062500
0 0.592187 0.533203 0.050000 0.062500
0 0.503125 0.531250 0.050000 0.062500
0 0.490625 0.523438 0.050000 0.062500
0 0.531250 0.443359 0.050000 0.062500
0 0.415625 0.625000 0.050000 0.062500
0 0.025000 0.820312 0.050000 0.062500
0 0.026562 0.785156 0.050000 0.062500
0 0.031250 0.761719 0.050000 0.062500
0 0.031250 0.691406 0.050000 0.062500
0 0.031250 0.587891 0.050000 0.062500
0 0.029687 0.537109 0.050000 0.062500
0 0.031250 0.470703 0.050000 0.062500
0 0.031250 0.402344 0.050000 0.062500
0 0.037500 0.361328 0.050000 0.062500
0 0.031250 0.322266 0.050000 0.062500
0 0.035937 0.166016 0.050000 0.062500
0 0.014844 0.152344 0.029687 0.062500
0 0.015625 0.060547 0.031250 0.062500
0 0.040625 0.085938 0.050000 0.062500
0 0.045312 0.017578 0.050000 0.035156
0 0.016406 0.018555 0.032813 0.037109
0 0.459375 0.091797 0.050000 0.062500
0 0.490625 0.054688 0.050000 0.062500
0 0.540625 0.085938 0.050000 0.062500
0 0.517188 0.140625 0.050000 0.062500
0 0.521875 0.199219 0.050000 0.062500
0 0.528125 0.175781 0.050000 0.062500
0 0.515625 0.248047 0.050000 0.062500
0 0.521875 0.287109 0.050000 0.062500
0 0.539062 0.275391 0.050000 0.062500
0 0.462500 0.361328 0.050000 0.062500
0 0.559375 0.396484 0.050000 0.062500
0 0.564063 0.345703 0.050000 0.062500
0 0.567187 0.308594 0.050000 0.062500
0 0.565625 0.251953 0.050000 0.062500
0 0.582812 0.236328 0.050000 0.062500
0 0.562500 0.193359 0.050000 0.062500
0 0.587500 0.140625 0.050000 0.062500
0 0.600000 0.089844 0.050000 0.062500
0 0.643750 0.039062 0.050000 0.062500
0 0.646875 0.093750 0.050000 0.062500
0 0.648438 0.140625 0.050000 0.062500
0 0.651563 0.183594 0.050000 0.062500
0 0.614062 0.179688 0.050000 0.062500
0 0.600000 0.214844 0.050000 0.062500
0 0.604688 0.248047 0.050000 0.062500
0 0.601562 0.314453 0.050000 0.062500
0 0.625000 0.353516 0.050000 0.062500
0 0.610938 0.404297 0.050000 0.062500
0 0.576562 0.396484 0.050000 0.062500
0 0.660937 0.404297 0.050000 0.062500
0 0.675000 0.386719 0.050000 0.062500
0 0.682813 0.361328 0.050000 0.062500
0 0.684375 0.333984 0.050000 0.062500
0 0.653125 0.302734 0.050000 0.062500
0 0.690625 0.308594 0.050000 0.062500
0 0.700000 0.263672 0.050000 0.062500
0 0.653125 0.253906 0.050000 0.062500
0 0.659375 0.208984 0.050000 0.062500
0 0.695312 0.201172 0.050000 0.062500
0 0.689063 0.150391 0.050000 0.062500
0 0.703125 0.093750 0.050000 0.062500
0 0.706250 0.039062 0.050000 0.062500
0 0.745313 0.056641 0.050000 0.062500
0 0.740625 0.103516 0.050000 0.062500
0 0.746875 0.146484 0.050000 0.062500
0 0.748437 0.212891 0.050000 0.062500
0 0.748437 0.267578 0.050000 0.062500
0 0.767188 0.236328 0.050000 0.062500
0 0.740625 0.316406 0.050000 0.062500
0 0.739062 0.361328 0.050000 0.062500
0 0.728125 0.410156 0.050000 0.062500
0 0.743750 0.429688 0.050000 0.062500
0 0.790625 0.410156 0.050000 0.062500
0 0.834375 0.419922 0.050000 0.062500
0 0.879687 0.427734 0.050000 0.062500
0 0.921875 0.425781 0.050000 0.062500
0 0.967187 0.429688 0.050000 0.062500
0 0.946875 0.443359 0.050000 0.062500
0 0.971875 0.470703 0.050000 0.062500
0 0.964063 0.380859 0.050000 0.062500
0 0.920312 0.369141 0.050000 0.062500
0 0.871875 0.369141 0.050000 0.062500
0 0.834375 0.380859 0.050000 0.062500
0 0.831250 0.312500 0.050000 0.062500
0 0.867188 0.316406 0.050000 0.062500
0 0.934375 0.328125 0.050000 0.062500
0 0.964063 0.330078 0.050000 0.062500
0 0.964063 0.275391 0.050000 0.062500
0 0.920312 0.271484 0.050000 0.062500
0 0.875000 0.271484 0.050000 0.062500
0 0.840625 0.267578 0.050000 0.062500
0 0.793750 0.210938 0.050000 0.062500
0 0.834375 0.207031 0.050000 0.062500
0 0.796875 0.160156 0.050000 0.062500
0 0.837500 0.125000 0.050000 0.062500
0 0.835938 0.062500 0.050000 0.062500
0 0.879687 0.066406 0.050000 0.062500
0 0.881250 0.117188 0.050000 0.062500
0 0.882812 0.166016 0.050000 0.062500
0 0.929688 0.175781 0.050000 0.062500
0 0.925000 0.220703 0.050000 0.062500
0 0.964063 0.224609 0.050000 0.062500
0 0.973437 0.173828 0.050000 0.062500
0 0.959375 0.130859 0.050000 0.062500
0 0.926562 0.123047 0.050000 0.062500
0 0.923438 0.074219 0.050000 0.062500
0 0.960938 0.070312 0.050000 0.062500
0 0.973437 0.021484 0.050000 0.042969
0 0.925000 0.020508 0.050000 0.041016
0 0.890625 0.020508 0.050000 0.041016
0 0.851562 0.018555 0.050000 0.037109
0 0.764062 0.017578 0.050000 0.035156
0 0.695312 0.017578 0.050000 0.035156
0 0.542188 0.113281 0.050000 0.062500
0 0.034375 0.220703 0.050000 0.062500
0 0.014844 0.187500 0.029687 0.062500
0 0.986719 0.382812 0.026562 0.062500
0 0.986719 0.335938 0.026562 0.062500
0 0.987500 0.291016 0.025000 0.062500
0 0.985938 0.232422 0.028125 0.062500
0 0.985938 0.185547 0.028125 0.062500
0 0.983594 0.138672 0.032813 0.062500
0 0.986719 0.085938 0.026562 0.062500
