0 0.032813 0.818359 0.050000 0.062500
0 0.028125 0.787109 0.050000 0.062500
0 0.035937 0.761719 0.050000 0.062500
0 0.032813 0.685547 0.050000 0.062500
0 0.034375 0.583984 0.050000 0.062500
0 0.034375 0.523438 0.050000 0.062500
0 0.029687 0.464844 0.050000 0.062500
0 0.035937 0.361328 0.050000 0.062500
0 0.032813 0.314453 0.050000 0.062500
0 0.039062 0.166016 0.050000 0.062500
0 0.043750 0.080078 0.050000 0.062500
0 0.100000 0.070312 0.050000 0.062500
0 0.114062 0.046875 0.050000 0.062500
0 0.103125 0.037109 0.050000 0.062500
0 0.235937 0.039062 0.050000 0.062500
0 0.298438 0.164062 0.050000 0.062500
0 0.267188 0.164062 0.050000 0.062500
0 0.357812 0.347656 0.050000 0.062500
0 0.278125 0.457031 0.050000 0.062500
0 0.140625 0.425781 0.050000 0.062500
0 0.167187 0.550781 0.050000 0.062500
0 0.178125 0.585938 0.050000 0.062500
0 0.331250 0.615234 0.050000 0.062500
0 0.226562 0.833984 0.050000 0.062500
0 0.171875 0.810547 0.050000 0.062500
0 0.101562 0.857422 0.050000 0.062500
0 0.150000 0.890625 0.050000 0.062500
0 0.170313 0.919922 0.050000 0.062500
0 0.150000 0.929688 0.050000 0.062500
0 0.328125 0.847656 0.050000 0.062500
0 0.340625 0.847656 0.050000 0.062500
0 0.395313 0.828125 0.050000 0.062500
0 0.471875 0.839844 0.050000 0.062500
0 0.496875 0.839844 0.050000 0.062500
0 0.512500 0.843750 0.050000 0.062500
0 0.500000 0.806641 0.050000 0.062500
0 0.537500 0.824219 0.050000 0.062500
0 0.590625 0.847656 0.050000 0.062500
0 0.698438 0.931641 0.050000 0.062500
0 0.712500 0.798828 0.050000 0.062500
0 0.717187 0.777344 0.050000 0.062500
0 0.721875 0.750000 0.050000 0.062500
0 0.640625 0.683594 0.050000 0.062500
0 0.509375 0.634766 0.050000 0.062500
0 0.556250 0.605469 0.050000 0.062500
0 0.570312 0.531250 0.050000 0.062500
0 0.500000 0.505859 0.050000 0.062500
0 0.484375 0.509766 0.050000 0.062500
0 0.525000 0.443359 0.050000 0.062500
0 0.781250 0.720703 0.050000 0.062500
0 0.757812 0.648438 0.050000 0.062500
0 0.859375 0.619141 0.050000 0.062500
0 0.921875 0.757812 0.050000 0.062500
0 0.953125 0.744141 0.050000 0.062500
0 0.953125 0.779297 0.050000 0.062500
0 0.909375 0.826172 0.050000 0.062500
0 0.821875 0.787109 0.050000 0.062500
0 0.796875 0.753906 0.050000 0.062500
0 0.973437 0.474609 0.050000 0.062500
0 0.959375 0.427734 0.050000 0.062500
0 0.970313 0.435547 0.050000 0.062500
0 0.964063 0.375000 0.050000 0.062500
0 0.965625 0.328125 0.050000 0.062500
0 0.968750 0.273438 0.050000 0.062500
0 0.982812 0.285156 0.034375 0.062500
0 0.967187 0.220703 0.050000 0.062500
0 0.968750 0.175781 0.050000 0.062500
0 0.968750 0.119141 0.050000 0.062500
0 0.968750 0.066406 0.050000 0.062500
0 0.976562 0.021484 0.046875 0.042969
0 0.926562 0.020508 0.050000 0.041016
0 0.935937 0.062500 0.050000 0.062500
0 0.926562 0.107422 0.050000 0.062500
0 0.934375 0.169922 0.050000 0.062500
0 0.926562 0.222656 0.050000 0.062500
0 0.926562 0.273438 0.050000 0.062500
0 0.929688 0.324219 0.050000 0.062500
0 0.920312 0.375000 0.050000 0.062500
0 0.926562 0.419922 0.050000 0.062500
0 0.887500 0.417969 0.050000 0.062500
0 0.867188 0.365234 0.050000 0.062500
0 0.865625 0.312500 0.050000 0.062500
0 0.884375 0.273438 0.050000 0.062500
0 0.889062 0.158203 0.050000 0.062500
0 0.885938 0.115234 0.050000 0.062500
0 0.882812 0.066406 0.050000 0.062500
0 0.893750 0.021484 0.050000 0.042969
0 0.850000 0.016602 0.050000 0.033203
0 0.835938 0.066406 0.050000 0.062500
0 0.837500 0.119141 0.050000 0.062500
0 0.837500 0.207031 0.050000 0.062500
0 0.839063 0.271484 0.050000 0.062500
0 0.831250 0.318359 0.050000 0.062500
0 0.835938 0.375000 0.050000 0.062500
0 0.840625 0.417969 0.050000 0.062500
0 0.793750 0.414062 0.050000 0.062500
0 0.726562 0.406250 0.050000 0.062500
0 0.750000 0.365234 0.050000 0.062500
0 0.745313 0.320312 0.050000 0.062500
0 0.750000 0.259766 0.050000 0.062500
0 0.775000 0.234375 0.050000 0.062500
0 0.800000 0.203125 0.050000 0.062500
0 0.807813 0.154297 0.050000 0.062500
0 0.748437 0.207031 0.050000 0.062500
0 0.748437 0.150391 0.050000 0.062500
0 0.748437 0.095703 0.050000 0.062500
0 0.746875 0.062500 0.050000 0.062500
0 0.714063 0.039062 0.050000 0.062500
0 0.700000 0.091797 0.050000 0.062500
0 0.690625 0.154297 0.050000 0.062500
0 0.698438 0.197266 0.050000 0.062500
0 0.701562 0.261719 0.050000 0.062500
0 0.696875 0.302734 0.050000 0.062500
0 0.687500 0.328125 0.050000 0.062500
0 0.684375 0.355469 0.050000 0.062500
0 0.625000 0.355469 0.050000 0.062500
0 0.604688 0.400391 0.050000 0.062500
0 0.562500 0.398438 0.050000 0.062500
0 0.567187 0.343750 0.050000 0.062500
0 0.571875 0.300781 0.050000 0.062500
0 0.607812 0.304688 0.050000 0.062500
0 0.653125 0.304688 0.050000 0.062500
0 0.656250 0.253906 0.050000 0.062500
0 0.662500 0.205078 0.050000 0.062500
0 0.648438 0.179688 0.050000 0.062500
0 0.650000 0.146484 0.050000 0.062500
0 0.650000 0.095703 0.050000 0.062500
0 0.642188 0.031250 0.050000 0.062500
0 0.600000 0.091797 0.050000 0.062500
0 0.589063 0.140625 0.050000 0.062500
0 0.617188 0.171875 0.050000 0.062500
0 0.607812 0.248047 0.050000 0.062500
0 0.581250 0.240234 0.050000 0.062500
0 0.564063 0.250000 0.050000 0.062500
0 0.565625 0.187500 0.050000 0.062500
0 0.517188 0.246094 0.050000 0.062500
0 0.521875 0.195312 0.050000 0.062500
0 0.528125 0.166016 0.050000 0.062500
0 0.521875 0.142578 0.050000 0.062500
0 0.537500 0.111328 0.050000 0.062500
0 0.543750 0.093750 0.050000 0.062500
0 0.496875 0.060547 0.050000 0.062500
0 0.462500 0.099609 0.050000 0.062500
0 0.013281 0.062500 0.026562 0.062500
0 0.046875 0.019531 0.050000 0.039062
0 0.017188 0.017578 0.034375 0.035156
0 0.013281 0.146484 0.026562 0.062500
0 0.012500 0.189453 0.025000 0.062500
0 0.037500 0.402344 0.050000 0.062500
0 0.039062 0.218750 0.050000 0.062500
0 0.015625 0.833984 0.031250 0.062500
0 0.660937 0.402344 0.050000 0.062500
0 0.679688 0.384766 0.050000 0.062500
0 0.575000 0.396484 0.050000 0.062500
0 0.528125 0.287109 0.050000 0.062500
0 0.542188 0.279297 0.050000 0.062500
0 0.765625 0.016602 0.050000 0.033203
0 0.254688 0.888672 0.050000 0.062500
0 0.340625 0.626953 0.050000 0.062500
