0 0.295312 0.585938 0.050000 0.062500
0 0.206250 0.779297 0.050000 0.062500
0 0.168750 0.890625 0.050000 0.062500
0 0.134375 0.876953 0.050000 0.062500
0 0.698438 0.798828 0.050000 0.062500
0 0.704688 0.730469 0.050000 0.062500
0 0.870313 0.978516 0.050000 0.042969
0 0.864062 0.947266 0.050000 0.062500
0 0.954688 0.449219 0.050000 0.062500
0 0.904687 0.355469 0.050000 0.062500
0 0.729688 0.298828 0.050000 0.062500
0 0.264062 0.097656 0.050000 0.062500
0 0.312500 0.020508 0.050000 0.041016
0 0.762500 0.082031 0.050000 0.062500
0 0.420312 0.975586 0.050000 0.048828
0 0.182812 0.425781 0.050000 0.062500
0 0.446875 0.410156 0.050000 0.062500
