0 0.379688 0.291016 0.050000 0.062500
0 0.295312 0.121094 0.050000 0.062500
0 0.187500 0.037109 0.050000 0.062500
0 0.121875 0.041016 0.050000 0.062500
0 0.139063 0.022461 0.050000 0.044922
0 0.153125 0.402344 0.050000 0.062500
0 0.287500 0.443359 0.050000 0.062500
0 0.328125 0.544922 0.050000 0.062500
0 0.415625 0.500000 0.050000 0.062500
0 0.478125 0.480469 0.050000 0.062500
0 0.496875 0.523438 0.050000 0.062500
0 0.531250 0.494141 0.050000 0.062500
0 0.531250 0.443359 0.050000 0.062500
0 0.764062 0.570312 0.050000 0.062500
0 0.864062 0.634766 0.050000 0.062500
0 0.821875 0.697266 0.050000 0.062500
0 0.850000 0.777344 0.050000 0.062500
0 0.881250 0.845703 0.050000 0.062500
0 0.914062 0.869141 0.050000 0.062500
0 0.937500 0.865234 0.050000 0.062500
0 0.921875 0.822266 0.050000 0.062500
0 0.960938 0.806641 0.050000 0.062500
0 0.964063 0.843750 0.050000 0.062500
0 0.981250 0.945312 0.037500 0.062500
0 0.701562 0.818359 0.050000 0.062500
0 0.709375 0.775391 0.050000 0.062500
0 0.685937 0.937500 0.050000 0.062500
0 0.585938 0.845703 0.050000 0.062500
0 0.528125 0.818359 0.050000 0.062500
0 0.498437 0.890625 0.050000 0.062500
0 0.487500 0.894531 0.050000 0.062500
0 0.523438 0.900391 0.050000 0.062500
0 0.335938 0.830078 0.050000 0.062500
0 0.329688 0.832031 0.050000 0.062500
0 0.320312 0.828125 0.050000 0.062500
0 0.254688 0.835938 0.050000 0.062500
0 0.206250 0.865234 0.050000 0.062500
0 0.134375 0.839844 0.050000 0.062500
0 0.164062 0.789062 0.050000 0.062500
0 0.496875 0.664062 0.050000 0.062500
0 0.737500 0.417969 0.050000 0.062500
0 0.804688 0.421875 0.050000 0.062500
0 0.840625 0.427734 0.050000 0.062500
0 0.895312 0.437500 0.050000 0.062500
0 0.932813 0.443359 0.050000 0.062500
0 0.957812 0.462891 0.050000 0.062500
0 0.982031 0.494141 0.035937 0.062500
0 0.948438 0.431641 0.050000 0.062500
0 0.934375 0.392578 0.050000 0.062500
0 0.884375 0.384766 0.050000 0.062500
0 0.851562 0.382812 0.050000 0.062500
0 0.695312 0.369141 0.050000 0.062500
0 0.689063 0.386719 0.050000 0.062500
0 0.671875 0.414062 0.050000 0.062500
0 0.617188 0.404297 0.050000 0.062500
0 0.587500 0.396484 0.050000 0.062500
0 0.575000 0.394531 0.050000 0.062500
0 0.571875 0.369141 0.050000 0.062500
0 0.634375 0.355469 0.050000 0.062500
0 0.582812 0.306641 0.050000 0.062500
0 0.620313 0.306641 0.050000 0.062500
0 0.671875 0.310547 0.050000 0.062500
0 0.696875 0.341797 0.050000 0.062500
0 0.696875 0.320312 0.050000 0.062500
0 0.751563 0.326172 0.050000 0.062500
0 0.714063 0.271484 0.050000 0.062500
0 0.845313 0.330078 0.050000 0.062500
0 0.862500 0.343750 0.050000 0.062500
0 0.881250 0.328125 0.050000 0.062500
0 0.856250 0.277344 0.050000 0.062500
0 0.900000 0.292969 0.050000 0.062500
0 0.948438 0.294922 0.050000 0.062500
0 0.943750 0.341797 0.050000 0.062500
0 0.976562 0.294922 0.046875 0.062500
0 0.981250 0.248047 0.037500 0.062500
0 0.950000 0.230469 0.050000 0.062500
0 0.860938 0.218750 0.050000 0.062500
0 0.815625 0.218750 0.050000 0.062500
0 0.792188 0.248047 0.050000 0.062500
0 0.764062 0.218750 0.050000 0.062500
0 0.762500 0.269531 0.050000 0.062500
0 0.682813 0.207031 0.050000 0.062500
0 0.684375 0.265625 0.050000 0.062500
0 0.618750 0.251953 0.050000 0.062500
0 0.600000 0.238281 0.050000 0.062500
0 0.493750 0.056641 0.050000 0.062500
0 0.482812 0.080078 0.050000 0.062500
0 0.553125 0.083984 0.050000 0.062500
0 0.564063 0.107422 0.050000 0.062500
0 0.618750 0.089844 0.050000 0.062500
0 0.610938 0.142578 0.050000 0.062500
0 0.664062 0.101562 0.050000 0.062500
0 0.662500 0.035156 0.050000 0.062500
0 0.721875 0.016602 0.050000 0.033203
0 0.792188 0.018555 0.050000 0.037109
0 0.732812 0.044922 0.050000 0.062500
0 0.720313 0.101562 0.050000 0.062500
0 0.770312 0.058594 0.050000 0.062500
0 0.768750 0.103516 0.050000 0.062500
0 0.856250 0.076172 0.050000 0.062500
0 0.878125 0.030273 0.050000 0.060547
0 0.921875 0.028320 0.050000 0.056641
0 0.950000 0.030273 0.050000 0.060547
0 0.906250 0.087891 0.050000 0.062500
0 0.950000 0.089844 0.050000 0.062500
0 0.982031 0.089844 0.035937 0.062500
0 0.985938 0.041016 0.028125 0.062500
0 0.980469 0.146484 0.039062 0.062500
0 0.948438 0.138672 0.050000 0.062500
0 0.909375 0.132812 0.050000 0.062500
0 0.904687 0.181641 0.050000 0.062500
0 0.859375 0.136719 0.050000 0.062500
0 0.820312 0.173828 0.050000 0.062500
0 0.775000 0.166016 0.050000 0.062500
0 0.710938 0.156250 0.050000 0.062500
0 0.039062 0.847656 0.050000 0.062500
0 0.025000 0.863281 0.050000 0.062500
0 0.023438 0.781250 0.046875 0.062500
0 0.024219 0.748047 0.048438 0.062500
0 0.034375 0.531250 0.050000 0.062500
0 0.032813 0.494141 0.050000 0.062500
0 0.039062 0.429688 0.050000 0.062500
0 0.042188 0.361328 0.050000 0.062500
0 0.046875 0.312500 0.050000 0.062500
0 0.046875 0.275391 0.050000 0.062500
0 0.056250 0.123047 0.050000 0.062500
0 0.025000 0.025391 0.050000 0.050781
0 0.024219 0.107422 0.048438 0.062500
0 0.014063 0.279297 0.028125 0.062500
0 0.179688 0.517578 0.050000 0.062500
0 0.753125 0.369141 0.050000 0.062500
0 0.665625 0.142578 0.050000 0.062500
0 0.642188 0.179688 0.050000 0.062500
0 0.665625 0.181641 0.050000 0.062500
0 0.671875 0.191406 0.050000 0.062500
0 0.589063 0.197266 0.050000 0.062500
0 0.546875 0.197266 0.050000 0.062500
0 0.528125 0.248047 0.050000 0.062500
0 0.579688 0.251953 0.050000 0.062500
0 0.662500 0.263672 0.050000 0.062500
0 0.818750 0.294922 0.050000 0.062500
0 0.977344 0.402344 0.045312 0.062500
0 0.979688 0.349609 0.040625 0.062500
0 0.053125 0.185547 0.050000 0.062500
0 0.015625 0.216797 0.031250 0.062500
0 0.016406 0.160156 0.032813 0.062500
0 0.026562 0.642578 0.050000 0.062500
0 0.035937 0.585938 0.050000 0.062500
0 0.012500 0.380859 0.025000 0.062500
0 0.229687 0.896484 0.050000 0.062500
0 0.275000 0.876953 0.050000 0.062500
0 0.062500 0.048828 0.050000 0.062500
0 0.712500 0.212891 0.050000 0.062500
