0 0.376563 0.281250 0.050000 0.062500
0 0.309375 0.119141 0.050000 0.062500
0 0.290625 0.119141 0.050000 0.062500
0 0.473438 0.083984 0.050000 0.062500
0 0.537500 0.136719 0.050000 0.062500
0 0.560937 0.107422 0.050000 0.062500
0 0.560937 0.089844 0.050000 0.062500
0 0.614062 0.089844 0.050000 0.062500
0 0.659375 0.037109 0.050000 0.062500
0 0.667188 0.105469 0.050000 0.062500
0 0.610938 0.132812 0.050000 0.062500
0 0.587500 0.187500 0.050000 0.062500
0 0.539062 0.193359 0.050000 0.062500
0 0.532813 0.242188 0.050000 0.062500
0 0.573438 0.253906 0.050000 0.062500
0 0.600000 0.234375 0.050000 0.062500
0 0.617188 0.253906 0.050000 0.062500
0 0.618750 0.212891 0.050000 0.062500
0 0.637500 0.169922 0.050000 0.062500
0 0.657813 0.146484 0.050000 0.062500
0 0.715625 0.107422 0.050000 0.062500
0 0.734375 0.054688 0.050000 0.062500
0 0.767188 0.058594 0.050000 0.062500
0 0.767188 0.109375 0.050000 0.062500
0 0.853125 0.078125 0.050000 0.062500
0 0.860938 0.132812 0.050000 0.062500
0 0.904687 0.136719 0.050000 0.062500
0 0.907813 0.082031 0.050000 0.062500
0 0.910937 0.037109 0.050000 0.062500
0 0.943750 0.031250 0.050000 0.062500
0 0.951562 0.083984 0.050000 0.062500
0 0.945312 0.136719 0.050000 0.062500
0 0.979688 0.148438 0.040625 0.062500
0 0.980469 0.091797 0.039062 0.062500
0 0.868750 0.024414 0.050000 0.048828
0 0.795312 0.021484 0.050000 0.042969
0 0.726562 0.016602 0.050000 0.033203
0 0.815625 0.167969 0.050000 0.062500
0 0.818750 0.220703 0.050000 0.062500
0 0.765625 0.228516 0.050000 0.062500
0 0.760938 0.160156 0.050000 0.062500
0 0.712500 0.160156 0.050000 0.062500
0 0.718750 0.210938 0.050000 0.062500
0 0.676562 0.212891 0.050000 0.062500
0 0.671875 0.193359 0.050000 0.062500
0 0.585938 0.304688 0.050000 0.062500
0 0.615625 0.312500 0.050000 0.062500
0 0.637500 0.353516 0.050000 0.062500
0 0.575000 0.353516 0.050000 0.062500
0 0.571875 0.394531 0.050000 0.062500
0 0.582812 0.396484 0.050000 0.062500
0 0.615625 0.412109 0.050000 0.062500
0 0.667188 0.408203 0.050000 0.062500
0 0.682813 0.388672 0.050000 0.062500
0 0.689063 0.373047 0.050000 0.062500
0 0.698438 0.343750 0.050000 0.062500
0 0.668750 0.316406 0.050000 0.062500
0 0.660937 0.261719 0.050000 0.062500
0 0.710938 0.267578 0.050000 0.062500
0 0.704688 0.310547 0.050000 0.062500
0 0.751563 0.324219 0.050000 0.062500
0 0.757812 0.281250 0.050000 0.062500
0 0.754687 0.367188 0.050000 0.062500
0 0.734375 0.412109 0.050000 0.062500
0 0.753125 0.435547 0.050000 0.062500
0 0.801562 0.421875 0.050000 0.062500
0 0.843750 0.431641 0.050000 0.062500
0 0.845313 0.390625 0.050000 0.062500
0 0.840625 0.330078 0.050000 0.062500
0 0.851562 0.287109 0.050000 0.062500
0 0.862500 0.212891 0.050000 0.062500
0 0.901563 0.179688 0.050000 0.062500
0 0.893750 0.289062 0.050000 0.062500
0 0.871875 0.347656 0.050000 0.062500
0 0.884375 0.388672 0.050000 0.062500
0 0.896875 0.443359 0.050000 0.062500
0 0.931250 0.449219 0.050000 0.062500
0 0.928125 0.396484 0.050000 0.062500
0 0.939063 0.345703 0.050000 0.062500
0 0.939063 0.294922 0.050000 0.062500
0 0.942187 0.244141 0.050000 0.062500
0 0.945312 0.193359 0.050000 0.062500
0 0.977344 0.187500 0.045312 0.062500
0 0.977344 0.248047 0.045312 0.062500
0 0.979688 0.304688 0.040625 0.062500
0 0.977344 0.359375 0.045312 0.062500
0 0.977344 0.408203 0.045312 0.062500
0 0.973437 0.449219 0.050000 0.062500
0 0.980469 0.490234 0.039062 0.062500
0 0.860938 0.636719 0.050000 0.062500
0 0.860938 0.687500 0.050000 0.062500
0 0.857812 0.794922 0.050000 0.062500
0 0.932813 0.863281 0.050000 0.062500
0 0.935937 0.947266 0.050000 0.062500
0 0.964063 0.818359 0.050000 0.062500
0 0.709375 0.798828 0.050000 0.062500
0 0.700000 0.835938 0.050000 0.062500
0 0.687500 0.923828 0.050000 0.062500
0 0.581250 0.853516 0.050000 0.062500
0 0.518750 0.841797 0.050000 0.062500
0 0.495312 0.455078 0.050000 0.062500
0 0.528125 0.437500 0.050000 0.062500
0 0.451562 0.470703 0.050000 0.062500
0 0.464062 0.515625 0.050000 0.062500
0 0.389062 0.482422 0.050000 0.062500
0 0.356250 0.642578 0.050000 0.062500
0 0.462500 0.666016 0.050000 0.062500
0 0.279687 0.859375 0.050000 0.062500
0 0.218750 0.847656 0.050000 0.062500
0 0.159375 0.785156 0.050000 0.062500
0 0.142187 0.833984 0.050000 0.062500
0 0.168750 0.517578 0.050000 0.062500
0 0.146875 0.402344 0.050000 0.062500
0 0.281250 0.429688 0.050000 0.062500
0 0.326562 0.539062 0.050000 0.062500
0 0.151562 0.039062 0.050000 0.062500
0 0.121875 0.042969 0.050000 0.062500
0 0.131250 0.023438 0.050000 0.046875
0 0.460938 0.830078 0.050000 0.062500
0 0.495312 0.904297 0.050000 0.062500
0 0.523438 0.882812 0.050000 0.062500
0 0.318750 0.835938 0.050000 0.062500
0 0.335938 0.820312 0.050000 0.062500
0 0.314063 0.818359 0.050000 0.062500
0 0.251563 0.869141 0.050000 0.062500
0 0.764062 0.535156 0.050000 0.062500
0 0.026562 0.030273 0.050000 0.060547
0 0.065625 0.044922 0.050000 0.062500
0 0.053125 0.126953 0.050000 0.062500
0 0.020313 0.113281 0.040625 0.062500
0 0.017969 0.160156 0.035937 0.062500
0 0.048438 0.191406 0.050000 0.062500
0 0.013281 0.283203 0.026562 0.062500
0 0.042188 0.314453 0.050000 0.062500
0 0.046875 0.273438 0.050000 0.062500
0 0.012500 0.210938 0.025000 0.062500
0 0.042188 0.369141 0.050000 0.062500
0 0.034375 0.421875 0.050000 0.062500
0 0.014844 0.369141 0.029687 0.062500
0 0.037500 0.490234 0.050000 0.062500
0 0.032813 0.531250 0.050000 0.062500
0 0.026562 0.712891 0.050000 0.062500
0 0.023438 0.744141 0.046875 0.062500
0 0.018750 0.859375 0.037500 0.062500
0 0.023438 0.804688 0.046875 0.062500
0 0.022656 0.779297 0.045312 0.062500
