0 0.984375 0.031250 0.031250 0.062500
0 0.948438 0.030273 0.050000 0.060547
0 0.918750 0.031250 0.050000 0.062500
0 0.873437 0.024414 0.050000 0.048828
0 0.854688 0.066406 0.050000 0.062500
0 0.857812 0.125000 0.050000 0.062500
0 0.906250 0.072266 0.050000 0.062500
0 0.909375 0.119141 0.050000 0.062500
0 0.900000 0.173828 0.050000 0.062500
0 0.950000 0.132812 0.050000 0.062500
0 0.953125 0.085938 0.050000 0.062500
0 0.980469 0.089844 0.039062 0.062500
0 0.982031 0.132812 0.035937 0.062500
0 0.982812 0.195312 0.034375 0.062500
0 0.953125 0.189453 0.050000 0.062500
0 0.950000 0.240234 0.050000 0.062500
0 0.984375 0.240234 0.031250 0.062500
0 0.977344 0.292969 0.045312 0.062500
0 0.937500 0.283203 0.050000 0.062500
0 0.943750 0.335938 0.050000 0.062500
0 0.977344 0.353516 0.045312 0.062500
0 0.971875 0.394531 0.050000 0.062500
0 0.939063 0.382812 0.050000 0.062500
0 0.934375 0.443359 0.050000 0.062500
0 0.940625 0.482422 0.050000 0.062500
0 0.964063 0.455078 0.050000 0.062500
0 0.977344 0.449219 0.045312 0.062500
0 0.977344 0.500000 0.045312 0.062500
0 0.895312 0.439453 0.050000 0.062500
0 0.876563 0.373047 0.050000 0.062500
0 0.879687 0.324219 0.050000 0.062500
0 0.893750 0.291016 0.050000 0.062500
0 0.857812 0.277344 0.050000 0.062500
0 0.856250 0.212891 0.050000 0.062500
0 0.817187 0.212891 0.050000 0.062500
0 0.818750 0.162109 0.050000 0.062500
0 0.789062 0.244141 0.050000 0.062500
0 0.760938 0.273438 0.050000 0.062500
0 0.759375 0.320312 0.050000 0.062500
0 0.757812 0.369141 0.050000 0.062500
0 0.796875 0.423828 0.050000 0.062500
0 0.842187 0.421875 0.050000 0.062500
0 0.845313 0.375000 0.050000 0.062500
0 0.840625 0.318359 0.050000 0.062500
0 0.737500 0.406250 0.050000 0.062500
0 0.759375 0.519531 0.050000 0.062500
0 0.860938 0.630859 0.050000 0.062500
0 0.864062 0.689453 0.050000 0.062500
0 0.923438 0.855469 0.050000 0.062500
0 0.867188 0.796875 0.050000 0.062500
0 0.975000 0.814453 0.050000 0.062500
0 0.945312 0.960938 0.050000 0.062500
0 0.826562 0.873047 0.050000 0.062500
0 0.703125 0.796875 0.050000 0.062500
0 0.695312 0.824219 0.050000 0.062500
0 0.635938 0.679688 0.050000 0.062500
0 0.618750 0.550781 0.050000 0.062500
0 0.667188 0.521484 0.050000 0.062500
0 0.668750 0.408203 0.050000 0.062500
0 0.690625 0.386719 0.050000 0.062500
0 0.690625 0.367188 0.050000 0.062500
0 0.700000 0.341797 0.050000 0.062500
0 0.692187 0.312500 0.050000 0.062500
0 0.717187 0.257812 0.050000 0.062500
0 0.762500 0.212891 0.050000 0.062500
0 0.770312 0.160156 0.050000 0.062500
0 0.776563 0.107422 0.050000 0.062500
0 0.768750 0.062500 0.050000 0.062500
0 0.737500 0.044922 0.050000 0.062500
0 0.792188 0.021484 0.050000 0.042969
0 0.723437 0.105469 0.050000 0.062500
0 0.704688 0.160156 0.050000 0.062500
0 0.715625 0.201172 0.050000 0.062500
0 0.673438 0.207031 0.050000 0.062500
0 0.665625 0.175781 0.050000 0.062500
0 0.678125 0.253906 0.050000 0.062500
0 0.660937 0.255859 0.050000 0.062500
0 0.676562 0.267578 0.050000 0.062500
0 0.668750 0.312500 0.050000 0.062500
0 0.618750 0.304688 0.050000 0.062500
0 0.634375 0.353516 0.050000 0.062500
0 0.596875 0.378906 0.050000 0.062500
0 0.615625 0.404297 0.050000 0.062500
0 0.589063 0.394531 0.050000 0.062500
0 0.568750 0.390625 0.050000 0.062500
0 0.571875 0.335938 0.050000 0.062500
0 0.584375 0.298828 0.050000 0.062500
0 0.548438 0.271484 0.050000 0.062500
0 0.534375 0.277344 0.050000 0.062500
0 0.579688 0.242188 0.050000 0.062500
0 0.596875 0.238281 0.050000 0.062500
0 0.617188 0.208984 0.050000 0.062500
0 0.635938 0.169922 0.050000 0.062500
0 0.664062 0.138672 0.050000 0.062500
0 0.667188 0.099609 0.050000 0.062500
0 0.667188 0.039062 0.050000 0.062500
0 0.625000 0.082031 0.050000 0.062500
0 0.612500 0.136719 0.050000 0.062500
0 0.581250 0.185547 0.050000 0.062500
0 0.479687 0.083984 0.050000 0.062500
0 0.475000 0.097656 0.050000 0.062500
0 0.525000 0.134766 0.050000 0.062500
0 0.540625 0.134766 0.050000 0.062500
0 0.554688 0.082031 0.050000 0.062500
0 0.565625 0.109375 0.050000 0.062500
0 0.539062 0.181641 0.050000 0.062500
0 0.614062 0.248047 0.050000 0.062500
0 0.453125 0.072266 0.050000 0.062500
0 0.307812 0.115234 0.050000 0.062500
0 0.150000 0.035156 0.050000 0.062500
0 0.121875 0.046875 0.050000 0.062500
0 0.139063 0.021484 0.050000 0.042969
0 0.289062 0.121094 0.050000 0.062500
0 0.376563 0.281250 0.050000 0.062500
0 0.528125 0.240234 0.050000 0.062500
0 0.498437 0.437500 0.050000 0.062500
0 0.457813 0.509766 0.050000 0.062500
0 0.440625 0.472656 0.050000 0.062500
0 0.390625 0.472656 0.050000 0.062500
0 0.284375 0.435547 0.050000 0.062500
0 0.168750 0.513672 0.050000 0.062500
0 0.148438 0.404297 0.050000 0.062500
0 0.357812 0.650391 0.050000 0.062500
0 0.325000 0.541016 0.050000 0.062500
0 0.456250 0.660156 0.050000 0.062500
0 0.462500 0.830078 0.050000 0.062500
0 0.515625 0.835938 0.050000 0.062500
0 0.579688 0.849609 0.050000 0.062500
0 0.501563 0.906250 0.050000 0.062500
0 0.689063 0.917969 0.050000 0.062500
0 0.595313 0.941406 0.050000 0.062500
0 0.557813 0.975586 0.050000 0.048828
0 0.615625 0.980469 0.050000 0.039062
0 0.743750 0.974609 0.050000 0.050781
0 0.285938 0.865234 0.050000 0.062500
0 0.321875 0.832031 0.050000 0.062500
0 0.256250 0.861328 0.050000 0.062500
0 0.226562 0.835938 0.050000 0.062500
0 0.160938 0.785156 0.050000 0.062500
0 0.142187 0.833984 0.050000 0.062500
0 0.025000 0.027344 0.050000 0.054688
0 0.020313 0.152344 0.040625 0.062500
0 0.056250 0.121094 0.050000 0.062500
0 0.014844 0.207031 0.029687 0.062500
0 0.014844 0.275391 0.029687 0.062500
0 0.014063 0.369141 0.028125 0.062500
0 0.023438 0.738281 0.046875 0.062500
0 0.017969 0.857422 0.035937 0.062500
0 0.534375 0.439453 0.050000 0.062500
