0 0.981250 0.798828 0.037500 0.062500
0 0.964063 0.765625 0.050000 0.062500
0 0.980469 0.728516 0.039062 0.062500
0 0.934375 0.806641 0.050000 0.062500
0 0.914062 0.853516 0.050000 0.062500
0 0.876563 0.806641 0.050000 0.062500
0 0.907813 0.763672 0.050000 0.062500
0 0.918750 0.718750 0.050000 0.062500
0 0.956250 0.685547 0.050000 0.062500
0 0.976562 0.648438 0.046875 0.062500
0 0.948438 0.603516 0.050000 0.062500
0 0.910937 0.625000 0.050000 0.062500
0 0.889062 0.683594 0.050000 0.062500
0 0.878125 0.728516 0.050000 0.062500
0 0.840625 0.677734 0.050000 0.062500
0 0.860938 0.650391 0.050000 0.062500
0 0.892188 0.603516 0.050000 0.062500
0 0.917188 0.572266 0.050000 0.062500
0 0.942187 0.523438 0.050000 0.062500
0 0.920312 0.494141 0.050000 0.062500
0 0.942187 0.457031 0.050000 0.062500
0 0.887500 0.496094 0.050000 0.062500
0 0.882812 0.457031 0.050000 0.062500
0 0.912500 0.421875 0.050000 0.062500
0 0.935937 0.367188 0.050000 0.062500
0 0.948438 0.341797 0.050000 0.062500
0 0.937500 0.296875 0.050000 0.062500
0 0.954688 0.253906 0.050000 0.062500
0 0.898438 0.322266 0.050000 0.062500
0 0.870313 0.363281 0.050000 0.062500
0 0.845313 0.408203 0.050000 0.062500
0 0.820312 0.458984 0.050000 0.062500
0 0.782813 0.484375 0.050000 0.062500
0 0.767188 0.503906 0.050000 0.062500
0 0.751563 0.519531 0.050000 0.062500
0 0.742188 0.533203 0.050000 0.062500
0 0.796875 0.570312 0.050000 0.062500
0 0.821875 0.539062 0.050000 0.062500
0 0.851562 0.492188 0.050000 0.062500
0 0.757812 0.587891 0.050000 0.062500
0 0.759375 0.625000 0.050000 0.062500
0 0.781250 0.658203 0.050000 0.062500
0 0.807813 0.650391 0.050000 0.062500
0 0.704688 0.533203 0.050000 0.062500
0 0.670312 0.490234 0.050000 0.062500
0 0.706250 0.457031 0.050000 0.062500
0 0.746875 0.462891 0.050000 0.062500
0 0.775000 0.423828 0.050000 0.062500
0 0.810937 0.388672 0.050000 0.062500
0 0.817187 0.365234 0.050000 0.062500
0 0.834375 0.322266 0.050000 0.062500
0 0.854688 0.287109 0.050000 0.062500
0 0.881250 0.238281 0.050000 0.062500
0 0.821875 0.248047 0.050000 0.062500
0 0.801562 0.275391 0.050000 0.062500
0 0.792188 0.324219 0.050000 0.062500
0 0.745313 0.375000 0.050000 0.062500
0 0.765625 0.462891 0.050000 0.062500
0 0.717187 0.419922 0.050000 0.062500
0 0.689063 0.386719 0.050000 0.062500
0 0.662500 0.408203 0.050000 0.062500
0 0.640625 0.451172 0.050000 0.062500
0 0.662500 0.337891 0.050000 0.062500
0 0.687500 0.345703 0.050000 0.062500
0 0.714063 0.339844 0.050000 0.062500
0 0.737500 0.345703 0.050000 0.062500
0 0.745313 0.292969 0.050000 0.062500
0 0.687500 0.300781 0.050000 0.062500
0 0.712500 0.269531 0.050000 0.062500
0 0.739062 0.228516 0.050000 0.062500
0 0.726562 0.207031 0.050000 0.062500
0 0.773438 0.208984 0.050000 0.062500
0 0.776563 0.185547 0.050000 0.062500
0 0.684375 0.128906 0.050000 0.062500
0 0.635938 0.105469 0.050000 0.062500
0 0.545312 0.025391 0.050000 0.050781
0 0.542188 0.205078 0.050000 0.062500
0 0.600000 0.363281 0.050000 0.062500
0 0.584375 0.455078 0.050000 0.062500
0 0.457813 0.402344 0.050000 0.062500
0 0.456250 0.347656 0.050000 0.062500
0 0.435937 0.314453 0.050000 0.062500
0 0.389062 0.267578 0.050000 0.062500
0 0.370312 0.388672 0.050000 0.062500
0 0.256250 0.240234 0.050000 0.062500
0 0.273438 0.246094 0.050000 0.062500
0 0.295312 0.140625 0.050000 0.062500
0 0.121875 0.457031 0.050000 0.062500
0 0.075000 0.482422 0.050000 0.062500
0 0.198437 0.539062 0.050000 0.062500
0 0.217188 0.574219 0.050000 0.062500
0 0.223438 0.611328 0.050000 0.062500
0 0.162500 0.617188 0.050000 0.062500
0 0.193750 0.699219 0.050000 0.062500
0 0.337500 0.718750 0.050000 0.062500
0 0.351562 0.773438 0.050000 0.062500
0 0.342187 0.792969 0.050000 0.062500
0 0.339062 0.808594 0.050000 0.062500
0 0.420312 0.820312 0.050000 0.062500
0 0.389062 0.908203 0.050000 0.062500
0 0.340625 0.914062 0.050000 0.062500
0 0.387500 0.960938 0.050000 0.062500
0 0.475000 0.955078 0.050000 0.062500
0 0.526563 0.912109 0.050000 0.062500
0 0.542188 0.894531 0.050000 0.062500
0 0.554688 0.726562 0.050000 0.062500
0 0.596875 0.613281 0.050000 0.062500
0 0.651563 0.630859 0.050000 0.062500
0 0.381250 0.587891 0.050000 0.062500
0 0.354687 0.535156 0.050000 0.062500
0 0.751563 0.867188 0.050000 0.062500
0 0.801562 0.966797 0.050000 0.062500
0 0.107813 0.908203 0.050000 0.062500
0 0.042188 0.789062 0.050000 0.062500
0 0.031250 0.736328 0.050000 0.062500
0 0.034375 0.638672 0.050000 0.062500
0 0.020313 0.333984 0.040625 0.062500
0 0.048438 0.292969 0.050000 0.062500
0 0.019531 0.253906 0.039062 0.062500
0 0.028125 0.226562 0.050000 0.062500
0 0.104688 0.216797 0.050000 0.062500
0 0.070312 0.271484 0.050000 0.062500
0 0.075000 0.171875 0.050000 0.062500
0 0.107813 0.119141 0.050000 0.062500
0 0.062500 0.107422 0.050000 0.062500
0 0.023438 0.140625 0.046875 0.062500
0 0.134375 0.074219 0.050000 0.062500
0 0.090625 0.056641 0.050000 0.062500
0 0.121875 0.024414 0.050000 0.048828
0 0.184375 0.091797 0.050000 0.062500
0 0.160938 0.134766 0.050000 0.062500
0 0.218750 0.058594 0.050000 0.062500
0 0.162500 0.044922 0.050000 0.062500
0 0.243750 0.018555 0.050000 0.037109
0 0.414062 0.039062 0.050000 0.062500
0 0.226562 0.388672 0.050000 0.062500
0 0.948438 0.076172 0.050000 0.062500
0 0.985938 0.046875 0.028125 0.062500
