0 0.964063 0.433594 0.050000 0.062500
0 0.971875 0.472656 0.050000 0.062500
0 0.951562 0.501953 0.050000 0.062500
0 0.920312 0.447266 0.050000 0.062500
0 0.889062 0.470703 0.050000 0.062500
0 0.914062 0.541016 0.050000 0.062500
0 0.856250 0.513672 0.050000 0.062500
0 0.882812 0.568359 0.050000 0.062500
0 0.870313 0.611328 0.050000 0.062500
0 0.845313 0.605469 0.050000 0.062500
0 0.906250 0.617188 0.050000 0.062500
0 0.943750 0.591797 0.050000 0.062500
0 0.935937 0.662109 0.050000 0.062500
0 0.898438 0.699219 0.050000 0.062500
0 0.909375 0.738281 0.050000 0.062500
0 0.942187 0.783203 0.050000 0.062500
0 0.970313 0.757812 0.050000 0.062500
0 0.984375 0.804688 0.031250 0.062500
0 0.977344 0.876953 0.045312 0.062500
0 0.981250 0.900391 0.037500 0.062500
0 0.965625 0.826172 0.050000 0.062500
0 0.912500 0.820312 0.050000 0.062500
0 0.926562 0.865234 0.050000 0.062500
0 0.951562 0.917969 0.050000 0.062500
0 0.970313 0.945312 0.050000 0.062500
0 0.912500 0.933594 0.050000 0.062500
0 0.882812 0.886719 0.050000 0.062500
0 0.870313 0.841797 0.050000 0.062500
0 0.845313 0.792969 0.050000 0.062500
0 0.829688 0.761719 0.050000 0.062500
0 0.856250 0.714844 0.050000 0.062500
0 0.871875 0.759766 0.050000 0.062500
0 0.795312 0.787109 0.050000 0.062500
0 0.821875 0.833984 0.050000 0.062500
0 0.840625 0.875000 0.050000 0.062500
0 0.850000 0.916016 0.050000 0.062500
0 0.868750 0.925781 0.050000 0.062500
0 0.817187 0.910156 0.050000 0.062500
0 0.835938 0.957031 0.050000 0.062500
0 0.776563 0.732422 0.050000 0.062500
0 0.750000 0.707031 0.050000 0.062500
0 0.732812 0.664062 0.050000 0.062500
0 0.770312 0.648438 0.050000 0.062500
0 0.807813 0.625000 0.050000 0.062500
0 0.759375 0.574219 0.050000 0.062500
0 0.742188 0.591797 0.050000 0.062500
0 0.715625 0.599609 0.050000 0.062500
0 0.700000 0.599609 0.050000 0.062500
0 0.778125 0.564453 0.050000 0.062500
0 0.796875 0.574219 0.050000 0.062500
0 0.823438 0.542969 0.050000 0.062500
0 0.790625 0.509766 0.050000 0.062500
0 0.760938 0.533203 0.050000 0.062500
0 0.703125 0.523438 0.050000 0.062500
0 0.675000 0.539062 0.050000 0.062500
0 0.648438 0.486328 0.050000 0.062500
0 0.676562 0.460938 0.050000 0.062500
0 0.701562 0.449219 0.050000 0.062500
0 0.721875 0.476562 0.050000 0.062500
0 0.764062 0.443359 0.050000 0.062500
0 0.754687 0.414062 0.050000 0.062500
0 0.732812 0.408203 0.050000 0.062500
0 0.703125 0.402344 0.050000 0.062500
0 0.715625 0.369141 0.050000 0.062500
0 0.651563 0.375000 0.050000 0.062500
0 0.592187 0.476562 0.050000 0.062500
0 0.756250 0.328125 0.050000 0.062500
0 0.784375 0.375000 0.050000 0.062500
0 0.785937 0.421875 0.050000 0.062500
0 0.829688 0.414062 0.050000 0.062500
0 0.834375 0.453125 0.050000 0.062500
0 0.831250 0.476562 0.050000 0.062500
0 0.859375 0.425781 0.050000 0.062500
0 0.889062 0.396484 0.050000 0.062500
0 0.932813 0.365234 0.050000 0.062500
0 0.985156 0.402344 0.029687 0.062500
0 0.867188 0.349609 0.050000 0.062500
0 0.834375 0.373047 0.050000 0.062500
0 0.820312 0.302734 0.050000 0.062500
0 0.834375 0.281250 0.050000 0.062500
0 0.796875 0.302734 0.050000 0.062500
0 0.781250 0.279297 0.050000 0.062500
0 0.601562 0.220703 0.050000 0.062500
0 0.482812 0.275391 0.050000 0.062500
0 0.492188 0.310547 0.050000 0.062500
0 0.482812 0.351562 0.050000 0.062500
0 0.396875 0.341797 0.050000 0.062500
0 0.442188 0.230469 0.050000 0.062500
0 0.335938 0.173828 0.050000 0.062500
0 0.373437 0.076172 0.050000 0.062500
0 0.539062 0.024414 0.050000 0.048828
0 0.640625 0.037109 0.050000 0.062500
0 0.784375 0.019531 0.050000 0.039062
0 0.920312 0.025391 0.050000 0.050781
0 0.940625 0.019531 0.050000 0.039062
0 0.742188 0.183594 0.050000 0.062500
0 0.690625 0.152344 0.050000 0.062500
0 0.571875 0.634766 0.050000 0.062500
0 0.618750 0.666016 0.050000 0.062500
0 0.500000 0.736328 0.050000 0.062500
0 0.667188 0.919922 0.050000 0.062500
0 0.465625 0.892578 0.050000 0.062500
0 0.439063 0.908203 0.050000 0.062500
0 0.387500 0.923828 0.050000 0.062500
0 0.296875 0.908203 0.050000 0.062500
0 0.314063 0.853516 0.050000 0.062500
0 0.362500 0.779297 0.050000 0.062500
0 0.267188 0.845703 0.050000 0.062500
0 0.090625 0.975586 0.050000 0.048828
0 0.039062 0.765625 0.050000 0.062500
0 0.160938 0.611328 0.050000 0.062500
0 0.382812 0.542969 0.050000 0.062500
0 0.301563 0.656250 0.050000 0.062500
0 0.298438 0.710938 0.050000 0.062500
0 0.284375 0.722656 0.050000 0.062500
0 0.282813 0.738281 0.050000 0.062500
0 0.231250 0.529297 0.050000 0.062500
0 0.214062 0.509766 0.050000 0.062500
0 0.225000 0.449219 0.050000 0.062500
0 0.239063 0.478516 0.050000 0.062500
0 0.346875 0.488281 0.050000 0.062500
0 0.153125 0.517578 0.050000 0.062500
0 0.024219 0.488281 0.048438 0.062500
0 0.145313 0.337891 0.050000 0.062500
0 0.096875 0.341797 0.050000 0.062500
0 0.104688 0.083984 0.050000 0.062500
0 0.104688 0.148438 0.050000 0.062500
0 0.135937 0.119141 0.050000 0.062500
0 0.175000 0.082031 0.050000 0.062500
0 0.150000 0.039062 0.050000 0.062500
0 0.239063 0.031250 0.050000 0.062500
0 0.275000 0.022461 0.050000 0.044922
0 0.193750 0.018555 0.050000 0.037109
0 0.082812 0.105469 0.050000 0.062500
0 0.071875 0.181641 0.050000 0.062500
0 0.039062 0.187500 0.050000 0.062500
0 0.021875 0.152344 0.043750 0.062500
0 0.013281 0.119141 0.026562 0.062500
0 0.048438 0.091797 0.050000 0.062500
0 0.032813 0.068359 0.050000 0.062500
0 0.017969 0.026367 0.035937 0.052734
0 0.053125 0.018555 0.050000 0.037109
0 0.118750 0.019531 0.050000 0.039062
0 0.075000 0.037109 0.050000 0.062500
0 0.982812 0.685547 0.034375 0.062500
0 0.571875 0.261719 0.050000 0.062500
