0 0.765625 0.083984 0.050000 0.062500
0 0.739062 0.339844 0.050000 0.062500
0 0.912500 0.351562 0.050000 0.062500
0 0.300000 0.583984 0.050000 0.062500
0 0.446875 0.410156 0.050000 0.062500
0 0.959375 0.457031 0.050000 0.062500
0 0.704688 0.738281 0.050000 0.062500
0 0.698438 0.796875 0.050000 0.062500
0 0.884375 0.925781 0.050000 0.062500
0 0.892188 0.972656 0.050000 0.054688
0 0.420312 0.958984 0.050000 0.062500
0 0.173437 0.892578 0.050000 0.062500
0 0.140625 0.880859 0.050000 0.062500
0 0.198437 0.792969 0.050000 0.062500
0 0.167187 0.400391 0.050000 0.062500
0 0.267188 0.097656 0.050000 0.062500
0 0.314063 0.020508 0.050000 0.041016
