0 0.823438 0.300781 0.050000 0.062500
0 0.823438 0.300781 0.050000 0.062500
0 0.865625 0.347656 0.050000 0.062500
0 0.890625 0.400391 0.050000 0.062500
0 0.925000 0.357422 0.050000 0.062500
0 0.920312 0.449219 0.050000 0.062500
0 0.960938 0.431641 0.050000 0.062500
0 0.982812 0.402344 0.034375 0.062500
0 0.975781 0.472656 0.048438 0.062500
0 0.950000 0.500000 0.050000 0.062500
0 0.910937 0.542969 0.050000 0.062500
0 0.879687 0.572266 0.050000 0.062500
0 0.875000 0.601562 0.050000 0.062500
0 0.906250 0.615234 0.050000 0.062500
0 0.943750 0.587891 0.050000 0.062500
0 0.935937 0.656250 0.050000 0.062500
0 0.903125 0.699219 0.050000 0.062500
0 0.915625 0.738281 0.050000 0.062500
0 0.942187 0.785156 0.050000 0.062500
0 0.980469 0.757812 0.039062 0.062500
0 0.910937 0.816406 0.050000 0.062500
0 0.959375 0.826172 0.050000 0.062500
0 0.926562 0.861328 0.050000 0.062500
0 0.948438 0.914062 0.050000 0.062500
0 0.982812 0.914062 0.034375 0.062500
0 0.977344 0.890625 0.045312 0.062500
0 0.976562 0.869141 0.046875 0.062500
0 0.962500 0.925781 0.050000 0.062500
0 0.978125 0.951172 0.043750 0.062500
0 0.915625 0.933594 0.050000 0.062500
0 0.889062 0.886719 0.050000 0.062500
0 0.871875 0.835938 0.050000 0.062500
0 0.850000 0.789062 0.050000 0.062500
0 0.825000 0.751953 0.050000 0.062500
0 0.878125 0.748047 0.050000 0.062500
0 0.856250 0.710938 0.050000 0.062500
0 0.792188 0.777344 0.050000 0.062500
0 0.812500 0.830078 0.050000 0.062500
0 0.837500 0.875000 0.050000 0.062500
0 0.843750 0.919922 0.050000 0.062500
0 0.818750 0.923828 0.050000 0.062500
0 0.834375 0.962891 0.050000 0.062500
0 0.668750 0.921875 0.050000 0.062500
0 0.775000 0.732422 0.050000 0.062500
0 0.764062 0.699219 0.050000 0.062500
0 0.737500 0.660156 0.050000 0.062500
0 0.775000 0.646484 0.050000 0.062500
0 0.803125 0.630859 0.050000 0.062500
0 0.842187 0.595703 0.050000 0.062500
0 0.818750 0.542969 0.050000 0.062500
0 0.773438 0.568359 0.050000 0.062500
0 0.760938 0.578125 0.050000 0.062500
0 0.737500 0.589844 0.050000 0.062500
0 0.718750 0.597656 0.050000 0.062500
0 0.698438 0.593750 0.050000 0.062500
0 0.759375 0.535156 0.050000 0.062500
0 0.787500 0.498047 0.050000 0.062500
0 0.821875 0.480469 0.050000 0.062500
0 0.840625 0.453125 0.050000 0.062500
0 0.885938 0.472656 0.050000 0.062500
0 0.851562 0.509766 0.050000 0.062500
0 0.860938 0.417969 0.050000 0.062500
0 0.829688 0.419922 0.050000 0.062500
0 0.837500 0.375000 0.050000 0.062500
0 0.789062 0.382812 0.050000 0.062500
0 0.792188 0.419922 0.050000 0.062500
0 0.768750 0.441406 0.050000 0.062500
0 0.760938 0.414062 0.050000 0.062500
0 0.739062 0.408203 0.050000 0.062500
0 0.715625 0.449219 0.050000 0.062500
0 0.728125 0.478516 0.050000 0.062500
0 0.714063 0.517578 0.050000 0.062500
0 0.667188 0.544922 0.050000 0.062500
0 0.648438 0.492188 0.050000 0.062500
0 0.592187 0.476562 0.050000 0.062500
0 0.665625 0.363281 0.050000 0.062500
0 0.696875 0.388672 0.050000 0.062500
0 0.706250 0.400391 0.050000 0.062500
0 0.714063 0.365234 0.050000 0.062500
0 0.787500 0.294922 0.050000 0.062500
0 0.779687 0.277344 0.050000 0.062500
0 0.756250 0.322266 0.050000 0.062500
0 0.739062 0.187500 0.050000 0.062500
0 0.682813 0.142578 0.050000 0.062500
0 0.603125 0.212891 0.050000 0.062500
0 0.479687 0.294922 0.050000 0.062500
0 0.571875 0.259766 0.050000 0.062500
0 0.484375 0.347656 0.050000 0.062500
0 0.398438 0.341797 0.050000 0.062500
0 0.437500 0.234375 0.050000 0.062500
0 0.323437 0.166016 0.050000 0.062500
0 0.371875 0.083984 0.050000 0.062500
0 0.548438 0.026367 0.050000 0.052734
0 0.640625 0.041016 0.050000 0.062500
0 0.789062 0.017578 0.050000 0.035156
0 0.501563 0.726562 0.050000 0.062500
0 0.571875 0.630859 0.050000 0.062500
0 0.615625 0.664062 0.050000 0.062500
0 0.729688 0.693359 0.050000 0.062500
0 0.867188 0.921875 0.050000 0.062500
0 0.387500 0.919922 0.050000 0.062500
0 0.435937 0.898438 0.050000 0.062500
0 0.456250 0.892578 0.050000 0.062500
0 0.364063 0.789062 0.050000 0.062500
0 0.306250 0.853516 0.050000 0.062500
0 0.303125 0.900391 0.050000 0.062500
0 0.264062 0.835938 0.050000 0.062500
0 0.282813 0.732422 0.050000 0.062500
0 0.300000 0.708984 0.050000 0.062500
0 0.306250 0.658203 0.050000 0.062500
0 0.376563 0.550781 0.050000 0.062500
0 0.223438 0.527344 0.050000 0.062500
0 0.240625 0.478516 0.050000 0.062500
0 0.214062 0.513672 0.050000 0.062500
0 0.231250 0.455078 0.050000 0.062500
0 0.156250 0.626953 0.050000 0.062500
0 0.084375 0.960938 0.050000 0.062500
0 0.076563 0.975586 0.050000 0.048828
0 0.039062 0.765625 0.050000 0.062500
0 0.028125 0.482422 0.050000 0.062500
0 0.092188 0.341797 0.050000 0.062500
0 0.142187 0.330078 0.050000 0.062500
0 0.146875 0.525391 0.050000 0.062500
0 0.076563 0.107422 0.050000 0.062500
0 0.093750 0.091797 0.050000 0.062500
0 0.101562 0.148438 0.050000 0.062500
0 0.071875 0.181641 0.050000 0.062500
0 0.167187 0.095703 0.050000 0.062500
0 0.137500 0.126953 0.050000 0.062500
0 0.139063 0.050781 0.050000 0.062500
0 0.193750 0.021484 0.050000 0.042969
0 0.275000 0.018555 0.050000 0.037109
0 0.229687 0.033203 0.050000 0.062500
0 0.082812 0.039062 0.050000 0.062500
0 0.107813 0.019531 0.050000 0.039062
0 0.048438 0.017578 0.050000 0.035156
0 0.014063 0.028320 0.028125 0.056641
0 0.031250 0.091797 0.050000 0.062500
0 0.031250 0.064453 0.050000 0.062500
0 0.020313 0.144531 0.040625 0.062500
0 0.014844 0.121094 0.029687 0.062500
0 0.484375 0.273438 0.050000 0.062500
0 0.328125 0.187500 0.050000 0.062500
0 0.920312 0.027344 0.050000 0.054688
0 0.982031 0.030273 0.035937 0.060547
0 0.980469 0.160156 0.039062 0.062500
0 0.980469 0.685547 0.039062 0.062500
0 0.656250 0.652344 0.050000 0.062500
0 0.831250 0.281250 0.050000 0.062500
