0 0.834375 0.285156 0.050000 0.062500
0 0.818750 0.300781 0.050000 0.062500
0 0.776563 0.285156 0.050000 0.062500
0 0.792188 0.304688 0.050000 0.062500
0 0.834375 0.375000 0.050000 0.062500
0 0.868750 0.347656 0.050000 0.062500
0 0.893750 0.406250 0.050000 0.062500
0 0.856250 0.425781 0.050000 0.062500
0 0.840625 0.455078 0.050000 0.062500
0 0.829688 0.476562 0.050000 0.062500
0 0.823438 0.416016 0.050000 0.062500
0 0.787500 0.421875 0.050000 0.062500
0 0.764062 0.437500 0.050000 0.062500
0 0.759375 0.417969 0.050000 0.062500
0 0.743750 0.412109 0.050000 0.062500
0 0.782813 0.376953 0.050000 0.062500
0 0.754687 0.324219 0.050000 0.062500
0 0.714063 0.357422 0.050000 0.062500
0 0.712500 0.402344 0.050000 0.062500
0 0.695312 0.390625 0.050000 0.062500
0 0.675000 0.355469 0.050000 0.062500
0 0.707812 0.443359 0.050000 0.062500
0 0.726562 0.488281 0.050000 0.062500
0 0.703125 0.519531 0.050000 0.062500
0 0.753125 0.535156 0.050000 0.062500
0 0.757812 0.580078 0.050000 0.062500
0 0.740625 0.587891 0.050000 0.062500
0 0.717187 0.597656 0.050000 0.062500
0 0.698438 0.595703 0.050000 0.062500
0 0.665625 0.535156 0.050000 0.062500
0 0.646875 0.482422 0.050000 0.062500
0 0.676562 0.455078 0.050000 0.062500
0 0.590625 0.476562 0.050000 0.062500
0 0.775000 0.562500 0.050000 0.062500
0 0.790625 0.492188 0.050000 0.062500
0 0.818750 0.544922 0.050000 0.062500
0 0.853125 0.511719 0.050000 0.062500
0 0.915625 0.449219 0.050000 0.062500
0 0.945312 0.509766 0.050000 0.062500
0 0.975781 0.470703 0.048438 0.062500
0 0.957812 0.427734 0.050000 0.062500
0 0.928125 0.361328 0.050000 0.062500
0 0.879687 0.470703 0.050000 0.062500
0 0.907813 0.542969 0.050000 0.062500
0 0.878125 0.574219 0.050000 0.062500
0 0.875000 0.607422 0.050000 0.062500
0 0.906250 0.617188 0.050000 0.062500
0 0.937500 0.589844 0.050000 0.062500
0 0.935937 0.666016 0.050000 0.062500
0 0.982031 0.685547 0.035937 0.062500
0 0.975000 0.753906 0.050000 0.062500
0 0.915625 0.742188 0.050000 0.062500
0 0.898438 0.699219 0.050000 0.062500
0 0.859375 0.716797 0.050000 0.062500
0 0.873437 0.753906 0.050000 0.062500
0 0.829688 0.746094 0.050000 0.062500
0 0.842187 0.787109 0.050000 0.062500
0 0.867188 0.833984 0.050000 0.062500
0 0.904687 0.818359 0.050000 0.062500
0 0.940625 0.787109 0.050000 0.062500
0 0.926562 0.863281 0.050000 0.062500
0 0.962500 0.826172 0.050000 0.062500
0 0.975781 0.878906 0.048438 0.062500
0 0.982812 0.914062 0.034375 0.062500
0 0.954688 0.914062 0.050000 0.062500
0 0.964063 0.947266 0.050000 0.062500
0 0.926562 0.941406 0.050000 0.062500
0 0.892188 0.882812 0.050000 0.062500
0 0.857812 0.921875 0.050000 0.062500
0 0.840625 0.910156 0.050000 0.062500
0 0.818750 0.925781 0.050000 0.062500
0 0.837500 0.958984 0.050000 0.062500
0 0.834375 0.875000 0.050000 0.062500
0 0.815625 0.828125 0.050000 0.062500
0 0.793750 0.769531 0.050000 0.062500
0 0.767188 0.734375 0.050000 0.062500
0 0.775000 0.691406 0.050000 0.062500
0 0.735938 0.669922 0.050000 0.062500
0 0.770312 0.648438 0.050000 0.062500
0 0.800000 0.625000 0.050000 0.062500
0 0.806250 0.582031 0.050000 0.062500
0 0.623437 0.666016 0.050000 0.062500
0 0.568750 0.630859 0.050000 0.062500
0 0.673438 0.917969 0.050000 0.062500
0 0.650000 0.667969 0.050000 0.062500
0 0.501563 0.728516 0.050000 0.062500
0 0.457813 0.886719 0.050000 0.062500
0 0.437500 0.898438 0.050000 0.062500
0 0.384375 0.929688 0.050000 0.062500
0 0.315625 0.855469 0.050000 0.062500
0 0.293750 0.900391 0.050000 0.062500
0 0.264062 0.839844 0.050000 0.062500
0 0.365625 0.781250 0.050000 0.062500
0 0.279687 0.734375 0.050000 0.062500
0 0.295312 0.708984 0.050000 0.062500
0 0.300000 0.654297 0.050000 0.062500
0 0.376563 0.560547 0.050000 0.062500
0 0.340625 0.490234 0.050000 0.062500
0 0.223438 0.523438 0.050000 0.062500
0 0.221875 0.509766 0.050000 0.062500
0 0.212500 0.525391 0.050000 0.062500
0 0.256250 0.480469 0.050000 0.062500
0 0.235937 0.457031 0.050000 0.062500
0 0.393750 0.341797 0.050000 0.062500
0 0.479687 0.333984 0.050000 0.062500
0 0.479687 0.281250 0.050000 0.062500
0 0.485938 0.253906 0.050000 0.062500
0 0.598437 0.207031 0.050000 0.062500
0 0.671875 0.146484 0.050000 0.062500
0 0.645312 0.042969 0.050000 0.062500
0 0.735938 0.177734 0.050000 0.062500
0 0.721875 0.187500 0.050000 0.062500
0 0.787500 0.022461 0.050000 0.044922
0 0.550000 0.029297 0.050000 0.058594
0 0.371875 0.085938 0.050000 0.062500
0 0.326562 0.189453 0.050000 0.062500
0 0.435937 0.240234 0.050000 0.062500
0 0.143750 0.335938 0.050000 0.062500
0 0.095312 0.341797 0.050000 0.062500
0 0.024219 0.486328 0.048438 0.062500
0 0.162500 0.638672 0.050000 0.062500
0 0.173437 0.980469 0.050000 0.039062
0 0.078125 0.953125 0.050000 0.062500
0 0.067187 0.970703 0.050000 0.058594
0 0.037500 0.767578 0.050000 0.062500
0 0.090625 0.779297 0.050000 0.062500
0 0.100000 0.150391 0.050000 0.062500
0 0.129688 0.119141 0.050000 0.062500
0 0.170313 0.097656 0.050000 0.062500
0 0.228125 0.033203 0.050000 0.062500
0 0.275000 0.019531 0.050000 0.039062
0 0.190625 0.021484 0.050000 0.042969
0 0.143750 0.046875 0.050000 0.062500
0 0.090625 0.091797 0.050000 0.062500
0 0.075000 0.113281 0.050000 0.062500
0 0.065625 0.179688 0.050000 0.062500
0 0.042188 0.093750 0.050000 0.062500
0 0.023438 0.066406 0.046875 0.062500
0 0.026562 0.179688 0.050000 0.062500
0 0.020313 0.148438 0.040625 0.062500
0 0.048438 0.019531 0.050000 0.039062
0 0.014063 0.029297 0.028125 0.058594
0 0.729688 0.697266 0.050000 0.062500
0 0.148438 0.535156 0.050000 0.062500
0 0.028125 0.983398 0.050000 0.033203
0 0.300000 0.912109 0.050000 0.062500
