0 0.653125 0.105469 0.050000 0.062500
0 0.782813 0.201172 0.050000 0.062500
0 0.675000 0.248047 0.050000 0.062500
0 0.634375 0.287109 0.050000 0.062500
0 0.614062 0.273438 0.050000 0.062500
0 0.559375 0.105469 0.050000 0.062500
0 0.354687 0.072266 0.050000 0.062500
0 0.414062 0.308594 0.050000 0.062500
0 0.834375 0.599609 0.050000 0.062500
0 0.814063 0.632812 0.050000 0.062500
0 0.700000 0.630859 0.050000 0.062500
0 0.673438 0.666016 0.050000 0.062500
0 0.607812 0.636719 0.050000 0.062500
0 0.631250 0.708984 0.050000 0.062500
0 0.589063 0.685547 0.050000 0.062500
0 0.670312 0.699219 0.050000 0.062500
0 0.710938 0.718750 0.050000 0.062500
0 0.721875 0.687500 0.050000 0.062500
0 0.757812 0.685547 0.050000 0.062500
0 0.801562 0.726562 0.050000 0.062500
0 0.825000 0.794922 0.050000 0.062500
0 0.768750 0.744141 0.050000 0.062500
0 0.737500 0.789062 0.050000 0.062500
0 0.656250 0.765625 0.050000 0.062500
0 0.629687 0.798828 0.050000 0.062500
0 0.560937 0.830078 0.050000 0.062500
0 0.676562 0.826172 0.050000 0.062500
0 0.546875 0.908203 0.050000 0.062500
0 0.528125 0.964844 0.050000 0.062500
0 0.664062 0.886719 0.050000 0.062500
0 0.689063 0.929688 0.050000 0.062500
0 0.707812 0.960938 0.050000 0.062500
0 0.740625 0.972656 0.050000 0.054688
0 0.801562 0.923828 0.050000 0.062500
0 0.814063 0.861328 0.050000 0.062500
0 0.890625 0.894531 0.050000 0.062500
0 0.873437 0.800781 0.050000 0.062500
0 0.860938 0.884766 0.050000 0.062500
0 0.834375 0.923828 0.050000 0.062500
0 0.875000 0.968750 0.050000 0.062500
0 0.775000 0.843750 0.050000 0.062500
0 0.793750 0.781250 0.050000 0.062500
0 0.753125 0.917969 0.050000 0.062500
0 0.732812 0.839844 0.050000 0.062500
0 0.614062 0.976562 0.050000 0.046875
0 0.570312 0.974609 0.050000 0.050781
0 0.370312 0.953125 0.050000 0.062500
0 0.206250 0.933594 0.050000 0.062500
0 0.140625 0.863281 0.050000 0.062500
0 0.176563 0.876953 0.050000 0.062500
0 0.175000 0.697266 0.050000 0.062500
0 0.215625 0.720703 0.050000 0.062500
0 0.239063 0.724609 0.050000 0.062500
0 0.350000 0.509766 0.050000 0.062500
0 0.245312 0.580078 0.050000 0.062500
0 0.168750 0.580078 0.050000 0.062500
0 0.125000 0.603516 0.050000 0.062500
0 0.139063 0.529297 0.050000 0.062500
0 0.362500 0.669922 0.050000 0.062500
0 0.468750 0.667969 0.050000 0.062500
0 0.484375 0.732422 0.050000 0.062500
0 0.748437 0.388672 0.050000 0.062500
0 0.829688 0.447266 0.050000 0.062500
0 0.946875 0.150391 0.050000 0.062500
0 0.946875 0.103516 0.050000 0.062500
0 0.517188 0.310547 0.050000 0.062500
0 0.312500 0.030273 0.050000 0.060547
0 0.062500 0.185547 0.050000 0.062500
0 0.026562 0.269531 0.050000 0.062500
0 0.021875 0.417969 0.043750 0.062500
0 0.085938 0.515625 0.050000 0.062500
0 0.118750 0.380859 0.050000 0.062500
0 0.112500 0.759766 0.050000 0.062500
0 0.017969 0.744141 0.035937 0.062500
0 0.978906 0.433594 0.042188 0.062500
0 0.965625 0.144531 0.050000 0.062500
0 0.776563 0.625000 0.050000 0.062500
0 0.554688 0.916016 0.050000 0.062500
0 0.307812 0.361328 0.050000 0.062500
0 0.357812 0.343750 0.050000 0.062500
0 0.318750 0.310547 0.050000 0.062500
0 0.268750 0.435547 0.050000 0.062500
0 0.234375 0.466797 0.050000 0.062500
0 0.215625 0.476562 0.050000 0.062500
0 0.634375 0.873047 0.050000 0.062500
0 0.571875 0.582031 0.050000 0.062500
0 0.325000 0.974609 0.050000 0.050781
0 0.231250 0.979492 0.050000 0.041016
0 0.168750 0.978516 0.050000 0.042969
0 0.023438 0.861328 0.046875 0.062500
0 0.775000 0.373047 0.050000 0.062500
0 0.756250 0.785156 0.050000 0.062500
0 0.715625 0.904297 0.050000 0.062500
0 0.567187 0.841797 0.050000 0.062500
0 0.645312 0.800781 0.050000 0.062500
0 0.684375 0.787109 0.050000 0.062500
0 0.695312 0.767578 0.050000 0.062500
0 0.740625 0.718750 0.050000 0.062500
0 0.834375 0.744141 0.050000 0.062500
0 0.368750 0.865234 0.050000 0.062500
0 0.603125 0.787109 0.050000 0.062500
0 0.587500 0.779297 0.050000 0.062500
0 0.928125 0.044922 0.050000 0.062500
0 0.978125 0.058594 0.043750 0.062500
0 0.801562 0.022461 0.050000 0.044922
0 0.868750 0.027344 0.050000 0.054688
0 0.854688 0.666016 0.050000 0.062500
