0 0.895312 0.849609 0.050000 0.062500
0 0.935937 0.855469 0.050000 0.062500
0 0.934375 0.923828 0.050000 0.062500
0 0.889062 0.949219 0.050000 0.062500
0 0.892188 0.910156 0.050000 0.062500
0 0.898438 0.773438 0.050000 0.062500
0 0.900000 0.732422 0.050000 0.062500
0 0.918750 0.681641 0.050000 0.062500
0 0.957812 0.689453 0.050000 0.062500
0 0.983594 0.685547 0.032813 0.062500
0 0.854688 0.746094 0.050000 0.062500
0 0.935937 0.626953 0.050000 0.062500
0 0.714063 0.644531 0.050000 0.062500
0 0.742188 0.589844 0.050000 0.062500
0 0.948438 0.419922 0.050000 0.062500
0 0.871875 0.392578 0.050000 0.062500
0 0.898438 0.353516 0.050000 0.062500
0 0.900000 0.326172 0.050000 0.062500
0 0.926562 0.314453 0.050000 0.062500
0 0.882812 0.294922 0.050000 0.062500
0 0.867188 0.300781 0.050000 0.062500
0 0.870313 0.337891 0.050000 0.062500
0 0.946875 0.363281 0.050000 0.062500
0 0.923438 0.367188 0.050000 0.062500
0 0.928125 0.388672 0.050000 0.062500
0 0.625000 0.154297 0.050000 0.062500
0 0.696875 0.142578 0.050000 0.062500
0 0.704688 0.164062 0.050000 0.062500
0 0.495312 0.296875 0.050000 0.062500
0 0.509375 0.279297 0.050000 0.062500
0 0.439063 0.099609 0.050000 0.062500
0 0.450000 0.068359 0.050000 0.062500
0 0.264062 0.166016 0.050000 0.062500
0 0.371875 0.351562 0.050000 0.062500
0 0.373437 0.416016 0.050000 0.062500
0 0.473438 0.468750 0.050000 0.062500
0 0.495312 0.460938 0.050000 0.062500
0 0.500000 0.828125 0.050000 0.062500
0 0.465625 0.820312 0.050000 0.062500
0 0.550000 0.882812 0.050000 0.062500
0 0.589063 0.980469 0.050000 0.039062
0 0.707812 0.931641 0.050000 0.062500
0 0.420312 0.738281 0.050000 0.062500
0 0.523438 0.714844 0.050000 0.062500
0 0.376563 0.556641 0.050000 0.062500
0 0.409375 0.591797 0.050000 0.062500
0 0.318750 0.445312 0.050000 0.062500
0 0.193750 0.476562 0.050000 0.062500
0 0.293750 0.574219 0.050000 0.062500
0 0.171875 0.601562 0.050000 0.062500
0 0.164062 0.638672 0.050000 0.062500
0 0.310937 0.923828 0.050000 0.062500
0 0.204687 0.900391 0.050000 0.062500
0 0.257812 0.875000 0.050000 0.062500
0 0.235937 0.740234 0.050000 0.062500
0 0.109375 0.710938 0.050000 0.062500
0 0.209375 0.330078 0.050000 0.062500
0 0.134375 0.328125 0.050000 0.062500
0 0.132812 0.267578 0.050000 0.062500
0 0.846875 0.023438 0.050000 0.046875
0 0.048438 0.503906 0.050000 0.062500
0 0.040625 0.544922 0.050000 0.062500
0 0.131250 0.445312 0.050000 0.062500
0 0.254688 0.435547 0.050000 0.062500
0 0.282813 0.482422 0.050000 0.062500
0 0.140625 0.091797 0.050000 0.062500
0 0.817187 0.095703 0.050000 0.062500
0 0.970313 0.550781 0.050000 0.062500
0 0.814063 0.138672 0.050000 0.062500
0 0.465625 0.652344 0.050000 0.062500
0 0.725000 0.904297 0.050000 0.062500
