0 0.139063 0.371094 0.050000 0.062500
0 0.450000 0.412109 0.050000 0.062500
0 0.753125 0.386719 0.050000 0.062500
0 0.917188 0.351562 0.050000 0.062500
0 0.965625 0.470703 0.050000 0.062500
0 0.709375 0.742188 0.050000 0.062500
0 0.701562 0.800781 0.050000 0.062500
0 0.900000 0.906250 0.050000 0.062500
0 0.906250 0.962891 0.050000 0.062500
0 0.301563 0.585938 0.050000 0.062500
0 0.189062 0.816406 0.050000 0.062500
0 0.176563 0.890625 0.050000 0.062500
0 0.139063 0.880859 0.050000 0.062500
0 0.418750 0.929688 0.050000 0.062500
0 0.270313 0.103516 0.050000 0.062500
0 0.231250 0.024414 0.050000 0.048828
0 0.315625 0.019531 0.050000 0.039062
0 0.764062 0.087891 0.050000 0.062500
