0 0.953125 0.617188 0.050000 0.062500
0 0.942187 0.675781 0.050000 0.062500
0 0.973437 0.677734 0.050000 0.062500
0 0.926562 0.712891 0.050000 0.062500
0 0.926562 0.755859 0.050000 0.062500
0 0.923438 0.833984 0.050000 0.062500
0 0.920312 0.933594 0.050000 0.062500
0 0.965625 0.908203 0.050000 0.062500
0 0.967187 0.843750 0.050000 0.062500
0 0.759375 0.578125 0.050000 0.062500
0 0.735938 0.638672 0.050000 0.062500
0 0.920312 0.404297 0.050000 0.062500
0 0.953125 0.363281 0.050000 0.062500
0 0.915625 0.361328 0.050000 0.062500
0 0.912500 0.341797 0.050000 0.062500
0 0.915625 0.318359 0.050000 0.062500
0 0.756250 0.904297 0.050000 0.062500
0 0.734375 0.935547 0.050000 0.062500
0 0.481250 0.490234 0.050000 0.062500
0 0.551562 0.291016 0.050000 0.062500
0 0.518750 0.275391 0.050000 0.062500
0 0.660937 0.123047 0.050000 0.062500
0 0.632812 0.018555 0.050000 0.037109
0 0.465625 0.074219 0.050000 0.062500
0 0.468750 0.101562 0.050000 0.062500
0 0.276562 0.091797 0.050000 0.062500
0 0.246875 0.089844 0.050000 0.062500
0 0.271875 0.177734 0.050000 0.062500
0 0.385937 0.369141 0.050000 0.062500
0 0.356250 0.429688 0.050000 0.062500
0 0.337500 0.453125 0.050000 0.062500
0 0.300000 0.494141 0.050000 0.062500
0 0.273438 0.449219 0.050000 0.062500
0 0.307812 0.585938 0.050000 0.062500
0 0.429688 0.595703 0.050000 0.062500
0 0.489063 0.656250 0.050000 0.062500
0 0.476562 0.759766 0.050000 0.062500
0 0.464062 0.853516 0.050000 0.062500
0 0.495312 0.849609 0.050000 0.062500
0 0.557813 0.738281 0.050000 0.062500
0 0.578125 0.882812 0.050000 0.062500
0 0.620313 0.979492 0.050000 0.041016
0 0.218750 0.490234 0.050000 0.062500
0 0.218750 0.375000 0.050000 0.062500
0 0.181250 0.328125 0.050000 0.062500
0 0.150000 0.238281 0.050000 0.062500
0 0.145313 0.453125 0.050000 0.062500
0 0.051562 0.523438 0.050000 0.062500
0 0.060937 0.566406 0.050000 0.062500
0 0.231250 0.914062 0.050000 0.062500
0 0.279687 0.884766 0.050000 0.062500
0 0.896875 0.287109 0.050000 0.062500
0 0.879687 0.294922 0.050000 0.062500
0 0.704688 0.136719 0.050000 0.062500
0 0.710938 0.158203 0.050000 0.062500
0 0.853125 0.018555 0.050000 0.037109
0 0.442188 0.673828 0.050000 0.062500
0 0.393750 0.537109 0.050000 0.062500
0 0.817187 0.126953 0.050000 0.062500
0 0.829688 0.095703 0.050000 0.062500
0 0.170313 0.708984 0.050000 0.062500
0 0.878125 0.738281 0.050000 0.062500
0 0.879687 0.675781 0.050000 0.062500
0 0.882812 0.626953 0.050000 0.062500
0 0.878125 0.787109 0.050000 0.062500
0 0.876563 0.826172 0.050000 0.062500
0 0.878125 0.933594 0.050000 0.062500
0 0.140625 0.111328 0.050000 0.062500
0 0.187500 0.619141 0.050000 0.062500
0 0.195312 0.636719 0.050000 0.062500
0 0.973437 0.757812 0.050000 0.062500
0 0.975000 0.800781 0.050000 0.062500
0 0.964063 0.957031 0.050000 0.062500
0 0.921875 0.894531 0.050000 0.062500
0 0.262500 0.759766 0.050000 0.062500
0 0.037500 0.818359 0.050000 0.062500
0 0.016406 0.308594 0.032813 0.062500
0 0.400000 0.560547 0.050000 0.062500
0 0.337500 0.878906 0.050000 0.062500
