0 0.223438 0.154297 0.050000 0.062500
0 0.912500 0.349609 0.050000 0.062500
0 0.926562 0.343750 0.050000 0.062500
0 0.918750 0.371094 0.050000 0.062500
0 0.937500 0.367188 0.050000 0.062500
0 0.931250 0.384766 0.050000 0.062500
0 0.951562 0.382812 0.050000 0.062500
0 0.943750 0.419922 0.050000 0.062500
0 0.984375 0.546875 0.031250 0.062500
0 0.950000 0.625000 0.050000 0.062500
0 0.910937 0.621094 0.050000 0.062500
0 0.887500 0.644531 0.050000 0.062500
0 0.885938 0.689453 0.050000 0.062500
0 0.884375 0.763672 0.050000 0.062500
0 0.879687 0.804688 0.050000 0.062500
0 0.881250 0.853516 0.050000 0.062500
0 0.871875 0.951172 0.050000 0.062500
0 0.918750 0.964844 0.050000 0.062500
0 0.920312 0.914062 0.050000 0.062500
0 0.921875 0.861328 0.050000 0.062500
0 0.932813 0.783203 0.050000 0.062500
0 0.931250 0.732422 0.050000 0.062500
0 0.935937 0.683594 0.050000 0.062500
0 0.975781 0.687500 0.048438 0.062500
0 0.975000 0.775391 0.050000 0.062500
0 0.971875 0.814453 0.050000 0.062500
0 0.970313 0.859375 0.050000 0.062500
0 0.968750 0.927734 0.050000 0.062500
0 0.967187 0.971680 0.050000 0.056641
0 0.742188 0.945312 0.050000 0.062500
0 0.760938 0.927734 0.050000 0.062500
0 0.742188 0.650391 0.050000 0.062500
0 0.767188 0.593750 0.050000 0.062500
0 0.685937 0.109375 0.050000 0.062500
0 0.706250 0.146484 0.050000 0.062500
0 0.714063 0.169922 0.050000 0.062500
0 0.817187 0.138672 0.050000 0.062500
0 0.821875 0.113281 0.050000 0.062500
0 0.835938 0.095703 0.050000 0.062500
0 0.900000 0.294922 0.050000 0.062500
0 0.887500 0.302734 0.050000 0.062500
0 0.932813 0.257812 0.050000 0.062500
0 0.892188 0.419922 0.050000 0.062500
0 0.846875 0.019531 0.050000 0.039062
0 0.615625 0.028320 0.050000 0.056641
0 0.575000 0.022461 0.050000 0.044922
0 0.579688 0.041016 0.050000 0.062500
0 0.468750 0.089844 0.050000 0.062500
0 0.481250 0.105469 0.050000 0.062500
0 0.579688 0.289062 0.050000 0.062500
0 0.728125 0.433594 0.050000 0.062500
0 0.656250 0.517578 0.050000 0.062500
0 0.792188 0.269531 0.050000 0.062500
0 0.784375 0.244141 0.050000 0.062500
0 0.840625 0.113281 0.050000 0.062500
0 0.275000 0.191406 0.050000 0.062500
0 0.153125 0.244141 0.050000 0.062500
0 0.207813 0.333984 0.050000 0.062500
0 0.203125 0.373047 0.050000 0.062500
0 0.364063 0.376953 0.050000 0.062500
0 0.346875 0.447266 0.050000 0.062500
0 0.217188 0.498047 0.050000 0.062500
0 0.387500 0.542969 0.050000 0.062500
0 0.406250 0.552734 0.050000 0.062500
0 0.404687 0.580078 0.050000 0.062500
0 0.495312 0.519531 0.050000 0.062500
0 0.425000 0.697266 0.050000 0.062500
0 0.490625 0.763672 0.050000 0.062500
0 0.579688 0.740234 0.050000 0.062500
0 0.479687 0.871094 0.050000 0.062500
0 0.450000 0.888672 0.050000 0.062500
0 0.334375 0.853516 0.050000 0.062500
0 0.192188 0.701172 0.050000 0.062500
0 0.192188 0.666016 0.050000 0.062500
0 0.192188 0.625000 0.050000 0.062500
0 0.046875 0.826172 0.050000 0.062500
0 0.045312 0.566406 0.050000 0.062500
0 0.317188 0.597656 0.050000 0.062500
