0 0.220312 0.332031 0.050000 0.062500
0 0.190625 0.365234 0.050000 0.062500
0 0.200000 0.173828 0.050000 0.062500
0 0.273438 0.191406 0.050000 0.062500
0 0.143750 0.242188 0.050000 0.062500
0 0.040625 0.582031 0.050000 0.062500
0 0.195312 0.695312 0.050000 0.062500
0 0.187500 0.669922 0.050000 0.062500
0 0.190625 0.628906 0.050000 0.062500
0 0.948438 0.626953 0.050000 0.062500
0 0.914062 0.623047 0.050000 0.062500
0 0.884375 0.644531 0.050000 0.062500
0 0.884375 0.695312 0.050000 0.062500
0 0.881250 0.765625 0.050000 0.062500
0 0.875000 0.806641 0.050000 0.062500
0 0.879687 0.847656 0.050000 0.062500
0 0.873437 0.949219 0.050000 0.062500
0 0.920312 0.962891 0.050000 0.062500
0 0.921875 0.917969 0.050000 0.062500
0 0.921875 0.861328 0.050000 0.062500
0 0.929688 0.783203 0.050000 0.062500
0 0.928125 0.738281 0.050000 0.062500
0 0.932813 0.683594 0.050000 0.062500
0 0.973437 0.687500 0.050000 0.062500
0 0.975781 0.775391 0.048438 0.062500
0 0.975000 0.818359 0.050000 0.062500
0 0.967187 0.859375 0.050000 0.062500
0 0.965625 0.921875 0.050000 0.062500
0 0.964063 0.972656 0.050000 0.054688
0 0.983594 0.548828 0.032813 0.062500
0 0.915625 0.353516 0.050000 0.062500
0 0.928125 0.351562 0.050000 0.062500
0 0.915625 0.373047 0.050000 0.062500
0 0.939063 0.375000 0.050000 0.062500
0 0.950000 0.394531 0.050000 0.062500
0 0.956250 0.425781 0.050000 0.062500
0 0.929688 0.386719 0.050000 0.062500
0 0.889062 0.417969 0.050000 0.062500
0 0.928125 0.261719 0.050000 0.062500
0 0.898438 0.292969 0.050000 0.062500
0 0.885938 0.306641 0.050000 0.062500
0 0.792188 0.269531 0.050000 0.062500
0 0.693750 0.101562 0.050000 0.062500
0 0.779687 0.250000 0.050000 0.062500
0 0.704688 0.144531 0.050000 0.062500
0 0.715625 0.169922 0.050000 0.062500
0 0.562500 0.028320 0.050000 0.056641
0 0.567187 0.048828 0.050000 0.062500
0 0.604688 0.030273 0.050000 0.060547
0 0.467187 0.089844 0.050000 0.062500
0 0.482812 0.109375 0.050000 0.062500
0 0.343750 0.451172 0.050000 0.062500
0 0.218750 0.501953 0.050000 0.062500
0 0.350000 0.378906 0.050000 0.062500
0 0.045312 0.824219 0.050000 0.062500
0 0.329688 0.835938 0.050000 0.062500
0 0.467187 0.878906 0.050000 0.062500
0 0.437500 0.902344 0.050000 0.062500
0 0.482812 0.769531 0.050000 0.062500
0 0.593750 0.285156 0.050000 0.062500
0 0.829688 0.099609 0.050000 0.062500
0 0.837500 0.020508 0.050000 0.041016
0 0.814063 0.142578 0.050000 0.062500
0 0.842187 0.119141 0.050000 0.062500
0 0.723437 0.435547 0.050000 0.062500
0 0.585938 0.730469 0.050000 0.062500
0 0.768750 0.593750 0.050000 0.062500
0 0.732812 0.650391 0.050000 0.062500
0 0.762500 0.937500 0.050000 0.062500
0 0.182812 0.685547 0.050000 0.062500
0 0.500000 0.535156 0.050000 0.062500
0 0.640625 0.523438 0.050000 0.062500
0 0.389062 0.544922 0.050000 0.062500
0 0.407813 0.558594 0.050000 0.062500
0 0.403125 0.587891 0.050000 0.062500
0 0.310937 0.599609 0.050000 0.062500
0 0.412500 0.707031 0.050000 0.062500
