0 0.826562 0.021484 0.050000 0.042969
0 0.382812 0.546875 0.050000 0.062500
0 0.340625 0.382812 0.050000 0.062500
0 0.215625 0.505859 0.050000 0.062500
0 0.229687 0.330078 0.050000 0.062500
0 0.181250 0.359375 0.050000 0.062500
0 0.034375 0.607422 0.050000 0.062500
0 0.012500 0.541016 0.025000 0.062500
0 0.190625 0.632812 0.050000 0.062500
0 0.195312 0.664062 0.050000 0.062500
0 0.184375 0.683594 0.050000 0.062500
0 0.201563 0.681641 0.050000 0.062500
0 0.037500 0.833984 0.050000 0.062500
0 0.326562 0.822266 0.050000 0.062500
0 0.426563 0.912109 0.050000 0.062500
0 0.454688 0.890625 0.050000 0.062500
0 0.401562 0.714844 0.050000 0.062500
0 0.471875 0.773438 0.050000 0.062500
0 0.881250 0.642578 0.050000 0.062500
0 0.910937 0.626953 0.050000 0.062500
0 0.951562 0.626953 0.050000 0.062500
0 0.928125 0.681641 0.050000 0.062500
0 0.928125 0.738281 0.050000 0.062500
0 0.925000 0.783203 0.050000 0.062500
0 0.918750 0.861328 0.050000 0.062500
0 0.918750 0.914062 0.050000 0.062500
0 0.917188 0.962891 0.050000 0.062500
0 0.879687 0.699219 0.050000 0.062500
0 0.881250 0.765625 0.050000 0.062500
0 0.875000 0.808594 0.050000 0.062500
0 0.871875 0.851562 0.050000 0.062500
0 0.876563 0.953125 0.050000 0.062500
0 0.759375 0.939453 0.050000 0.062500
0 0.739062 0.955078 0.050000 0.062500
0 0.962500 0.969727 0.050000 0.060547
0 0.964063 0.927734 0.050000 0.062500
0 0.965625 0.865234 0.050000 0.062500
0 0.970313 0.818359 0.050000 0.062500
0 0.968750 0.779297 0.050000 0.062500
0 0.975000 0.689453 0.050000 0.062500
0 0.982812 0.546875 0.034375 0.062500
0 0.964063 0.429688 0.050000 0.062500
0 0.951562 0.396484 0.050000 0.062500
0 0.912500 0.376953 0.050000 0.062500
0 0.906250 0.359375 0.050000 0.062500
0 0.928125 0.384766 0.050000 0.062500
0 0.935937 0.369141 0.050000 0.062500
0 0.929688 0.349609 0.050000 0.062500
0 0.898438 0.298828 0.050000 0.062500
0 0.882812 0.310547 0.050000 0.062500
0 0.928125 0.255859 0.050000 0.062500
0 0.982031 0.232422 0.035937 0.062500
0 0.809375 0.144531 0.050000 0.062500
0 0.828125 0.099609 0.050000 0.062500
0 0.701562 0.089844 0.050000 0.062500
0 0.553125 0.039062 0.050000 0.062500
0 0.585938 0.035156 0.050000 0.062500
0 0.137500 0.240234 0.050000 0.062500
0 0.182812 0.195312 0.050000 0.062500
0 0.275000 0.189453 0.050000 0.062500
0 0.467187 0.095703 0.050000 0.062500
0 0.485938 0.107422 0.050000 0.062500
0 0.200000 0.695312 0.050000 0.062500
0 0.403125 0.562500 0.050000 0.062500
0 0.398438 0.587891 0.050000 0.062500
0 0.503125 0.546875 0.050000 0.062500
0 0.628125 0.523438 0.050000 0.062500
0 0.734375 0.652344 0.050000 0.062500
0 0.767188 0.599609 0.050000 0.062500
0 0.723437 0.435547 0.050000 0.062500
0 0.889062 0.423828 0.050000 0.062500
0 0.793750 0.269531 0.050000 0.062500
0 0.773438 0.251953 0.050000 0.062500
0 0.714063 0.175781 0.050000 0.062500
0 0.704688 0.152344 0.050000 0.062500
0 0.600000 0.285156 0.050000 0.062500
0 0.578125 0.718750 0.050000 0.062500
0 0.342187 0.457031 0.050000 0.062500
0 0.314063 0.603516 0.050000 0.062500
0 0.264062 0.771484 0.050000 0.062500
0 0.062500 0.589844 0.050000 0.062500
0 0.840625 0.119141 0.050000 0.062500
