0 0.121875 0.201172 0.050000 0.062500
0 0.259375 0.232422 0.050000 0.062500
0 0.114062 0.335938 0.050000 0.062500
0 0.320312 0.357422 0.050000 0.062500
0 0.340625 0.242188 0.050000 0.062500
0 0.353125 0.390625 0.050000 0.062500
0 0.229687 0.591797 0.050000 0.062500
0 0.351562 0.541016 0.050000 0.062500
0 0.325000 0.687500 0.050000 0.062500
0 0.445312 0.833984 0.050000 0.062500
0 0.523438 0.646484 0.050000 0.062500
0 0.179688 0.810547 0.050000 0.062500
0 0.196875 0.769531 0.050000 0.062500
0 0.196875 0.718750 0.050000 0.062500
0 0.151562 0.732422 0.050000 0.062500
0 0.054688 0.912109 0.050000 0.062500
0 0.265625 0.859375 0.050000 0.062500
0 0.368750 0.978516 0.050000 0.042969
0 0.604688 0.806641 0.050000 0.062500
0 0.751563 0.740234 0.050000 0.062500
0 0.784375 0.746094 0.050000 0.062500
0 0.485938 0.148438 0.050000 0.062500
0 0.500000 0.167969 0.050000 0.062500
0 0.498437 0.140625 0.050000 0.062500
0 0.529687 0.134766 0.050000 0.062500
0 0.567187 0.089844 0.050000 0.062500
0 0.382812 0.628906 0.050000 0.062500
0 0.418750 0.617188 0.050000 0.062500
0 0.423438 0.662109 0.050000 0.062500
0 0.440625 0.697266 0.050000 0.062500
0 0.610938 0.373047 0.050000 0.062500
0 0.717187 0.251953 0.050000 0.062500
0 0.725000 0.224609 0.050000 0.062500
0 0.826562 0.224609 0.050000 0.062500
0 0.842187 0.195312 0.050000 0.062500
0 0.840625 0.185547 0.050000 0.062500
0 0.818750 0.136719 0.050000 0.062500
0 0.767188 0.083984 0.050000 0.062500
0 0.920312 0.396484 0.050000 0.062500
0 0.918750 0.447266 0.050000 0.062500
0 0.928125 0.470703 0.050000 0.062500
0 0.946875 0.482422 0.050000 0.062500
0 0.946875 0.449219 0.050000 0.062500
0 0.935937 0.429688 0.050000 0.062500
0 0.934375 0.457031 0.050000 0.062500
0 0.971875 0.431641 0.050000 0.062500
0 0.353125 0.839844 0.050000 0.062500
0 0.353125 0.818359 0.050000 0.062500
0 0.014063 0.433594 0.028125 0.062500
0 0.154688 0.203125 0.050000 0.062500
0 0.898438 0.710938 0.050000 0.062500
0 0.885938 0.750000 0.050000 0.062500
0 0.884375 0.802734 0.050000 0.062500
0 0.882812 0.865234 0.050000 0.062500
0 0.887500 0.912109 0.050000 0.062500
0 0.884375 0.955078 0.050000 0.062500
0 0.935937 0.964844 0.050000 0.062500
0 0.931250 0.886719 0.050000 0.062500
0 0.932813 0.835938 0.050000 0.062500
0 0.932813 0.783203 0.050000 0.062500
0 0.971875 0.773438 0.050000 0.062500
0 0.948438 0.712891 0.050000 0.062500
0 0.976562 0.865234 0.046875 0.062500
0 0.971875 0.910156 0.050000 0.062500
0 0.973437 0.966797 0.050000 0.062500
0 0.978125 0.720703 0.043750 0.062500
0 0.986719 0.630859 0.026562 0.062500
0 0.729688 0.529297 0.050000 0.062500
0 0.804688 0.351562 0.050000 0.062500
0 0.896875 0.392578 0.050000 0.062500
0 0.942187 0.341797 0.050000 0.062500
0 0.717187 0.017578 0.050000 0.035156
0 0.212500 0.021484 0.050000 0.042969
