0 0.190625 0.218750 0.050000 0.062500
0 0.176563 0.361328 0.050000 0.062500
0 0.090625 0.476562 0.050000 0.062500
0 0.048438 0.484375 0.050000 0.062500
0 0.062500 0.503906 0.050000 0.062500
0 0.303125 0.638672 0.050000 0.062500
0 0.023438 0.652344 0.046875 0.062500
0 0.059375 0.693359 0.050000 0.062500
0 0.045312 0.730469 0.050000 0.062500
0 0.050000 0.761719 0.050000 0.062500
0 0.034375 0.742188 0.050000 0.062500
0 0.046875 0.876953 0.050000 0.062500
0 0.123438 0.955078 0.050000 0.062500
0 0.232813 0.869141 0.050000 0.062500
0 0.267188 0.812500 0.050000 0.062500
0 0.239063 0.791016 0.050000 0.062500
0 0.278125 0.763672 0.050000 0.062500
0 0.231250 0.609375 0.050000 0.062500
0 0.392188 0.734375 0.050000 0.062500
0 0.409375 0.873047 0.050000 0.062500
0 0.420312 0.869141 0.050000 0.062500
0 0.528125 0.900391 0.050000 0.062500
0 0.826562 0.787109 0.050000 0.062500
0 0.856250 0.798828 0.050000 0.062500
0 0.607812 0.685547 0.050000 0.062500
0 0.420312 0.580078 0.050000 0.062500
0 0.489063 0.669922 0.050000 0.062500
0 0.500000 0.718750 0.050000 0.062500
0 0.518750 0.748047 0.050000 0.062500
0 0.410938 0.390625 0.050000 0.062500
0 0.428125 0.277344 0.050000 0.062500
0 0.559375 0.193359 0.050000 0.062500
0 0.607812 0.181641 0.050000 0.062500
0 0.576562 0.183594 0.050000 0.062500
0 0.575000 0.216797 0.050000 0.062500
0 0.657813 0.148438 0.050000 0.062500
0 0.834375 0.130859 0.050000 0.062500
0 0.910937 0.177734 0.050000 0.062500
0 0.914062 0.220703 0.050000 0.062500
0 0.918750 0.236328 0.050000 0.062500
0 0.904687 0.265625 0.050000 0.062500
0 0.896875 0.277344 0.050000 0.062500
0 0.803125 0.302734 0.050000 0.062500
0 0.806250 0.263672 0.050000 0.062500
0 0.879687 0.392578 0.050000 0.062500
0 0.968750 0.433594 0.050000 0.062500
0 0.980469 0.433594 0.039062 0.062500
0 0.980469 0.486328 0.039062 0.062500
0 0.985938 0.507812 0.028125 0.062500
0 0.973437 0.552734 0.050000 0.062500
0 0.806250 0.576172 0.050000 0.062500
0 0.960938 0.769531 0.050000 0.062500
0 0.965625 0.810547 0.050000 0.062500
0 0.962500 0.861328 0.050000 0.062500
0 0.959375 0.925781 0.050000 0.062500
0 0.953125 0.969727 0.050000 0.060547
0 0.684375 0.865234 0.050000 0.062500
0 0.604688 0.417969 0.050000 0.062500
0 0.625000 0.628906 0.050000 0.062500
0 0.415625 0.755859 0.050000 0.062500
0 0.473438 0.699219 0.050000 0.062500
0 0.462500 0.669922 0.050000 0.062500
0 0.351562 0.900391 0.050000 0.062500
0 0.809375 0.048828 0.050000 0.062500
0 0.148438 0.714844 0.050000 0.062500
0 0.346875 0.259766 0.050000 0.062500
0 0.403125 0.016602 0.050000 0.033203
0 0.703125 0.017578 0.050000 0.035156
0 0.823438 0.015625 0.050000 0.031250
0 0.067187 0.746094 0.050000 0.062500
0 0.081250 0.710938 0.050000 0.062500
0 0.014844 0.740234 0.029687 0.062500
