0 0.062500 0.503906 0.050000 0.062500
0 0.096875 0.492188 0.050000 0.062500
0 0.179688 0.359375 0.050000 0.062500
0 0.196875 0.216797 0.050000 0.062500
0 0.035937 0.679688 0.050000 0.062500
0 0.068750 0.708984 0.050000 0.062500
0 0.057813 0.748047 0.050000 0.062500
0 0.067187 0.773438 0.050000 0.062500
0 0.040625 0.769531 0.050000 0.062500
0 0.018750 0.703125 0.037500 0.062500
0 0.053125 0.914062 0.050000 0.062500
0 0.046875 0.923828 0.050000 0.062500
0 0.137500 0.969727 0.050000 0.060547
0 0.126562 0.979492 0.050000 0.041016
0 0.229687 0.888672 0.050000 0.062500
0 0.273438 0.835938 0.050000 0.062500
0 0.260937 0.816406 0.050000 0.062500
0 0.284375 0.773438 0.050000 0.062500
0 0.307812 0.642578 0.050000 0.062500
0 0.406250 0.748047 0.050000 0.062500
0 0.437500 0.593750 0.050000 0.062500
0 0.410938 0.894531 0.050000 0.062500
0 0.421875 0.882812 0.050000 0.062500
0 0.357812 0.919922 0.050000 0.062500
0 0.542188 0.923828 0.050000 0.062500
0 0.618750 0.699219 0.050000 0.062500
0 0.625000 0.638672 0.050000 0.062500
0 0.690625 0.865234 0.050000 0.062500
0 0.835938 0.798828 0.050000 0.062500
0 0.871875 0.824219 0.050000 0.062500
0 0.968750 0.971680 0.050000 0.056641
0 0.968750 0.939453 0.050000 0.062500
0 0.973437 0.880859 0.050000 0.062500
0 0.971875 0.822266 0.050000 0.062500
0 0.973437 0.777344 0.050000 0.062500
0 0.981250 0.568359 0.037500 0.062500
0 0.985156 0.507812 0.029687 0.062500
0 0.986719 0.470703 0.026562 0.062500
0 0.978125 0.449219 0.043750 0.062500
0 0.820312 0.587891 0.050000 0.062500
0 0.890625 0.410156 0.050000 0.062500
0 0.695312 0.437500 0.050000 0.062500
0 0.431250 0.392578 0.050000 0.062500
0 0.418750 0.458984 0.050000 0.062500
0 0.451562 0.296875 0.050000 0.062500
0 0.371875 0.265625 0.050000 0.062500
0 0.237500 0.265625 0.050000 0.062500
0 0.490625 0.169922 0.050000 0.062500
0 0.575000 0.212891 0.050000 0.062500
0 0.587500 0.197266 0.050000 0.062500
0 0.617188 0.193359 0.050000 0.062500
0 0.585938 0.230469 0.050000 0.062500
0 0.671875 0.179688 0.050000 0.062500
0 0.810937 0.277344 0.050000 0.062500
0 0.809375 0.312500 0.050000 0.062500
0 0.918750 0.285156 0.050000 0.062500
0 0.921875 0.244141 0.050000 0.062500
0 0.932813 0.199219 0.050000 0.062500
0 0.829688 0.136719 0.050000 0.062500
0 0.809375 0.074219 0.050000 0.062500
0 0.821875 0.020508 0.050000 0.041016
0 0.715625 0.021484 0.050000 0.042969
0 0.418750 0.022461 0.050000 0.044922
0 0.301563 0.074219 0.050000 0.062500
0 0.528125 0.755859 0.050000 0.062500
0 0.509375 0.730469 0.050000 0.062500
0 0.507812 0.683594 0.050000 0.062500
0 0.490625 0.712891 0.050000 0.062500
0 0.475000 0.681641 0.050000 0.062500
0 0.521875 0.279297 0.050000 0.062500
0 0.437500 0.744141 0.050000 0.062500
0 0.873437 0.396484 0.050000 0.062500
