0 0.510938 0.279297 0.050000 0.062500
0 0.450000 0.296875 0.050000 0.062500
0 0.375000 0.257812 0.050000 0.062500
0 0.439063 0.392578 0.050000 0.062500
0 0.428125 0.455078 0.050000 0.062500
0 0.696875 0.433594 0.050000 0.062500
0 0.585938 0.228516 0.050000 0.062500
0 0.585938 0.199219 0.050000 0.062500
0 0.612500 0.189453 0.050000 0.062500
0 0.570312 0.205078 0.050000 0.062500
0 0.678125 0.185547 0.050000 0.062500
0 0.826562 0.134766 0.050000 0.062500
0 0.809375 0.074219 0.050000 0.062500
0 0.812500 0.275391 0.050000 0.062500
0 0.807813 0.310547 0.050000 0.062500
0 0.912500 0.287109 0.050000 0.062500
0 0.921875 0.246094 0.050000 0.062500
0 0.942187 0.205078 0.050000 0.062500
0 0.976562 0.451172 0.046875 0.062500
0 0.885938 0.408203 0.050000 0.062500
0 0.832812 0.798828 0.050000 0.062500
0 0.870313 0.833984 0.050000 0.062500
0 0.967187 0.771484 0.050000 0.062500
0 0.970313 0.818359 0.050000 0.062500
0 0.968750 0.876953 0.050000 0.062500
0 0.970313 0.927734 0.050000 0.062500
0 0.965625 0.962891 0.050000 0.062500
0 0.550000 0.925781 0.050000 0.062500
0 0.684375 0.863281 0.050000 0.062500
0 0.521875 0.757812 0.050000 0.062500
0 0.512500 0.726562 0.050000 0.062500
0 0.504687 0.691406 0.050000 0.062500
0 0.484375 0.728516 0.050000 0.062500
0 0.470313 0.681641 0.050000 0.062500
0 0.439063 0.734375 0.050000 0.062500
0 0.404687 0.748047 0.050000 0.062500
0 0.432812 0.597656 0.050000 0.062500
0 0.307812 0.650391 0.050000 0.062500
0 0.284375 0.777344 0.050000 0.062500
0 0.359375 0.912109 0.050000 0.062500
0 0.414062 0.898438 0.050000 0.062500
0 0.410938 0.884766 0.050000 0.062500
0 0.256250 0.826172 0.050000 0.062500
0 0.279687 0.832031 0.050000 0.062500
0 0.225000 0.892578 0.050000 0.062500
0 0.126562 0.975586 0.050000 0.048828
0 0.129688 0.968750 0.050000 0.062500
0 0.048438 0.919922 0.050000 0.062500
0 0.031250 0.929688 0.050000 0.062500
0 0.048438 0.738281 0.050000 0.062500
0 0.065625 0.763672 0.050000 0.062500
0 0.067187 0.710938 0.050000 0.062500
0 0.039062 0.683594 0.050000 0.062500
0 0.017188 0.708984 0.034375 0.062500
0 0.098437 0.488281 0.050000 0.062500
0 0.170313 0.357422 0.050000 0.062500
0 0.237500 0.261719 0.050000 0.062500
0 0.193750 0.205078 0.050000 0.062500
0 0.068750 0.511719 0.050000 0.062500
0 0.414062 0.023438 0.050000 0.046875
0 0.715625 0.021484 0.050000 0.042969
0 0.809375 0.019531 0.050000 0.039062
0 0.496875 0.218750 0.050000 0.062500
0 0.034375 0.757812 0.050000 0.062500
0 0.617188 0.703125 0.050000 0.062500
0 0.615625 0.625000 0.050000 0.062500
