0 0.019531 0.728516 0.039062 0.062500
0 0.032813 0.753906 0.050000 0.062500
0 0.045312 0.738281 0.050000 0.062500
0 0.035937 0.699219 0.050000 0.062500
0 0.060937 0.710938 0.050000 0.062500
0 0.078125 0.748047 0.050000 0.062500
0 0.065625 0.751953 0.050000 0.062500
0 0.203125 0.876953 0.050000 0.062500
0 0.128125 0.962891 0.050000 0.062500
0 0.028125 0.929688 0.050000 0.062500
0 0.273438 0.828125 0.050000 0.062500
0 0.250000 0.824219 0.050000 0.062500
0 0.270313 0.775391 0.050000 0.062500
0 0.356250 0.904297 0.050000 0.062500
0 0.403125 0.738281 0.050000 0.062500
0 0.309375 0.638672 0.050000 0.062500
0 0.434375 0.587891 0.050000 0.062500
0 0.504687 0.667969 0.050000 0.062500
0 0.503125 0.714844 0.050000 0.062500
0 0.468750 0.666016 0.050000 0.062500
0 0.487500 0.712891 0.050000 0.062500
0 0.440625 0.687500 0.050000 0.062500
0 0.410938 0.875000 0.050000 0.062500
0 0.410938 0.900391 0.050000 0.062500
0 0.568750 0.884766 0.050000 0.062500
0 0.573438 0.810547 0.050000 0.062500
0 0.520312 0.742188 0.050000 0.062500
0 0.618750 0.681641 0.050000 0.062500
0 0.828125 0.791016 0.050000 0.062500
0 0.873437 0.824219 0.050000 0.062500
0 0.968750 0.943359 0.050000 0.062500
0 0.968750 0.908203 0.050000 0.062500
0 0.970313 0.794922 0.050000 0.062500
0 0.968750 0.757812 0.050000 0.062500
0 0.975000 0.449219 0.050000 0.062500
0 0.986719 0.453125 0.026562 0.062500
0 0.986719 0.474609 0.026562 0.062500
0 0.978906 0.556641 0.042188 0.062500
0 0.885938 0.404297 0.050000 0.062500
0 0.698438 0.423828 0.050000 0.062500
0 0.615625 0.429688 0.050000 0.062500
0 0.514062 0.449219 0.050000 0.062500
0 0.454688 0.445312 0.050000 0.062500
0 0.442188 0.367188 0.050000 0.062500
0 0.459375 0.287109 0.050000 0.062500
0 0.382812 0.246094 0.050000 0.062500
0 0.496875 0.287109 0.050000 0.062500
0 0.567187 0.197266 0.050000 0.062500
0 0.585938 0.220703 0.050000 0.062500
0 0.585938 0.187500 0.050000 0.062500
0 0.609375 0.187500 0.050000 0.062500
0 0.809375 0.126953 0.050000 0.062500
0 0.806250 0.066406 0.050000 0.062500
0 0.798438 0.041016 0.050000 0.062500
0 0.814063 0.269531 0.050000 0.062500
0 0.804688 0.302734 0.050000 0.062500
0 0.910937 0.273438 0.050000 0.062500
0 0.923438 0.275391 0.050000 0.062500
0 0.923438 0.244141 0.050000 0.062500
0 0.959375 0.205078 0.050000 0.062500
0 0.157812 0.328125 0.050000 0.062500
0 0.187500 0.171875 0.050000 0.062500
0 0.093750 0.478516 0.050000 0.062500
0 0.064062 0.494141 0.050000 0.062500
0 0.301563 0.070312 0.050000 0.062500
0 0.410938 0.019531 0.050000 0.039062
0 0.707812 0.017578 0.050000 0.035156
0 0.818750 0.578125 0.050000 0.062500
0 0.604688 0.609375 0.050000 0.062500
0 0.962500 0.861328 0.050000 0.062500
0 0.689063 0.851562 0.050000 0.062500
