0 0.462500 0.283203 0.050000 0.062500
0 0.393750 0.250000 0.050000 0.062500
0 0.235937 0.248047 0.050000 0.062500
0 0.190625 0.152344 0.050000 0.062500
0 0.092188 0.470703 0.050000 0.062500
0 0.403125 0.740234 0.050000 0.062500
0 0.304688 0.638672 0.050000 0.062500
0 0.573438 0.894531 0.050000 0.062500
0 0.695312 0.851562 0.050000 0.062500
0 0.829688 0.789062 0.050000 0.062500
0 0.867188 0.820312 0.050000 0.062500
0 0.610938 0.671875 0.050000 0.062500
0 0.601562 0.701172 0.050000 0.062500
0 0.506250 0.714844 0.050000 0.062500
0 0.484375 0.705078 0.050000 0.062500
0 0.500000 0.658203 0.050000 0.062500
0 0.464062 0.671875 0.050000 0.062500
0 0.812500 0.267578 0.050000 0.062500
0 0.609375 0.187500 0.050000 0.062500
0 0.587500 0.187500 0.050000 0.062500
0 0.564063 0.193359 0.050000 0.062500
0 0.584375 0.216797 0.050000 0.062500
0 0.489063 0.289062 0.050000 0.062500
0 0.470313 0.333984 0.050000 0.062500
0 0.453125 0.355469 0.050000 0.062500
0 0.428125 0.583984 0.050000 0.062500
0 0.156250 0.712891 0.050000 0.062500
0 0.057813 0.712891 0.050000 0.062500
0 0.028125 0.724609 0.050000 0.062500
0 0.182812 0.876953 0.050000 0.062500
0 0.057813 0.488281 0.050000 0.062500
0 0.146875 0.310547 0.050000 0.062500
0 0.909375 0.275391 0.050000 0.062500
0 0.920312 0.234375 0.050000 0.062500
0 0.965625 0.207031 0.050000 0.062500
0 0.803125 0.119141 0.050000 0.062500
0 0.806250 0.300781 0.050000 0.062500
0 0.975000 0.441406 0.050000 0.062500
0 0.985156 0.443359 0.029687 0.062500
0 0.983594 0.470703 0.032813 0.062500
0 0.700000 0.435547 0.050000 0.062500
0 0.406250 0.886719 0.050000 0.062500
0 0.959375 0.939453 0.050000 0.062500
0 0.971875 0.906250 0.050000 0.062500
0 0.131250 0.960938 0.050000 0.062500
0 0.019531 0.933594 0.039062 0.062500
0 0.031250 0.748047 0.050000 0.062500
0 0.042188 0.732422 0.050000 0.062500
0 0.021875 0.775391 0.043750 0.062500
0 0.696875 0.205078 0.050000 0.062500
0 0.792188 0.058594 0.050000 0.062500
0 0.815625 0.574219 0.050000 0.062500
0 0.596875 0.597656 0.050000 0.062500
0 0.570312 0.462891 0.050000 0.062500
0 0.457813 0.445312 0.050000 0.062500
0 0.715625 0.016602 0.050000 0.033203
0 0.937500 0.248047 0.050000 0.062500
0 0.300000 0.066406 0.050000 0.062500
0 0.414062 0.018555 0.050000 0.037109
0 0.268750 0.779297 0.050000 0.062500
0 0.250000 0.814453 0.050000 0.062500
0 0.278125 0.833984 0.050000 0.062500
0 0.350000 0.908203 0.050000 0.062500
0 0.965625 0.857422 0.050000 0.062500
0 0.968750 0.794922 0.050000 0.062500
0 0.968750 0.753906 0.050000 0.062500
0 0.978906 0.564453 0.042188 0.062500
0 0.871875 0.388672 0.050000 0.062500
0 0.887500 0.400391 0.050000 0.062500
0 0.784375 0.026367 0.050000 0.052734
