0 0.431250 0.589844 0.050000 0.062500
0 0.460938 0.613281 0.050000 0.062500
0 0.457813 0.630859 0.050000 0.062500
0 0.482812 0.695312 0.050000 0.062500
0 0.509375 0.712891 0.050000 0.062500
0 0.404687 0.738281 0.050000 0.062500
0 0.400000 0.894531 0.050000 0.062500
0 0.559375 0.914062 0.050000 0.062500
0 0.703125 0.857422 0.050000 0.062500
0 0.828125 0.792969 0.050000 0.062500
0 0.607812 0.648438 0.050000 0.062500
0 0.565625 0.195312 0.050000 0.062500
0 0.579688 0.179688 0.050000 0.062500
0 0.584375 0.220703 0.050000 0.062500
0 0.612500 0.193359 0.050000 0.062500
0 0.909375 0.279297 0.050000 0.062500
0 0.918750 0.242188 0.050000 0.062500
0 0.803125 0.119141 0.050000 0.062500
0 0.975000 0.447266 0.050000 0.062500
0 0.982031 0.449219 0.035937 0.062500
0 0.983594 0.470703 0.032813 0.062500
0 0.695312 0.466797 0.050000 0.062500
0 0.482812 0.351562 0.050000 0.062500
0 0.482812 0.285156 0.050000 0.062500
0 0.489063 0.322266 0.050000 0.062500
0 0.454688 0.310547 0.050000 0.062500
0 0.096875 0.476562 0.050000 0.062500
0 0.057813 0.490234 0.050000 0.062500
0 0.024219 0.724609 0.048438 0.062500
0 0.031250 0.751953 0.050000 0.062500
0 0.059375 0.738281 0.050000 0.062500
0 0.048438 0.763672 0.050000 0.062500
0 0.031250 0.816406 0.050000 0.062500
0 0.045312 0.783203 0.050000 0.062500
0 0.153125 0.892578 0.050000 0.062500
0 0.250000 0.843750 0.050000 0.062500
0 0.250000 0.820312 0.050000 0.062500
0 0.260937 0.791016 0.050000 0.062500
0 0.350000 0.898438 0.050000 0.062500
0 0.132812 0.958984 0.050000 0.062500
0 0.301563 0.638672 0.050000 0.062500
0 0.709375 0.230469 0.050000 0.062500
0 0.806250 0.304688 0.050000 0.062500
0 0.181250 0.117188 0.050000 0.062500
0 0.414062 0.018555 0.050000 0.037109
0 0.128125 0.281250 0.050000 0.062500
0 0.812500 0.267578 0.050000 0.062500
0 0.889062 0.402344 0.050000 0.062500
0 0.854688 0.388672 0.050000 0.062500
0 0.818750 0.570312 0.050000 0.062500
0 0.865625 0.826172 0.050000 0.062500
0 0.968750 0.759766 0.050000 0.062500
0 0.968750 0.802734 0.050000 0.062500
0 0.964063 0.863281 0.050000 0.062500
0 0.964063 0.906250 0.050000 0.062500
0 0.959375 0.941406 0.050000 0.062500
0 0.984375 0.222656 0.031250 0.062500
0 0.440625 0.462891 0.050000 0.062500
0 0.482812 0.652344 0.050000 0.062500
0 0.707812 0.018555 0.050000 0.037109
0 0.775000 0.020508 0.050000 0.041016
0 0.578125 0.582031 0.050000 0.062500
0 0.665625 0.787109 0.050000 0.062500
0 0.393750 0.271484 0.050000 0.062500
