0 0.334375 0.748047 0.050000 0.062500
0 0.375000 0.757812 0.050000 0.062500
0 0.354687 0.800781 0.050000 0.062500
0 0.396875 0.806641 0.050000 0.062500
0 0.434375 0.808594 0.050000 0.062500
0 0.478125 0.820312 0.050000 0.062500
0 0.532813 0.816406 0.050000 0.062500
0 0.587500 0.820312 0.050000 0.062500
0 0.721875 0.826172 0.050000 0.062500
0 0.775000 0.839844 0.050000 0.062500
0 0.643750 0.839844 0.050000 0.062500
0 0.696875 0.878906 0.050000 0.062500
0 0.720313 0.917969 0.050000 0.062500
0 0.657813 0.923828 0.050000 0.062500
0 0.635938 0.894531 0.050000 0.062500
0 0.637500 0.863281 0.050000 0.062500
0 0.479687 0.855469 0.050000 0.062500
0 0.431250 0.859375 0.050000 0.062500
0 0.384375 0.859375 0.050000 0.062500
0 0.345313 0.849609 0.050000 0.062500
0 0.300000 0.841797 0.050000 0.062500
0 0.265625 0.904297 0.050000 0.062500
0 0.298438 0.902344 0.050000 0.062500
0 0.298438 0.955078 0.050000 0.062500
0 0.285938 0.941406 0.050000 0.062500
0 0.257812 0.949219 0.050000 0.062500
0 0.393750 0.955078 0.050000 0.062500
0 0.337500 0.955078 0.050000 0.062500
0 0.348438 0.900391 0.050000 0.062500
0 0.442188 0.912109 0.050000 0.062500
0 0.471875 0.898438 0.050000 0.062500
0 0.479687 0.917969 0.050000 0.062500
0 0.584375 0.921875 0.050000 0.062500
0 0.589063 0.894531 0.050000 0.062500
0 0.626563 0.914062 0.050000 0.062500
0 0.625000 0.966797 0.050000 0.062500
0 0.575000 0.969727 0.050000 0.060547
0 0.545312 0.981445 0.050000 0.037109
0 0.484375 0.957031 0.050000 0.062500
0 0.434375 0.978516 0.050000 0.042969
0 0.301563 0.981445 0.050000 0.037109
0 0.223438 0.971680 0.050000 0.056641
0 0.181250 0.816406 0.050000 0.062500
0 0.393750 0.576172 0.050000 0.062500
0 0.381250 0.537109 0.050000 0.062500
0 0.390625 0.511719 0.050000 0.062500
0 0.373437 0.513672 0.050000 0.062500
0 0.121875 0.427734 0.050000 0.062500
0 0.089063 0.437500 0.050000 0.062500
0 0.157812 0.261719 0.050000 0.062500
0 0.032813 0.115234 0.050000 0.062500
0 0.246875 0.113281 0.050000 0.062500
0 0.275000 0.060547 0.050000 0.062500
0 0.389062 0.132812 0.050000 0.062500
0 0.420312 0.111328 0.050000 0.062500
0 0.267188 0.291016 0.050000 0.062500
0 0.226562 0.326172 0.050000 0.062500
0 0.276562 0.345703 0.050000 0.062500
0 0.481250 0.355469 0.050000 0.062500
0 0.514062 0.396484 0.050000 0.062500
0 0.559375 0.404297 0.050000 0.062500
0 0.685937 0.537109 0.050000 0.062500
0 0.743750 0.521484 0.050000 0.062500
0 0.740625 0.376953 0.050000 0.062500
0 0.646875 0.271484 0.050000 0.062500
0 0.760938 0.222656 0.050000 0.062500
0 0.829688 0.332031 0.050000 0.062500
0 0.964063 0.289062 0.050000 0.062500
0 0.787500 0.269531 0.050000 0.062500
0 0.904687 0.535156 0.050000 0.062500
0 0.807813 0.785156 0.050000 0.062500
0 0.567187 0.664062 0.050000 0.062500
0 0.451562 0.613281 0.050000 0.062500
0 0.978906 0.906250 0.042188 0.062500
0 0.968750 0.949219 0.050000 0.062500
0 0.792188 0.953125 0.050000 0.062500
0 0.748437 0.976562 0.050000 0.046875
0 0.717187 0.973633 0.050000 0.052734
0 0.756250 0.921875 0.050000 0.062500
0 0.610938 0.429688 0.050000 0.062500
0 0.760938 0.099609 0.050000 0.062500
0 0.817187 0.164062 0.050000 0.062500
0 0.615625 0.031250 0.050000 0.062500
0 0.815625 0.028320 0.050000 0.056641
0 0.959375 0.975586 0.050000 0.048828
0 0.354687 0.527344 0.050000 0.062500
0 0.410938 0.548828 0.050000 0.062500
0 0.290625 0.564453 0.050000 0.062500
0 0.307812 0.486328 0.050000 0.062500
