0 0.973437 0.144531 0.050000 0.062500
0 0.940625 0.111328 0.050000 0.062500
0 0.920312 0.091797 0.050000 0.062500
0 0.901563 0.060547 0.050000 0.062500
0 0.878125 0.083984 0.050000 0.062500
0 0.850000 0.029297 0.050000 0.058594
0 0.665625 0.392578 0.050000 0.062500
0 0.685937 0.486328 0.050000 0.062500
0 0.720313 0.757812 0.050000 0.062500
0 0.740625 0.796875 0.050000 0.062500
0 0.423438 0.808594 0.050000 0.062500
0 0.531250 0.462891 0.050000 0.062500
0 0.095312 0.685547 0.050000 0.062500
0 0.154688 0.396484 0.050000 0.062500
0 0.016406 0.593750 0.032813 0.062500
0 0.031250 0.072266 0.050000 0.062500
0 0.017969 0.113281 0.035937 0.062500
0 0.046875 0.021484 0.050000 0.042969
0 0.785937 0.037109 0.050000 0.062500
