0 0.446875 0.824219 0.050000 0.062500
0 0.439063 0.875000 0.050000 0.062500
0 0.400000 0.875000 0.050000 0.062500
0 0.403125 0.826172 0.050000 0.062500
0 0.353125 0.867188 0.050000 0.062500
0 0.351562 0.822266 0.050000 0.062500
0 0.360938 0.833984 0.050000 0.062500
0 0.306250 0.927734 0.050000 0.062500
0 0.275000 0.921875 0.050000 0.062500
0 0.271875 0.971680 0.050000 0.056641
0 0.295312 0.960938 0.050000 0.062500
0 0.304688 0.974609 0.050000 0.050781
0 0.145313 0.896484 0.050000 0.062500
0 0.398438 0.572266 0.050000 0.062500
0 0.418750 0.537109 0.050000 0.062500
0 0.398438 0.531250 0.050000 0.062500
0 0.365625 0.531250 0.050000 0.062500
0 0.134375 0.458984 0.050000 0.062500
0 0.098437 0.462891 0.050000 0.062500
0 0.164062 0.353516 0.050000 0.062500
0 0.037500 0.132812 0.050000 0.062500
0 0.279687 0.085938 0.050000 0.062500
0 0.398438 0.154297 0.050000 0.062500
0 0.425000 0.123047 0.050000 0.062500
0 0.581250 0.076172 0.050000 0.062500
0 0.648438 0.294922 0.050000 0.062500
0 0.753125 0.396484 0.050000 0.062500
0 0.757812 0.542969 0.050000 0.062500
0 0.689063 0.568359 0.050000 0.062500
0 0.942187 0.656250 0.050000 0.062500
0 0.767188 0.947266 0.050000 0.062500
0 0.732812 0.953125 0.050000 0.062500
0 0.704688 0.892578 0.050000 0.062500
0 0.639062 0.914062 0.050000 0.062500
0 0.662500 0.947266 0.050000 0.062500
0 0.634375 0.947266 0.050000 0.062500
0 0.589063 0.939453 0.050000 0.062500
0 0.585938 0.980469 0.050000 0.039062
0 0.489063 0.937500 0.050000 0.062500
0 0.484375 0.880859 0.050000 0.062500
0 0.451562 0.941406 0.050000 0.062500
0 0.392188 0.923828 0.050000 0.062500
0 0.400000 0.971680 0.050000 0.056641
0 0.350000 0.974609 0.050000 0.050781
0 0.357812 0.914062 0.050000 0.062500
0 0.312500 0.871094 0.050000 0.062500
0 0.539062 0.833984 0.050000 0.062500
0 0.484375 0.837891 0.050000 0.062500
0 0.596875 0.849609 0.050000 0.062500
0 0.673438 0.843750 0.050000 0.062500
0 0.648438 0.869141 0.050000 0.062500
0 0.731250 0.845703 0.050000 0.062500
0 0.818750 0.806641 0.050000 0.062500
0 0.781250 0.863281 0.050000 0.062500
0 0.793750 0.970703 0.050000 0.058594
0 0.977344 0.968750 0.045312 0.062500
0 0.981250 0.931641 0.037500 0.062500
0 0.839063 0.347656 0.050000 0.062500
0 0.796875 0.298828 0.050000 0.062500
0 0.785937 0.314453 0.050000 0.062500
0 0.792188 0.371094 0.050000 0.062500
0 0.778125 0.244141 0.050000 0.062500
0 0.775000 0.175781 0.050000 0.062500
0 0.815625 0.018555 0.050000 0.037109
0 0.975000 0.322266 0.050000 0.062500
0 0.298438 0.583984 0.050000 0.062500
0 0.290625 0.486328 0.050000 0.062500
0 0.317188 0.509766 0.050000 0.062500
0 0.312500 0.533203 0.050000 0.062500
0 0.267188 0.314453 0.050000 0.062500
0 0.242188 0.355469 0.050000 0.062500
0 0.284375 0.373047 0.050000 0.062500
0 0.304688 0.421875 0.050000 0.062500
0 0.481250 0.449219 0.050000 0.062500
0 0.529687 0.486328 0.050000 0.062500
0 0.540625 0.429688 0.050000 0.062500
0 0.614062 0.513672 0.050000 0.062500
0 0.457813 0.644531 0.050000 0.062500
0 0.529687 0.699219 0.050000 0.062500
0 0.651563 0.890625 0.050000 0.062500
0 0.351562 0.767578 0.050000 0.062500
0 0.385937 0.783203 0.050000 0.062500
0 0.785937 0.123047 0.050000 0.062500
0 0.296875 0.357422 0.050000 0.062500
