0 0.321875 0.427734 0.050000 0.062500
0 0.132812 0.462891 0.050000 0.062500
0 0.096875 0.464844 0.050000 0.062500
0 0.037500 0.132812 0.050000 0.062500
0 0.275000 0.068359 0.050000 0.062500
0 0.398438 0.158203 0.050000 0.062500
0 0.425000 0.134766 0.050000 0.062500
0 0.651563 0.300781 0.050000 0.062500
0 0.496875 0.375000 0.050000 0.062500
0 0.523438 0.433594 0.050000 0.062500
0 0.521875 0.490234 0.050000 0.062500
0 0.440625 0.509766 0.050000 0.062500
0 0.421875 0.458984 0.050000 0.062500
0 0.420312 0.537109 0.050000 0.062500
0 0.387500 0.558594 0.050000 0.062500
0 0.406250 0.589844 0.050000 0.062500
0 0.360938 0.541016 0.050000 0.062500
0 0.328125 0.505859 0.050000 0.062500
0 0.312500 0.607422 0.050000 0.062500
0 0.300000 0.871094 0.050000 0.062500
0 0.309375 0.927734 0.050000 0.062500
0 0.290625 0.964844 0.050000 0.062500
0 0.304688 0.981445 0.050000 0.037109
0 0.275000 0.975586 0.050000 0.048828
0 0.268750 0.927734 0.050000 0.062500
0 0.360938 0.882812 0.050000 0.062500
0 0.353125 0.917969 0.050000 0.062500
0 0.351562 0.976562 0.050000 0.046875
0 0.398438 0.894531 0.050000 0.062500
0 0.398438 0.931641 0.050000 0.062500
0 0.398438 0.970703 0.050000 0.058594
0 0.389062 0.828125 0.050000 0.062500
0 0.439063 0.828125 0.050000 0.062500
0 0.496875 0.843750 0.050000 0.062500
0 0.545312 0.851562 0.050000 0.062500
0 0.587500 0.845703 0.050000 0.062500
0 0.653125 0.876953 0.050000 0.062500
0 0.640625 0.921875 0.050000 0.062500
0 0.593750 0.939453 0.050000 0.062500
0 0.590625 0.898438 0.050000 0.062500
0 0.476562 0.892578 0.050000 0.062500
0 0.492188 0.937500 0.050000 0.062500
0 0.448437 0.939453 0.050000 0.062500
0 0.440625 0.894531 0.050000 0.062500
0 0.723437 0.847656 0.050000 0.062500
0 0.700000 0.912109 0.050000 0.062500
0 0.726562 0.941406 0.050000 0.062500
0 0.768750 0.949219 0.050000 0.062500
0 0.806250 0.975586 0.050000 0.048828
0 0.781250 0.861328 0.050000 0.062500
0 0.823438 0.812500 0.050000 0.062500
0 0.970313 0.740234 0.050000 0.062500
0 0.977344 0.975586 0.045312 0.048828
0 0.985938 0.933594 0.028125 0.062500
0 0.750000 0.398438 0.050000 0.062500
0 0.756250 0.548828 0.050000 0.062500
0 0.698438 0.564453 0.050000 0.062500
0 0.835938 0.341797 0.050000 0.062500
0 0.785937 0.369141 0.050000 0.062500
0 0.770312 0.246094 0.050000 0.062500
0 0.971875 0.324219 0.050000 0.062500
0 0.826562 0.117188 0.050000 0.062500
0 0.812500 0.018555 0.050000 0.037109
0 0.559375 0.099609 0.050000 0.062500
0 0.767188 0.320312 0.050000 0.062500
0 0.784375 0.308594 0.050000 0.062500
0 0.759375 0.177734 0.050000 0.062500
0 0.623437 0.509766 0.050000 0.062500
0 0.171875 0.386719 0.050000 0.062500
0 0.268750 0.316406 0.050000 0.062500
0 0.240625 0.369141 0.050000 0.062500
0 0.290625 0.378906 0.050000 0.062500
0 0.353125 0.777344 0.050000 0.062500
0 0.387500 0.785156 0.050000 0.062500
0 0.378125 0.808594 0.050000 0.062500
0 0.359375 0.826172 0.050000 0.062500
0 0.406250 0.839844 0.050000 0.062500
0 0.650000 0.892578 0.050000 0.062500
0 0.667188 0.847656 0.050000 0.062500
0 0.628125 0.945312 0.050000 0.062500
0 0.640625 0.982422 0.050000 0.035156
0 0.582812 0.983398 0.050000 0.033203
0 0.495312 0.981445 0.050000 0.037109
0 0.470313 0.982422 0.050000 0.035156
0 0.270313 0.552734 0.050000 0.062500
0 0.128125 0.916016 0.050000 0.062500
0 0.170313 0.981445 0.050000 0.037109
0 0.295312 0.361328 0.050000 0.062500
0 0.460938 0.648438 0.050000 0.062500
0 0.512500 0.705078 0.050000 0.062500
