0 0.312500 0.474609 0.050000 0.062500
0 0.320312 0.537109 0.050000 0.062500
0 0.287500 0.517578 0.050000 0.062500
0 0.287500 0.578125 0.050000 0.062500
0 0.282813 0.632812 0.050000 0.062500
0 0.275000 0.677734 0.050000 0.062500
0 0.276562 0.730469 0.050000 0.062500
0 0.306250 0.691406 0.050000 0.062500
0 0.317188 0.582031 0.050000 0.062500
0 0.321875 0.628906 0.050000 0.062500
0 0.326562 0.734375 0.050000 0.062500
0 0.314063 0.794922 0.050000 0.062500
0 0.368750 0.738281 0.050000 0.062500
0 0.368750 0.787109 0.050000 0.062500
0 0.359375 0.847656 0.050000 0.062500
0 0.370312 0.687500 0.050000 0.062500
0 0.365625 0.630859 0.050000 0.062500
0 0.365625 0.570312 0.050000 0.062500
0 0.362500 0.521484 0.050000 0.062500
0 0.357812 0.468750 0.050000 0.062500
0 0.357812 0.425781 0.050000 0.062500
0 0.357812 0.382812 0.050000 0.062500
0 0.214062 0.503906 0.050000 0.062500
0 0.242188 0.615234 0.050000 0.062500
0 0.457813 0.539062 0.050000 0.062500
0 0.392188 0.535156 0.050000 0.062500
0 0.393750 0.494141 0.050000 0.062500
0 0.443750 0.478516 0.050000 0.062500
0 0.450000 0.449219 0.050000 0.062500
0 0.407813 0.437500 0.050000 0.062500
0 0.506250 0.443359 0.050000 0.062500
0 0.501563 0.486328 0.050000 0.062500
0 0.506250 0.548828 0.050000 0.062500
0 0.503125 0.587891 0.050000 0.062500
0 0.454688 0.630859 0.050000 0.062500
0 0.403125 0.646484 0.050000 0.062500
0 0.414062 0.693359 0.050000 0.062500
0 0.462500 0.712891 0.050000 0.062500
0 0.451562 0.751953 0.050000 0.062500
0 0.409375 0.751953 0.050000 0.062500
0 0.401562 0.798828 0.050000 0.062500
0 0.401562 0.859375 0.050000 0.062500
0 0.446875 0.804688 0.050000 0.062500
0 0.432812 0.861328 0.050000 0.062500
0 0.509375 0.873047 0.050000 0.062500
0 0.507812 0.794922 0.050000 0.062500
0 0.498437 0.744141 0.050000 0.062500
0 0.485938 0.658203 0.050000 0.062500
0 0.542188 0.648438 0.050000 0.062500
0 0.542188 0.707031 0.050000 0.062500
0 0.578125 0.703125 0.050000 0.062500
0 0.587500 0.757812 0.050000 0.062500
0 0.584375 0.796875 0.050000 0.062500
0 0.562500 0.865234 0.050000 0.062500
0 0.623437 0.869141 0.050000 0.062500
0 0.625000 0.820312 0.050000 0.062500
0 0.640625 0.750000 0.050000 0.062500
0 0.623437 0.708984 0.050000 0.062500
0 0.626563 0.662109 0.050000 0.062500
0 0.578125 0.660156 0.050000 0.062500
0 0.565625 0.623047 0.050000 0.062500
0 0.593750 0.597656 0.050000 0.062500
0 0.603125 0.541016 0.050000 0.062500
0 0.639062 0.539062 0.050000 0.062500
0 0.660937 0.527344 0.050000 0.062500
0 0.660937 0.494141 0.050000 0.062500
0 0.679688 0.451172 0.050000 0.062500
0 0.604688 0.445312 0.050000 0.062500
0 0.600000 0.431641 0.050000 0.062500
0 0.548438 0.445312 0.050000 0.062500
0 0.745313 0.449219 0.050000 0.062500
0 0.715625 0.509766 0.050000 0.062500
0 0.679688 0.546875 0.050000 0.062500
0 0.648438 0.597656 0.050000 0.062500
0 0.678125 0.603516 0.050000 0.062500
0 0.684375 0.650391 0.050000 0.062500
0 0.681250 0.716797 0.050000 0.062500
0 0.693750 0.767578 0.050000 0.062500
0 0.682813 0.828125 0.050000 0.062500
0 0.737500 0.757812 0.050000 0.062500
0 0.743750 0.718750 0.050000 0.062500
0 0.717187 0.671875 0.050000 0.062500
0 0.740625 0.646484 0.050000 0.062500
0 0.735938 0.603516 0.050000 0.062500
0 0.740625 0.554688 0.050000 0.062500
0 0.782813 0.562500 0.050000 0.062500
0 0.804688 0.601562 0.050000 0.062500
0 0.804688 0.583984 0.050000 0.062500
0 0.770312 0.617188 0.050000 0.062500
0 0.770312 0.673828 0.050000 0.062500
0 0.792188 0.757812 0.050000 0.062500
0 0.825000 0.730469 0.050000 0.062500
0 0.821875 0.677734 0.050000 0.062500
0 0.832812 0.421875 0.050000 0.062500
0 0.798438 0.476562 0.050000 0.062500
0 0.909375 0.404297 0.050000 0.062500
0 0.709375 0.175781 0.050000 0.062500
0 0.287500 0.210938 0.050000 0.062500
0 0.310937 0.169922 0.050000 0.062500
0 0.282813 0.130859 0.050000 0.062500
0 0.315625 0.072266 0.050000 0.062500
0 0.357812 0.058594 0.050000 0.062500
0 0.468750 0.095703 0.050000 0.062500
0 0.526563 0.093750 0.050000 0.062500
0 0.529687 0.037109 0.050000 0.062500
0 0.753125 0.017578 0.050000 0.035156
0 0.470313 0.175781 0.050000 0.062500
0 0.465625 0.253906 0.050000 0.062500
0 0.403125 0.316406 0.050000 0.062500
0 0.982812 0.585938 0.034375 0.062500
0 0.804688 0.933594 0.050000 0.062500
0 0.982812 0.979492 0.034375 0.041016
0 0.593750 0.496094 0.050000 0.062500
0 0.137500 0.072266 0.050000 0.062500
0 0.104688 0.066406 0.050000 0.062500
0 0.168750 0.171875 0.050000 0.062500
0 0.017188 0.763672 0.034375 0.062500
0 0.037500 0.830078 0.050000 0.062500
0 0.021094 0.808594 0.042188 0.062500
0 0.039062 0.853516 0.050000 0.062500
0 0.014844 0.861328 0.029687 0.062500
0 0.037500 0.939453 0.050000 0.062500
0 0.167187 0.968750 0.050000 0.062500
0 0.320312 0.937500 0.050000 0.062500
0 0.328125 0.960938 0.050000 0.062500
0 0.309375 0.105469 0.050000 0.062500
0 0.395313 0.097656 0.050000 0.062500
0 0.446875 0.072266 0.050000 0.062500
0 0.764062 0.152344 0.050000 0.062500
0 0.978906 0.621094 0.042188 0.062500
0 0.818750 0.925781 0.050000 0.062500
0 0.414062 0.582031 0.050000 0.062500
0 0.384375 0.421875 0.050000 0.062500
0 0.393750 0.396484 0.050000 0.062500
0 0.528125 0.113281 0.050000 0.062500
0 0.628125 0.093750 0.050000 0.062500
0 0.281250 0.380859 0.050000 0.062500
0 0.031250 0.652344 0.050000 0.062500
0 0.309375 0.232422 0.050000 0.062500
0 0.665625 0.476562 0.050000 0.062500
