0 0.317188 0.798828 0.050000 0.062500
0 0.323437 0.738281 0.050000 0.062500
0 0.315625 0.681641 0.050000 0.062500
0 0.317188 0.623047 0.050000 0.062500
0 0.317188 0.574219 0.050000 0.062500
0 0.315625 0.533203 0.050000 0.062500
0 0.287500 0.515625 0.050000 0.062500
0 0.284375 0.583984 0.050000 0.062500
0 0.281250 0.630859 0.050000 0.062500
0 0.281250 0.679688 0.050000 0.062500
0 0.275000 0.736328 0.050000 0.062500
0 0.240625 0.609375 0.050000 0.062500
0 0.210938 0.500000 0.050000 0.062500
0 0.368750 0.853516 0.050000 0.062500
0 0.365625 0.792969 0.050000 0.062500
0 0.365625 0.740234 0.050000 0.062500
0 0.365625 0.679688 0.050000 0.062500
0 0.368750 0.644531 0.050000 0.062500
0 0.360938 0.570312 0.050000 0.062500
0 0.362500 0.529297 0.050000 0.062500
0 0.367188 0.480469 0.050000 0.062500
0 0.365625 0.429688 0.050000 0.062500
0 0.315625 0.468750 0.050000 0.062500
0 0.418750 0.425781 0.050000 0.062500
0 0.412500 0.476562 0.050000 0.062500
0 0.403125 0.527344 0.050000 0.062500
0 0.410938 0.589844 0.050000 0.062500
0 0.414062 0.630859 0.050000 0.062500
0 0.415625 0.689453 0.050000 0.062500
0 0.406250 0.748047 0.050000 0.062500
0 0.409375 0.804688 0.050000 0.062500
0 0.412500 0.861328 0.050000 0.062500
0 0.435937 0.867188 0.050000 0.062500
0 0.453125 0.806641 0.050000 0.062500
0 0.457813 0.744141 0.050000 0.062500
0 0.453125 0.699219 0.050000 0.062500
0 0.451562 0.632812 0.050000 0.062500
0 0.459375 0.546875 0.050000 0.062500
0 0.451562 0.486328 0.050000 0.062500
0 0.450000 0.429688 0.050000 0.062500
0 0.500000 0.443359 0.050000 0.062500
0 0.500000 0.476562 0.050000 0.062500
0 0.506250 0.533203 0.050000 0.062500
0 0.509375 0.580078 0.050000 0.062500
0 0.490625 0.660156 0.050000 0.062500
0 0.496875 0.730469 0.050000 0.062500
0 0.495312 0.796875 0.050000 0.062500
0 0.506250 0.861328 0.050000 0.062500
0 0.568750 0.873047 0.050000 0.062500
0 0.587500 0.804688 0.050000 0.062500
0 0.587500 0.751953 0.050000 0.062500
0 0.582812 0.693359 0.050000 0.062500
0 0.535937 0.705078 0.050000 0.062500
0 0.532813 0.652344 0.050000 0.062500
0 0.576562 0.652344 0.050000 0.062500
0 0.568750 0.626953 0.050000 0.062500
0 0.592187 0.583984 0.050000 0.062500
0 0.603125 0.542969 0.050000 0.062500
0 0.548438 0.445312 0.050000 0.062500
0 0.629687 0.867188 0.050000 0.062500
0 0.629687 0.818359 0.050000 0.062500
0 0.635938 0.757812 0.050000 0.062500
0 0.614062 0.708984 0.050000 0.062500
0 0.640625 0.660156 0.050000 0.062500
0 0.695312 0.833984 0.050000 0.062500
0 0.696875 0.769531 0.050000 0.062500
0 0.745313 0.773438 0.050000 0.062500
0 0.748437 0.718750 0.050000 0.062500
0 0.796875 0.775391 0.050000 0.062500
0 0.800000 0.757812 0.050000 0.062500
0 0.834375 0.740234 0.050000 0.062500
0 0.829688 0.724609 0.050000 0.062500
0 0.815625 0.673828 0.050000 0.062500
0 0.779687 0.669922 0.050000 0.062500
0 0.737500 0.652344 0.050000 0.062500
0 0.721875 0.671875 0.050000 0.062500
0 0.689063 0.656250 0.050000 0.062500
0 0.689063 0.677734 0.050000 0.062500
0 0.737500 0.609375 0.050000 0.062500
0 0.764062 0.623047 0.050000 0.062500
0 0.776563 0.619141 0.050000 0.062500
0 0.796875 0.582031 0.050000 0.062500
0 0.825000 0.583984 0.050000 0.062500
0 0.781250 0.552734 0.050000 0.062500
0 0.750000 0.544922 0.050000 0.062500
0 0.685937 0.546875 0.050000 0.062500
0 0.656250 0.591797 0.050000 0.062500
0 0.682813 0.605469 0.050000 0.062500
0 0.662500 0.531250 0.050000 0.062500
0 0.656250 0.490234 0.050000 0.062500
0 0.678125 0.455078 0.050000 0.062500
0 0.667188 0.474609 0.050000 0.062500
0 0.615625 0.447266 0.050000 0.062500
0 0.601562 0.433594 0.050000 0.062500
0 0.742188 0.445312 0.050000 0.062500
0 0.795312 0.462891 0.050000 0.062500
0 0.835938 0.417969 0.050000 0.062500
0 0.909375 0.390625 0.050000 0.062500
0 0.767188 0.158203 0.050000 0.062500
0 0.709375 0.173828 0.050000 0.062500
0 0.540625 0.091797 0.050000 0.062500
0 0.515625 0.113281 0.050000 0.062500
0 0.484375 0.185547 0.050000 0.062500
0 0.473438 0.248047 0.050000 0.062500
0 0.401562 0.314453 0.050000 0.062500
0 0.398438 0.386719 0.050000 0.062500
0 0.354687 0.376953 0.050000 0.062500
0 0.268750 0.388672 0.050000 0.062500
0 0.314063 0.234375 0.050000 0.062500
0 0.301563 0.208984 0.050000 0.062500
0 0.168750 0.173828 0.050000 0.062500
0 0.145313 0.066406 0.050000 0.062500
0 0.109375 0.062500 0.050000 0.062500
0 0.306250 0.105469 0.050000 0.062500
0 0.279687 0.119141 0.050000 0.062500
0 0.317188 0.080078 0.050000 0.062500
0 0.360938 0.058594 0.050000 0.062500
0 0.404687 0.091797 0.050000 0.062500
0 0.450000 0.062500 0.050000 0.062500
0 0.468750 0.068359 0.050000 0.062500
0 0.531250 0.035156 0.050000 0.062500
0 0.628125 0.080078 0.050000 0.062500
0 0.985156 0.578125 0.029687 0.062500
0 0.978906 0.615234 0.042188 0.062500
0 0.014844 0.757812 0.029687 0.062500
0 0.325000 0.960938 0.050000 0.062500
0 0.323437 0.939453 0.050000 0.062500
0 0.812500 0.917969 0.050000 0.062500
0 0.823438 0.910156 0.050000 0.062500
0 0.198437 0.971680 0.050000 0.056641
0 0.048438 0.947266 0.050000 0.062500
0 0.037500 0.955078 0.050000 0.062500
0 0.014844 0.970703 0.029687 0.058594
0 0.759375 0.017578 0.050000 0.035156
0 0.246875 0.016602 0.050000 0.033203
0 0.240625 0.179688 0.050000 0.062500
0 0.642188 0.542969 0.050000 0.062500
0 0.687500 0.724609 0.050000 0.062500
0 0.810937 0.611328 0.050000 0.062500
0 0.717187 0.509766 0.050000 0.062500
0 0.393750 0.427734 0.050000 0.062500
