0 0.114062 0.113281 0.050000 0.062500
0 0.143750 0.111328 0.050000 0.062500
0 0.171875 0.347656 0.050000 0.062500
0 0.200000 0.464844 0.050000 0.062500
0 0.242188 0.480469 0.050000 0.062500
0 0.239063 0.656250 0.050000 0.062500
0 0.278125 0.781250 0.050000 0.062500
0 0.271875 0.722656 0.050000 0.062500
0 0.281250 0.677734 0.050000 0.062500
0 0.279687 0.630859 0.050000 0.062500
0 0.284375 0.570312 0.050000 0.062500
0 0.312500 0.513672 0.050000 0.062500
0 0.312500 0.582031 0.050000 0.062500
0 0.315625 0.625000 0.050000 0.062500
0 0.314063 0.671875 0.050000 0.062500
0 0.312500 0.732422 0.050000 0.062500
0 0.312500 0.791016 0.050000 0.062500
0 0.312500 0.843750 0.050000 0.062500
0 0.356250 0.890625 0.050000 0.062500
0 0.360938 0.830078 0.050000 0.062500
0 0.365625 0.787109 0.050000 0.062500
0 0.359375 0.738281 0.050000 0.062500
0 0.362500 0.677734 0.050000 0.062500
0 0.365625 0.623047 0.050000 0.062500
0 0.359375 0.570312 0.050000 0.062500
0 0.365625 0.523438 0.050000 0.062500
0 0.414062 0.476562 0.050000 0.062500
0 0.403125 0.523438 0.050000 0.062500
0 0.403125 0.570312 0.050000 0.062500
0 0.410938 0.621094 0.050000 0.062500
0 0.410938 0.683594 0.050000 0.062500
0 0.409375 0.746094 0.050000 0.062500
0 0.409375 0.792969 0.050000 0.062500
0 0.403125 0.847656 0.050000 0.062500
0 0.398438 0.906250 0.050000 0.062500
0 0.428125 0.914062 0.050000 0.062500
0 0.448437 0.847656 0.050000 0.062500
0 0.460938 0.792969 0.050000 0.062500
0 0.446875 0.744141 0.050000 0.062500
0 0.451562 0.689453 0.050000 0.062500
0 0.453125 0.591797 0.050000 0.062500
0 0.446875 0.525391 0.050000 0.062500
0 0.446875 0.480469 0.050000 0.062500
0 0.500000 0.484375 0.050000 0.062500
0 0.496875 0.525391 0.050000 0.062500
0 0.501563 0.582031 0.050000 0.062500
0 0.506250 0.638672 0.050000 0.062500
0 0.479687 0.710938 0.050000 0.062500
0 0.489063 0.753906 0.050000 0.062500
0 0.490625 0.777344 0.050000 0.062500
0 0.490625 0.841797 0.050000 0.062500
0 0.506250 0.912109 0.050000 0.062500
0 0.567187 0.919922 0.050000 0.062500
0 0.587500 0.849609 0.050000 0.062500
0 0.587500 0.794922 0.050000 0.062500
0 0.581250 0.738281 0.050000 0.062500
0 0.539062 0.753906 0.050000 0.062500
0 0.537500 0.695312 0.050000 0.062500
0 0.571875 0.697266 0.050000 0.062500
0 0.568750 0.671875 0.050000 0.062500
0 0.593750 0.644531 0.050000 0.062500
0 0.603125 0.591797 0.050000 0.062500
0 0.592187 0.539062 0.050000 0.062500
0 0.556250 0.488281 0.050000 0.062500
0 0.614062 0.496094 0.050000 0.062500
0 0.656250 0.531250 0.050000 0.062500
0 0.678125 0.503906 0.050000 0.062500
0 0.660937 0.578125 0.050000 0.062500
0 0.679688 0.589844 0.050000 0.062500
0 0.651563 0.640625 0.050000 0.062500
0 0.634375 0.707031 0.050000 0.062500
0 0.614062 0.751953 0.050000 0.062500
0 0.639062 0.802734 0.050000 0.062500
0 0.623437 0.863281 0.050000 0.062500
0 0.628125 0.914062 0.050000 0.062500
0 0.692187 0.882812 0.050000 0.062500
0 0.698438 0.828125 0.050000 0.062500
0 0.710938 0.732422 0.050000 0.062500
0 0.689063 0.699219 0.050000 0.062500
0 0.679688 0.646484 0.050000 0.062500
0 0.717187 0.556641 0.050000 0.062500
0 0.745313 0.595703 0.050000 0.062500
0 0.742188 0.666016 0.050000 0.062500
0 0.742188 0.699219 0.050000 0.062500
0 0.740625 0.771484 0.050000 0.062500
0 0.746875 0.818359 0.050000 0.062500
0 0.689063 0.726562 0.050000 0.062500
0 0.776563 0.718750 0.050000 0.062500
0 0.760938 0.666016 0.050000 0.062500
0 0.779687 0.656250 0.050000 0.062500
0 0.773438 0.603516 0.050000 0.062500
0 0.801562 0.625000 0.050000 0.062500
0 0.806250 0.658203 0.050000 0.062500
0 0.815625 0.712891 0.050000 0.062500
0 0.825000 0.779297 0.050000 0.062500
0 0.798438 0.808594 0.050000 0.062500
0 0.837500 0.869141 0.050000 0.062500
0 0.851562 0.927734 0.050000 0.062500
0 0.796875 0.980469 0.050000 0.039062
0 0.893750 0.983398 0.050000 0.033203
0 0.976562 0.660156 0.046875 0.062500
0 0.968750 0.603516 0.050000 0.062500
0 0.831250 0.464844 0.050000 0.062500
0 0.796875 0.511719 0.050000 0.062500
0 0.750000 0.500000 0.050000 0.062500
0 0.884375 0.238281 0.050000 0.062500
0 0.764062 0.189453 0.050000 0.062500
0 0.709375 0.218750 0.050000 0.062500
0 0.603125 0.173828 0.050000 0.062500
0 0.637500 0.130859 0.050000 0.062500
0 0.756250 0.044922 0.050000 0.062500
0 0.876563 0.052734 0.050000 0.062500
0 0.800000 0.023438 0.050000 0.046875
0 0.500000 0.240234 0.050000 0.062500
0 0.471875 0.294922 0.050000 0.062500
0 0.312500 0.269531 0.050000 0.062500
0 0.292187 0.294922 0.050000 0.062500
0 0.304688 0.388672 0.050000 0.062500
0 0.350000 0.417969 0.050000 0.062500
0 0.409375 0.427734 0.050000 0.062500
0 0.395313 0.433594 0.050000 0.062500
0 0.387500 0.457031 0.050000 0.062500
0 0.376563 0.478516 0.050000 0.062500
0 0.409375 0.134766 0.050000 0.062500
0 0.312500 0.119141 0.050000 0.062500
0 0.293750 0.093750 0.050000 0.062500
0 0.448437 0.078125 0.050000 0.062500
0 0.473438 0.089844 0.050000 0.062500
0 0.529687 0.083984 0.050000 0.062500
0 0.521875 0.058594 0.050000 0.062500
0 0.484375 0.044922 0.050000 0.062500
0 0.503125 0.029297 0.050000 0.058594
0 0.312500 0.020508 0.050000 0.041016
0 0.295312 0.023438 0.050000 0.046875
0 0.014844 0.791016 0.029687 0.062500
0 0.016406 0.845703 0.032813 0.062500
0 0.053125 0.882812 0.050000 0.062500
0 0.029687 0.968750 0.050000 0.062500
0 0.100000 0.980469 0.050000 0.039062
0 0.075000 0.945312 0.050000 0.062500
0 0.095312 0.929688 0.050000 0.062500
