0 0.145313 0.113281 0.050000 0.062500
0 0.107813 0.109375 0.050000 0.062500
0 0.175000 0.369141 0.050000 0.062500
0 0.209375 0.464844 0.050000 0.062500
0 0.251563 0.464844 0.050000 0.062500
0 0.298438 0.392578 0.050000 0.062500
0 0.289062 0.298828 0.050000 0.062500
0 0.307812 0.275391 0.050000 0.062500
0 0.317188 0.119141 0.050000 0.062500
0 0.287500 0.085938 0.050000 0.062500
0 0.382812 0.101562 0.050000 0.062500
0 0.418750 0.126953 0.050000 0.062500
0 0.473438 0.083984 0.050000 0.062500
0 0.484375 0.080078 0.050000 0.062500
0 0.443750 0.058594 0.050000 0.062500
0 0.489063 0.056641 0.050000 0.062500
0 0.503125 0.030273 0.050000 0.060547
0 0.528125 0.080078 0.050000 0.062500
0 0.585938 0.171875 0.050000 0.062500
0 0.632812 0.132812 0.050000 0.062500
0 0.500000 0.240234 0.050000 0.062500
0 0.473438 0.296875 0.050000 0.062500
0 0.710938 0.222656 0.050000 0.062500
0 0.759375 0.191406 0.050000 0.062500
0 0.754687 0.044922 0.050000 0.062500
0 0.868750 0.050781 0.050000 0.062500
0 0.876563 0.195312 0.050000 0.062500
0 0.796875 0.024414 0.050000 0.048828
0 0.804688 0.018555 0.050000 0.037109
0 0.839063 0.016602 0.050000 0.033203
0 0.239063 0.658203 0.050000 0.062500
0 0.278125 0.779297 0.050000 0.062500
0 0.279687 0.732422 0.050000 0.062500
0 0.281250 0.671875 0.050000 0.062500
0 0.284375 0.619141 0.050000 0.062500
0 0.279687 0.566406 0.050000 0.062500
0 0.317188 0.839844 0.050000 0.062500
0 0.317188 0.785156 0.050000 0.062500
0 0.309375 0.734375 0.050000 0.062500
0 0.317188 0.675781 0.050000 0.062500
0 0.317188 0.632812 0.050000 0.062500
0 0.314063 0.589844 0.050000 0.062500
0 0.310937 0.511719 0.050000 0.062500
0 0.373437 0.474609 0.050000 0.062500
0 0.392188 0.464844 0.050000 0.062500
0 0.393750 0.435547 0.050000 0.062500
0 0.365625 0.419922 0.050000 0.062500
0 0.360938 0.517578 0.050000 0.062500
0 0.362500 0.578125 0.050000 0.062500
0 0.360938 0.621094 0.050000 0.062500
0 0.360938 0.685547 0.050000 0.062500
0 0.368750 0.732422 0.050000 0.062500
0 0.365625 0.789062 0.050000 0.062500
0 0.359375 0.839844 0.050000 0.062500
0 0.354687 0.892578 0.050000 0.062500
0 0.404687 0.910156 0.050000 0.062500
0 0.400000 0.853516 0.050000 0.062500
0 0.404687 0.792969 0.050000 0.062500
0 0.410938 0.740234 0.050000 0.062500
0 0.415625 0.691406 0.050000 0.062500
0 0.409375 0.628906 0.050000 0.062500
0 0.406250 0.578125 0.050000 0.062500
0 0.409375 0.535156 0.050000 0.062500
0 0.410938 0.470703 0.050000 0.062500
0 0.446875 0.474609 0.050000 0.062500
0 0.448437 0.531250 0.050000 0.062500
0 0.457813 0.583984 0.050000 0.062500
0 0.457813 0.691406 0.050000 0.062500
0 0.451562 0.750000 0.050000 0.062500
0 0.457813 0.796875 0.050000 0.062500
0 0.450000 0.847656 0.050000 0.062500
0 0.432812 0.908203 0.050000 0.062500
0 0.504687 0.917969 0.050000 0.062500
0 0.496875 0.847656 0.050000 0.062500
0 0.495312 0.789062 0.050000 0.062500
0 0.489063 0.710938 0.050000 0.062500
0 0.506250 0.638672 0.050000 0.062500
0 0.504687 0.587891 0.050000 0.062500
0 0.500000 0.537109 0.050000 0.062500
0 0.500000 0.488281 0.050000 0.062500
0 0.554688 0.490234 0.050000 0.062500
0 0.539062 0.703125 0.050000 0.062500
0 0.537500 0.761719 0.050000 0.062500
0 0.570312 0.917969 0.050000 0.062500
0 0.587500 0.857422 0.050000 0.062500
0 0.581250 0.798828 0.050000 0.062500
0 0.576562 0.742188 0.050000 0.062500
0 0.578125 0.701172 0.050000 0.062500
0 0.565625 0.675781 0.050000 0.062500
0 0.600000 0.644531 0.050000 0.062500
0 0.603125 0.591797 0.050000 0.062500
0 0.592187 0.548828 0.050000 0.062500
0 0.607812 0.498047 0.050000 0.062500
0 0.681250 0.501953 0.050000 0.062500
0 0.659375 0.533203 0.050000 0.062500
0 0.659375 0.578125 0.050000 0.062500
0 0.645312 0.585938 0.050000 0.062500
0 0.648438 0.644531 0.050000 0.062500
0 0.635938 0.718750 0.050000 0.062500
0 0.617188 0.751953 0.050000 0.062500
0 0.635938 0.806641 0.050000 0.062500
0 0.631250 0.861328 0.050000 0.062500
0 0.625000 0.919922 0.050000 0.062500
0 0.684375 0.888672 0.050000 0.062500
0 0.695312 0.826172 0.050000 0.062500
0 0.689063 0.726562 0.050000 0.062500
0 0.689063 0.703125 0.050000 0.062500
0 0.678125 0.646484 0.050000 0.062500
0 0.678125 0.597656 0.050000 0.062500
0 0.715625 0.562500 0.050000 0.062500
0 0.748437 0.501953 0.050000 0.062500
0 0.796875 0.513672 0.050000 0.062500
0 0.828125 0.466797 0.050000 0.062500
0 0.743750 0.597656 0.050000 0.062500
0 0.776563 0.605469 0.050000 0.062500
0 0.735938 0.658203 0.050000 0.062500
0 0.742188 0.699219 0.050000 0.062500
0 0.715625 0.724609 0.050000 0.062500
0 0.737500 0.773438 0.050000 0.062500
0 0.748437 0.824219 0.050000 0.062500
0 0.804688 0.812500 0.050000 0.062500
0 0.829688 0.785156 0.050000 0.062500
0 0.829688 0.857422 0.050000 0.062500
0 0.853125 0.923828 0.050000 0.062500
0 0.782813 0.720703 0.050000 0.062500
0 0.764062 0.671875 0.050000 0.062500
0 0.775000 0.666016 0.050000 0.062500
0 0.815625 0.658203 0.050000 0.062500
0 0.953125 0.601562 0.050000 0.062500
0 0.975000 0.660156 0.050000 0.062500
0 0.980469 0.746094 0.039062 0.062500
0 0.318750 0.018555 0.050000 0.037109
0 0.298438 0.021484 0.050000 0.042969
0 0.048438 0.968750 0.050000 0.062500
0 0.096875 0.962891 0.050000 0.062500
0 0.103125 0.947266 0.050000 0.062500
0 0.129688 0.953125 0.050000 0.062500
0 0.051562 0.892578 0.050000 0.062500
0 0.017969 0.855469 0.035937 0.062500
0 0.016406 0.794922 0.032813 0.062500
0 0.695312 0.656250 0.050000 0.062500
0 0.678125 0.773438 0.050000 0.062500
0 0.807813 0.705078 0.050000 0.062500
0 0.829688 0.583984 0.050000 0.062500
0 0.317188 0.980469 0.050000 0.039062
