0 0.520312 0.126953 0.050000 0.062500
0 0.479687 0.240234 0.050000 0.062500
0 0.532813 0.292969 0.050000 0.062500
0 0.651563 0.310547 0.050000 0.062500
0 0.723437 0.126953 0.050000 0.062500
0 0.751563 0.126953 0.050000 0.062500
0 0.856250 0.042969 0.050000 0.062500
0 0.868750 0.029297 0.050000 0.058594
0 0.878125 0.020508 0.050000 0.041016
0 0.910937 0.033203 0.050000 0.062500
0 0.882812 0.085938 0.050000 0.062500
0 0.900000 0.134766 0.050000 0.062500
0 0.864062 0.238281 0.050000 0.062500
0 0.920312 0.300781 0.050000 0.062500
0 0.865625 0.347656 0.050000 0.062500
0 0.956250 0.392578 0.050000 0.062500
0 0.950000 0.412109 0.050000 0.062500
0 0.817187 0.490234 0.050000 0.062500
0 0.814063 0.507812 0.050000 0.062500
0 0.748437 0.623047 0.050000 0.062500
0 0.618750 0.673828 0.050000 0.062500
0 0.854688 0.683594 0.050000 0.062500
0 0.854688 0.705078 0.050000 0.062500
0 0.878125 0.644531 0.050000 0.062500
0 0.893750 0.697266 0.050000 0.062500
0 0.896875 0.679688 0.050000 0.062500
0 0.917188 0.644531 0.050000 0.062500
0 0.900000 0.607422 0.050000 0.062500
0 0.934375 0.556641 0.050000 0.062500
0 0.970313 0.490234 0.050000 0.062500
0 0.964063 0.585938 0.050000 0.062500
0 0.962500 0.630859 0.050000 0.062500
0 0.976562 0.703125 0.046875 0.062500
0 0.896875 0.736328 0.050000 0.062500
0 0.904687 0.787109 0.050000 0.062500
0 0.907813 0.851562 0.050000 0.062500
0 0.928125 0.820312 0.050000 0.062500
0 0.965625 0.830078 0.050000 0.062500
0 0.960938 0.863281 0.050000 0.062500
0 0.931250 0.939453 0.050000 0.062500
0 0.982031 0.939453 0.035937 0.062500
0 0.980469 0.800781 0.039062 0.062500
0 0.614062 0.826172 0.050000 0.062500
0 0.559375 0.826172 0.050000 0.062500
0 0.634375 0.867188 0.050000 0.062500
0 0.715625 0.947266 0.050000 0.062500
0 0.700000 0.973633 0.050000 0.052734
0 0.573438 0.949219 0.050000 0.062500
0 0.539062 0.931641 0.050000 0.062500
0 0.543750 0.906250 0.050000 0.062500
0 0.520312 0.908203 0.050000 0.062500
0 0.484375 0.892578 0.050000 0.062500
0 0.479687 0.861328 0.050000 0.062500
0 0.490625 0.853516 0.050000 0.062500
0 0.464062 0.890625 0.050000 0.062500
0 0.437500 0.910156 0.050000 0.062500
0 0.420312 0.917969 0.050000 0.062500
0 0.417187 0.910156 0.050000 0.062500
0 0.417187 0.888672 0.050000 0.062500
0 0.420312 0.867188 0.050000 0.062500
0 0.409375 0.837891 0.050000 0.062500
0 0.381250 0.871094 0.050000 0.062500
0 0.360938 0.900391 0.050000 0.062500
0 0.339062 0.914062 0.050000 0.062500
0 0.326562 0.908203 0.050000 0.062500
0 0.432812 0.927734 0.050000 0.062500
0 0.442188 0.931641 0.050000 0.062500
0 0.451562 0.937500 0.050000 0.062500
0 0.475000 0.931641 0.050000 0.062500
0 0.478125 0.919922 0.050000 0.062500
0 0.462500 0.949219 0.050000 0.062500
0 0.467187 0.973633 0.050000 0.052734
0 0.481250 0.964844 0.050000 0.062500
0 0.482812 0.978516 0.050000 0.042969
0 0.492188 0.973633 0.050000 0.052734
0 0.496875 0.978516 0.050000 0.042969
0 0.506250 0.974609 0.050000 0.050781
0 0.517188 0.980469 0.050000 0.039062
0 0.468750 0.957031 0.050000 0.062500
0 0.371875 0.732422 0.050000 0.062500
0 0.385937 0.699219 0.050000 0.062500
0 0.426563 0.705078 0.050000 0.062500
0 0.414062 0.679688 0.050000 0.062500
0 0.275000 0.650391 0.050000 0.062500
0 0.279687 0.564453 0.050000 0.062500
0 0.307812 0.517578 0.050000 0.062500
0 0.268750 0.507812 0.050000 0.062500
0 0.298438 0.453125 0.050000 0.062500
0 0.368750 0.361328 0.050000 0.062500
0 0.187500 0.402344 0.050000 0.062500
0 0.239063 0.351562 0.050000 0.062500
0 0.293750 0.324219 0.050000 0.062500
0 0.278125 0.308594 0.050000 0.062500
0 0.254688 0.285156 0.050000 0.062500
0 0.218750 0.208984 0.050000 0.062500
0 0.207813 0.218750 0.050000 0.062500
0 0.226562 0.037109 0.050000 0.062500
0 0.145313 0.039062 0.050000 0.062500
0 0.226562 0.089844 0.050000 0.062500
0 0.246875 0.083984 0.050000 0.062500
0 0.259375 0.095703 0.050000 0.062500
0 0.275000 0.093750 0.050000 0.062500
0 0.142187 0.644531 0.050000 0.062500
0 0.192188 0.679688 0.050000 0.062500
0 0.214062 0.667969 0.050000 0.062500
0 0.218750 0.716797 0.050000 0.062500
0 0.234375 0.707031 0.050000 0.062500
0 0.178125 0.865234 0.050000 0.062500
0 0.204687 0.863281 0.050000 0.062500
0 0.226562 0.859375 0.050000 0.062500
0 0.164062 0.908203 0.050000 0.062500
0 0.125000 0.912109 0.050000 0.062500
0 0.125000 0.921875 0.050000 0.062500
0 0.089063 0.880859 0.050000 0.062500
0 0.079687 0.609375 0.050000 0.062500
0 0.070312 0.609375 0.050000 0.062500
0 0.068750 0.589844 0.050000 0.062500
0 0.073438 0.556641 0.050000 0.062500
0 0.079687 0.527344 0.050000 0.062500
0 0.075000 0.513672 0.050000 0.062500
0 0.076563 0.498047 0.050000 0.062500
0 0.089063 0.458984 0.050000 0.062500
0 0.064062 0.457031 0.050000 0.062500
0 0.089063 0.384766 0.050000 0.062500
0 0.032813 0.355469 0.050000 0.062500
0 0.075000 0.333984 0.050000 0.062500
0 0.064062 0.291016 0.050000 0.062500
0 0.075000 0.271484 0.050000 0.062500
0 0.053125 0.236328 0.050000 0.062500
0 0.087500 0.253906 0.050000 0.062500
0 0.543750 0.250000 0.050000 0.062500
0 0.240625 0.666016 0.050000 0.062500
0 0.393750 0.886719 0.050000 0.062500
0 0.376563 0.910156 0.050000 0.062500
0 0.059375 0.888672 0.050000 0.062500
0 0.226562 0.685547 0.050000 0.062500
0 0.139063 0.910156 0.050000 0.062500
