0 0.342187 0.447266 0.050000 0.062500
0 0.290625 0.443359 0.050000 0.062500
0 0.271875 0.472656 0.050000 0.062500
0 0.257812 0.482422 0.050000 0.062500
0 0.231250 0.464844 0.050000 0.062500
0 0.187500 0.314453 0.050000 0.062500
0 0.175000 0.328125 0.050000 0.062500
0 0.226562 0.212891 0.050000 0.062500
0 0.215625 0.199219 0.050000 0.062500
0 0.198437 0.197266 0.050000 0.062500
0 0.182812 0.201172 0.050000 0.062500
0 0.160938 0.179688 0.050000 0.062500
0 0.090625 0.175781 0.050000 0.062500
0 0.351562 0.066406 0.050000 0.062500
0 0.367188 0.058594 0.050000 0.062500
0 0.406250 0.287109 0.050000 0.062500
0 0.412500 0.298828 0.050000 0.062500
0 0.479687 0.312500 0.050000 0.062500
0 0.506250 0.236328 0.050000 0.062500
0 0.623437 0.251953 0.050000 0.062500
0 0.673438 0.103516 0.050000 0.062500
0 0.698438 0.093750 0.050000 0.062500
0 0.823438 0.029297 0.050000 0.058594
0 0.867188 0.054688 0.050000 0.062500
0 0.851562 0.093750 0.050000 0.062500
0 0.878125 0.230469 0.050000 0.062500
0 0.817187 0.179688 0.050000 0.062500
0 0.960938 0.304688 0.050000 0.062500
0 0.834375 0.289062 0.050000 0.062500
0 0.773438 0.468750 0.050000 0.062500
0 0.768750 0.492188 0.050000 0.062500
0 0.909375 0.435547 0.050000 0.062500
0 0.978906 0.404297 0.042188 0.062500
0 0.940625 0.498047 0.050000 0.062500
0 0.900000 0.537109 0.050000 0.062500
0 0.910937 0.562500 0.050000 0.062500
0 0.918750 0.578125 0.050000 0.062500
0 0.882812 0.583984 0.050000 0.062500
0 0.871875 0.611328 0.050000 0.062500
0 0.851562 0.628906 0.050000 0.062500
0 0.893750 0.623047 0.050000 0.062500
0 0.882812 0.669922 0.050000 0.062500
0 0.906250 0.662109 0.050000 0.062500
0 0.971875 0.632812 0.050000 0.062500
0 0.962500 0.695312 0.050000 0.062500
0 0.951562 0.744141 0.050000 0.062500
0 0.977344 0.746094 0.045312 0.062500
0 0.976562 0.791016 0.046875 0.062500
0 0.898438 0.757812 0.050000 0.062500
0 0.959375 0.900391 0.050000 0.062500
0 0.975000 0.941406 0.050000 0.062500
0 0.977344 0.949219 0.045312 0.062500
0 0.753125 0.654297 0.050000 0.062500
0 0.642188 0.638672 0.050000 0.062500
0 0.635938 0.796875 0.050000 0.062500
0 0.803125 0.958984 0.050000 0.062500
0 0.625000 0.960938 0.050000 0.062500
0 0.614062 0.957031 0.050000 0.062500
0 0.595313 0.960938 0.050000 0.062500
0 0.562500 0.892578 0.050000 0.062500
0 0.582812 0.892578 0.050000 0.062500
0 0.565625 0.832031 0.050000 0.062500
0 0.457813 0.798828 0.050000 0.062500
0 0.428125 0.753906 0.050000 0.062500
0 0.468750 0.748047 0.050000 0.062500
0 0.484375 0.767578 0.050000 0.062500
0 0.317188 0.732422 0.050000 0.062500
0 0.300000 0.658203 0.050000 0.062500
0 0.285938 0.603516 0.050000 0.062500
0 0.306250 0.550781 0.050000 0.062500
0 0.334375 0.605469 0.050000 0.062500
0 0.193750 0.537109 0.050000 0.062500
0 0.226562 0.732422 0.050000 0.062500
0 0.204687 0.726562 0.050000 0.062500
0 0.389062 0.828125 0.050000 0.062500
0 0.400000 0.861328 0.050000 0.062500
0 0.409375 0.890625 0.050000 0.062500
0 0.410938 0.921875 0.050000 0.062500
0 0.390625 0.935547 0.050000 0.062500
0 0.376563 0.941406 0.050000 0.062500
0 0.445312 0.908203 0.050000 0.062500
0 0.465625 0.923828 0.050000 0.062500
0 0.509375 0.894531 0.050000 0.062500
0 0.509375 0.917969 0.050000 0.062500
0 0.521875 0.912109 0.050000 0.062500
0 0.487500 0.943359 0.050000 0.062500
0 0.496875 0.947266 0.050000 0.062500
0 0.512500 0.968750 0.050000 0.062500
0 0.525000 0.968750 0.050000 0.062500
0 0.526563 0.975586 0.050000 0.048828
0 0.546875 0.969727 0.050000 0.060547
0 0.543750 0.979492 0.050000 0.041016
0 0.265625 0.900391 0.050000 0.062500
0 0.239063 0.916016 0.050000 0.062500
0 0.215625 0.925781 0.050000 0.062500
0 0.187500 0.973633 0.050000 0.052734
0 0.170313 0.979492 0.050000 0.041016
0 0.079687 0.978516 0.050000 0.042969
0 0.025000 0.951172 0.050000 0.062500
0 0.078125 0.951172 0.050000 0.062500
0 0.171875 0.679688 0.050000 0.062500
0 0.181250 0.712891 0.050000 0.062500
0 0.112500 0.691406 0.050000 0.062500
0 0.081250 0.687500 0.050000 0.062500
0 0.075000 0.660156 0.050000 0.062500
0 0.075000 0.636719 0.050000 0.062500
0 0.073438 0.597656 0.050000 0.062500
0 0.070312 0.576172 0.050000 0.062500
0 0.064062 0.537109 0.050000 0.062500
0 0.060937 0.458984 0.050000 0.062500
0 0.053125 0.412109 0.050000 0.062500
0 0.046875 0.349609 0.050000 0.062500
0 0.039062 0.367188 0.050000 0.062500
0 0.048438 0.388672 0.050000 0.062500
0 0.931250 0.527344 0.050000 0.062500
0 0.965625 0.496094 0.050000 0.062500
0 0.951562 0.457031 0.050000 0.062500
0 0.940625 0.365234 0.050000 0.062500
0 0.975000 0.369141 0.050000 0.062500
