0 0.339062 0.140625 0.050000 0.062500
0 0.318750 0.150391 0.050000 0.062500
0 0.643750 0.072266 0.050000 0.062500
0 0.671875 0.064453 0.050000 0.062500
0 0.623437 0.193359 0.050000 0.062500
0 0.442188 0.132812 0.050000 0.062500
0 0.457813 0.244141 0.050000 0.062500
0 0.453125 0.298828 0.050000 0.062500
0 0.382812 0.306641 0.050000 0.062500
0 0.221875 0.306641 0.050000 0.062500
0 0.193750 0.277344 0.050000 0.062500
0 0.154688 0.283203 0.050000 0.062500
0 0.178125 0.291016 0.050000 0.062500
0 0.182812 0.414062 0.050000 0.062500
0 0.200000 0.408203 0.050000 0.062500
0 0.267188 0.535156 0.050000 0.062500
0 0.317188 0.523438 0.050000 0.062500
0 0.357812 0.505859 0.050000 0.062500
0 0.337500 0.578125 0.050000 0.062500
0 0.353125 0.619141 0.050000 0.062500
0 0.325000 0.617188 0.050000 0.062500
0 0.382812 0.667969 0.050000 0.062500
0 0.335938 0.667969 0.050000 0.062500
0 0.248438 0.634766 0.050000 0.062500
0 0.375000 0.779297 0.050000 0.062500
0 0.350000 0.718750 0.050000 0.062500
0 0.270313 0.750000 0.050000 0.062500
0 0.473438 0.806641 0.050000 0.062500
0 0.657813 0.619141 0.050000 0.062500
0 0.745313 0.496094 0.050000 0.062500
0 0.732812 0.482422 0.050000 0.062500
0 0.821875 0.248047 0.050000 0.062500
0 0.862500 0.185547 0.050000 0.062500
0 0.884375 0.531250 0.050000 0.062500
0 0.871875 0.564453 0.050000 0.062500
0 0.860938 0.578125 0.050000 0.062500
0 0.900000 0.576172 0.050000 0.062500
0 0.873437 0.619141 0.050000 0.062500
0 0.778125 0.693359 0.050000 0.062500
0 0.890625 0.666016 0.050000 0.062500
0 0.964063 0.683594 0.050000 0.062500
0 0.980469 0.681641 0.039062 0.062500
0 0.959375 0.613281 0.050000 0.062500
0 0.960938 0.591797 0.050000 0.062500
0 0.950000 0.515625 0.050000 0.062500
0 0.926562 0.517578 0.050000 0.062500
0 0.942187 0.484375 0.050000 0.062500
0 0.921875 0.472656 0.050000 0.062500
0 0.867188 0.419922 0.050000 0.062500
0 0.920312 0.400391 0.050000 0.062500
0 0.971875 0.435547 0.050000 0.062500
0 0.957812 0.408203 0.050000 0.062500
0 0.968750 0.382812 0.050000 0.062500
0 0.975000 0.349609 0.050000 0.062500
0 0.931250 0.314453 0.050000 0.062500
0 0.975000 0.244141 0.050000 0.062500
0 0.984375 0.341797 0.031250 0.062500
0 0.982812 0.359375 0.034375 0.062500
0 0.986719 0.402344 0.026562 0.062500
0 0.980469 0.220703 0.039062 0.062500
0 0.823438 0.056641 0.050000 0.062500
0 0.818750 0.020508 0.050000 0.041016
0 0.656250 0.779297 0.050000 0.062500
0 0.689063 0.816406 0.050000 0.062500
0 0.781250 0.869141 0.050000 0.062500
0 0.909375 0.941406 0.050000 0.062500
0 0.957812 0.968750 0.050000 0.062500
0 0.940625 0.979492 0.050000 0.041016
0 0.848437 0.978516 0.050000 0.042969
0 0.959375 0.861328 0.050000 0.062500
0 0.985938 0.867188 0.028125 0.062500
0 0.671875 0.908203 0.050000 0.062500
0 0.667188 0.927734 0.050000 0.062500
0 0.701562 0.949219 0.050000 0.062500
0 0.700000 0.969727 0.050000 0.060547
0 0.690625 0.978516 0.050000 0.042969
0 0.526563 0.787109 0.050000 0.062500
0 0.182812 0.068359 0.050000 0.062500
0 0.185938 0.017578 0.050000 0.035156
0 0.079687 0.287109 0.050000 0.062500
0 0.150000 0.669922 0.050000 0.062500
0 0.187500 0.724609 0.050000 0.062500
0 0.209375 0.759766 0.050000 0.062500
0 0.382812 0.826172 0.050000 0.062500
0 0.367188 0.812500 0.050000 0.062500
0 0.295312 0.900391 0.050000 0.062500
0 0.264062 0.931641 0.050000 0.062500
0 0.242188 0.941406 0.050000 0.062500
0 0.473438 0.898438 0.050000 0.062500
0 0.542188 0.845703 0.050000 0.062500
0 0.546875 0.886719 0.050000 0.062500
0 0.562500 0.921875 0.050000 0.062500
0 0.606250 0.973633 0.050000 0.052734
0 0.564063 0.953125 0.050000 0.062500
0 0.581250 0.958984 0.050000 0.062500
0 0.570312 0.943359 0.050000 0.062500
0 0.576562 0.976562 0.050000 0.046875
0 0.557813 0.975586 0.050000 0.048828
0 0.570312 0.966797 0.050000 0.062500
0 0.543750 0.958984 0.050000 0.062500
0 0.543750 0.970703 0.050000 0.058594
0 0.542188 0.910156 0.050000 0.062500
0 0.539062 0.931641 0.050000 0.062500
0 0.529687 0.939453 0.050000 0.062500
0 0.540625 0.871094 0.050000 0.062500
0 0.434375 0.894531 0.050000 0.062500
0 0.517188 0.947266 0.050000 0.062500
0 0.517188 0.927734 0.050000 0.062500
0 0.501563 0.919922 0.050000 0.062500
0 0.500000 0.939453 0.050000 0.062500
0 0.482812 0.914062 0.050000 0.062500
0 0.481250 0.935547 0.050000 0.062500
0 0.445312 0.927734 0.050000 0.062500
0 0.426563 0.917969 0.050000 0.062500
0 0.410938 0.933594 0.050000 0.062500
0 0.398438 0.947266 0.050000 0.062500
0 0.032813 0.980469 0.050000 0.039062
0 0.087500 0.925781 0.050000 0.062500
0 0.214062 0.980469 0.050000 0.039062
0 0.101562 0.724609 0.050000 0.062500
0 0.090625 0.726562 0.050000 0.062500
0 0.090625 0.640625 0.050000 0.062500
0 0.048438 0.460938 0.050000 0.062500
0 0.070312 0.507812 0.050000 0.062500
0 0.073438 0.525391 0.050000 0.062500
0 0.040625 0.492188 0.050000 0.062500
0 0.026562 0.414062 0.050000 0.062500
0 0.040625 0.396484 0.050000 0.062500
0 0.078125 0.613281 0.050000 0.062500
0 0.075000 0.632812 0.050000 0.062500
0 0.081250 0.681641 0.050000 0.062500
0 0.986719 0.726562 0.026562 0.062500
0 0.554688 0.800781 0.050000 0.062500
