0 0.179688 0.035156 0.050000 0.062500
0 0.187500 0.113281 0.050000 0.062500
0 0.323437 0.193359 0.050000 0.062500
0 0.340625 0.187500 0.050000 0.062500
0 0.426563 0.246094 0.050000 0.062500
0 0.395313 0.300781 0.050000 0.062500
0 0.450000 0.302734 0.050000 0.062500
0 0.626563 0.193359 0.050000 0.062500
0 0.640625 0.080078 0.050000 0.062500
0 0.673438 0.066406 0.050000 0.062500
0 0.860938 0.189453 0.050000 0.062500
0 0.818750 0.253906 0.050000 0.062500
0 0.981250 0.238281 0.037500 0.062500
0 0.975781 0.203125 0.048438 0.062500
0 0.977344 0.259766 0.045312 0.062500
0 0.934375 0.320312 0.050000 0.062500
0 0.975000 0.347656 0.050000 0.062500
0 0.985938 0.343750 0.028125 0.062500
0 0.909375 0.375000 0.050000 0.062500
0 0.950000 0.380859 0.050000 0.062500
0 0.985156 0.378906 0.029687 0.062500
0 0.968750 0.439453 0.050000 0.062500
0 0.968750 0.488281 0.050000 0.062500
0 0.925000 0.472656 0.050000 0.062500
0 0.853125 0.441406 0.050000 0.062500
0 0.926562 0.519531 0.050000 0.062500
0 0.956250 0.558594 0.050000 0.062500
0 0.978906 0.611328 0.042188 0.062500
0 0.973437 0.691406 0.050000 0.062500
0 0.985938 0.732422 0.028125 0.062500
0 0.889062 0.648438 0.050000 0.062500
0 0.942187 0.621094 0.050000 0.062500
0 0.895312 0.578125 0.050000 0.062500
0 0.860938 0.617188 0.050000 0.062500
0 0.867188 0.570312 0.050000 0.062500
0 0.882812 0.537109 0.050000 0.062500
0 0.735938 0.523438 0.050000 0.062500
0 0.720313 0.515625 0.050000 0.062500
0 0.656250 0.625000 0.050000 0.062500
0 0.787500 0.734375 0.050000 0.062500
0 0.945312 0.880859 0.050000 0.062500
0 0.968750 0.880859 0.050000 0.062500
0 0.985938 0.880859 0.028125 0.062500
0 0.985938 0.804688 0.028125 0.062500
0 0.937500 0.947266 0.050000 0.062500
0 0.981250 0.970703 0.037500 0.058594
0 0.970313 0.980469 0.050000 0.039062
0 0.873437 0.983398 0.050000 0.033203
0 0.698438 0.921875 0.050000 0.062500
0 0.693750 0.943359 0.050000 0.062500
0 0.785937 0.875000 0.050000 0.062500
0 0.689063 0.824219 0.050000 0.062500
0 0.656250 0.787109 0.050000 0.062500
0 0.723437 0.969727 0.050000 0.060547
0 0.718750 0.977539 0.050000 0.044922
0 0.579688 0.820312 0.050000 0.062500
0 0.553125 0.810547 0.050000 0.062500
0 0.573438 0.871094 0.050000 0.062500
0 0.609375 0.976562 0.050000 0.046875
0 0.576562 0.977539 0.050000 0.044922
0 0.584375 0.968750 0.050000 0.062500
0 0.571875 0.951172 0.050000 0.062500
0 0.568750 0.970703 0.050000 0.058594
0 0.557813 0.978516 0.050000 0.042969
0 0.556250 0.968750 0.050000 0.062500
0 0.559375 0.951172 0.050000 0.062500
0 0.559375 0.933594 0.050000 0.062500
0 0.543750 0.917969 0.050000 0.062500
0 0.545312 0.886719 0.050000 0.062500
0 0.518750 0.886719 0.050000 0.062500
0 0.481250 0.843750 0.050000 0.062500
0 0.473438 0.906250 0.050000 0.062500
0 0.504687 0.921875 0.050000 0.062500
0 0.526563 0.941406 0.050000 0.062500
0 0.537500 0.933594 0.050000 0.062500
0 0.539062 0.962891 0.050000 0.062500
0 0.435937 0.894531 0.050000 0.062500
0 0.482812 0.921875 0.050000 0.062500
0 0.481250 0.941406 0.050000 0.062500
0 0.431250 0.919922 0.050000 0.062500
0 0.420312 0.937500 0.050000 0.062500
0 0.446875 0.935547 0.050000 0.062500
0 0.407813 0.951172 0.050000 0.062500
0 0.389062 0.947266 0.050000 0.062500
0 0.290625 0.900391 0.050000 0.062500
0 0.260937 0.935547 0.050000 0.062500
0 0.243750 0.941406 0.050000 0.062500
0 0.360938 0.812500 0.050000 0.062500
0 0.350000 0.798828 0.050000 0.062500
0 0.398438 0.796875 0.050000 0.062500
0 0.365625 0.744141 0.050000 0.062500
0 0.398438 0.689453 0.050000 0.062500
0 0.354687 0.693359 0.050000 0.062500
0 0.360938 0.675781 0.050000 0.062500
0 0.370312 0.650391 0.050000 0.062500
0 0.367188 0.619141 0.050000 0.062500
0 0.365625 0.533203 0.050000 0.062500
0 0.337500 0.562500 0.050000 0.062500
0 0.271875 0.572266 0.050000 0.062500
0 0.268750 0.675781 0.050000 0.062500
0 0.246875 0.744141 0.050000 0.062500
0 0.198437 0.765625 0.050000 0.062500
0 0.182812 0.718750 0.050000 0.062500
0 0.139063 0.652344 0.050000 0.062500
0 0.189062 0.445312 0.050000 0.062500
0 0.209375 0.439453 0.050000 0.062500
0 0.221875 0.343750 0.050000 0.062500
0 0.204687 0.312500 0.050000 0.062500
0 0.192188 0.308594 0.050000 0.062500
0 0.179688 0.320312 0.050000 0.062500
0 0.154688 0.328125 0.050000 0.062500
0 0.079687 0.324219 0.050000 0.062500
0 0.440625 0.136719 0.050000 0.062500
0 0.100000 0.724609 0.050000 0.062500
0 0.090625 0.707031 0.050000 0.062500
0 0.104688 0.705078 0.050000 0.062500
0 0.085938 0.644531 0.050000 0.062500
0 0.078125 0.623047 0.050000 0.062500
0 0.075000 0.638672 0.050000 0.062500
0 0.107813 0.669922 0.050000 0.062500
0 0.046875 0.462891 0.050000 0.062500
0 0.037500 0.402344 0.050000 0.062500
0 0.057813 0.582031 0.050000 0.062500
0 0.025000 0.416016 0.050000 0.062500
0 0.046875 0.494141 0.050000 0.062500
0 0.068750 0.511719 0.050000 0.062500
