0 0.179688 0.056641 0.050000 0.062500
0 0.090625 0.023438 0.050000 0.046875
0 0.187500 0.134766 0.050000 0.062500
0 0.326562 0.212891 0.050000 0.062500
0 0.343750 0.207031 0.050000 0.062500
0 0.431250 0.248047 0.050000 0.062500
0 0.446875 0.140625 0.050000 0.062500
0 0.628125 0.187500 0.050000 0.062500
0 0.642188 0.083984 0.050000 0.062500
0 0.671875 0.070312 0.050000 0.062500
0 0.860938 0.187500 0.050000 0.062500
0 0.820312 0.253906 0.050000 0.062500
0 0.973437 0.195312 0.050000 0.062500
0 0.446875 0.300781 0.050000 0.062500
0 0.404687 0.294922 0.050000 0.062500
0 0.226562 0.361328 0.050000 0.062500
0 0.209375 0.328125 0.050000 0.062500
0 0.195312 0.324219 0.050000 0.062500
0 0.182812 0.335938 0.050000 0.062500
0 0.160938 0.347656 0.050000 0.062500
0 0.214062 0.449219 0.050000 0.062500
0 0.190625 0.460938 0.050000 0.062500
0 0.279687 0.589844 0.050000 0.062500
0 0.345313 0.574219 0.050000 0.062500
0 0.371875 0.542969 0.050000 0.062500
0 0.281250 0.691406 0.050000 0.062500
0 0.387500 0.642578 0.050000 0.062500
0 0.375000 0.666016 0.050000 0.062500
0 0.381250 0.699219 0.050000 0.062500
0 0.410938 0.707031 0.050000 0.062500
0 0.365625 0.705078 0.050000 0.062500
0 0.656250 0.623047 0.050000 0.062500
0 0.732812 0.537109 0.050000 0.062500
0 0.710938 0.527344 0.050000 0.062500
0 0.846875 0.460938 0.050000 0.062500
0 0.926562 0.470703 0.050000 0.062500
0 0.907813 0.361328 0.050000 0.062500
0 0.942187 0.382812 0.050000 0.062500
0 0.954688 0.408203 0.050000 0.062500
0 0.968750 0.445312 0.050000 0.062500
0 0.977344 0.496094 0.045312 0.062500
0 0.928125 0.519531 0.050000 0.062500
0 0.882812 0.535156 0.050000 0.062500
0 0.862500 0.572266 0.050000 0.062500
0 0.892188 0.580078 0.050000 0.062500
0 0.884375 0.634766 0.050000 0.062500
0 0.856250 0.611328 0.050000 0.062500
0 0.935937 0.632812 0.050000 0.062500
0 0.959375 0.576172 0.050000 0.062500
0 0.985938 0.611328 0.028125 0.062500
0 0.964063 0.689453 0.050000 0.062500
0 0.975000 0.699219 0.050000 0.062500
0 0.985156 0.732422 0.029687 0.062500
0 0.983594 0.808594 0.032813 0.062500
0 0.789062 0.746094 0.050000 0.062500
0 0.657813 0.787109 0.050000 0.062500
0 0.690625 0.833984 0.050000 0.062500
0 0.479687 0.855469 0.050000 0.062500
0 0.373437 0.757812 0.050000 0.062500
0 0.351562 0.806641 0.050000 0.062500
0 0.340625 0.787109 0.050000 0.062500
0 0.235937 0.744141 0.050000 0.062500
0 0.260937 0.941406 0.050000 0.062500
0 0.245312 0.945312 0.050000 0.062500
0 0.182812 0.761719 0.050000 0.062500
0 0.292187 0.904297 0.050000 0.062500
0 0.135937 0.646484 0.050000 0.062500
0 0.178125 0.712891 0.050000 0.062500
0 0.406250 0.808594 0.050000 0.062500
0 0.473438 0.906250 0.050000 0.062500
0 0.512500 0.890625 0.050000 0.062500
0 0.545312 0.886719 0.050000 0.062500
0 0.592187 0.873047 0.050000 0.062500
0 0.715625 0.947266 0.050000 0.062500
0 0.735938 0.972656 0.050000 0.054688
0 0.542188 0.916016 0.050000 0.062500
0 0.556250 0.939453 0.050000 0.062500
0 0.501563 0.921875 0.050000 0.062500
0 0.520312 0.927734 0.050000 0.062500
0 0.521875 0.943359 0.050000 0.062500
0 0.535937 0.933594 0.050000 0.062500
0 0.539062 0.971680 0.050000 0.056641
0 0.565625 0.955078 0.050000 0.062500
0 0.570312 0.971680 0.050000 0.056641
0 0.585938 0.969727 0.050000 0.060547
0 0.560937 0.977539 0.050000 0.044922
0 0.578125 0.981445 0.050000 0.037109
0 0.953125 0.947266 0.050000 0.062500
0 0.978906 0.981445 0.042188 0.037109
0 0.985938 0.971680 0.028125 0.056641
0 0.983594 0.939453 0.032813 0.062500
0 0.985938 0.886719 0.028125 0.062500
0 0.959375 0.894531 0.050000 0.062500
0 0.937500 0.880859 0.050000 0.062500
0 0.975000 0.347656 0.050000 0.062500
0 0.982812 0.373047 0.034375 0.062500
0 0.985938 0.341797 0.028125 0.062500
0 0.984375 0.240234 0.031250 0.062500
0 0.076563 0.941406 0.050000 0.062500
0 0.406250 0.951172 0.050000 0.062500
0 0.443750 0.898438 0.050000 0.062500
0 0.434375 0.931641 0.050000 0.062500
0 0.101562 0.732422 0.050000 0.062500
0 0.082812 0.341797 0.050000 0.062500
0 0.039062 0.406250 0.050000 0.062500
0 0.024219 0.419922 0.048438 0.062500
0 0.048438 0.462891 0.050000 0.062500
0 0.050000 0.496094 0.050000 0.062500
0 0.056250 0.583984 0.050000 0.062500
0 0.078125 0.621094 0.050000 0.062500
0 0.084375 0.644531 0.050000 0.062500
0 0.103125 0.658203 0.050000 0.062500
0 0.101562 0.703125 0.050000 0.062500
0 0.085938 0.728516 0.050000 0.062500
0 0.087500 0.708984 0.050000 0.062500
0 0.079687 0.691406 0.050000 0.062500
0 0.081250 0.669922 0.050000 0.062500
0 0.070312 0.638672 0.050000 0.062500
