0 0.667188 0.072266 0.050000 0.062500
0 0.640625 0.085938 0.050000 0.062500
0 0.625000 0.195312 0.050000 0.062500
0 0.854688 0.187500 0.050000 0.062500
0 0.959375 0.166016 0.050000 0.062500
0 0.818750 0.255859 0.050000 0.062500
0 0.903125 0.322266 0.050000 0.062500
0 0.917188 0.390625 0.050000 0.062500
0 0.834375 0.500000 0.050000 0.062500
0 0.931250 0.449219 0.050000 0.062500
0 0.920312 0.498047 0.050000 0.062500
0 0.964063 0.443359 0.050000 0.062500
0 0.881250 0.541016 0.050000 0.062500
0 0.885938 0.587891 0.050000 0.062500
0 0.859375 0.578125 0.050000 0.062500
0 0.851562 0.601562 0.050000 0.062500
0 0.876563 0.621094 0.050000 0.062500
0 0.921875 0.667969 0.050000 0.062500
0 0.964063 0.617188 0.050000 0.062500
0 0.953125 0.699219 0.050000 0.062500
0 0.971875 0.699219 0.050000 0.062500
0 0.985938 0.746094 0.028125 0.062500
0 0.959375 0.792969 0.050000 0.062500
0 0.985938 0.833984 0.028125 0.062500
0 0.984375 0.884766 0.031250 0.062500
0 0.984375 0.947266 0.031250 0.062500
0 0.935937 0.914062 0.050000 0.062500
0 0.921875 0.894531 0.050000 0.062500
0 0.792188 0.794922 0.050000 0.062500
0 0.779687 0.880859 0.050000 0.062500
0 0.700000 0.847656 0.050000 0.062500
0 0.656250 0.789062 0.050000 0.062500
0 0.651563 0.609375 0.050000 0.062500
0 0.714063 0.564453 0.050000 0.062500
0 0.329688 0.255859 0.050000 0.062500
0 0.948438 0.408203 0.050000 0.062500
0 0.978906 0.349609 0.042188 0.062500
0 0.971875 0.335938 0.050000 0.062500
0 0.812500 0.022461 0.050000 0.044922
0 0.787500 0.018555 0.050000 0.037109
0 0.429688 0.248047 0.050000 0.062500
0 0.401562 0.300781 0.050000 0.062500
0 0.446875 0.312500 0.050000 0.062500
0 0.439063 0.142578 0.050000 0.062500
0 0.692187 0.564453 0.050000 0.062500
0 0.920312 0.982422 0.050000 0.035156
0 0.748437 0.945312 0.050000 0.062500
0 0.745313 0.966797 0.050000 0.062500
0 0.757812 0.982422 0.050000 0.035156
0 0.182812 0.031250 0.050000 0.062500
0 0.153125 0.056641 0.050000 0.062500
0 0.179688 0.105469 0.050000 0.062500
0 0.093750 0.091797 0.050000 0.062500
0 0.089063 0.018555 0.050000 0.037109
0 0.176563 0.396484 0.050000 0.062500
0 0.228125 0.404297 0.050000 0.062500
0 0.212500 0.361328 0.050000 0.062500
0 0.198437 0.355469 0.050000 0.062500
0 0.189062 0.373047 0.050000 0.062500
0 0.203125 0.496094 0.050000 0.062500
0 0.226562 0.488281 0.050000 0.062500
0 0.289062 0.630859 0.050000 0.062500
0 0.359375 0.619141 0.050000 0.062500
0 0.382812 0.576172 0.050000 0.062500
0 0.307812 0.728516 0.050000 0.062500
0 0.314063 0.765625 0.050000 0.062500
0 0.315625 0.806641 0.050000 0.062500
0 0.392188 0.775391 0.050000 0.062500
0 0.392188 0.740234 0.050000 0.062500
0 0.398438 0.697266 0.050000 0.062500
0 0.431250 0.685547 0.050000 0.062500
0 0.431250 0.732422 0.050000 0.062500
0 0.435937 0.759766 0.050000 0.062500
0 0.446875 0.894531 0.050000 0.062500
0 0.473438 0.888672 0.050000 0.062500
0 0.473438 0.916016 0.050000 0.062500
0 0.540625 0.896484 0.050000 0.062500
0 0.507812 0.921875 0.050000 0.062500
0 0.495312 0.933594 0.050000 0.062500
0 0.545312 0.921875 0.050000 0.062500
0 0.545312 0.949219 0.050000 0.062500
0 0.559375 0.957031 0.050000 0.062500
0 0.570312 0.972656 0.050000 0.054688
0 0.587500 0.971680 0.050000 0.056641
0 0.571875 0.983398 0.050000 0.033203
0 0.551562 0.977539 0.050000 0.044922
0 0.537500 0.974609 0.050000 0.050781
0 0.528125 0.953125 0.050000 0.062500
0 0.510938 0.945312 0.050000 0.062500
0 0.625000 0.912109 0.050000 0.062500
0 0.625000 0.855469 0.050000 0.062500
0 0.592187 0.839844 0.050000 0.062500
0 0.437500 0.939453 0.050000 0.062500
0 0.431250 0.925781 0.050000 0.062500
0 0.420312 0.947266 0.050000 0.062500
0 0.406250 0.960938 0.050000 0.062500
0 0.387500 0.951172 0.050000 0.062500
0 0.285938 0.908203 0.050000 0.062500
0 0.262500 0.947266 0.050000 0.062500
0 0.207813 0.753906 0.050000 0.062500
0 0.167187 0.751953 0.050000 0.062500
0 0.164062 0.705078 0.050000 0.062500
0 0.126562 0.619141 0.050000 0.062500
0 0.067187 0.935547 0.050000 0.062500
0 0.035937 0.983398 0.050000 0.033203
0 0.234375 0.949219 0.050000 0.062500
0 0.085938 0.388672 0.050000 0.062500
0 0.098437 0.732422 0.050000 0.062500
0 0.082812 0.738281 0.050000 0.062500
0 0.079687 0.689453 0.050000 0.062500
0 0.079687 0.650391 0.050000 0.062500
0 0.070312 0.638672 0.050000 0.062500
0 0.076563 0.625000 0.050000 0.062500
0 0.043750 0.466797 0.050000 0.062500
0 0.073438 0.453125 0.050000 0.062500
0 0.065625 0.519531 0.050000 0.062500
0 0.046875 0.503906 0.050000 0.062500
0 0.035937 0.402344 0.050000 0.062500
0 0.040625 0.328125 0.050000 0.062500
0 0.342187 0.253906 0.050000 0.062500
0 0.985156 0.355469 0.029687 0.062500
0 0.982812 0.335938 0.034375 0.062500
0 0.425000 0.826172 0.050000 0.062500
0 0.193750 0.187500 0.050000 0.062500
0 0.050000 0.587891 0.050000 0.062500
0 0.079687 0.582031 0.050000 0.062500
0 0.021875 0.421875 0.043750 0.062500
