0 0.450000 0.376953 0.050000 0.062500
0 0.404687 0.343750 0.050000 0.062500
0 0.415625 0.275391 0.050000 0.062500
0 0.075000 0.033203 0.050000 0.062500
0 0.096875 0.035156 0.050000 0.062500
0 0.112500 0.099609 0.050000 0.062500
0 0.131250 0.109375 0.050000 0.062500
0 0.120313 0.058594 0.050000 0.062500
0 0.101562 0.347656 0.050000 0.062500
0 0.156250 0.300781 0.050000 0.062500
0 0.185938 0.335938 0.050000 0.062500
0 0.207813 0.355469 0.050000 0.062500
0 0.226562 0.423828 0.050000 0.062500
0 0.364063 0.470703 0.050000 0.062500
0 0.376563 0.453125 0.050000 0.062500
0 0.117188 0.435547 0.050000 0.062500
0 0.248438 0.537109 0.050000 0.062500
0 0.229687 0.556641 0.050000 0.062500
0 0.237500 0.541016 0.050000 0.062500
0 0.248438 0.599609 0.050000 0.062500
0 0.282813 0.601562 0.050000 0.062500
0 0.279687 0.673828 0.050000 0.062500
0 0.295312 0.664062 0.050000 0.062500
0 0.360938 0.806641 0.050000 0.062500
0 0.246875 0.841797 0.050000 0.062500
0 0.148438 0.853516 0.050000 0.062500
0 0.425000 0.746094 0.050000 0.062500
0 0.687500 0.617188 0.050000 0.062500
0 0.821875 0.435547 0.050000 0.062500
0 0.882812 0.421875 0.050000 0.062500
0 0.910937 0.429688 0.050000 0.062500
0 0.620313 0.125000 0.050000 0.062500
0 0.640625 0.107422 0.050000 0.062500
0 0.873437 0.193359 0.050000 0.062500
0 0.803125 0.275391 0.050000 0.062500
0 0.837500 0.207031 0.050000 0.062500
0 0.832812 0.158203 0.050000 0.062500
0 0.898438 0.066406 0.050000 0.062500
0 0.981250 0.183594 0.037500 0.062500
0 0.983594 0.144531 0.032813 0.062500
0 0.715625 0.039062 0.050000 0.062500
0 0.728125 0.031250 0.050000 0.062500
0 0.754687 0.022461 0.050000 0.044922
0 0.606250 0.232422 0.050000 0.062500
0 0.684375 0.707031 0.050000 0.062500
0 0.785937 0.656250 0.050000 0.062500
0 0.845313 0.623047 0.050000 0.062500
0 0.854688 0.597656 0.050000 0.062500
0 0.867188 0.609375 0.050000 0.062500
0 0.868750 0.625000 0.050000 0.062500
0 0.873437 0.585938 0.050000 0.062500
0 0.898438 0.599609 0.050000 0.062500
0 0.884375 0.611328 0.050000 0.062500
0 0.975000 0.712891 0.050000 0.062500
0 0.959375 0.751953 0.050000 0.062500
0 0.985938 0.738281 0.028125 0.062500
0 0.920312 0.779297 0.050000 0.062500
0 0.887500 0.783203 0.050000 0.062500
0 0.464062 0.779297 0.050000 0.062500
0 0.401562 0.876953 0.050000 0.062500
0 0.503125 0.822266 0.050000 0.062500
0 0.507812 0.871094 0.050000 0.062500
0 0.534375 0.863281 0.050000 0.062500
0 0.673438 0.826172 0.050000 0.062500
0 0.593750 0.876953 0.050000 0.062500
0 0.660937 0.933594 0.050000 0.062500
0 0.732812 0.941406 0.050000 0.062500
0 0.765625 0.941406 0.050000 0.062500
0 0.809375 0.908203 0.050000 0.062500
0 0.807813 0.945312 0.050000 0.062500
0 0.768750 0.978516 0.050000 0.042969
0 0.784375 0.976562 0.050000 0.046875
0 0.473438 0.917969 0.050000 0.062500
0 0.496875 0.933594 0.050000 0.062500
0 0.531250 0.939453 0.050000 0.062500
0 0.564063 0.945312 0.050000 0.062500
0 0.484375 0.962891 0.050000 0.062500
0 0.501563 0.971680 0.050000 0.056641
0 0.457813 0.980469 0.050000 0.039062
0 0.475000 0.980469 0.050000 0.039062
0 0.568750 0.968750 0.050000 0.062500
0 0.581250 0.980469 0.050000 0.039062
0 0.596875 0.983398 0.050000 0.033203
0 0.540625 0.971680 0.050000 0.056641
0 0.557813 0.980469 0.050000 0.039062
0 0.525000 0.975586 0.050000 0.048828
0 0.539062 0.981445 0.050000 0.037109
0 0.510938 0.981445 0.050000 0.037109
0 0.904687 0.981445 0.050000 0.037109
0 0.862500 0.947266 0.050000 0.062500
0 0.151562 0.751953 0.050000 0.062500
0 0.139063 0.773438 0.050000 0.062500
0 0.139063 0.734375 0.050000 0.062500
0 0.129688 0.615234 0.050000 0.062500
0 0.100000 0.617188 0.050000 0.062500
0 0.042188 0.566406 0.050000 0.062500
0 0.114062 0.826172 0.050000 0.062500
0 0.092188 0.792969 0.050000 0.062500
0 0.096875 0.746094 0.050000 0.062500
0 0.081250 0.732422 0.050000 0.062500
0 0.032813 0.511719 0.050000 0.062500
0 0.021875 0.523438 0.043750 0.062500
0 0.040625 0.533203 0.050000 0.062500
0 0.418750 0.208984 0.050000 0.062500
0 0.425000 0.031250 0.050000 0.062500
0 0.137500 0.054688 0.050000 0.062500
0 0.128125 0.015625 0.050000 0.031250
0 0.054688 0.607422 0.050000 0.062500
0 0.064062 0.632812 0.050000 0.062500
0 0.098437 0.646484 0.050000 0.062500
0 0.057813 0.689453 0.050000 0.062500
0 0.254688 0.787109 0.050000 0.062500
0 0.860938 0.929688 0.050000 0.062500
0 0.909375 0.933594 0.050000 0.062500
0 0.918750 0.951172 0.050000 0.062500
0 0.932813 0.931641 0.050000 0.062500
0 0.982031 0.949219 0.035937 0.062500
0 0.968750 0.339844 0.050000 0.062500
0 0.978906 0.351562 0.042188 0.062500
0 0.983594 0.316406 0.032813 0.062500
0 0.978906 0.298828 0.042188 0.062500
0 0.986719 0.267578 0.026562 0.062500
0 0.973437 0.246094 0.050000 0.062500
0 0.103125 0.816406 0.050000 0.062500
0 0.485938 0.973633 0.050000 0.052734
0 0.509375 0.974609 0.050000 0.050781
