0 0.051562 0.021484 0.050000 0.042969
0 0.073438 0.080078 0.050000 0.062500
0 0.098437 0.070312 0.050000 0.062500
0 0.131250 0.042969 0.050000 0.062500
0 0.123438 0.089844 0.050000 0.062500
0 0.117188 0.154297 0.050000 0.062500
0 0.134375 0.152344 0.050000 0.062500
0 0.185938 0.021484 0.050000 0.042969
0 0.142187 0.091797 0.050000 0.062500
0 0.170313 0.022461 0.050000 0.044922
0 0.421875 0.035156 0.050000 0.062500
0 0.418750 0.199219 0.050000 0.062500
0 0.409375 0.277344 0.050000 0.062500
0 0.407813 0.332031 0.050000 0.062500
0 0.459375 0.347656 0.050000 0.062500
0 0.607812 0.234375 0.050000 0.062500
0 0.621875 0.216797 0.050000 0.062500
0 0.620313 0.125000 0.050000 0.062500
0 0.640625 0.107422 0.050000 0.062500
0 0.720313 0.066406 0.050000 0.062500
0 0.718750 0.037109 0.050000 0.062500
0 0.735938 0.021484 0.050000 0.042969
0 0.757812 0.022461 0.050000 0.044922
0 0.885938 0.039062 0.050000 0.062500
0 0.820312 0.148438 0.050000 0.062500
0 0.840625 0.136719 0.050000 0.062500
0 0.864062 0.156250 0.050000 0.062500
0 0.842187 0.208984 0.050000 0.062500
0 0.803125 0.273438 0.050000 0.062500
0 0.967187 0.218750 0.050000 0.062500
0 0.982031 0.181641 0.035937 0.062500
0 0.879687 0.382812 0.050000 0.062500
0 0.914062 0.404297 0.050000 0.062500
0 0.906250 0.425781 0.050000 0.062500
0 0.796875 0.433594 0.050000 0.062500
0 0.981250 0.337891 0.037500 0.062500
0 0.968750 0.332031 0.050000 0.062500
0 0.976562 0.302734 0.046875 0.062500
0 0.978906 0.283203 0.042188 0.062500
0 0.984375 0.265625 0.031250 0.062500
0 0.985938 0.328125 0.028125 0.062500
0 0.703125 0.621094 0.050000 0.062500
0 0.787500 0.689453 0.050000 0.062500
0 0.846875 0.623047 0.050000 0.062500
0 0.851562 0.595703 0.050000 0.062500
0 0.865625 0.603516 0.050000 0.062500
0 0.878125 0.623047 0.050000 0.062500
0 0.901563 0.605469 0.050000 0.062500
0 0.873437 0.580078 0.050000 0.062500
0 0.951562 0.646484 0.050000 0.062500
0 0.978906 0.724609 0.042188 0.062500
0 0.957812 0.767578 0.050000 0.062500
0 0.928125 0.806641 0.050000 0.062500
0 0.864062 0.771484 0.050000 0.062500
0 0.986719 0.763672 0.026562 0.062500
0 0.679688 0.734375 0.050000 0.062500
0 0.675000 0.718750 0.050000 0.062500
0 0.675000 0.828125 0.050000 0.062500
0 0.806250 0.900391 0.050000 0.062500
0 0.917188 0.900391 0.050000 0.062500
0 0.901563 0.943359 0.050000 0.062500
0 0.910937 0.958984 0.050000 0.062500
0 0.937500 0.980469 0.050000 0.039062
0 0.982031 0.975586 0.035937 0.048828
0 0.982031 0.968750 0.035937 0.062500
0 0.868750 0.977539 0.050000 0.044922
0 0.873437 0.969727 0.050000 0.060547
0 0.834375 0.951172 0.050000 0.062500
0 0.812500 0.979492 0.050000 0.041016
0 0.798438 0.945312 0.050000 0.062500
0 0.717187 0.945312 0.050000 0.062500
0 0.759375 0.943359 0.050000 0.062500
0 0.639062 0.896484 0.050000 0.062500
0 0.531250 0.869141 0.050000 0.062500
0 0.528125 0.830078 0.050000 0.062500
0 0.492188 0.791016 0.050000 0.062500
0 0.437500 0.767578 0.050000 0.062500
0 0.379688 0.830078 0.050000 0.062500
0 0.432812 0.880859 0.050000 0.062500
0 0.560937 0.880859 0.050000 0.062500
0 0.475000 0.937500 0.050000 0.062500
0 0.454688 0.977539 0.050000 0.044922
0 0.473438 0.982422 0.050000 0.035156
0 0.503125 0.969727 0.050000 0.060547
0 0.509375 0.943359 0.050000 0.062500
0 0.503125 0.969727 0.050000 0.060547
0 0.493750 0.960938 0.050000 0.062500
0 0.540625 0.966797 0.050000 0.062500
0 0.528125 0.975586 0.050000 0.048828
0 0.553125 0.951172 0.050000 0.062500
0 0.568750 0.941406 0.050000 0.062500
0 0.568750 0.964844 0.050000 0.062500
0 0.546875 0.978516 0.050000 0.042969
0 0.535937 0.981445 0.050000 0.037109
0 0.582812 0.979492 0.050000 0.041016
0 0.564063 0.981445 0.050000 0.037109
0 0.596875 0.982422 0.050000 0.035156
0 0.576562 0.969727 0.050000 0.060547
0 0.232813 0.806641 0.050000 0.062500
0 0.404687 0.480469 0.050000 0.062500
0 0.387500 0.507812 0.050000 0.062500
0 0.301563 0.626953 0.050000 0.062500
0 0.317188 0.681641 0.050000 0.062500
0 0.300000 0.689453 0.050000 0.062500
0 0.271875 0.628906 0.050000 0.062500
0 0.264062 0.558594 0.050000 0.062500
0 0.254688 0.564453 0.050000 0.062500
0 0.246875 0.574219 0.050000 0.062500
0 0.237500 0.453125 0.050000 0.062500
0 0.225000 0.408203 0.050000 0.062500
0 0.196875 0.371094 0.050000 0.062500
0 0.170313 0.341797 0.050000 0.062500
0 0.118750 0.416016 0.050000 0.062500
0 0.135937 0.484375 0.050000 0.062500
0 0.131250 0.710938 0.050000 0.062500
0 0.135937 0.736328 0.050000 0.062500
0 0.240625 0.759766 0.050000 0.062500
0 0.140625 0.638672 0.050000 0.062500
0 0.089063 0.630859 0.050000 0.062500
0 0.093750 0.589844 0.050000 0.062500
0 0.146875 0.873047 0.050000 0.062500
0 0.114062 0.826172 0.050000 0.062500
0 0.114062 0.802734 0.050000 0.062500
0 0.092188 0.794922 0.050000 0.062500
0 0.096875 0.746094 0.050000 0.062500
0 0.085938 0.726562 0.050000 0.062500
0 0.042188 0.568359 0.050000 0.062500
0 0.020313 0.523438 0.040625 0.062500
0 0.032813 0.501953 0.050000 0.062500
0 0.070312 0.615234 0.050000 0.062500
0 0.084375 0.679688 0.050000 0.062500
0 0.059375 0.685547 0.050000 0.062500
0 0.053125 0.613281 0.050000 0.062500
