0 0.503125 0.943359 0.050000 0.062500
0 0.473438 0.949219 0.050000 0.062500
0 0.451562 0.947266 0.050000 0.062500
0 0.431250 0.951172 0.050000 0.062500
0 0.421875 0.937500 0.050000 0.062500
0 0.403125 0.925781 0.050000 0.062500
0 0.440625 0.966797 0.050000 0.062500
0 0.442188 0.974609 0.050000 0.050781
0 0.467187 0.975586 0.050000 0.048828
0 0.467187 0.975586 0.050000 0.048828
0 0.500000 0.969727 0.050000 0.060547
0 0.507812 0.982422 0.050000 0.035156
0 0.526563 0.970703 0.050000 0.058594
0 0.482812 0.980469 0.050000 0.039062
0 0.475000 0.969727 0.050000 0.060547
0 0.434375 0.892578 0.050000 0.062500
0 0.353125 0.843750 0.050000 0.062500
0 0.414062 0.792969 0.050000 0.062500
0 0.306250 0.685547 0.050000 0.062500
0 0.323437 0.675781 0.050000 0.062500
0 0.317188 0.628906 0.050000 0.062500
0 0.290625 0.630859 0.050000 0.062500
0 0.442188 0.529297 0.050000 0.062500
0 0.425000 0.539062 0.050000 0.062500
0 0.279687 0.542969 0.050000 0.062500
0 0.270313 0.550781 0.050000 0.062500
0 0.257812 0.564453 0.050000 0.062500
0 0.295312 0.449219 0.050000 0.062500
0 0.276562 0.462891 0.050000 0.062500
0 0.182812 0.517578 0.050000 0.062500
0 0.170313 0.445312 0.050000 0.062500
0 0.245312 0.355469 0.050000 0.062500
0 0.215625 0.341797 0.050000 0.062500
0 0.506250 0.318359 0.050000 0.062500
0 0.440625 0.302734 0.050000 0.062500
0 0.471875 0.259766 0.050000 0.062500
0 0.651563 0.261719 0.050000 0.062500
0 0.704688 0.144531 0.050000 0.062500
0 0.762500 0.500000 0.050000 0.062500
0 0.840625 0.351562 0.050000 0.062500
0 0.887500 0.294922 0.050000 0.062500
0 0.903125 0.412109 0.050000 0.062500
0 0.981250 0.373047 0.037500 0.062500
0 0.982812 0.300781 0.034375 0.062500
0 0.923438 0.173828 0.050000 0.062500
0 0.981250 0.085938 0.037500 0.062500
0 0.940625 0.085938 0.050000 0.062500
0 0.853125 0.027344 0.050000 0.054688
0 0.709375 0.658203 0.050000 0.062500
0 0.178125 0.146484 0.050000 0.062500
0 0.200000 0.132812 0.050000 0.062500
0 0.215625 0.132812 0.050000 0.062500
0 0.210938 0.080078 0.050000 0.062500
0 0.195312 0.050781 0.050000 0.062500
0 0.173437 0.029297 0.050000 0.058594
0 0.145313 0.058594 0.050000 0.062500
0 0.268750 0.033203 0.050000 0.062500
0 0.679688 0.152344 0.050000 0.062500
0 0.765625 0.128906 0.050000 0.062500
0 0.795312 0.093750 0.050000 0.062500
0 0.210938 0.024414 0.050000 0.048828
0 0.253125 0.030273 0.050000 0.060547
0 0.618750 0.781250 0.050000 0.062500
0 0.617188 0.798828 0.050000 0.062500
0 0.625000 0.859375 0.050000 0.062500
0 0.737500 0.802734 0.050000 0.062500
0 0.781250 0.810547 0.050000 0.062500
0 0.829688 0.908203 0.050000 0.062500
0 0.851562 0.744141 0.050000 0.062500
0 0.851562 0.726562 0.050000 0.062500
0 0.820312 0.699219 0.050000 0.062500
0 0.871875 0.693359 0.050000 0.062500
0 0.851562 0.660156 0.050000 0.062500
0 0.846875 0.679688 0.050000 0.062500
0 0.835938 0.679688 0.050000 0.062500
0 0.907813 0.515625 0.050000 0.062500
0 0.917188 0.496094 0.050000 0.062500
0 0.982812 0.443359 0.034375 0.062500
0 0.910937 0.900391 0.050000 0.062500
0 0.931250 0.861328 0.050000 0.062500
0 0.935937 0.917969 0.050000 0.062500
0 0.948438 0.943359 0.050000 0.062500
0 0.968750 0.978516 0.050000 0.042969
0 0.948438 0.981445 0.050000 0.037109
0 0.871875 0.949219 0.050000 0.062500
0 0.743750 0.968750 0.050000 0.062500
0 0.646875 0.979492 0.050000 0.041016
0 0.548438 0.914062 0.050000 0.062500
0 0.521875 0.904297 0.050000 0.062500
0 0.518750 0.859375 0.050000 0.062500
0 0.500000 0.824219 0.050000 0.062500
0 0.403125 0.951172 0.050000 0.062500
0 0.390625 0.970703 0.050000 0.058594
0 0.378125 0.962891 0.050000 0.062500
0 0.368750 0.974609 0.050000 0.050781
0 0.350000 0.975586 0.050000 0.048828
0 0.357812 0.981445 0.050000 0.037109
0 0.246875 0.955078 0.050000 0.062500
0 0.198437 0.953125 0.050000 0.062500
0 0.193750 0.626953 0.050000 0.062500
0 0.121875 0.580078 0.050000 0.062500
0 0.104688 0.597656 0.050000 0.062500
0 0.103125 0.576172 0.050000 0.062500
0 0.198437 0.664062 0.050000 0.062500
0 0.107813 0.808594 0.050000 0.062500
0 0.076563 0.714844 0.050000 0.062500
0 0.070312 0.689453 0.050000 0.062500
0 0.070312 0.634766 0.050000 0.062500
0 0.059375 0.621094 0.050000 0.062500
0 0.064062 0.603516 0.050000 0.062500
0 0.067187 0.505859 0.050000 0.062500
0 0.092188 0.437500 0.050000 0.062500
0 0.050000 0.443359 0.050000 0.062500
0 0.031250 0.402344 0.050000 0.062500
0 0.042188 0.382812 0.050000 0.062500
0 0.085938 0.498047 0.050000 0.062500
0 0.043750 0.564453 0.050000 0.062500
0 0.042188 0.490234 0.050000 0.062500
0 0.506250 0.024414 0.050000 0.048828
