0 0.379688 0.775391 0.050000 0.062500
0 0.525000 0.507812 0.050000 0.062500
0 0.662500 0.482422 0.050000 0.062500
0 0.656250 0.445312 0.050000 0.062500
0 0.728125 0.699219 0.050000 0.062500
0 0.743750 0.734375 0.050000 0.062500
0 0.957812 0.169922 0.050000 0.062500
0 0.934375 0.138672 0.050000 0.062500
0 0.918750 0.123047 0.050000 0.062500
0 0.890625 0.080078 0.050000 0.062500
0 0.851562 0.033203 0.050000 0.062500
0 0.787500 0.031250 0.050000 0.062500
0 0.017969 0.037109 0.035937 0.062500
0 0.035937 0.023438 0.050000 0.046875
0 0.139063 0.332031 0.050000 0.062500
0 0.046875 0.537109 0.050000 0.062500
