0 0.334375 0.599609 0.050000 0.062500
0 0.317188 0.621094 0.050000 0.062500
0 0.290625 0.638672 0.050000 0.062500
0 0.289062 0.638672 0.050000 0.062500
0 0.304688 0.625000 0.050000 0.062500
0 0.257812 0.648438 0.050000 0.062500
0 0.312500 0.687500 0.050000 0.062500
0 0.281250 0.494141 0.050000 0.062500
0 0.251563 0.480469 0.050000 0.062500
0 0.282813 0.738281 0.050000 0.062500
0 0.328125 0.730469 0.050000 0.062500
0 0.354687 0.714844 0.050000 0.062500
0 0.346875 0.755859 0.050000 0.062500
0 0.362500 0.751953 0.050000 0.062500
0 0.409375 0.824219 0.050000 0.062500
0 0.657813 0.792969 0.050000 0.062500
0 0.692187 0.707031 0.050000 0.062500
0 0.217188 0.312500 0.050000 0.062500
0 0.643750 0.550781 0.050000 0.062500
0 0.748437 0.683594 0.050000 0.062500
0 0.187500 0.056641 0.050000 0.062500
0 0.160938 0.089844 0.050000 0.062500
0 0.212500 0.113281 0.050000 0.062500
0 0.189062 0.199219 0.050000 0.062500
0 0.231250 0.146484 0.050000 0.062500
0 0.254688 0.148438 0.050000 0.062500
0 0.306250 0.197266 0.050000 0.062500
0 0.248438 0.193359 0.050000 0.062500
0 0.284375 0.205078 0.050000 0.062500
0 0.235937 0.261719 0.050000 0.062500
0 0.251563 0.261719 0.050000 0.062500
0 0.503125 0.018555 0.050000 0.037109
0 0.498437 0.031250 0.050000 0.062500
0 0.507812 0.187500 0.050000 0.062500
0 0.482812 0.291016 0.050000 0.062500
0 0.517188 0.328125 0.050000 0.062500
0 0.520312 0.269531 0.050000 0.062500
0 0.678125 0.292969 0.050000 0.062500
0 0.709375 0.201172 0.050000 0.062500
0 0.745313 0.195312 0.050000 0.062500
0 0.795312 0.201172 0.050000 0.062500
0 0.840625 0.146484 0.050000 0.062500
0 0.912500 0.181641 0.050000 0.062500
0 0.928125 0.339844 0.050000 0.062500
0 0.903125 0.376953 0.050000 0.062500
0 0.946875 0.115234 0.050000 0.062500
0 0.946875 0.095703 0.050000 0.062500
0 0.964063 0.056641 0.050000 0.062500
0 0.851562 0.419922 0.050000 0.062500
0 0.882812 0.199219 0.050000 0.062500
0 0.904687 0.107422 0.050000 0.062500
0 0.890625 0.119141 0.050000 0.062500
0 0.873437 0.099609 0.050000 0.062500
0 0.864062 0.111328 0.050000 0.062500
0 0.982812 0.232422 0.034375 0.062500
0 0.985938 0.281250 0.028125 0.062500
0 0.979688 0.371094 0.040625 0.062500
0 0.968750 0.468750 0.050000 0.062500
0 0.984375 0.492188 0.031250 0.062500
0 0.881250 0.576172 0.050000 0.062500
0 0.890625 0.558594 0.050000 0.062500
0 0.912500 0.605469 0.050000 0.062500
0 0.980469 0.548828 0.039062 0.062500
0 0.917188 0.814453 0.050000 0.062500
0 0.953125 0.861328 0.050000 0.062500
0 0.985938 0.787109 0.028125 0.062500
0 0.892188 0.978516 0.050000 0.042969
0 0.809375 0.949219 0.050000 0.062500
0 0.986719 0.980469 0.026562 0.039062
0 0.840625 0.765625 0.050000 0.062500
0 0.790625 0.771484 0.050000 0.062500
0 0.803125 0.765625 0.050000 0.062500
0 0.812500 0.751953 0.050000 0.062500
0 0.823438 0.736328 0.050000 0.062500
0 0.510938 0.652344 0.050000 0.062500
0 0.501563 0.671875 0.050000 0.062500
0 0.495312 0.658203 0.050000 0.062500
0 0.632812 0.971680 0.050000 0.056641
0 0.565625 0.861328 0.050000 0.062500
0 0.573438 0.875000 0.050000 0.062500
0 0.525000 0.916016 0.050000 0.062500
0 0.548438 0.949219 0.050000 0.062500
0 0.557813 0.972656 0.050000 0.054688
0 0.484375 0.972656 0.050000 0.054688
0 0.481250 0.960938 0.050000 0.062500
0 0.175000 0.457031 0.050000 0.062500
0 0.160938 0.439453 0.050000 0.062500
0 0.370312 0.882812 0.050000 0.062500
0 0.442188 0.943359 0.050000 0.062500
0 0.320312 0.908203 0.050000 0.062500
0 0.434375 0.968750 0.050000 0.062500
0 0.445312 0.980469 0.050000 0.039062
0 0.371875 0.939453 0.050000 0.062500
0 0.401562 0.947266 0.050000 0.062500
0 0.420312 0.960938 0.050000 0.062500
0 0.414062 0.971680 0.050000 0.056641
0 0.417187 0.981445 0.050000 0.037109
0 0.401562 0.980469 0.050000 0.039062
0 0.392188 0.974609 0.050000 0.050781
0 0.392188 0.964844 0.050000 0.062500
0 0.368750 0.970703 0.050000 0.058594
0 0.373437 0.955078 0.050000 0.062500
0 0.360938 0.927734 0.050000 0.062500
0 0.348438 0.914062 0.050000 0.062500
0 0.350000 0.937500 0.050000 0.062500
0 0.315625 0.978516 0.050000 0.042969
0 0.334375 0.955078 0.050000 0.062500
0 0.321875 0.955078 0.050000 0.062500
0 0.306250 0.957031 0.050000 0.062500
0 0.293750 0.955078 0.050000 0.062500
0 0.185938 0.921875 0.050000 0.062500
0 0.157812 0.898438 0.050000 0.062500
0 0.118750 0.894531 0.050000 0.062500
0 0.096875 0.955078 0.050000 0.062500
0 0.087500 0.933594 0.050000 0.062500
0 0.096875 0.921875 0.050000 0.062500
0 0.076563 0.738281 0.050000 0.062500
0 0.098437 0.523438 0.050000 0.062500
0 0.103125 0.443359 0.050000 0.062500
0 0.112500 0.425781 0.050000 0.062500
0 0.085938 0.408203 0.050000 0.062500
0 0.096875 0.281250 0.050000 0.062500
0 0.056250 0.363281 0.050000 0.062500
0 0.045312 0.314453 0.050000 0.062500
0 0.059375 0.300781 0.050000 0.062500
0 0.050000 0.523438 0.050000 0.062500
0 0.042188 0.542969 0.050000 0.062500
0 0.053125 0.554688 0.050000 0.062500
0 0.039062 0.593750 0.050000 0.062500
0 0.042188 0.619141 0.050000 0.062500
0 0.048438 0.636719 0.050000 0.062500
0 0.059375 0.619141 0.050000 0.062500
0 0.042188 0.570312 0.050000 0.062500
0 0.092188 0.804688 0.050000 0.062500
0 0.019531 0.242188 0.039062 0.062500
0 0.090625 0.030273 0.050000 0.060547
