0 0.073438 0.031250 0.050000 0.062500
0 0.089063 0.016602 0.050000 0.033203
0 0.100000 0.017578 0.050000 0.035156
0 0.204687 0.020508 0.050000 0.041016
0 0.220312 0.028320 0.050000 0.056641
0 0.250000 0.033203 0.050000 0.062500
0 0.137500 0.109375 0.050000 0.062500
0 0.109375 0.138672 0.050000 0.062500
0 0.078125 0.126953 0.050000 0.062500
0 0.045312 0.152344 0.050000 0.062500
0 0.100000 0.234375 0.050000 0.062500
0 0.019531 0.199219 0.039062 0.062500
0 0.048438 0.294922 0.050000 0.062500
0 0.068750 0.294922 0.050000 0.062500
0 0.064062 0.367188 0.050000 0.062500
0 0.092188 0.410156 0.050000 0.062500
0 0.018750 0.464844 0.037500 0.062500
0 0.114062 0.466797 0.050000 0.062500
0 0.068750 0.525391 0.050000 0.062500
0 0.110937 0.529297 0.050000 0.062500
0 0.031250 0.542969 0.050000 0.062500
0 0.046875 0.560547 0.050000 0.062500
0 0.100000 0.570312 0.050000 0.062500
0 0.125000 0.607422 0.050000 0.062500
0 0.076563 0.689453 0.050000 0.062500
0 0.126562 0.658203 0.050000 0.062500
0 0.125000 0.726562 0.050000 0.062500
0 0.137500 0.718750 0.050000 0.062500
0 0.168750 0.728516 0.050000 0.062500
0 0.193750 0.708984 0.050000 0.062500
0 0.134375 0.794922 0.050000 0.062500
0 0.337500 0.806641 0.050000 0.062500
0 0.185938 0.925781 0.050000 0.062500
0 0.167187 0.943359 0.050000 0.062500
0 0.271875 0.914062 0.050000 0.062500
0 0.239063 0.972656 0.050000 0.054688
0 0.223438 0.979492 0.050000 0.041016
0 0.385937 0.560547 0.050000 0.062500
0 0.381250 0.466797 0.050000 0.062500
0 0.334375 0.503906 0.050000 0.062500
0 0.534375 0.498047 0.050000 0.062500
0 0.556250 0.400391 0.050000 0.062500
0 0.590625 0.378906 0.050000 0.062500
0 0.610938 0.355469 0.050000 0.062500
0 0.646875 0.402344 0.050000 0.062500
0 0.395313 0.195312 0.050000 0.062500
0 0.507812 0.018555 0.050000 0.037109
0 0.651563 0.128906 0.050000 0.062500
0 0.770312 0.064453 0.050000 0.062500
0 0.793750 0.048828 0.050000 0.062500
0 0.887500 0.113281 0.050000 0.062500
0 0.856250 0.287109 0.050000 0.062500
0 0.814063 0.269531 0.050000 0.062500
0 0.778125 0.287109 0.050000 0.062500
0 0.812500 0.406250 0.050000 0.062500
0 0.857812 0.402344 0.050000 0.062500
0 0.895312 0.386719 0.050000 0.062500
0 0.959375 0.341797 0.050000 0.062500
0 0.920312 0.423828 0.050000 0.062500
0 0.960938 0.466797 0.050000 0.062500
0 0.976562 0.429688 0.046875 0.062500
0 0.760938 0.357422 0.050000 0.062500
0 0.740625 0.388672 0.050000 0.062500
0 0.698438 0.339844 0.050000 0.062500
0 0.685937 0.351562 0.050000 0.062500
0 0.728125 0.292969 0.050000 0.062500
0 0.742188 0.314453 0.050000 0.062500
0 0.753125 0.302734 0.050000 0.062500
0 0.756250 0.578125 0.050000 0.062500
0 0.706250 0.613281 0.050000 0.062500
0 0.892188 0.513672 0.050000 0.062500
0 0.875000 0.550781 0.050000 0.062500
0 0.889062 0.541016 0.050000 0.062500
0 0.928125 0.560547 0.050000 0.062500
0 0.975000 0.572266 0.050000 0.062500
0 0.895312 0.613281 0.050000 0.062500
0 0.945312 0.732422 0.050000 0.062500
0 0.853125 0.718750 0.050000 0.062500
0 0.921875 0.912109 0.050000 0.062500
0 0.732812 0.765625 0.050000 0.062500
0 0.632812 0.917969 0.050000 0.062500
0 0.545312 0.945312 0.050000 0.062500
0 0.487500 0.919922 0.050000 0.062500
0 0.501563 0.981445 0.050000 0.037109
0 0.834375 0.753906 0.050000 0.062500
0 0.687500 0.966797 0.050000 0.062500
0 0.639062 0.966797 0.050000 0.062500
0 0.653125 0.964844 0.050000 0.062500
0 0.665625 0.953125 0.050000 0.062500
0 0.670312 0.935547 0.050000 0.062500
0 0.682813 0.923828 0.050000 0.062500
0 0.985938 0.981445 0.028125 0.037109
