0 0.032813 0.566406 0.050000 0.062500
0 0.018750 0.460938 0.037500 0.062500
0 0.090625 0.445312 0.050000 0.062500
0 0.071875 0.539062 0.050000 0.062500
0 0.054688 0.580078 0.050000 0.062500
0 0.100000 0.585938 0.050000 0.062500
0 0.110937 0.554688 0.050000 0.062500
0 0.107813 0.492188 0.050000 0.062500
0 0.067187 0.384766 0.050000 0.062500
0 0.068750 0.316406 0.050000 0.062500
0 0.050000 0.312500 0.050000 0.062500
0 0.095312 0.283203 0.050000 0.062500
0 0.045312 0.173828 0.050000 0.062500
0 0.104688 0.183594 0.050000 0.062500
0 0.079687 0.144531 0.050000 0.062500
0 0.135937 0.132812 0.050000 0.062500
0 0.251563 0.052734 0.050000 0.062500
0 0.226562 0.044922 0.050000 0.062500
0 0.071875 0.046875 0.050000 0.062500
0 0.090625 0.021484 0.050000 0.042969
0 0.192188 0.018555 0.050000 0.037109
0 0.398438 0.203125 0.050000 0.062500
0 0.509375 0.022461 0.050000 0.044922
0 0.651563 0.144531 0.050000 0.062500
0 0.609375 0.332031 0.050000 0.062500
0 0.585938 0.386719 0.050000 0.062500
0 0.557813 0.404297 0.050000 0.062500
0 0.531250 0.500000 0.050000 0.062500
0 0.335938 0.505859 0.050000 0.062500
0 0.382812 0.572266 0.050000 0.062500
0 0.017969 0.216797 0.035937 0.062500
0 0.382812 0.472656 0.050000 0.062500
0 0.129688 0.625000 0.050000 0.062500
0 0.078125 0.712891 0.050000 0.062500
0 0.132812 0.677734 0.050000 0.062500
0 0.131250 0.742188 0.050000 0.062500
0 0.145313 0.736328 0.050000 0.062500
0 0.142187 0.818359 0.050000 0.062500
0 0.170313 0.748047 0.050000 0.062500
0 0.193750 0.730469 0.050000 0.062500
0 0.331250 0.818359 0.050000 0.062500
0 0.192188 0.937500 0.050000 0.062500
0 0.175000 0.960938 0.050000 0.062500
0 0.248438 0.977539 0.050000 0.044922
0 0.237500 0.982422 0.050000 0.035156
0 0.273438 0.917969 0.050000 0.062500
0 0.487500 0.917969 0.050000 0.062500
0 0.706250 0.611328 0.050000 0.062500
0 0.759375 0.578125 0.050000 0.062500
0 0.645312 0.408203 0.050000 0.062500
0 0.684375 0.515625 0.050000 0.062500
0 0.815625 0.400391 0.050000 0.062500
0 0.859375 0.404297 0.050000 0.062500
0 0.895312 0.388672 0.050000 0.062500
0 0.912500 0.421875 0.050000 0.062500
0 0.959375 0.341797 0.050000 0.062500
0 0.870313 0.517578 0.050000 0.062500
0 0.964063 0.472656 0.050000 0.062500
0 0.976562 0.437500 0.046875 0.062500
0 0.971875 0.419922 0.050000 0.062500
0 0.853125 0.279297 0.050000 0.062500
0 0.814063 0.267578 0.050000 0.062500
0 0.773438 0.277344 0.050000 0.062500
0 0.545312 0.951172 0.050000 0.062500
0 0.628125 0.929688 0.050000 0.062500
0 0.637500 0.969727 0.050000 0.060547
0 0.654687 0.969727 0.050000 0.060547
0 0.667188 0.953125 0.050000 0.062500
0 0.671875 0.939453 0.050000 0.062500
0 0.679688 0.925781 0.050000 0.062500
0 0.687500 0.969727 0.050000 0.060547
0 0.925000 0.912109 0.050000 0.062500
0 0.975000 0.921875 0.050000 0.062500
0 0.984375 0.982422 0.031250 0.035156
0 0.731250 0.769531 0.050000 0.062500
0 0.823438 0.757812 0.050000 0.062500
0 0.834375 0.753906 0.050000 0.062500
0 0.943750 0.732422 0.050000 0.062500
0 0.980469 0.572266 0.039062 0.062500
0 0.921875 0.544922 0.050000 0.062500
0 0.889062 0.544922 0.050000 0.062500
0 0.875000 0.550781 0.050000 0.062500
0 0.896875 0.617188 0.050000 0.062500
0 0.770312 0.050781 0.050000 0.062500
0 0.792188 0.044922 0.050000 0.062500
0 0.889062 0.115234 0.050000 0.062500
0 0.873437 0.111328 0.050000 0.062500
0 0.757812 0.365234 0.050000 0.062500
0 0.743750 0.322266 0.050000 0.062500
0 0.756250 0.302734 0.050000 0.062500
0 0.732812 0.298828 0.050000 0.062500
0 0.693750 0.345703 0.050000 0.062500
0 0.689063 0.361328 0.050000 0.062500
0 0.360938 0.388672 0.050000 0.062500
