0 0.368750 0.018555 0.050000 0.037109
0 0.209375 0.064453 0.050000 0.062500
0 0.289062 0.097656 0.050000 0.062500
0 0.315625 0.103516 0.050000 0.062500
0 0.210938 0.171875 0.050000 0.062500
0 0.309375 0.203125 0.050000 0.062500
0 0.217188 0.226562 0.050000 0.062500
0 0.246875 0.234375 0.050000 0.062500
0 0.379688 0.240234 0.050000 0.062500
0 0.215625 0.320312 0.050000 0.062500
0 0.268750 0.353516 0.050000 0.062500
0 0.173437 0.359375 0.050000 0.062500
0 0.192188 0.378906 0.050000 0.062500
0 0.215625 0.525391 0.050000 0.062500
0 0.229687 0.517578 0.050000 0.062500
0 0.240625 0.585938 0.050000 0.062500
0 0.265625 0.662109 0.050000 0.062500
0 0.218750 0.773438 0.050000 0.062500
0 0.256250 0.714844 0.050000 0.062500
0 0.056250 0.802734 0.050000 0.062500
0 0.076563 0.876953 0.050000 0.062500
0 0.401562 0.240234 0.050000 0.062500
0 0.521875 0.537109 0.050000 0.062500
0 0.310937 0.722656 0.050000 0.062500
0 0.292187 0.769531 0.050000 0.062500
0 0.279687 0.783203 0.050000 0.062500
0 0.267188 0.794922 0.050000 0.062500
0 0.256250 0.810547 0.050000 0.062500
0 0.310937 0.929688 0.050000 0.062500
0 0.339062 0.830078 0.050000 0.062500
0 0.348438 0.876953 0.050000 0.062500
0 0.317188 0.853516 0.050000 0.062500
0 0.550000 0.503906 0.050000 0.062500
0 0.562500 0.589844 0.050000 0.062500
0 0.407813 0.972656 0.050000 0.054688
0 0.462500 0.044922 0.050000 0.062500
0 0.682813 0.080078 0.050000 0.062500
0 0.740625 0.025391 0.050000 0.050781
0 0.921875 0.603516 0.050000 0.062500
0 0.904687 0.791016 0.050000 0.062500
0 0.895312 0.132812 0.050000 0.062500
0 0.059375 0.244141 0.050000 0.062500
0 0.721875 0.433594 0.050000 0.062500
0 0.750000 0.427734 0.050000 0.062500
0 0.701562 0.501953 0.050000 0.062500
0 0.606250 0.869141 0.050000 0.062500
0 0.453125 0.951172 0.050000 0.062500
0 0.414062 0.873047 0.050000 0.062500
0 0.429688 0.949219 0.050000 0.062500
0 0.373437 0.925781 0.050000 0.062500
0 0.362500 0.933594 0.050000 0.062500
0 0.125000 0.576172 0.050000 0.062500
0 0.125000 0.431641 0.050000 0.062500
0 0.135937 0.412109 0.050000 0.062500
0 0.812500 0.429688 0.050000 0.062500
0 0.857812 0.367188 0.050000 0.062500
0 0.937500 0.199219 0.050000 0.062500
0 0.983594 0.173828 0.032813 0.062500
0 0.965625 0.304688 0.050000 0.062500
0 0.925000 0.396484 0.050000 0.062500
0 0.890625 0.322266 0.050000 0.062500
0 0.834375 0.285156 0.050000 0.062500
0 0.985938 0.769531 0.028125 0.062500
0 0.809375 0.982422 0.050000 0.035156
0 0.823438 0.978516 0.050000 0.042969
0 0.835938 0.951172 0.050000 0.062500
0 0.900000 0.593750 0.050000 0.062500
0 0.845313 0.966797 0.050000 0.062500
0 0.918750 0.326172 0.050000 0.062500
0 0.860938 0.979492 0.050000 0.041016
0 0.098437 0.976562 0.050000 0.046875
0 0.526563 0.417969 0.050000 0.062500
0 0.559375 0.250000 0.050000 0.062500
0 0.164062 0.931641 0.050000 0.062500
0 0.184375 0.971680 0.050000 0.056641
0 0.098437 0.216797 0.050000 0.062500
0 0.096875 0.167969 0.050000 0.062500
