0 0.421875 0.078125 0.050000 0.062500
0 0.437500 0.093750 0.050000 0.062500
0 0.668750 0.078125 0.050000 0.062500
0 0.551562 0.253906 0.050000 0.062500
0 0.392188 0.287109 0.050000 0.062500
0 0.365625 0.287109 0.050000 0.062500
0 0.167187 0.333984 0.050000 0.062500
0 0.195312 0.226562 0.050000 0.062500
0 0.185938 0.115234 0.050000 0.062500
0 0.265625 0.144531 0.050000 0.062500
0 0.290625 0.259766 0.050000 0.062500
0 0.264062 0.416016 0.050000 0.062500
0 0.204687 0.375000 0.050000 0.062500
0 0.181250 0.435547 0.050000 0.062500
0 0.218750 0.582031 0.050000 0.062500
0 0.234375 0.576172 0.050000 0.062500
0 0.245312 0.642578 0.050000 0.062500
0 0.264062 0.765625 0.050000 0.062500
0 0.282813 0.794922 0.050000 0.062500
0 0.589063 0.851562 0.050000 0.062500
0 0.903125 0.783203 0.050000 0.062500
0 0.957812 0.261719 0.050000 0.062500
0 0.915625 0.162109 0.050000 0.062500
0 0.879687 0.080078 0.050000 0.062500
0 0.975000 0.126953 0.050000 0.062500
0 0.748437 0.417969 0.050000 0.062500
0 0.714063 0.427734 0.050000 0.062500
0 0.842187 0.945312 0.050000 0.062500
0 0.354687 0.886719 0.050000 0.062500
0 0.317188 0.925781 0.050000 0.062500
0 0.306250 0.822266 0.050000 0.062500
0 0.325000 0.777344 0.050000 0.062500
0 0.276562 0.871094 0.050000 0.062500
0 0.295312 0.152344 0.050000 0.062500
0 0.371875 0.917969 0.050000 0.062500
0 0.335938 0.975586 0.050000 0.048828
0 0.454688 0.960938 0.050000 0.062500
0 0.389062 0.972656 0.050000 0.054688
0 0.401562 0.886719 0.050000 0.062500
0 0.346875 0.927734 0.050000 0.062500
0 0.207813 0.285156 0.050000 0.062500
0 0.229687 0.343750 0.050000 0.062500
0 0.543750 0.591797 0.050000 0.062500
0 0.546875 0.505859 0.050000 0.062500
0 0.867188 0.974609 0.050000 0.050781
0 0.814063 0.979492 0.050000 0.041016
0 0.831250 0.977539 0.050000 0.044922
0 0.807813 0.423828 0.050000 0.062500
0 0.700000 0.474609 0.050000 0.062500
0 0.851562 0.359375 0.050000 0.062500
0 0.901563 0.582031 0.050000 0.062500
0 0.915625 0.587891 0.050000 0.062500
0 0.120313 0.630859 0.050000 0.062500
0 0.179688 0.957031 0.050000 0.062500
0 0.193750 0.977539 0.050000 0.044922
0 0.115625 0.976562 0.050000 0.046875
0 0.100000 0.982422 0.050000 0.035156
0 0.209375 0.236328 0.050000 0.062500
0 0.057813 0.281250 0.050000 0.062500
0 0.073438 0.308594 0.050000 0.062500
0 0.046875 0.298828 0.050000 0.062500
0 0.054688 0.830078 0.050000 0.062500
0 0.078125 0.888672 0.050000 0.062500
0 0.132812 0.392578 0.050000 0.062500
0 0.862500 0.285156 0.050000 0.062500
0 0.885938 0.312500 0.050000 0.062500
0 0.909375 0.320312 0.050000 0.062500
0 0.950000 0.402344 0.050000 0.062500
0 0.160938 0.410156 0.050000 0.062500
0 0.517188 0.537109 0.050000 0.062500
0 0.076563 0.046875 0.050000 0.062500
