0 0.045312 0.460938 0.050000 0.062500
0 0.024219 0.445312 0.048438 0.062500
0 0.295312 0.019531 0.050000 0.039062
0 0.475000 0.021484 0.050000 0.042969
0 0.448437 0.103516 0.050000 0.062500
0 0.475000 0.140625 0.050000 0.062500
0 0.412500 0.197266 0.050000 0.062500
0 0.395313 0.197266 0.050000 0.062500
0 0.295312 0.500000 0.050000 0.062500
0 0.298438 0.400391 0.050000 0.062500
0 0.287500 0.285156 0.050000 0.062500
0 0.253125 0.314453 0.050000 0.062500
0 0.214062 0.458984 0.050000 0.062500
0 0.189062 0.273438 0.050000 0.062500
0 0.181250 0.531250 0.050000 0.062500
0 0.212500 0.656250 0.050000 0.062500
0 0.234375 0.673828 0.050000 0.062500
0 0.264062 0.718750 0.050000 0.062500
0 0.145313 0.681641 0.050000 0.062500
0 0.139063 0.787109 0.050000 0.062500
0 0.179688 0.894531 0.050000 0.062500
0 0.259375 0.851562 0.050000 0.062500
0 0.215625 0.958984 0.050000 0.062500
0 0.339062 0.693359 0.050000 0.062500
0 0.276562 0.972656 0.050000 0.054688
0 0.378125 0.964844 0.050000 0.062500
0 0.465625 0.916016 0.050000 0.062500
0 0.535937 0.906250 0.050000 0.062500
0 0.807813 0.421875 0.050000 0.062500
0 0.853125 0.359375 0.050000 0.062500
0 0.756250 0.208984 0.050000 0.062500
0 0.678125 0.250000 0.050000 0.062500
0 0.689063 0.156250 0.050000 0.062500
0 0.946875 0.310547 0.050000 0.062500
0 0.928125 0.455078 0.050000 0.062500
0 0.759375 0.712891 0.050000 0.062500
0 0.732812 0.628906 0.050000 0.062500
0 0.625000 0.593750 0.050000 0.062500
0 0.776563 0.753906 0.050000 0.062500
0 0.871875 0.718750 0.050000 0.062500
0 0.909375 0.800781 0.050000 0.062500
0 0.884375 0.973633 0.050000 0.052734
0 0.900000 0.979492 0.050000 0.041016
0 0.106250 0.269531 0.050000 0.062500
0 0.837500 0.763672 0.050000 0.062500
0 0.851562 0.763672 0.050000 0.062500
0 0.568750 0.052734 0.050000 0.062500
0 0.809375 0.240234 0.050000 0.062500
0 0.835938 0.191406 0.050000 0.062500
0 0.851562 0.062500 0.050000 0.062500
0 0.906250 0.031250 0.050000 0.062500
0 0.918750 0.019531 0.050000 0.039062
0 0.834375 0.017578 0.050000 0.035156
0 0.896875 0.720703 0.050000 0.062500
0 0.214062 0.796875 0.050000 0.062500
0 0.154688 0.593750 0.050000 0.062500
0 0.142187 0.529297 0.050000 0.062500
0 0.157812 0.500000 0.050000 0.062500
0 0.339062 0.144531 0.050000 0.062500
0 0.346875 0.164062 0.050000 0.062500
0 0.273438 0.365234 0.050000 0.062500
0 0.875000 0.179688 0.050000 0.062500
0 0.868750 0.154297 0.050000 0.062500
0 0.342187 0.398438 0.050000 0.062500
0 0.968750 0.792969 0.050000 0.062500
0 0.025000 0.218750 0.050000 0.062500
0 0.059375 0.257812 0.050000 0.062500
0 0.857812 0.018555 0.050000 0.037109
0 0.857812 0.028320 0.050000 0.056641
0 0.190625 0.701172 0.050000 0.062500
0 0.557813 0.978516 0.050000 0.042969
0 0.126562 0.632812 0.050000 0.062500
0 0.096875 0.650391 0.050000 0.062500
0 0.073438 0.642578 0.050000 0.062500
0 0.092188 0.394531 0.050000 0.062500
0 0.073438 0.466797 0.050000 0.062500
0 0.068750 0.488281 0.050000 0.062500
0 0.087500 0.541016 0.050000 0.062500
0 0.087500 0.587891 0.050000 0.062500
0 0.064062 0.964844 0.050000 0.062500
0 0.065625 0.974609 0.050000 0.050781
0 0.079687 0.218750 0.050000 0.062500
0 0.081250 0.191406 0.050000 0.062500
