0 0.278125 0.312500 0.050000 0.062500
0 0.290625 0.427734 0.050000 0.062500
0 0.289062 0.542969 0.050000 0.062500
0 0.210938 0.685547 0.050000 0.062500
0 0.232813 0.697266 0.050000 0.062500
0 0.262500 0.748047 0.050000 0.062500
0 0.332813 0.720703 0.050000 0.062500
0 0.562500 0.652344 0.050000 0.062500
0 0.671875 0.271484 0.050000 0.062500
0 0.795312 0.419922 0.050000 0.062500
0 0.856250 0.365234 0.050000 0.062500
0 0.928125 0.447266 0.050000 0.062500
0 0.762500 0.703125 0.050000 0.062500
0 0.792188 0.748047 0.050000 0.062500
0 0.792188 0.830078 0.050000 0.062500
0 0.910937 0.804688 0.050000 0.062500
0 0.873437 0.720703 0.050000 0.062500
0 0.478125 0.929688 0.050000 0.062500
0 0.382812 0.982422 0.050000 0.035156
0 0.254688 0.878906 0.050000 0.062500
0 0.182812 0.919922 0.050000 0.062500
0 0.223438 0.980469 0.050000 0.039062
0 0.217188 0.822266 0.050000 0.062500
0 0.189062 0.750000 0.050000 0.062500
0 0.140625 0.806641 0.050000 0.062500
0 0.692187 0.158203 0.050000 0.062500
0 0.757812 0.210938 0.050000 0.062500
0 0.810937 0.244141 0.050000 0.062500
0 0.940625 0.292969 0.050000 0.062500
0 0.868750 0.154297 0.050000 0.062500
0 0.434375 0.121094 0.050000 0.062500
0 0.462500 0.031250 0.050000 0.062500
0 0.335938 0.183594 0.050000 0.062500
0 0.217188 0.289062 0.050000 0.062500
0 0.389062 0.220703 0.050000 0.062500
0 0.448437 0.166016 0.050000 0.062500
0 0.550000 0.070312 0.050000 0.062500
0 0.192188 0.300781 0.050000 0.062500
0 0.109375 0.275391 0.050000 0.062500
0 0.070312 0.648438 0.050000 0.062500
0 0.070312 0.636719 0.050000 0.062500
0 0.859375 0.171875 0.050000 0.062500
0 0.832812 0.169922 0.050000 0.062500
0 0.845313 0.052734 0.050000 0.062500
0 0.843750 0.025391 0.050000 0.050781
0 0.843750 0.016602 0.050000 0.033203
0 0.207813 0.488281 0.050000 0.062500
0 0.187500 0.517578 0.050000 0.062500
0 0.173437 0.533203 0.050000 0.062500
0 0.142187 0.671875 0.050000 0.062500
0 0.267188 0.384766 0.050000 0.062500
0 0.246875 0.332031 0.050000 0.062500
0 0.257812 0.337891 0.050000 0.062500
0 0.845313 0.941406 0.050000 0.062500
0 0.973437 0.804688 0.050000 0.062500
0 0.889062 0.974609 0.050000 0.050781
0 0.032813 0.242188 0.050000 0.062500
0 0.059375 0.261719 0.050000 0.062500
0 0.046875 0.443359 0.050000 0.062500
0 0.025000 0.425781 0.050000 0.062500
0 0.054688 0.975586 0.050000 0.048828
0 0.889062 0.732422 0.050000 0.062500
0 0.903125 0.720703 0.050000 0.062500
0 0.165625 0.488281 0.050000 0.062500
0 0.739062 0.625000 0.050000 0.062500
0 0.623437 0.595703 0.050000 0.062500
0 0.910937 0.031250 0.050000 0.062500
0 0.923438 0.024414 0.050000 0.048828
0 0.290625 0.018555 0.050000 0.037109
0 0.060937 0.955078 0.050000 0.062500
0 0.104688 0.640625 0.050000 0.062500
0 0.092188 0.583984 0.050000 0.062500
0 0.070312 0.595703 0.050000 0.062500
0 0.090625 0.541016 0.050000 0.062500
0 0.070312 0.498047 0.050000 0.062500
0 0.075000 0.476562 0.050000 0.062500
0 0.089063 0.425781 0.050000 0.062500
0 0.084375 0.289062 0.050000 0.062500
0 0.082812 0.228516 0.050000 0.062500
0 0.346875 0.716797 0.050000 0.062500
0 0.837500 0.767578 0.050000 0.062500
0 0.851562 0.767578 0.050000 0.062500
