0 0.837500 0.146484 0.050000 0.062500
0 0.687500 0.164062 0.050000 0.062500
0 0.660937 0.287109 0.050000 0.062500
0 0.762500 0.218750 0.050000 0.062500
0 0.784375 0.414062 0.050000 0.062500
0 0.859375 0.375000 0.050000 0.062500
0 0.812500 0.248047 0.050000 0.062500
0 0.943750 0.277344 0.050000 0.062500
0 0.934375 0.445312 0.050000 0.062500
0 0.907813 0.808594 0.050000 0.062500
0 0.975781 0.814453 0.048438 0.062500
0 0.887500 0.974609 0.050000 0.050781
0 0.793750 0.830078 0.050000 0.062500
0 0.834375 0.769531 0.050000 0.062500
0 0.806250 0.736328 0.050000 0.062500
0 0.770312 0.693359 0.050000 0.062500
0 0.751563 0.625000 0.050000 0.062500
0 0.623437 0.591797 0.050000 0.062500
0 0.554688 0.671875 0.050000 0.062500
0 0.334375 0.746094 0.050000 0.062500
0 0.262500 0.775391 0.050000 0.062500
0 0.229687 0.726562 0.050000 0.062500
0 0.210938 0.722656 0.050000 0.062500
0 0.279687 0.585938 0.050000 0.062500
0 0.281250 0.462891 0.050000 0.062500
0 0.264062 0.417969 0.050000 0.062500
0 0.381250 0.234375 0.050000 0.062500
0 0.395313 0.232422 0.050000 0.062500
0 0.434375 0.199219 0.050000 0.062500
0 0.531250 0.091797 0.050000 0.062500
0 0.446875 0.054688 0.050000 0.062500
0 0.139063 0.843750 0.050000 0.062500
0 0.184375 0.951172 0.050000 0.062500
0 0.223438 0.857422 0.050000 0.062500
0 0.168750 0.568359 0.050000 0.062500
0 0.201563 0.517578 0.050000 0.062500
0 0.189062 0.500000 0.050000 0.062500
0 0.309375 0.576172 0.050000 0.062500
0 0.265625 0.335938 0.050000 0.062500
0 0.210938 0.312500 0.050000 0.062500
0 0.323437 0.212891 0.050000 0.062500
0 0.310937 0.193359 0.050000 0.062500
0 0.421875 0.148438 0.050000 0.062500
0 0.478125 0.937500 0.050000 0.062500
0 0.878125 0.726562 0.050000 0.062500
0 0.892188 0.738281 0.050000 0.062500
0 0.900000 0.724609 0.050000 0.062500
0 0.900000 0.982422 0.050000 0.035156
0 0.864062 0.177734 0.050000 0.062500
0 0.876563 0.160156 0.050000 0.062500
0 0.542188 0.916016 0.050000 0.062500
0 0.237500 0.365234 0.050000 0.062500
0 0.248438 0.355469 0.050000 0.062500
0 0.021094 0.408203 0.042188 0.062500
0 0.043750 0.417969 0.050000 0.062500
0 0.064062 0.269531 0.050000 0.062500
0 0.028125 0.271484 0.050000 0.062500
0 0.075000 0.648438 0.050000 0.062500
0 0.929688 0.026367 0.050000 0.052734
0 0.914062 0.041016 0.050000 0.062500
0 0.840625 0.035156 0.050000 0.062500
0 0.898438 0.016602 0.050000 0.033203
0 0.832812 0.017578 0.050000 0.035156
0 0.292187 0.021484 0.050000 0.042969
0 0.303125 0.016602 0.050000 0.033203
0 0.065625 0.970703 0.050000 0.058594
0 0.842187 0.947266 0.050000 0.062500
0 0.345313 0.746094 0.050000 0.062500
0 0.070312 0.480469 0.050000 0.062500
0 0.068750 0.501953 0.050000 0.062500
0 0.092188 0.585938 0.050000 0.062500
0 0.092188 0.546875 0.050000 0.062500
0 0.073438 0.605469 0.050000 0.062500
0 0.098437 0.628906 0.050000 0.062500
0 0.087500 0.769531 0.050000 0.062500
0 0.093750 0.421875 0.050000 0.062500
0 0.114062 0.277344 0.050000 0.062500
0 0.123438 0.609375 0.050000 0.062500
0 0.154688 0.658203 0.050000 0.062500
