0 0.412500 0.138672 0.050000 0.062500
0 0.425000 0.166016 0.050000 0.062500
0 0.400000 0.062500 0.050000 0.062500
0 0.537500 0.162109 0.050000 0.062500
0 0.521875 0.312500 0.050000 0.062500
0 0.392188 0.460938 0.050000 0.062500
0 0.421875 0.498047 0.050000 0.062500
0 0.673438 0.443359 0.050000 0.062500
0 0.750000 0.490234 0.050000 0.062500
0 0.692187 0.646484 0.050000 0.062500
0 0.573438 0.664062 0.050000 0.062500
0 0.623437 0.798828 0.050000 0.062500
0 0.831250 0.574219 0.050000 0.062500
0 0.935937 0.609375 0.050000 0.062500
0 0.926562 0.728516 0.050000 0.062500
0 0.901563 0.951172 0.050000 0.062500
0 0.345313 0.453125 0.050000 0.062500
0 0.340625 0.541016 0.050000 0.062500
0 0.470313 0.347656 0.050000 0.062500
0 0.404687 0.306641 0.050000 0.062500
0 0.251563 0.669922 0.050000 0.062500
0 0.745313 0.255859 0.050000 0.062500
0 0.823438 0.251953 0.050000 0.062500
0 0.926562 0.228516 0.050000 0.062500
0 0.803125 0.183594 0.050000 0.062500
0 0.831250 0.156250 0.050000 0.062500
0 0.835938 0.136719 0.050000 0.062500
0 0.760938 0.132812 0.050000 0.062500
0 0.750000 0.173828 0.050000 0.062500
0 0.725000 0.203125 0.050000 0.062500
0 0.659375 0.240234 0.050000 0.062500
0 0.621875 0.255859 0.050000 0.062500
0 0.593750 0.037109 0.050000 0.062500
0 0.489063 0.130859 0.050000 0.062500
0 0.548438 0.958984 0.050000 0.062500
0 0.771875 0.910156 0.050000 0.062500
0 0.881250 0.979492 0.050000 0.041016
0 0.965625 0.908203 0.050000 0.062500
0 0.890625 0.406250 0.050000 0.062500
0 0.907813 0.423828 0.050000 0.062500
0 0.853125 0.455078 0.050000 0.062500
0 0.862500 0.433594 0.050000 0.062500
0 0.223438 0.785156 0.050000 0.062500
0 0.210938 0.775391 0.050000 0.062500
0 0.178125 0.730469 0.050000 0.062500
0 0.175000 0.789062 0.050000 0.062500
0 0.226562 0.861328 0.050000 0.062500
0 0.160938 0.863281 0.050000 0.062500
0 0.240625 0.919922 0.050000 0.062500
0 0.282813 0.888672 0.050000 0.062500
0 0.178125 0.973633 0.050000 0.052734
0 0.195312 0.808594 0.050000 0.062500
0 0.326562 0.617188 0.050000 0.062500
0 0.343750 0.615234 0.050000 0.062500
0 0.343750 0.667969 0.050000 0.062500
0 0.243750 0.640625 0.050000 0.062500
0 0.209375 0.664062 0.050000 0.062500
0 0.209375 0.632812 0.050000 0.062500
0 0.101562 0.830078 0.050000 0.062500
0 0.118750 0.798828 0.050000 0.062500
0 0.818750 0.072266 0.050000 0.062500
0 0.796875 0.042969 0.050000 0.062500
0 0.600000 0.212891 0.050000 0.062500
0 0.281250 0.294922 0.050000 0.062500
0 0.290625 0.275391 0.050000 0.062500
0 0.379688 0.195312 0.050000 0.062500
0 0.159375 0.248047 0.050000 0.062500
0 0.134375 0.253906 0.050000 0.062500
0 0.142187 0.240234 0.050000 0.062500
0 0.020313 0.718750 0.040625 0.062500
0 0.017969 0.300781 0.035937 0.062500
0 0.225000 0.126953 0.050000 0.062500
0 0.440625 0.030273 0.050000 0.060547
0 0.014844 0.458984 0.029687 0.062500
0 0.667188 0.146484 0.050000 0.062500
0 0.064062 0.941406 0.050000 0.062500
0 0.084375 0.876953 0.050000 0.062500
0 0.064062 0.792969 0.050000 0.062500
0 0.065625 0.757812 0.050000 0.062500
0 0.039062 0.552734 0.050000 0.062500
0 0.024219 0.533203 0.048438 0.062500
0 0.054688 0.556641 0.050000 0.062500
0 0.075000 0.697266 0.050000 0.062500
0 0.090625 0.695312 0.050000 0.062500
0 0.075000 0.494141 0.050000 0.062500
0 0.073438 0.521484 0.050000 0.062500
0 0.476562 0.091797 0.050000 0.062500
0 0.498437 0.070312 0.050000 0.062500
0 0.484375 0.060547 0.050000 0.062500
0 0.489063 0.044922 0.050000 0.062500
0 0.490625 0.025391 0.050000 0.050781
