0 0.678125 0.447266 0.050000 0.062500
0 0.753125 0.492188 0.050000 0.062500
0 0.684375 0.638672 0.050000 0.062500
0 0.568750 0.681641 0.050000 0.062500
0 0.645312 0.791016 0.050000 0.062500
0 0.850000 0.591797 0.050000 0.062500
0 0.948438 0.580078 0.050000 0.062500
0 0.917188 0.392578 0.050000 0.062500
0 0.585938 0.224609 0.050000 0.062500
0 0.521875 0.175781 0.050000 0.062500
0 0.371875 0.496094 0.050000 0.062500
0 0.335938 0.472656 0.050000 0.062500
0 0.321875 0.636719 0.050000 0.062500
0 0.182812 0.822266 0.050000 0.062500
0 0.178125 0.757812 0.050000 0.062500
0 0.221875 0.812500 0.050000 0.062500
0 0.200000 0.837891 0.050000 0.062500
0 0.170313 0.843750 0.050000 0.062500
0 0.245312 0.958984 0.050000 0.062500
0 0.285938 0.919922 0.050000 0.062500
0 0.579688 0.943359 0.050000 0.062500
0 0.598437 0.921875 0.050000 0.062500
0 0.929688 0.951172 0.050000 0.062500
0 0.956250 0.744141 0.050000 0.062500
0 0.903125 0.429688 0.050000 0.062500
0 0.742188 0.259766 0.050000 0.062500
0 0.832812 0.216797 0.050000 0.062500
0 0.651563 0.251953 0.050000 0.062500
0 0.614062 0.271484 0.050000 0.062500
0 0.503125 0.125000 0.050000 0.062500
0 0.457813 0.373047 0.050000 0.062500
0 0.340625 0.636719 0.050000 0.062500
0 0.331250 0.703125 0.050000 0.062500
0 0.250000 0.701172 0.050000 0.062500
0 0.239063 0.673828 0.050000 0.062500
0 0.232813 0.638672 0.050000 0.062500
0 0.337500 0.562500 0.050000 0.062500
0 0.410938 0.521484 0.050000 0.062500
0 0.865625 0.449219 0.050000 0.062500
0 0.867188 0.427734 0.050000 0.062500
0 0.785937 0.046875 0.050000 0.062500
0 0.821875 0.035156 0.050000 0.062500
0 0.881250 0.197266 0.050000 0.062500
0 0.942187 0.234375 0.050000 0.062500
0 0.828125 0.144531 0.050000 0.062500
0 0.796875 0.125000 0.050000 0.062500
0 0.743750 0.142578 0.050000 0.062500
0 0.500000 0.351562 0.050000 0.062500
0 0.460938 0.166016 0.050000 0.062500
0 0.642188 0.169922 0.050000 0.062500
0 0.481250 0.097656 0.050000 0.062500
0 0.403125 0.052734 0.050000 0.062500
0 0.395313 0.197266 0.050000 0.062500
0 0.298438 0.277344 0.050000 0.062500
0 0.290625 0.296875 0.050000 0.062500
0 0.509375 0.072266 0.050000 0.062500
0 0.504687 0.024414 0.050000 0.048828
0 0.900000 0.973633 0.050000 0.052734
0 0.971875 0.888672 0.050000 0.062500
0 0.937500 0.771484 0.050000 0.062500
0 0.039062 0.755859 0.050000 0.062500
0 0.064062 0.757812 0.050000 0.062500
0 0.037500 0.505859 0.050000 0.062500
0 0.054688 0.517578 0.050000 0.062500
0 0.064062 0.558594 0.050000 0.062500
0 0.048438 0.718750 0.050000 0.062500
0 0.754687 0.894531 0.050000 0.062500
0 0.771875 0.904297 0.050000 0.062500
0 0.017188 0.326172 0.034375 0.062500
0 0.076563 0.947266 0.050000 0.062500
0 0.889062 0.022461 0.050000 0.044922
0 0.876563 0.052734 0.050000 0.062500
0 0.954688 0.103516 0.050000 0.062500
0 0.982812 0.146484 0.034375 0.062500
0 0.773438 0.201172 0.050000 0.062500
0 0.787500 0.216797 0.050000 0.062500
0 0.237500 0.119141 0.050000 0.062500
0 0.090625 0.871094 0.050000 0.062500
0 0.107813 0.812500 0.050000 0.062500
0 0.118750 0.777344 0.050000 0.062500
0 0.098437 0.697266 0.050000 0.062500
0 0.076563 0.705078 0.050000 0.062500
0 0.076563 0.677734 0.050000 0.062500
0 0.078125 0.609375 0.050000 0.062500
