0 0.535937 0.181641 0.050000 0.062500
0 0.581250 0.236328 0.050000 0.062500
0 0.603125 0.271484 0.050000 0.062500
0 0.650000 0.255859 0.050000 0.062500
0 0.679688 0.449219 0.050000 0.062500
0 0.681250 0.634766 0.050000 0.062500
0 0.454688 0.388672 0.050000 0.062500
0 0.490625 0.365234 0.050000 0.062500
0 0.334375 0.484375 0.050000 0.062500
0 0.360938 0.513672 0.050000 0.062500
0 0.410938 0.539062 0.050000 0.062500
0 0.560937 0.681641 0.050000 0.062500
0 0.650000 0.783203 0.050000 0.062500
0 0.856250 0.591797 0.050000 0.062500
0 0.920312 0.376953 0.050000 0.062500
0 0.950000 0.570312 0.050000 0.062500
0 0.954688 0.748047 0.050000 0.062500
0 0.945312 0.951172 0.050000 0.062500
0 0.973437 0.875000 0.050000 0.062500
0 0.914062 0.972656 0.050000 0.054688
0 0.825000 0.265625 0.050000 0.062500
0 0.737500 0.255859 0.050000 0.062500
0 0.842187 0.203125 0.050000 0.062500
0 0.885938 0.191406 0.050000 0.062500
0 0.954688 0.234375 0.050000 0.062500
0 0.823438 0.144531 0.050000 0.062500
0 0.514062 0.121094 0.050000 0.062500
0 0.218750 0.822266 0.050000 0.062500
0 0.321875 0.644531 0.050000 0.062500
0 0.334375 0.572266 0.050000 0.062500
0 0.329688 0.714844 0.050000 0.062500
0 0.251563 0.712891 0.050000 0.062500
0 0.245312 0.683594 0.050000 0.062500
0 0.237500 0.623047 0.050000 0.062500
0 0.182812 0.830078 0.050000 0.062500
0 0.185938 0.769531 0.050000 0.062500
0 0.248438 0.970703 0.050000 0.058594
0 0.285938 0.931641 0.050000 0.062500
0 0.062500 0.716797 0.050000 0.062500
0 0.035937 0.763672 0.050000 0.062500
0 0.045312 0.490234 0.050000 0.062500
0 0.064062 0.500000 0.050000 0.062500
0 0.017969 0.343750 0.035937 0.062500
0 0.070312 0.757812 0.050000 0.062500
0 0.084375 0.943359 0.050000 0.062500
0 0.340625 0.644531 0.050000 0.062500
0 0.739062 0.144531 0.050000 0.062500
0 0.779687 0.054688 0.050000 0.062500
0 0.828125 0.028320 0.050000 0.056641
0 0.871875 0.048828 0.050000 0.062500
0 0.882812 0.024414 0.050000 0.048828
0 0.842187 0.097656 0.050000 0.062500
0 0.798438 0.113281 0.050000 0.062500
0 0.826562 0.164062 0.050000 0.062500
0 0.517188 0.068359 0.050000 0.062500
0 0.506250 0.022461 0.050000 0.044922
0 0.476562 0.169922 0.050000 0.062500
0 0.396875 0.191406 0.050000 0.062500
0 0.412500 0.060547 0.050000 0.062500
0 0.903125 0.439453 0.050000 0.062500
0 0.873437 0.427734 0.050000 0.062500
0 0.867188 0.449219 0.050000 0.062500
0 0.628125 0.173828 0.050000 0.062500
0 0.595313 0.929688 0.050000 0.062500
0 0.756250 0.890625 0.050000 0.062500
0 0.776563 0.900391 0.050000 0.062500
0 0.296875 0.294922 0.050000 0.062500
0 0.306250 0.271484 0.050000 0.062500
0 0.793750 0.269531 0.050000 0.062500
0 0.823438 0.291016 0.050000 0.062500
0 0.751563 0.500000 0.050000 0.062500
0 0.762500 0.195312 0.050000 0.062500
0 0.775000 0.214844 0.050000 0.062500
0 0.098437 0.875000 0.050000 0.062500
0 0.117188 0.800781 0.050000 0.062500
0 0.125000 0.771484 0.050000 0.062500
0 0.079687 0.783203 0.050000 0.062500
0 0.084375 0.611328 0.050000 0.062500
