0 0.523438 0.072266 0.050000 0.062500
0 0.501563 0.064453 0.050000 0.062500
0 0.420312 0.064453 0.050000 0.062500
0 0.429688 0.140625 0.050000 0.062500
0 0.304688 0.285156 0.050000 0.062500
0 0.300000 0.298828 0.050000 0.062500
0 0.382812 0.382812 0.050000 0.062500
0 0.315625 0.533203 0.050000 0.062500
0 0.426563 0.449219 0.050000 0.062500
0 0.507812 0.207031 0.050000 0.062500
0 0.521875 0.216797 0.050000 0.062500
0 0.548438 0.275391 0.050000 0.062500
0 0.579688 0.312500 0.050000 0.062500
0 0.620313 0.279297 0.050000 0.062500
0 0.717187 0.273438 0.050000 0.062500
0 0.682813 0.457031 0.050000 0.062500
0 0.767188 0.492188 0.050000 0.062500
0 0.654687 0.632812 0.050000 0.062500
0 0.878125 0.615234 0.050000 0.062500
0 0.900000 0.490234 0.050000 0.062500
0 0.942187 0.529297 0.050000 0.062500
0 0.662500 0.765625 0.050000 0.062500
0 0.543750 0.722656 0.050000 0.062500
0 0.387500 0.591797 0.050000 0.062500
0 0.323437 0.617188 0.050000 0.062500
0 0.318750 0.589844 0.050000 0.062500
0 0.267188 0.583984 0.050000 0.062500
0 0.246875 0.775391 0.050000 0.062500
0 0.298438 0.712891 0.050000 0.062500
0 0.310937 0.781250 0.050000 0.062500
0 0.321875 0.683594 0.050000 0.062500
0 0.223438 0.884766 0.050000 0.062500
0 0.187500 0.826172 0.050000 0.062500
0 0.179688 0.800781 0.050000 0.062500
0 0.179688 0.892578 0.050000 0.062500
0 0.210938 0.900391 0.050000 0.062500
0 0.237500 0.968750 0.050000 0.062500
0 0.287500 0.977539 0.050000 0.044922
0 0.175000 0.251953 0.050000 0.062500
0 0.153125 0.253906 0.050000 0.062500
0 0.162500 0.240234 0.050000 0.062500
0 0.085938 0.945312 0.050000 0.062500
0 0.022656 0.402344 0.045312 0.062500
0 0.240625 0.121094 0.050000 0.062500
0 0.693750 0.183594 0.050000 0.062500
0 0.745313 0.080078 0.050000 0.062500
0 0.795312 0.056641 0.050000 0.062500
0 0.846875 0.150391 0.050000 0.062500
0 0.970313 0.117188 0.050000 0.062500
0 0.964063 0.026367 0.050000 0.052734
0 0.898438 0.015625 0.050000 0.031250
0 0.851562 0.026367 0.050000 0.052734
0 0.962500 0.236328 0.050000 0.062500
0 0.893750 0.195312 0.050000 0.062500
0 0.804688 0.285156 0.050000 0.062500
0 0.778125 0.289062 0.050000 0.062500
0 0.706250 0.220703 0.050000 0.062500
0 0.718750 0.234375 0.050000 0.062500
0 0.587500 0.220703 0.050000 0.062500
0 0.921875 0.339844 0.050000 0.062500
0 0.964063 0.748047 0.050000 0.062500
0 0.948438 0.765625 0.050000 0.062500
0 0.977344 0.841797 0.045312 0.062500
0 0.970313 0.943359 0.050000 0.062500
0 0.956250 0.975586 0.050000 0.048828
0 0.784375 0.908203 0.050000 0.062500
0 0.767188 0.902344 0.050000 0.062500
0 0.615625 0.916016 0.050000 0.062500
0 0.873437 0.453125 0.050000 0.062500
0 0.878125 0.429688 0.050000 0.062500
0 0.798438 0.179688 0.050000 0.062500
0 0.801562 0.152344 0.050000 0.062500
0 0.809375 0.111328 0.050000 0.062500
0 0.737500 0.130859 0.050000 0.062500
0 0.876563 0.105469 0.050000 0.062500
0 0.834375 0.070312 0.050000 0.062500
0 0.512500 0.025391 0.050000 0.050781
0 0.451562 0.030273 0.050000 0.060547
0 0.451562 0.017578 0.050000 0.035156
0 0.084375 0.720703 0.050000 0.062500
0 0.075000 0.761719 0.050000 0.062500
0 0.017188 0.789062 0.034375 0.062500
0 0.042188 0.824219 0.050000 0.062500
0 0.014844 0.449219 0.029687 0.062500
0 0.407813 0.189453 0.050000 0.062500
0 0.753125 0.248047 0.050000 0.062500
0 0.240625 0.750000 0.050000 0.062500
0 0.118750 0.769531 0.050000 0.062500
0 0.132812 0.750000 0.050000 0.062500
0 0.078125 0.902344 0.050000 0.062500
0 0.106250 0.876953 0.050000 0.062500
