0 0.303125 0.453125 0.050000 0.062500
0 0.304688 0.429688 0.050000 0.062500
0 0.464062 0.421875 0.050000 0.062500
0 0.473438 0.462891 0.050000 0.062500
0 0.462500 0.523438 0.050000 0.062500
0 0.537500 0.476562 0.050000 0.062500
0 0.542188 0.517578 0.050000 0.062500
0 0.560937 0.529297 0.050000 0.062500
0 0.589063 0.416016 0.050000 0.062500
0 0.657813 0.462891 0.050000 0.062500
0 0.681250 0.593750 0.050000 0.062500
0 0.757812 0.648438 0.050000 0.062500
0 0.934375 0.570312 0.050000 0.062500
0 0.870313 0.746094 0.050000 0.062500
0 0.873437 0.599609 0.050000 0.062500
0 0.881250 0.583984 0.050000 0.062500
0 0.907813 0.822266 0.050000 0.062500
0 0.977344 0.888672 0.045312 0.062500
0 0.951562 0.902344 0.050000 0.062500
0 0.656250 0.910156 0.050000 0.062500
0 0.570312 0.777344 0.050000 0.062500
0 0.503125 0.962891 0.050000 0.062500
0 0.364063 0.732422 0.050000 0.062500
0 0.328125 0.759766 0.050000 0.062500
0 0.337500 0.875000 0.050000 0.062500
0 0.287500 0.876953 0.050000 0.062500
0 0.284375 0.941406 0.050000 0.062500
0 0.268750 0.802734 0.050000 0.062500
0 0.262500 0.880859 0.050000 0.062500
0 0.498437 0.535156 0.050000 0.062500
0 0.650000 0.281250 0.050000 0.062500
0 0.770312 0.277344 0.050000 0.062500
0 0.798438 0.320312 0.050000 0.062500
0 0.814063 0.343750 0.050000 0.062500
0 0.746875 0.464844 0.050000 0.062500
0 0.748437 0.486328 0.050000 0.062500
0 0.723437 0.470703 0.050000 0.062500
0 0.928125 0.458984 0.050000 0.062500
0 0.918750 0.384766 0.050000 0.062500
0 0.892188 0.351562 0.050000 0.062500
0 0.982031 0.296875 0.035937 0.062500
0 0.964063 0.267578 0.050000 0.062500
0 0.934375 0.238281 0.050000 0.062500
0 0.867188 0.197266 0.050000 0.062500
0 0.832812 0.173828 0.050000 0.062500
0 0.753125 0.208984 0.050000 0.062500
0 0.720313 0.271484 0.050000 0.062500
0 0.723437 0.304688 0.050000 0.062500
0 0.496875 0.253906 0.050000 0.062500
0 0.518750 0.218750 0.050000 0.062500
0 0.529687 0.197266 0.050000 0.062500
0 0.515625 0.167969 0.050000 0.062500
0 0.429688 0.294922 0.050000 0.062500
0 0.425000 0.203125 0.050000 0.062500
0 0.400000 0.156250 0.050000 0.062500
0 0.176563 0.404297 0.050000 0.062500
0 0.160938 0.394531 0.050000 0.062500
0 0.156250 0.408203 0.050000 0.062500
0 0.296875 0.623047 0.050000 0.062500
0 0.328125 0.619141 0.050000 0.062500
0 0.281250 0.621094 0.050000 0.062500
0 0.203125 0.875000 0.050000 0.062500
0 0.187500 0.857422 0.050000 0.062500
0 0.178125 0.843750 0.050000 0.062500
0 0.128125 0.578125 0.050000 0.062500
0 0.020313 0.501953 0.040625 0.062500
0 0.018750 0.439453 0.037500 0.062500
0 0.025000 0.646484 0.050000 0.062500
0 0.615625 0.388672 0.050000 0.062500
0 0.746875 0.101562 0.050000 0.062500
0 0.717187 0.099609 0.050000 0.062500
0 0.546875 0.035156 0.050000 0.062500
0 0.495312 0.050781 0.050000 0.062500
0 0.623437 0.019531 0.050000 0.039062
0 0.803125 0.083984 0.050000 0.062500
0 0.820312 0.016602 0.050000 0.033203
0 0.985156 0.072266 0.029687 0.062500
0 0.975781 0.050781 0.048438 0.062500
0 0.981250 0.050781 0.037500 0.062500
0 0.867188 0.062500 0.050000 0.062500
0 0.887500 0.054688 0.050000 0.062500
0 0.559375 0.121094 0.050000 0.062500
0 0.982812 0.140625 0.034375 0.062500
0 0.678125 0.025391 0.050000 0.050781
0 0.015625 0.578125 0.031250 0.062500
0 0.468750 0.343750 0.050000 0.062500
0 0.245312 0.291016 0.050000 0.062500
0 0.734375 0.367188 0.050000 0.062500
0 0.767188 0.402344 0.050000 0.062500
0 0.737500 0.349609 0.050000 0.062500
0 0.096875 0.646484 0.050000 0.062500
0 0.095312 0.669922 0.050000 0.062500
0 0.092188 0.914062 0.050000 0.062500
0 0.092188 0.931641 0.050000 0.062500
0 0.175000 0.029297 0.050000 0.058594
0 0.685937 0.212891 0.050000 0.062500
0 0.473438 0.189453 0.050000 0.062500
0 0.459375 0.183594 0.050000 0.062500
0 0.132812 0.847656 0.050000 0.062500
0 0.084375 0.851562 0.050000 0.062500
0 0.093750 0.763672 0.050000 0.062500
0 0.075000 0.718750 0.050000 0.062500
0 0.120313 0.724609 0.050000 0.062500
0 0.414062 0.335938 0.050000 0.062500
