0 0.492188 0.076172 0.050000 0.062500
0 0.528125 0.082031 0.050000 0.062500
0 0.556250 0.148438 0.050000 0.062500
0 0.629687 0.324219 0.050000 0.062500
0 0.696875 0.304688 0.050000 0.062500
0 0.729688 0.322266 0.050000 0.062500
0 0.845313 0.230469 0.050000 0.062500
0 0.564063 0.460938 0.050000 0.062500
0 0.623437 0.419922 0.050000 0.062500
0 0.643750 0.490234 0.050000 0.062500
0 0.707812 0.500000 0.050000 0.062500
0 0.726562 0.494141 0.050000 0.062500
0 0.681250 0.623047 0.050000 0.062500
0 0.753125 0.675781 0.050000 0.062500
0 0.929688 0.578125 0.050000 0.062500
0 0.909375 0.490234 0.050000 0.062500
0 0.767188 0.363281 0.050000 0.062500
0 0.695312 0.363281 0.050000 0.062500
0 0.440625 0.562500 0.050000 0.062500
0 0.443750 0.509766 0.050000 0.062500
0 0.521875 0.507812 0.050000 0.062500
0 0.440625 0.455078 0.050000 0.062500
0 0.312500 0.818359 0.050000 0.062500
0 0.310937 0.658203 0.050000 0.062500
0 0.553125 0.800781 0.050000 0.062500
0 0.862500 0.783203 0.050000 0.062500
0 0.903125 0.853516 0.050000 0.062500
0 0.971875 0.902344 0.050000 0.062500
0 0.276562 0.916016 0.050000 0.062500
0 0.296875 0.480469 0.050000 0.062500
0 0.159375 0.417969 0.050000 0.062500
0 0.173437 0.429688 0.050000 0.062500
0 0.392188 0.187500 0.050000 0.062500
0 0.417187 0.226562 0.050000 0.062500
0 0.128125 0.855469 0.050000 0.062500
0 0.835938 0.181641 0.050000 0.062500
0 0.482812 0.585938 0.050000 0.062500
0 0.448437 0.375000 0.050000 0.062500
0 0.425000 0.314453 0.050000 0.062500
0 0.490625 0.281250 0.050000 0.062500
0 0.759375 0.429688 0.050000 0.062500
0 0.720313 0.380859 0.050000 0.062500
0 0.659375 0.218750 0.050000 0.062500
0 0.681250 0.230469 0.050000 0.062500
0 0.800000 0.093750 0.050000 0.062500
0 0.853125 0.080078 0.050000 0.062500
0 0.971875 0.074219 0.050000 0.062500
0 0.980469 0.066406 0.039062 0.062500
0 0.325000 0.919922 0.050000 0.062500
0 0.640625 0.933594 0.050000 0.062500
0 0.615625 0.923828 0.050000 0.062500
0 0.239063 0.312500 0.050000 0.062500
0 0.507812 0.236328 0.050000 0.062500
0 0.504687 0.195312 0.050000 0.062500
0 0.734375 0.251953 0.050000 0.062500
0 0.912500 0.384766 0.050000 0.062500
0 0.950000 0.929688 0.050000 0.062500
0 0.351562 0.785156 0.050000 0.062500
0 0.257812 0.849609 0.050000 0.062500
0 0.184375 0.869141 0.050000 0.062500
0 0.204687 0.888672 0.050000 0.062500
0 0.301563 0.457031 0.050000 0.062500
0 0.067187 0.740234 0.050000 0.062500
0 0.817187 0.016602 0.050000 0.033203
0 0.860938 0.068359 0.050000 0.062500
0 0.873437 0.056641 0.050000 0.062500
0 0.885938 0.062500 0.050000 0.062500
0 0.901563 0.080078 0.050000 0.062500
0 0.734375 0.146484 0.050000 0.062500
0 0.731250 0.125000 0.050000 0.062500
0 0.742188 0.519531 0.050000 0.062500
0 0.114062 0.744141 0.050000 0.062500
0 0.406250 0.363281 0.050000 0.062500
0 0.025000 0.468750 0.050000 0.062500
0 0.017969 0.607422 0.035937 0.062500
0 0.871875 0.632812 0.050000 0.062500
0 0.884375 0.615234 0.050000 0.062500
0 0.673438 0.041016 0.050000 0.062500
0 0.620313 0.042969 0.050000 0.062500
0 0.983594 0.097656 0.032813 0.062500
0 0.975781 0.326172 0.048438 0.062500
0 0.912500 0.265625 0.050000 0.062500
0 0.920312 0.242188 0.050000 0.062500
0 0.946875 0.306641 0.050000 0.062500
0 0.523438 0.578125 0.050000 0.062500
0 0.275000 0.613281 0.050000 0.062500
0 0.168750 0.046875 0.050000 0.062500
0 0.084375 0.933594 0.050000 0.062500
