0 0.321875 0.720703 0.050000 0.062500
0 0.353125 0.695312 0.050000 0.062500
0 0.393750 0.708984 0.050000 0.062500
0 0.631250 0.837891 0.050000 0.062500
0 0.743750 0.796875 0.050000 0.062500
0 0.790625 0.806641 0.050000 0.062500
0 0.940625 0.738281 0.050000 0.062500
0 0.823438 0.494141 0.050000 0.062500
0 0.537500 0.562500 0.050000 0.062500
0 0.617188 0.541016 0.050000 0.062500
0 0.614062 0.501953 0.050000 0.062500
0 0.601562 0.462891 0.050000 0.062500
0 0.635938 0.304688 0.050000 0.062500
0 0.729688 0.039062 0.050000 0.062500
0 0.621875 0.021484 0.050000 0.042969
