0 0.373437 0.746094 0.050000 0.062500
0 0.373437 0.718750 0.050000 0.062500
0 0.504687 0.523438 0.050000 0.062500
0 0.673438 0.480469 0.050000 0.062500
0 0.681250 0.500000 0.050000 0.062500
0 0.770312 0.652344 0.050000 0.062500
0 0.796875 0.701172 0.050000 0.062500
0 0.984375 0.224609 0.031250 0.062500
0 0.977344 0.187500 0.045312 0.062500
0 0.971875 0.166016 0.050000 0.062500
0 0.942187 0.128906 0.050000 0.062500
0 0.909375 0.078125 0.050000 0.062500
0 0.890625 0.021484 0.050000 0.042969
0 0.837500 0.050781 0.050000 0.062500
0 0.842187 0.020508 0.050000 0.041016
0 0.173437 0.277344 0.050000 0.062500
0 0.045312 0.371094 0.050000 0.062500
0 0.017969 0.439453 0.035937 0.062500
0 0.032813 0.979492 0.050000 0.041016
