0 0.773438 0.851562 0.050000 0.062500
0 0.271875 0.607422 0.050000 0.062500
0 0.439063 0.550781 0.050000 0.062500
0 0.342187 0.660156 0.050000 0.062500
0 0.417187 0.703125 0.050000 0.062500
0 0.493750 0.669922 0.050000 0.062500
0 0.534375 0.437500 0.050000 0.062500
0 0.653125 0.388672 0.050000 0.062500
0 0.210938 0.599609 0.050000 0.062500
0 0.157812 0.597656 0.050000 0.062500
0 0.232813 0.462891 0.050000 0.062500
0 0.326562 0.332031 0.050000 0.062500
0 0.223438 0.378906 0.050000 0.062500
0 0.123438 0.480469 0.050000 0.062500
0 0.051562 0.673828 0.050000 0.062500
0 0.073438 0.679688 0.050000 0.062500
0 0.028125 0.755859 0.050000 0.062500
0 0.024219 0.669922 0.048438 0.062500
0 0.019531 0.607422 0.039062 0.062500
0 0.081250 0.865234 0.050000 0.062500
0 0.254688 0.892578 0.050000 0.062500
0 0.498437 0.966797 0.050000 0.062500
0 0.578125 0.929688 0.050000 0.062500
0 0.606250 0.781250 0.050000 0.062500
0 0.762500 0.681641 0.050000 0.062500
0 0.867188 0.625000 0.050000 0.062500
0 0.881250 0.617188 0.050000 0.062500
0 0.892188 0.689453 0.050000 0.062500
0 0.977344 0.650391 0.045312 0.062500
0 0.978906 0.667969 0.042188 0.062500
0 0.850000 0.220703 0.050000 0.062500
0 0.964063 0.261719 0.050000 0.062500
0 0.926562 0.205078 0.050000 0.062500
0 0.710938 0.255859 0.050000 0.062500
0 0.615625 0.326172 0.050000 0.062500
0 0.493750 0.382812 0.050000 0.062500
0 0.535937 0.283203 0.050000 0.062500
0 0.532813 0.261719 0.050000 0.062500
0 0.193750 0.244141 0.050000 0.062500
0 0.457813 0.080078 0.050000 0.062500
0 0.456250 0.058594 0.050000 0.062500
0 0.473438 0.050781 0.050000 0.062500
0 0.507812 0.029297 0.050000 0.058594
0 0.404687 0.070312 0.050000 0.062500
0 0.279687 0.054688 0.050000 0.062500
0 0.240625 0.103516 0.050000 0.062500
0 0.084375 0.333984 0.050000 0.062500
0 0.150000 0.636719 0.050000 0.062500
0 0.109375 0.646484 0.050000 0.062500
0 0.334375 0.443359 0.050000 0.062500
0 0.745313 0.841797 0.050000 0.062500
0 0.393750 0.341797 0.050000 0.062500
0 0.393750 0.324219 0.050000 0.062500
0 0.412500 0.445312 0.050000 0.062500
0 0.931250 0.121094 0.050000 0.062500
0 0.918750 0.119141 0.050000 0.062500
0 0.907813 0.126953 0.050000 0.062500
0 0.964063 0.130859 0.050000 0.062500
0 0.837500 0.093750 0.050000 0.062500
0 0.851562 0.091797 0.050000 0.062500
0 0.793750 0.117188 0.050000 0.062500
0 0.531250 0.232422 0.050000 0.062500
0 0.546875 0.169922 0.050000 0.062500
0 0.543750 0.107422 0.050000 0.062500
0 0.765625 0.958984 0.050000 0.062500
0 0.460938 0.361328 0.050000 0.062500
0 0.334375 0.066406 0.050000 0.062500
0 0.331250 0.054688 0.050000 0.062500
0 0.064062 0.244141 0.050000 0.062500
0 0.165625 0.484375 0.050000 0.062500
0 0.953125 0.183594 0.050000 0.062500
0 0.890625 0.175781 0.050000 0.062500
0 0.982812 0.156250 0.034375 0.062500
0 0.729688 0.119141 0.050000 0.062500
0 0.204687 0.097656 0.050000 0.062500
0 0.259375 0.425781 0.050000 0.062500
0 0.245312 0.535156 0.050000 0.062500
0 0.178125 0.296875 0.050000 0.062500
0 0.168750 0.246094 0.050000 0.062500
0 0.181250 0.230469 0.050000 0.062500
0 0.148438 0.246094 0.050000 0.062500
0 0.212500 0.236328 0.050000 0.062500
0 0.281250 0.576172 0.050000 0.062500
0 0.282813 0.562500 0.050000 0.062500
0 0.582812 0.310547 0.050000 0.062500
0 0.546875 0.400391 0.050000 0.062500
0 0.578125 0.363281 0.050000 0.062500
0 0.696875 0.115234 0.050000 0.062500
0 0.673438 0.119141 0.050000 0.062500
0 0.662500 0.117188 0.050000 0.062500
0 0.531250 0.654297 0.050000 0.062500
0 0.276562 0.310547 0.050000 0.062500
0 0.845313 0.347656 0.050000 0.062500
0 0.876563 0.343750 0.050000 0.062500
0 0.637500 0.091797 0.050000 0.062500
0 0.625000 0.091797 0.050000 0.062500
0 0.709375 0.119141 0.050000 0.062500
0 0.764062 0.119141 0.050000 0.062500
0 0.096875 0.312500 0.050000 0.062500
0 0.132812 0.289062 0.050000 0.062500
0 0.112500 0.226562 0.050000 0.062500
0 0.596875 0.162109 0.050000 0.062500
0 0.665625 0.343750 0.050000 0.062500
0 0.754687 0.205078 0.050000 0.062500
