0 0.256250 0.435547 0.050000 0.062500
0 0.323437 0.339844 0.050000 0.062500
0 0.228125 0.478516 0.050000 0.062500
0 0.209375 0.609375 0.050000 0.062500
0 0.148438 0.611328 0.050000 0.062500
0 0.139063 0.664062 0.050000 0.062500
0 0.104688 0.673828 0.050000 0.062500
0 0.073438 0.693359 0.050000 0.062500
0 0.048438 0.685547 0.050000 0.062500
0 0.019531 0.697266 0.039062 0.062500
0 0.348438 0.664062 0.050000 0.062500
0 0.423438 0.705078 0.050000 0.062500
0 0.273438 0.615234 0.050000 0.062500
0 0.389062 0.351562 0.050000 0.062500
0 0.382812 0.328125 0.050000 0.062500
0 0.609375 0.775391 0.050000 0.062500
0 0.760938 0.683594 0.050000 0.062500
0 0.753125 0.832031 0.050000 0.062500
0 0.870313 0.638672 0.050000 0.062500
0 0.887500 0.634766 0.050000 0.062500
0 0.889062 0.693359 0.050000 0.062500
0 0.978906 0.654297 0.042188 0.062500
0 0.460938 0.072266 0.050000 0.062500
0 0.287500 0.060547 0.050000 0.062500
0 0.209375 0.101562 0.050000 0.062500
0 0.609375 0.328125 0.050000 0.062500
0 0.565625 0.322266 0.050000 0.062500
0 0.704688 0.267578 0.050000 0.062500
0 0.840625 0.222656 0.050000 0.062500
0 0.534375 0.433594 0.050000 0.062500
0 0.551562 0.404297 0.050000 0.062500
0 0.632812 0.402344 0.050000 0.062500
0 0.120313 0.500000 0.050000 0.062500
0 0.081250 0.876953 0.050000 0.062500
0 0.260937 0.910156 0.050000 0.062500
0 0.501563 0.974609 0.050000 0.050781
0 0.160938 0.500000 0.050000 0.062500
0 0.235937 0.546875 0.050000 0.062500
0 0.089063 0.339844 0.050000 0.062500
0 0.104688 0.318359 0.050000 0.062500
0 0.217188 0.242188 0.050000 0.062500
0 0.168750 0.248047 0.050000 0.062500
0 0.464062 0.023438 0.050000 0.046875
0 0.506250 0.026367 0.050000 0.052734
0 0.218750 0.392578 0.050000 0.062500
0 0.284375 0.585938 0.050000 0.062500
0 0.317188 0.466797 0.050000 0.062500
0 0.487500 0.388672 0.050000 0.062500
0 0.560937 0.175781 0.050000 0.062500
0 0.543750 0.101562 0.050000 0.062500
0 0.795312 0.121094 0.050000 0.062500
0 0.965625 0.136719 0.050000 0.062500
0 0.923438 0.201172 0.050000 0.062500
0 0.946875 0.191406 0.050000 0.062500
0 0.959375 0.263672 0.050000 0.062500
0 0.875000 0.349609 0.050000 0.062500
0 0.843750 0.357422 0.050000 0.062500
0 0.576562 0.365234 0.050000 0.062500
0 0.660937 0.353516 0.050000 0.062500
0 0.493750 0.679688 0.050000 0.062500
0 0.528125 0.660156 0.050000 0.062500
0 0.857812 0.097656 0.050000 0.062500
0 0.931250 0.132812 0.050000 0.062500
0 0.185938 0.234375 0.050000 0.062500
0 0.584375 0.931641 0.050000 0.062500
0 0.765625 0.945312 0.050000 0.062500
0 0.407813 0.449219 0.050000 0.062500
0 0.456250 0.560547 0.050000 0.062500
0 0.071875 0.376953 0.050000 0.062500
0 0.181250 0.302734 0.050000 0.062500
0 0.529687 0.287109 0.050000 0.062500
0 0.537500 0.224609 0.050000 0.062500
0 0.246875 0.103516 0.050000 0.062500
0 0.340625 0.072266 0.050000 0.062500
0 0.337500 0.058594 0.050000 0.062500
0 0.067187 0.250000 0.050000 0.062500
0 0.022656 0.234375 0.045312 0.062500
0 0.017969 0.619141 0.035937 0.062500
0 0.432812 0.087891 0.050000 0.062500
0 0.423438 0.085938 0.050000 0.062500
0 0.404687 0.074219 0.050000 0.062500
0 0.737500 0.203125 0.050000 0.062500
0 0.779687 0.853516 0.050000 0.062500
0 0.784375 0.839844 0.050000 0.062500
0 0.117188 0.232422 0.050000 0.062500
0 0.276562 0.574219 0.050000 0.062500
0 0.459375 0.371094 0.050000 0.062500
0 0.643750 0.099609 0.050000 0.062500
0 0.764062 0.119141 0.050000 0.062500
0 0.731250 0.121094 0.050000 0.062500
0 0.701562 0.117188 0.050000 0.062500
0 0.676562 0.119141 0.050000 0.062500
0 0.192188 0.251953 0.050000 0.062500
0 0.278125 0.320312 0.050000 0.062500
0 0.170313 0.218750 0.050000 0.062500
0 0.842187 0.099609 0.050000 0.062500
0 0.820312 0.103516 0.050000 0.062500
0 0.923438 0.119141 0.050000 0.062500
0 0.910937 0.132812 0.050000 0.062500
0 0.885938 0.128906 0.050000 0.062500
0 0.264062 0.421875 0.050000 0.062500
0 0.537500 0.642578 0.050000 0.062500
0 0.478125 0.060547 0.050000 0.062500
