0 0.260937 0.064453 0.050000 0.062500
0 0.296875 0.080078 0.050000 0.062500
0 0.303125 0.375000 0.050000 0.062500
0 0.198437 0.431641 0.050000 0.062500
0 0.253125 0.462891 0.050000 0.062500
0 0.218750 0.519531 0.050000 0.062500
0 0.256250 0.539062 0.050000 0.062500
0 0.210938 0.595703 0.050000 0.062500
0 0.203125 0.640625 0.050000 0.062500
0 0.267188 0.605469 0.050000 0.062500
0 0.275000 0.652344 0.050000 0.062500
0 0.351562 0.679688 0.050000 0.062500
0 0.432812 0.718750 0.050000 0.062500
0 0.493750 0.593750 0.050000 0.062500
0 0.504687 0.728516 0.050000 0.062500
0 0.614062 0.759766 0.050000 0.062500
0 0.759375 0.675781 0.050000 0.062500
0 0.765625 0.796875 0.050000 0.062500
0 0.875000 0.705078 0.050000 0.062500
0 0.564063 0.441406 0.050000 0.062500
0 0.562500 0.414062 0.050000 0.062500
0 0.546875 0.423828 0.050000 0.062500
0 0.595313 0.945312 0.050000 0.062500
0 0.290625 0.933594 0.050000 0.062500
0 0.101562 0.759766 0.050000 0.062500
0 0.135937 0.662109 0.050000 0.062500
0 0.067187 0.738281 0.050000 0.062500
0 0.035937 0.742188 0.050000 0.062500
0 0.022656 0.822266 0.045312 0.062500
0 0.073438 0.912109 0.050000 0.062500
0 0.475000 0.412109 0.050000 0.062500
0 0.592187 0.345703 0.050000 0.062500
0 0.678125 0.291016 0.050000 0.062500
0 0.803125 0.236328 0.050000 0.062500
0 0.903125 0.216797 0.050000 0.062500
0 0.928125 0.279297 0.050000 0.062500
0 0.978906 0.242188 0.042188 0.062500
0 0.606250 0.199219 0.050000 0.062500
0 0.543750 0.203125 0.050000 0.062500
0 0.467187 0.111328 0.050000 0.062500
0 0.468750 0.128906 0.050000 0.062500
0 0.484375 0.107422 0.050000 0.062500
0 0.573438 0.130859 0.050000 0.062500
0 0.545312 0.078125 0.050000 0.062500
0 0.468750 0.066406 0.050000 0.062500
0 0.218750 0.113281 0.050000 0.062500
0 0.229687 0.257812 0.050000 0.062500
0 0.257812 0.355469 0.050000 0.062500
0 0.200000 0.326172 0.050000 0.062500
0 0.170313 0.306641 0.050000 0.062500
0 0.185938 0.259766 0.050000 0.062500
0 0.187500 0.279297 0.050000 0.062500
0 0.167187 0.251953 0.050000 0.062500
0 0.081250 0.267578 0.050000 0.062500
0 0.029687 0.257812 0.050000 0.062500
0 0.082812 0.386719 0.050000 0.062500
0 0.098437 0.349609 0.050000 0.062500
0 0.114062 0.326172 0.050000 0.062500
0 0.107813 0.546875 0.050000 0.062500
0 0.543750 0.669922 0.050000 0.062500
0 0.553125 0.650391 0.050000 0.062500
0 0.879687 0.675781 0.050000 0.062500
0 0.983594 0.669922 0.032813 0.062500
0 0.985938 0.683594 0.028125 0.062500
0 0.789062 0.841797 0.050000 0.062500
0 0.778125 0.847656 0.050000 0.062500
0 0.767188 0.919922 0.050000 0.062500
0 0.818750 0.361328 0.050000 0.062500
0 0.640625 0.367188 0.050000 0.062500
0 0.564063 0.378906 0.050000 0.062500
0 0.493750 0.357422 0.050000 0.062500
0 0.506250 0.300781 0.050000 0.062500
0 0.367188 0.380859 0.050000 0.062500
0 0.362500 0.361328 0.050000 0.062500
0 0.851562 0.365234 0.050000 0.062500
0 0.971875 0.337891 0.050000 0.062500
0 0.809375 0.130859 0.050000 0.062500
0 0.743750 0.134766 0.050000 0.062500
0 0.692187 0.128906 0.050000 0.062500
0 0.678125 0.130859 0.050000 0.062500
0 0.976562 0.146484 0.046875 0.062500
0 0.868750 0.109375 0.050000 0.062500
0 0.851562 0.109375 0.050000 0.062500
0 0.831250 0.113281 0.050000 0.062500
0 0.904687 0.097656 0.050000 0.062500
0 0.893750 0.140625 0.050000 0.062500
0 0.935937 0.134766 0.050000 0.062500
0 0.946875 0.134766 0.050000 0.062500
0 0.871875 0.183594 0.050000 0.062500
0 0.940625 0.185547 0.050000 0.062500
0 0.771875 0.142578 0.050000 0.062500
0 0.451562 0.024414 0.050000 0.048828
0 0.351562 0.082031 0.050000 0.062500
0 0.348438 0.070312 0.050000 0.062500
0 0.406250 0.109375 0.050000 0.062500
0 0.434375 0.126953 0.050000 0.062500
0 0.425000 0.123047 0.050000 0.062500
0 0.507812 0.283203 0.050000 0.062500
0 0.434375 0.392578 0.050000 0.062500
0 0.418750 0.466797 0.050000 0.062500
0 0.015625 0.500000 0.031250 0.062500
0 0.015625 0.498047 0.031250 0.062500
0 0.022656 0.509766 0.045312 0.062500
0 0.248438 0.087891 0.050000 0.062500
0 0.195312 0.240234 0.050000 0.062500
0 0.179688 0.234375 0.050000 0.062500
0 0.019531 0.658203 0.039062 0.062500
