0 0.282813 0.394531 0.050000 0.062500
0 0.204687 0.541016 0.050000 0.062500
0 0.257812 0.619141 0.050000 0.062500
0 0.362500 0.679688 0.050000 0.062500
0 0.435937 0.716797 0.050000 0.062500
0 0.517188 0.609375 0.050000 0.062500
0 0.503125 0.755859 0.050000 0.062500
0 0.293750 0.933594 0.050000 0.062500
0 0.228125 0.261719 0.050000 0.062500
0 0.173437 0.453125 0.050000 0.062500
0 0.120313 0.693359 0.050000 0.062500
0 0.193750 0.656250 0.050000 0.062500
0 0.184375 0.621094 0.050000 0.062500
0 0.568750 0.351562 0.050000 0.062500
0 0.648438 0.296875 0.050000 0.062500
0 0.767188 0.238281 0.050000 0.062500
0 0.881250 0.216797 0.050000 0.062500
0 0.901563 0.277344 0.050000 0.062500
0 0.960938 0.240234 0.050000 0.062500
0 0.834375 0.367188 0.050000 0.062500
0 0.615625 0.730469 0.050000 0.062500
0 0.022656 0.779297 0.045312 0.062500
0 0.054688 0.761719 0.050000 0.062500
0 0.240625 0.375000 0.050000 0.062500
0 0.600000 0.947266 0.050000 0.062500
0 0.760938 0.892578 0.050000 0.062500
0 0.756250 0.652344 0.050000 0.062500
0 0.556250 0.404297 0.050000 0.062500
0 0.084375 0.570312 0.050000 0.062500
0 0.114062 0.585938 0.050000 0.062500
0 0.350000 0.400391 0.050000 0.062500
0 0.340625 0.376953 0.050000 0.062500
0 0.545312 0.181641 0.050000 0.062500
0 0.473438 0.132812 0.050000 0.062500
0 0.473438 0.152344 0.050000 0.062500
0 0.476562 0.091797 0.050000 0.062500
0 0.228125 0.117188 0.050000 0.062500
0 0.267188 0.671875 0.050000 0.062500
0 0.418750 0.404297 0.050000 0.062500
0 0.426563 0.380859 0.050000 0.062500
0 0.067187 0.927734 0.050000 0.062500
0 0.545312 0.675781 0.050000 0.062500
0 0.551562 0.658203 0.050000 0.062500
0 0.487500 0.314453 0.050000 0.062500
0 0.487500 0.292969 0.050000 0.062500
0 0.551562 0.382812 0.050000 0.062500
0 0.501563 0.460938 0.050000 0.062500
0 0.454688 0.421875 0.050000 0.062500
0 0.251563 0.460938 0.050000 0.062500
0 0.019531 0.845703 0.039062 0.062500
0 0.539062 0.048828 0.050000 0.062500
0 0.460938 0.023438 0.050000 0.046875
0 0.101562 0.351562 0.050000 0.062500
0 0.120313 0.326172 0.050000 0.062500
0 0.015625 0.683594 0.031250 0.062500
0 0.039062 0.486328 0.050000 0.062500
0 0.084375 0.267578 0.050000 0.062500
0 0.350000 0.078125 0.050000 0.062500
0 0.485938 0.125000 0.050000 0.062500
0 0.679688 0.132812 0.050000 0.062500
0 0.692187 0.134766 0.050000 0.062500
0 0.953125 0.337891 0.050000 0.062500
0 0.785937 0.818359 0.050000 0.062500
0 0.057813 0.812500 0.050000 0.062500
0 0.078125 0.822266 0.050000 0.062500
0 0.204687 0.587891 0.050000 0.062500
0 0.875000 0.109375 0.050000 0.062500
0 0.856250 0.113281 0.050000 0.062500
0 0.978125 0.146484 0.043750 0.062500
0 0.954688 0.138672 0.050000 0.062500
0 0.940625 0.134766 0.050000 0.062500
0 0.790625 0.361328 0.050000 0.062500
0 0.623437 0.367188 0.050000 0.062500
0 0.431250 0.466797 0.050000 0.062500
0 0.765625 0.753906 0.050000 0.062500
0 0.857812 0.699219 0.050000 0.062500
0 0.879687 0.701172 0.050000 0.062500
0 0.829688 0.979492 0.050000 0.041016
0 0.767188 0.832031 0.050000 0.062500
0 0.178125 0.304688 0.050000 0.062500
0 0.184375 0.259766 0.050000 0.062500
0 0.203125 0.250000 0.050000 0.062500
0 0.184375 0.259766 0.050000 0.062500
0 0.160938 0.250000 0.050000 0.062500
0 0.576562 0.125000 0.050000 0.062500
0 0.470313 0.028320 0.050000 0.056641
0 0.631250 0.199219 0.050000 0.062500
0 0.812500 0.132812 0.050000 0.062500
0 0.851562 0.185547 0.050000 0.062500
0 0.914062 0.193359 0.050000 0.062500
0 0.720313 0.132812 0.050000 0.062500
0 0.732812 0.144531 0.050000 0.062500
0 0.748437 0.136719 0.050000 0.062500
0 0.832812 0.109375 0.050000 0.062500
0 0.659375 0.113281 0.050000 0.062500
0 0.645312 0.115234 0.050000 0.062500
0 0.548438 0.712891 0.050000 0.062500
0 0.404687 0.128906 0.050000 0.062500
0 0.418750 0.134766 0.050000 0.062500
0 0.432812 0.144531 0.050000 0.062500
