0 0.684375 0.132812 0.050000 0.062500
0 0.746875 0.136719 0.050000 0.062500
0 0.812500 0.130859 0.050000 0.062500
0 0.260937 0.410156 0.050000 0.062500
0 0.317188 0.392578 0.050000 0.062500
0 0.326562 0.417969 0.050000 0.062500
0 0.356250 0.669922 0.050000 0.062500
0 0.437500 0.718750 0.050000 0.062500
0 0.446875 0.486328 0.050000 0.062500
0 0.562500 0.380859 0.050000 0.062500
0 0.615625 0.710938 0.050000 0.062500
0 0.498437 0.787109 0.050000 0.062500
0 0.295312 0.931641 0.050000 0.062500
0 0.189062 0.562500 0.050000 0.062500
0 0.159375 0.470703 0.050000 0.062500
0 0.734375 0.236328 0.050000 0.062500
0 0.865625 0.216797 0.050000 0.062500
0 0.259375 0.679688 0.050000 0.062500
0 0.248438 0.628906 0.050000 0.062500
0 0.187500 0.673828 0.050000 0.062500
0 0.110937 0.718750 0.050000 0.062500
0 0.226562 0.388672 0.050000 0.062500
0 0.229687 0.261719 0.050000 0.062500
0 0.368750 0.414062 0.050000 0.062500
0 0.760938 0.734375 0.050000 0.062500
0 0.862500 0.720703 0.050000 0.062500
0 0.884375 0.720703 0.050000 0.062500
0 0.750000 0.632812 0.050000 0.062500
0 0.482812 0.142578 0.050000 0.062500
0 0.471875 0.152344 0.050000 0.062500
0 0.546875 0.152344 0.050000 0.062500
0 0.476562 0.109375 0.050000 0.062500
0 0.448437 0.060547 0.050000 0.062500
0 0.942187 0.240234 0.050000 0.062500
0 0.875000 0.275391 0.050000 0.062500
0 0.921875 0.337891 0.050000 0.062500
0 0.785937 0.136719 0.050000 0.062500
0 0.715625 0.132812 0.050000 0.062500
0 0.721875 0.146484 0.050000 0.062500
0 0.835938 0.115234 0.050000 0.062500
0 0.859375 0.115234 0.050000 0.062500
0 0.873437 0.109375 0.050000 0.062500
0 0.954688 0.138672 0.050000 0.062500
0 0.978906 0.148438 0.042188 0.062500
0 0.940625 0.134766 0.050000 0.062500
0 0.892188 0.193359 0.050000 0.062500
0 0.832812 0.181641 0.050000 0.062500
0 0.653125 0.197266 0.050000 0.062500
0 0.625000 0.302734 0.050000 0.062500
0 0.592187 0.232422 0.050000 0.062500
0 0.457813 0.298828 0.050000 0.062500
0 0.457813 0.298828 0.050000 0.062500
0 0.468750 0.322266 0.050000 0.062500
0 0.201563 0.253906 0.050000 0.062500
0 0.192188 0.271484 0.050000 0.062500
0 0.184375 0.236328 0.050000 0.062500
0 0.165625 0.251953 0.050000 0.062500
0 0.209375 0.343750 0.050000 0.062500
0 0.181250 0.306641 0.050000 0.062500
0 0.248438 0.466797 0.050000 0.062500
0 0.162500 0.630859 0.050000 0.062500
0 0.162500 0.630859 0.050000 0.062500
0 0.073438 0.597656 0.050000 0.062500
0 0.042188 0.777344 0.050000 0.062500
0 0.017969 0.816406 0.035937 0.062500
0 0.016406 0.876953 0.032813 0.062500
0 0.460938 0.039062 0.050000 0.062500
0 0.543750 0.626953 0.050000 0.062500
0 0.601562 0.951172 0.050000 0.062500
0 0.748437 0.869141 0.050000 0.062500
0 0.775000 0.798828 0.050000 0.062500
0 0.773438 0.812500 0.050000 0.062500
0 0.826562 0.964844 0.050000 0.062500
0 0.881250 0.976562 0.050000 0.046875
0 0.560937 0.658203 0.050000 0.062500
0 0.067187 0.941406 0.050000 0.062500
0 0.426563 0.162109 0.050000 0.062500
0 0.410938 0.146484 0.050000 0.062500
0 0.398438 0.138672 0.050000 0.062500
0 0.226562 0.111328 0.050000 0.062500
0 0.050000 0.455078 0.050000 0.062500
0 0.064062 0.474609 0.050000 0.062500
0 0.065625 0.474609 0.050000 0.062500
0 0.081250 0.267578 0.050000 0.062500
0 0.087500 0.396484 0.050000 0.062500
0 0.023438 0.263672 0.046875 0.062500
0 0.354687 0.078125 0.050000 0.062500
0 0.437500 0.431641 0.050000 0.062500
0 0.532813 0.388672 0.050000 0.062500
0 0.567187 0.419922 0.050000 0.062500
0 0.603125 0.375000 0.050000 0.062500
0 0.548438 0.355469 0.050000 0.062500
0 0.812500 0.371094 0.050000 0.062500
0 0.764062 0.369141 0.050000 0.062500
0 0.106250 0.355469 0.050000 0.062500
0 0.120313 0.332031 0.050000 0.062500
0 0.581250 0.126953 0.050000 0.062500
0 0.164062 0.650391 0.050000 0.062500
0 0.042188 0.876953 0.050000 0.062500
0 0.031250 0.863281 0.050000 0.062500
0 0.846875 0.693359 0.050000 0.062500
0 0.539062 0.029297 0.050000 0.058594
0 0.903125 0.138672 0.050000 0.062500
