0 0.509375 0.018555 0.050000 0.037109
0 0.543750 0.093750 0.050000 0.062500
0 0.462500 0.087891 0.050000 0.062500
0 0.451562 0.101562 0.050000 0.062500
0 0.481250 0.154297 0.050000 0.062500
0 0.492188 0.173828 0.050000 0.062500
0 0.487500 0.197266 0.050000 0.062500
0 0.490625 0.216797 0.050000 0.062500
0 0.568750 0.314453 0.050000 0.062500
0 0.567187 0.339844 0.050000 0.062500
0 0.659375 0.242188 0.050000 0.062500
0 0.709375 0.191406 0.050000 0.062500
0 0.815625 0.275391 0.050000 0.062500
0 0.821875 0.212891 0.050000 0.062500
0 0.893750 0.236328 0.050000 0.062500
0 0.751563 0.681641 0.050000 0.062500
0 0.737500 0.593750 0.050000 0.062500
0 0.817187 0.671875 0.050000 0.062500
0 0.868750 0.773438 0.050000 0.062500
0 0.868750 0.773438 0.050000 0.062500
0 0.854688 0.777344 0.050000 0.062500
0 0.846875 0.951172 0.050000 0.062500
0 0.826562 0.894531 0.050000 0.062500
0 0.723437 0.806641 0.050000 0.062500
0 0.751563 0.765625 0.050000 0.062500
0 0.614062 0.658203 0.050000 0.062500
0 0.614062 0.658203 0.050000 0.062500
0 0.610938 0.673828 0.050000 0.062500
0 0.501563 0.851562 0.050000 0.062500
0 0.442188 0.705078 0.050000 0.062500
0 0.360938 0.667969 0.050000 0.062500
0 0.317188 0.537109 0.050000 0.062500
0 0.284375 0.472656 0.050000 0.062500
0 0.215625 0.457031 0.050000 0.062500
0 0.159375 0.609375 0.050000 0.062500
0 0.159375 0.712891 0.050000 0.062500
0 0.220312 0.658203 0.050000 0.062500
0 0.239063 0.712891 0.050000 0.062500
0 0.120313 0.716797 0.050000 0.062500
0 0.114062 0.521484 0.050000 0.062500
0 0.189062 0.431641 0.050000 0.062500
0 0.270313 0.425781 0.050000 0.062500
0 0.365625 0.443359 0.050000 0.062500
0 0.403125 0.455078 0.050000 0.062500
0 0.432812 0.468750 0.050000 0.062500
0 0.575000 0.419922 0.050000 0.062500
0 0.553125 0.388672 0.050000 0.062500
0 0.503125 0.373047 0.050000 0.062500
0 0.418750 0.330078 0.050000 0.062500
0 0.239063 0.261719 0.050000 0.062500
0 0.023438 0.830078 0.046875 0.062500
0 0.296875 0.937500 0.050000 0.062500
0 0.609375 0.949219 0.050000 0.062500
0 0.048438 0.972656 0.050000 0.054688
0 0.762500 0.367188 0.050000 0.062500
0 0.854688 0.339844 0.050000 0.062500
0 0.698438 0.138672 0.050000 0.062500
0 0.685937 0.134766 0.050000 0.062500
0 0.662500 0.115234 0.050000 0.062500
0 0.653125 0.115234 0.050000 0.062500
0 0.723437 0.138672 0.050000 0.062500
0 0.737500 0.140625 0.050000 0.062500
0 0.756250 0.138672 0.050000 0.062500
0 0.564063 0.654297 0.050000 0.062500
0 0.553125 0.710938 0.050000 0.062500
0 0.053125 0.683594 0.050000 0.062500
0 0.037500 0.660156 0.050000 0.062500
0 0.079687 0.751953 0.050000 0.062500
0 0.787500 0.132812 0.050000 0.062500
0 0.818750 0.136719 0.050000 0.062500
0 0.843750 0.115234 0.050000 0.062500
0 0.862500 0.113281 0.050000 0.062500
0 0.875000 0.113281 0.050000 0.062500
0 0.946875 0.136719 0.050000 0.062500
0 0.956250 0.142578 0.050000 0.062500
0 0.982031 0.150391 0.035937 0.062500
0 0.498437 0.404297 0.050000 0.062500
0 0.712500 0.371094 0.050000 0.062500
0 0.018750 0.617188 0.037500 0.062500
0 0.014063 0.658203 0.028125 0.062500
0 0.090625 0.259766 0.050000 0.062500
0 0.120313 0.347656 0.050000 0.062500
0 0.129688 0.330078 0.050000 0.062500
0 0.170313 0.253906 0.050000 0.062500
0 0.190625 0.234375 0.050000 0.062500
0 0.220312 0.230469 0.050000 0.062500
0 0.200000 0.279297 0.050000 0.062500
0 0.217188 0.330078 0.050000 0.062500
0 0.210938 0.351562 0.050000 0.062500
0 0.117188 0.445312 0.050000 0.062500
0 0.106250 0.421875 0.050000 0.062500
0 0.234375 0.113281 0.050000 0.062500
0 0.362500 0.083984 0.050000 0.062500
0 0.235937 0.087891 0.050000 0.062500
0 0.267188 0.076172 0.050000 0.062500
0 0.254688 0.070312 0.050000 0.062500
0 0.471875 0.107422 0.050000 0.062500
0 0.585938 0.126953 0.050000 0.062500
0 0.485938 0.251953 0.050000 0.062500
0 0.385937 0.177734 0.050000 0.062500
0 0.400000 0.185547 0.050000 0.062500
0 0.410938 0.191406 0.050000 0.062500
0 0.421875 0.203125 0.050000 0.062500
0 0.983594 0.298828 0.032813 0.062500
0 0.551562 0.673828 0.050000 0.062500
