0 0.476562 0.205078 0.050000 0.062500
0 0.545312 0.218750 0.050000 0.062500
0 0.743750 0.187500 0.050000 0.062500
0 0.795312 0.136719 0.050000 0.062500
0 0.823438 0.154297 0.050000 0.062500
0 0.660937 0.154297 0.050000 0.062500
0 0.623437 0.341797 0.050000 0.062500
0 0.735938 0.339844 0.050000 0.062500
0 0.884375 0.238281 0.050000 0.062500
0 0.907813 0.292969 0.050000 0.062500
0 0.404687 0.273438 0.050000 0.062500
0 0.320312 0.396484 0.050000 0.062500
0 0.329688 0.416016 0.050000 0.062500
0 0.234375 0.705078 0.050000 0.062500
0 0.378125 0.509766 0.050000 0.062500
0 0.482812 0.464844 0.050000 0.062500
0 0.460938 0.611328 0.050000 0.062500
0 0.814063 0.687500 0.050000 0.062500
0 0.812500 0.664062 0.050000 0.062500
0 0.543750 0.777344 0.050000 0.062500
0 0.585938 0.703125 0.050000 0.062500
0 0.582812 0.916016 0.050000 0.062500
0 0.596875 0.919922 0.050000 0.062500
0 0.159375 0.429688 0.050000 0.062500
0 0.184375 0.382812 0.050000 0.062500
0 0.229687 0.261719 0.050000 0.062500
0 0.303125 0.308594 0.050000 0.062500
0 0.156250 0.644531 0.050000 0.062500
0 0.192188 0.451172 0.050000 0.062500
0 0.078125 0.527344 0.050000 0.062500
0 0.376563 0.119141 0.050000 0.062500
0 0.337500 0.173828 0.050000 0.062500
0 0.760938 0.128906 0.050000 0.062500
0 0.732812 0.123047 0.050000 0.062500
0 0.748437 0.119141 0.050000 0.062500
0 0.935937 0.091797 0.050000 0.062500
0 0.506250 0.748047 0.050000 0.062500
0 0.353125 0.667969 0.050000 0.062500
0 0.110937 0.917969 0.050000 0.062500
0 0.039062 0.531250 0.050000 0.062500
0 0.076563 0.433594 0.050000 0.062500
0 0.131250 0.216797 0.050000 0.062500
0 0.137500 0.201172 0.050000 0.062500
0 0.123438 0.236328 0.050000 0.062500
0 0.025000 0.363281 0.050000 0.062500
0 0.020313 0.349609 0.040625 0.062500
0 0.065625 0.417969 0.050000 0.062500
0 0.025000 0.421875 0.050000 0.062500
0 0.026562 0.259766 0.050000 0.062500
0 0.042188 0.210938 0.050000 0.062500
0 0.014844 0.240234 0.029687 0.062500
0 0.022656 0.164062 0.045312 0.062500
0 0.039062 0.111328 0.050000 0.062500
0 0.054688 0.095703 0.050000 0.062500
0 0.248438 0.199219 0.050000 0.062500
0 0.426563 0.359375 0.050000 0.062500
0 0.451562 0.326172 0.050000 0.062500
0 0.625000 0.265625 0.050000 0.062500
0 0.403125 0.302734 0.050000 0.062500
0 0.348438 0.373047 0.050000 0.062500
0 0.334375 0.380859 0.050000 0.062500
0 0.487500 0.818359 0.050000 0.062500
0 0.528125 0.634766 0.050000 0.062500
0 0.509375 0.648438 0.050000 0.062500
0 0.951562 0.880859 0.050000 0.062500
0 0.968750 0.886719 0.050000 0.062500
0 0.983594 0.900391 0.032813 0.062500
0 0.983594 0.921875 0.032813 0.062500
0 0.926562 0.875000 0.050000 0.062500
0 0.907813 0.880859 0.050000 0.062500
0 0.546875 0.857422 0.050000 0.062500
0 0.851562 0.107422 0.050000 0.062500
0 0.939063 0.126953 0.050000 0.062500
0 0.934375 0.341797 0.050000 0.062500
0 0.950000 0.359375 0.050000 0.062500
0 0.970313 0.345703 0.050000 0.062500
0 0.498437 0.125000 0.050000 0.062500
0 0.487500 0.125000 0.050000 0.062500
0 0.525000 0.126953 0.050000 0.062500
0 0.534375 0.130859 0.050000 0.062500
0 0.557813 0.130859 0.050000 0.062500
0 0.585938 0.126953 0.050000 0.062500
0 0.620313 0.128906 0.050000 0.062500
0 0.462500 0.103516 0.050000 0.062500
0 0.453125 0.107422 0.050000 0.062500
0 0.667188 0.105469 0.050000 0.062500
0 0.678125 0.095703 0.050000 0.062500
0 0.979688 0.136719 0.040625 0.062500
0 0.982812 0.117188 0.034375 0.062500
0 0.389062 0.107422 0.050000 0.062500
0 0.403125 0.107422 0.050000 0.062500
0 0.446875 0.160156 0.050000 0.062500
0 0.159375 0.072266 0.050000 0.062500
0 0.373437 0.417969 0.050000 0.062500
0 0.215625 0.462891 0.050000 0.062500
0 0.259375 0.982422 0.050000 0.035156
