0 0.032813 0.355469 0.050000 0.062500
0 0.065625 0.236328 0.050000 0.062500
0 0.210938 0.222656 0.050000 0.062500
0 0.496875 0.476562 0.050000 0.062500
0 0.685937 0.507812 0.050000 0.062500
0 0.803125 0.671875 0.050000 0.062500
0 0.814063 0.730469 0.050000 0.062500
0 0.371875 0.677734 0.050000 0.062500
0 0.359375 0.720703 0.050000 0.062500
0 0.846875 0.020508 0.050000 0.041016
0 0.871875 0.029297 0.050000 0.058594
0 0.900000 0.066406 0.050000 0.062500
0 0.982812 0.199219 0.034375 0.062500
0 0.960938 0.142578 0.050000 0.062500
0 0.948438 0.082031 0.050000 0.062500
0 0.898438 0.117188 0.050000 0.062500
