0 0.526563 0.230469 0.050000 0.062500
0 0.485938 0.449219 0.050000 0.062500
0 0.464062 0.593750 0.050000 0.062500
0 0.821875 0.669922 0.050000 0.062500
0 0.812500 0.695312 0.050000 0.062500
0 0.960938 0.886719 0.050000 0.062500
0 0.931250 0.884766 0.050000 0.062500
0 0.928125 0.365234 0.050000 0.062500
0 0.948438 0.355469 0.050000 0.062500
0 0.980469 0.269531 0.039062 0.062500
0 0.885938 0.302734 0.050000 0.062500
0 0.856250 0.240234 0.050000 0.062500
0 0.720313 0.187500 0.050000 0.062500
0 0.690625 0.152344 0.050000 0.062500
0 0.835938 0.160156 0.050000 0.062500
0 0.318750 0.343750 0.050000 0.062500
0 0.204687 0.285156 0.050000 0.062500
0 0.250000 0.220703 0.050000 0.062500
0 0.160938 0.408203 0.050000 0.062500
0 0.145313 0.455078 0.050000 0.062500
0 0.179688 0.666016 0.050000 0.062500
0 0.254688 0.705078 0.050000 0.062500
0 0.362500 0.669922 0.050000 0.062500
0 0.367188 0.712891 0.050000 0.062500
0 0.531250 0.638672 0.050000 0.062500
0 0.587500 0.677734 0.050000 0.062500
0 0.537500 0.750000 0.050000 0.062500
0 0.503125 0.775391 0.050000 0.062500
0 0.545312 0.835938 0.050000 0.062500
0 0.576562 0.949219 0.050000 0.062500
0 0.679688 0.783203 0.050000 0.062500
0 0.737500 0.589844 0.050000 0.062500
0 0.825000 0.537109 0.050000 0.062500
0 0.337500 0.429688 0.050000 0.062500
0 0.343750 0.449219 0.050000 0.062500
0 0.382812 0.421875 0.050000 0.062500
0 0.417187 0.363281 0.050000 0.062500
0 0.379688 0.287109 0.050000 0.062500
0 0.340625 0.314453 0.050000 0.062500
0 0.198437 0.486328 0.050000 0.062500
0 0.245312 0.466797 0.050000 0.062500
0 0.068750 0.541016 0.050000 0.062500
0 0.053125 0.453125 0.050000 0.062500
0 0.343750 0.148438 0.050000 0.062500
0 0.117188 0.931641 0.050000 0.062500
0 0.564063 0.132812 0.050000 0.062500
0 0.690625 0.109375 0.050000 0.062500
0 0.673438 0.109375 0.050000 0.062500
0 0.771875 0.134766 0.050000 0.062500
0 0.806250 0.136719 0.050000 0.062500
0 0.604688 0.345703 0.050000 0.062500
0 0.709375 0.343750 0.050000 0.062500
0 0.601562 0.279297 0.050000 0.062500
0 0.382812 0.488281 0.050000 0.062500
0 0.032813 0.550781 0.050000 0.062500
0 0.050000 0.890625 0.050000 0.062500
0 0.514062 0.851562 0.050000 0.062500
0 0.017969 0.437500 0.035937 0.062500
0 0.035937 0.375000 0.050000 0.062500
0 0.021875 0.349609 0.043750 0.062500
0 0.112500 0.240234 0.050000 0.062500
0 0.121875 0.220703 0.050000 0.062500
0 0.031250 0.255859 0.050000 0.062500
0 0.017969 0.242188 0.035937 0.062500
0 0.175000 0.083984 0.050000 0.062500
0 0.048438 0.115234 0.050000 0.062500
0 0.060937 0.101562 0.050000 0.062500
0 0.598437 0.132812 0.050000 0.062500
0 0.457813 0.212891 0.050000 0.062500
0 0.532813 0.128906 0.050000 0.062500
0 0.500000 0.126953 0.050000 0.062500
0 0.514062 0.126953 0.050000 0.062500
0 0.181250 0.466797 0.050000 0.062500
0 0.325000 0.376953 0.050000 0.062500
0 0.423438 0.337891 0.050000 0.062500
0 0.628125 0.130859 0.050000 0.062500
0 0.862500 0.109375 0.050000 0.062500
0 0.945312 0.144531 0.050000 0.062500
0 0.943750 0.099609 0.050000 0.062500
0 0.984375 0.142578 0.031250 0.062500
0 0.918750 0.890625 0.050000 0.062500
0 0.590625 0.949219 0.050000 0.062500
0 0.404687 0.136719 0.050000 0.062500
0 0.396875 0.109375 0.050000 0.062500
0 0.445312 0.166016 0.050000 0.062500
0 0.018750 0.166016 0.037500 0.062500
