0 0.410938 0.339844 0.050000 0.062500
0 0.409375 0.365234 0.050000 0.062500
0 0.518750 0.232422 0.050000 0.062500
0 0.451562 0.208984 0.050000 0.062500
0 0.482812 0.443359 0.050000 0.062500
0 0.389062 0.482422 0.050000 0.062500
0 0.340625 0.457031 0.050000 0.062500
0 0.312500 0.392578 0.050000 0.062500
0 0.320312 0.357422 0.050000 0.062500
0 0.318750 0.316406 0.050000 0.062500
0 0.368750 0.287109 0.050000 0.062500
0 0.189062 0.667969 0.050000 0.062500
0 0.254688 0.707031 0.050000 0.062500
0 0.118750 0.939453 0.050000 0.062500
0 0.535937 0.740234 0.050000 0.062500
0 0.576562 0.667969 0.050000 0.062500
0 0.820312 0.675781 0.050000 0.062500
0 0.809375 0.697266 0.050000 0.062500
0 0.935937 0.355469 0.050000 0.062500
0 0.917188 0.365234 0.050000 0.062500
0 0.873437 0.302734 0.050000 0.062500
0 0.843750 0.246094 0.050000 0.062500
0 0.712500 0.187500 0.050000 0.062500
0 0.693750 0.152344 0.050000 0.062500
0 0.806250 0.148438 0.050000 0.062500
0 0.834375 0.167969 0.050000 0.062500
0 0.971875 0.271484 0.050000 0.062500
0 0.985156 0.250000 0.029687 0.062500
0 0.537500 0.828125 0.050000 0.062500
0 0.503125 0.785156 0.050000 0.062500
0 0.518750 0.857422 0.050000 0.062500
0 0.571875 0.962891 0.050000 0.062500
0 0.243750 0.464844 0.050000 0.062500
0 0.596875 0.351562 0.050000 0.062500
0 0.445312 0.167969 0.050000 0.062500
0 0.407813 0.146484 0.050000 0.062500
0 0.395313 0.117188 0.050000 0.062500
0 0.342187 0.142578 0.050000 0.062500
0 0.189062 0.291016 0.050000 0.062500
0 0.245312 0.234375 0.050000 0.062500
0 0.151562 0.410156 0.050000 0.062500
0 0.135937 0.457031 0.050000 0.062500
0 0.059375 0.546875 0.050000 0.062500
0 0.025000 0.562500 0.050000 0.062500
0 0.051562 0.468750 0.050000 0.062500
0 0.045312 0.451172 0.050000 0.062500
0 0.031250 0.375000 0.050000 0.062500
0 0.021094 0.351562 0.042188 0.062500
0 0.110937 0.242188 0.050000 0.062500
0 0.050000 0.117188 0.050000 0.062500
0 0.060937 0.101562 0.050000 0.062500
0 0.450000 0.591797 0.050000 0.062500
0 0.531250 0.638672 0.050000 0.062500
0 0.509375 0.621094 0.050000 0.062500
0 0.510938 0.136719 0.050000 0.062500
0 0.510938 0.136719 0.050000 0.062500
0 0.500000 0.132812 0.050000 0.062500
0 0.020313 0.181641 0.040625 0.062500
0 0.034375 0.257812 0.050000 0.062500
0 0.770312 0.138672 0.050000 0.062500
0 0.945312 0.146484 0.050000 0.062500
0 0.984375 0.142578 0.031250 0.062500
0 0.864062 0.111328 0.050000 0.062500
0 0.629687 0.136719 0.050000 0.062500
0 0.600000 0.134766 0.050000 0.062500
0 0.535937 0.134766 0.050000 0.062500
0 0.564063 0.136719 0.050000 0.062500
0 0.360938 0.671875 0.050000 0.062500
0 0.017969 0.238281 0.035937 0.062500
0 0.689063 0.111328 0.050000 0.062500
0 0.675000 0.109375 0.050000 0.062500
0 0.134375 0.214844 0.050000 0.062500
0 0.334375 0.435547 0.050000 0.062500
0 0.353125 0.433594 0.050000 0.062500
0 0.696875 0.345703 0.050000 0.062500
0 0.960938 0.888672 0.050000 0.062500
0 0.589063 0.960938 0.050000 0.062500
0 0.893750 0.343750 0.050000 0.062500
0 0.946875 0.103516 0.050000 0.062500
0 0.165625 0.478516 0.050000 0.062500
0 0.189062 0.500000 0.050000 0.062500
0 0.173437 0.083984 0.050000 0.062500
0 0.825000 0.539062 0.050000 0.062500
0 0.934375 0.886719 0.050000 0.062500
0 0.912500 0.888672 0.050000 0.062500
0 0.589063 0.277344 0.050000 0.062500
0 0.375000 0.654297 0.050000 0.062500
0 0.370312 0.710938 0.050000 0.062500
