0 0.614062 0.646484 0.050000 0.062500
0 0.614062 0.667969 0.050000 0.062500
0 0.621875 0.695312 0.050000 0.062500
0 0.800000 0.630859 0.050000 0.062500
0 0.728125 0.527344 0.050000 0.062500
0 0.575000 0.587891 0.050000 0.062500
0 0.528125 0.570312 0.050000 0.062500
0 0.382812 0.580078 0.050000 0.062500
0 0.390625 0.642578 0.050000 0.062500
0 0.414062 0.699219 0.050000 0.062500
0 0.323437 0.621094 0.050000 0.062500
0 0.267188 0.580078 0.050000 0.062500
0 0.296875 0.507812 0.050000 0.062500
0 0.390625 0.464844 0.050000 0.062500
0 0.389062 0.400391 0.050000 0.062500
0 0.382812 0.322266 0.050000 0.062500
0 0.289062 0.400391 0.050000 0.062500
0 0.246875 0.400391 0.050000 0.062500
0 0.195312 0.470703 0.050000 0.062500
0 0.167187 0.542969 0.050000 0.062500
0 0.092188 0.486328 0.050000 0.062500
0 0.051562 0.531250 0.050000 0.062500
0 0.048438 0.589844 0.050000 0.062500
0 0.095312 0.666016 0.050000 0.062500
0 0.195312 0.400391 0.050000 0.062500
0 0.276562 0.339844 0.050000 0.062500
0 0.376563 0.269531 0.050000 0.062500
0 0.381250 0.222656 0.050000 0.062500
0 0.385937 0.154297 0.050000 0.062500
0 0.384375 0.078125 0.050000 0.062500
0 0.432812 0.076172 0.050000 0.062500
0 0.426563 0.150391 0.050000 0.062500
0 0.425000 0.214844 0.050000 0.062500
0 0.431250 0.304688 0.050000 0.062500
0 0.425000 0.351562 0.050000 0.062500
0 0.425000 0.404297 0.050000 0.062500
0 0.182812 0.285156 0.050000 0.062500
0 0.123438 0.339844 0.050000 0.062500
0 0.104688 0.400391 0.050000 0.062500
0 0.071875 0.396484 0.050000 0.062500
0 0.051562 0.283203 0.050000 0.062500
0 0.031250 0.160156 0.050000 0.062500
0 0.039062 0.105469 0.050000 0.062500
0 0.073438 0.048828 0.050000 0.062500
0 0.034375 0.208984 0.050000 0.062500
0 0.050000 0.016602 0.050000 0.033203
0 0.128125 0.283203 0.050000 0.062500
0 0.082812 0.283203 0.050000 0.062500
0 0.070312 0.337891 0.050000 0.062500
0 0.025000 0.333984 0.050000 0.062500
0 0.165625 0.400391 0.050000 0.062500
0 0.234375 0.343750 0.050000 0.062500
0 0.259375 0.283203 0.050000 0.062500
0 0.220312 0.287109 0.050000 0.062500
0 0.357812 0.396484 0.050000 0.062500
0 0.323437 0.402344 0.050000 0.062500
0 0.325000 0.353516 0.050000 0.062500
0 0.329688 0.289062 0.050000 0.062500
0 0.334375 0.228516 0.050000 0.062500
0 0.339062 0.150391 0.050000 0.062500
0 0.335938 0.095703 0.050000 0.062500
0 0.337500 0.028320 0.050000 0.056641
0 0.381250 0.025391 0.050000 0.050781
0 0.142187 0.517578 0.050000 0.062500
0 0.114062 0.476562 0.050000 0.062500
0 0.264062 0.484375 0.050000 0.062500
0 0.371875 0.527344 0.050000 0.062500
0 0.467187 0.501953 0.050000 0.062500
0 0.851562 0.173828 0.050000 0.062500
0 0.934375 0.537109 0.050000 0.062500
0 0.945312 0.558594 0.050000 0.062500
0 0.821875 0.541016 0.050000 0.062500
0 0.781250 0.529297 0.050000 0.062500
0 0.742188 0.507812 0.050000 0.062500
0 0.704688 0.484375 0.050000 0.062500
0 0.668750 0.410156 0.050000 0.062500
0 0.604688 0.394531 0.050000 0.062500
0 0.609375 0.546875 0.050000 0.062500
0 0.556250 0.537109 0.050000 0.062500
0 0.565625 0.501953 0.050000 0.062500
0 0.532813 0.158203 0.050000 0.062500
0 0.587500 0.142578 0.050000 0.062500
0 0.607812 0.030273 0.050000 0.060547
0 0.631250 0.027344 0.050000 0.054688
0 0.618750 0.048828 0.050000 0.062500
0 0.581250 0.044922 0.050000 0.062500
0 0.632812 0.623047 0.050000 0.062500
0 0.646875 0.611328 0.050000 0.062500
0 0.729688 0.638672 0.050000 0.062500
0 0.587500 0.166016 0.050000 0.062500
0 0.326562 0.519531 0.050000 0.062500
0 0.173437 0.197266 0.050000 0.062500
0 0.146875 0.150391 0.050000 0.062500
0 0.985938 0.498047 0.028125 0.062500
0 0.585938 0.677734 0.050000 0.062500
0 0.087500 0.640625 0.050000 0.062500
0 0.389062 0.447266 0.050000 0.062500
0 0.782813 0.503906 0.050000 0.062500
