0 0.585938 0.523438 0.050000 0.062500
0 0.510938 0.517578 0.050000 0.062500
0 0.504687 0.476562 0.050000 0.062500
0 0.712500 0.464844 0.050000 0.062500
0 0.721875 0.523438 0.050000 0.062500
0 0.717187 0.498047 0.050000 0.062500
0 0.820312 0.359375 0.050000 0.062500
0 0.737500 0.367188 0.050000 0.062500
0 0.864062 0.326172 0.050000 0.062500
0 0.701562 0.230469 0.050000 0.062500
0 0.448437 0.562500 0.050000 0.062500
0 0.317188 0.562500 0.050000 0.062500
0 0.295312 0.539062 0.050000 0.062500
0 0.275000 0.648438 0.050000 0.062500
0 0.164062 0.585938 0.050000 0.062500
0 0.123438 0.656250 0.050000 0.062500
0 0.115625 0.529297 0.050000 0.062500
0 0.081250 0.693359 0.050000 0.062500
0 0.903125 0.162109 0.050000 0.062500
0 0.920312 0.189453 0.050000 0.062500
0 0.940625 0.156250 0.050000 0.062500
0 0.960938 0.144531 0.050000 0.062500
0 0.983594 0.208984 0.032813 0.062500
0 0.978906 0.031250 0.042188 0.062500
0 0.912500 0.265625 0.050000 0.062500
0 0.923438 0.369141 0.050000 0.062500
0 0.923438 0.367188 0.050000 0.062500
0 0.909375 0.359375 0.050000 0.062500
0 0.845313 0.517578 0.050000 0.062500
0 0.262500 0.537109 0.050000 0.062500
0 0.215625 0.640625 0.050000 0.062500
0 0.226562 0.521484 0.050000 0.062500
0 0.106250 0.546875 0.050000 0.062500
0 0.073438 0.585938 0.050000 0.062500
0 0.054688 0.533203 0.050000 0.062500
0 0.050000 0.509766 0.050000 0.062500
0 0.039062 0.472656 0.050000 0.062500
0 0.025000 0.484375 0.050000 0.062500
0 0.076563 0.667969 0.050000 0.062500
0 0.076563 0.650391 0.050000 0.062500
0 0.267188 0.119141 0.050000 0.062500
0 0.529687 0.016602 0.050000 0.033203
0 0.673438 0.029297 0.050000 0.058594
0 0.842187 0.103516 0.050000 0.062500
0 0.842187 0.103516 0.050000 0.062500
0 0.854688 0.095703 0.050000 0.062500
0 0.557813 0.730469 0.050000 0.062500
0 0.550000 0.626953 0.050000 0.062500
0 0.860938 0.695312 0.050000 0.062500
0 0.854688 0.679688 0.050000 0.062500
0 0.876563 0.576172 0.050000 0.062500
0 0.893750 0.578125 0.050000 0.062500
0 0.920312 0.617188 0.050000 0.062500
0 0.943750 0.625000 0.050000 0.062500
0 0.931250 0.675781 0.050000 0.062500
0 0.967187 0.773438 0.050000 0.062500
0 0.980469 0.750000 0.039062 0.062500
0 0.775000 0.802734 0.050000 0.062500
0 0.756250 0.802734 0.050000 0.062500
0 0.742188 0.791016 0.050000 0.062500
0 0.728125 0.800781 0.050000 0.062500
0 0.704688 0.791016 0.050000 0.062500
0 0.664062 0.783203 0.050000 0.062500
0 0.585938 0.714844 0.050000 0.062500
0 0.628125 0.662109 0.050000 0.062500
0 0.878125 0.810547 0.050000 0.062500
0 0.582812 0.757812 0.050000 0.062500
0 0.543750 0.738281 0.050000 0.062500
0 0.489063 0.746094 0.050000 0.062500
0 0.489063 0.746094 0.050000 0.062500
0 0.496875 0.730469 0.050000 0.062500
0 0.978906 0.699219 0.042188 0.062500
0 0.977344 0.669922 0.045312 0.062500
0 0.903125 0.818359 0.050000 0.062500
0 0.425000 0.539062 0.050000 0.062500
0 0.646875 0.439453 0.050000 0.062500
0 0.643750 0.416016 0.050000 0.062500
0 0.675000 0.455078 0.050000 0.062500
0 0.984375 0.355469 0.031250 0.062500
0 0.340625 0.777344 0.050000 0.062500
0 0.243750 0.851562 0.050000 0.062500
0 0.721875 0.230469 0.050000 0.062500
0 0.659375 0.185547 0.050000 0.062500
