0 0.950000 0.167969 0.050000 0.062500
0 0.971875 0.166016 0.050000 0.062500
0 0.956250 0.275391 0.050000 0.062500
0 0.914062 0.339844 0.050000 0.062500
0 0.864062 0.367188 0.050000 0.062500
0 0.779687 0.382812 0.050000 0.062500
0 0.767188 0.486328 0.050000 0.062500
0 0.770312 0.539062 0.050000 0.062500
0 0.760938 0.511719 0.050000 0.062500
0 0.721875 0.480469 0.050000 0.062500
0 0.709375 0.453125 0.050000 0.062500
0 0.628125 0.550781 0.050000 0.062500
0 0.556250 0.546875 0.050000 0.062500
0 0.501563 0.591797 0.050000 0.062500
0 0.315625 0.687500 0.050000 0.062500
0 0.360938 0.593750 0.050000 0.062500
0 0.315625 0.570312 0.050000 0.062500
0 0.281250 0.552734 0.050000 0.062500
0 0.229687 0.623047 0.050000 0.062500
0 0.179688 0.687500 0.050000 0.062500
0 0.557813 0.039062 0.050000 0.062500
0 0.659375 0.031250 0.050000 0.062500
0 0.709375 0.044922 0.050000 0.062500
0 0.845313 0.121094 0.050000 0.062500
0 0.859375 0.117188 0.050000 0.062500
0 0.728125 0.269531 0.050000 0.062500
0 0.748437 0.265625 0.050000 0.062500
0 0.687500 0.226562 0.050000 0.062500
0 0.951562 0.373047 0.050000 0.062500
0 0.965625 0.392578 0.050000 0.062500
0 0.875000 0.556641 0.050000 0.062500
0 0.884375 0.716797 0.050000 0.062500
0 0.878125 0.738281 0.050000 0.062500
0 0.181250 0.572266 0.050000 0.062500
0 0.154688 0.589844 0.050000 0.062500
0 0.098437 0.550781 0.050000 0.062500
0 0.067187 0.509766 0.050000 0.062500
0 0.059375 0.529297 0.050000 0.062500
0 0.032813 0.187500 0.050000 0.062500
0 0.017969 0.175781 0.035937 0.062500
0 0.123438 0.689453 0.050000 0.062500
0 0.123438 0.710938 0.050000 0.062500
0 0.137500 0.728516 0.050000 0.062500
0 0.487500 0.578125 0.050000 0.062500
0 0.557813 0.503906 0.050000 0.062500
0 0.982812 0.179688 0.034375 0.062500
0 0.371875 0.812500 0.050000 0.062500
0 0.600000 0.662109 0.050000 0.062500
0 0.975000 0.734375 0.050000 0.062500
0 0.931250 0.617188 0.050000 0.062500
0 0.910937 0.611328 0.050000 0.062500
0 0.950000 0.640625 0.050000 0.062500
0 0.959375 0.654297 0.050000 0.062500
0 0.653125 0.699219 0.050000 0.062500
0 0.284375 0.183594 0.050000 0.062500
0 0.523438 0.775391 0.050000 0.062500
0 0.535937 0.779297 0.050000 0.062500
0 0.573438 0.783203 0.050000 0.062500
0 0.590625 0.783203 0.050000 0.062500
0 0.606250 0.792969 0.050000 0.062500
0 0.620313 0.750000 0.050000 0.062500
0 0.698438 0.826172 0.050000 0.062500
0 0.737500 0.826172 0.050000 0.062500
0 0.762500 0.833984 0.050000 0.062500
0 0.773438 0.832031 0.050000 0.062500
0 0.789062 0.839844 0.050000 0.062500
0 0.957812 0.902344 0.050000 0.062500
