0 0.796875 0.544922 0.050000 0.062500
0 0.787500 0.521484 0.050000 0.062500
0 0.785937 0.488281 0.050000 0.062500
0 0.751563 0.486328 0.050000 0.062500
0 0.742188 0.455078 0.050000 0.062500
0 0.709375 0.443359 0.050000 0.062500
0 0.798438 0.394531 0.050000 0.062500
0 0.881250 0.367188 0.050000 0.062500
0 0.929688 0.343750 0.050000 0.062500
0 0.975000 0.277344 0.050000 0.062500
0 0.965625 0.166016 0.050000 0.062500
0 0.982812 0.156250 0.034375 0.062500
0 0.971875 0.378906 0.050000 0.062500
0 0.978906 0.390625 0.042188 0.062500
0 0.884375 0.564453 0.050000 0.062500
0 0.656250 0.558594 0.050000 0.062500
0 0.578125 0.552734 0.050000 0.062500
0 0.518750 0.603516 0.050000 0.062500
0 0.503125 0.582031 0.050000 0.062500
0 0.387500 0.603516 0.050000 0.062500
0 0.373437 0.583984 0.050000 0.062500
0 0.342187 0.697266 0.050000 0.062500
0 0.198437 0.699219 0.050000 0.062500
0 0.256250 0.634766 0.050000 0.062500
0 0.203125 0.580078 0.050000 0.062500
0 0.173437 0.603516 0.050000 0.062500
0 0.140625 0.712891 0.050000 0.062500
0 0.154688 0.732422 0.050000 0.062500
0 0.120313 0.556641 0.050000 0.062500
0 0.068750 0.539062 0.050000 0.062500
0 0.079687 0.521484 0.050000 0.062500
0 0.295312 0.193359 0.050000 0.062500
0 0.042188 0.183594 0.050000 0.062500
0 0.567187 0.048828 0.050000 0.062500
0 0.668750 0.042969 0.050000 0.062500
0 0.712500 0.039062 0.050000 0.062500
0 0.575000 0.019531 0.050000 0.039062
0 0.578125 0.509766 0.050000 0.062500
0 0.860938 0.117188 0.050000 0.062500
0 0.848437 0.128906 0.050000 0.062500
0 0.617188 0.666016 0.050000 0.062500
0 0.298438 0.564453 0.050000 0.062500
0 0.340625 0.574219 0.050000 0.062500
0 0.734375 0.285156 0.050000 0.062500
0 0.698438 0.232422 0.050000 0.062500
0 0.914062 0.861328 0.050000 0.062500
0 0.379688 0.820312 0.050000 0.062500
0 0.535937 0.785156 0.050000 0.062500
0 0.584375 0.777344 0.050000 0.062500
0 0.595313 0.800781 0.050000 0.062500
0 0.615625 0.800781 0.050000 0.062500
0 0.625000 0.759766 0.050000 0.062500
0 0.665625 0.708984 0.050000 0.062500
0 0.706250 0.833984 0.050000 0.062500
0 0.748437 0.835938 0.050000 0.062500
0 0.775000 0.841797 0.050000 0.062500
0 0.793750 0.845703 0.050000 0.062500
0 0.810937 0.851562 0.050000 0.062500
0 0.875000 0.726562 0.050000 0.062500
0 0.918750 0.615234 0.050000 0.062500
0 0.937500 0.628906 0.050000 0.062500
0 0.895312 0.732422 0.050000 0.062500
0 0.881250 0.748047 0.050000 0.062500
