0 0.737500 0.224609 0.050000 0.062500
0 0.773438 0.222656 0.050000 0.062500
0 0.807813 0.212891 0.050000 0.062500
0 0.804688 0.179688 0.050000 0.062500
0 0.865625 0.220703 0.050000 0.062500
0 0.918750 0.205078 0.050000 0.062500
0 0.917188 0.193359 0.050000 0.062500
0 0.895312 0.095703 0.050000 0.062500
0 0.848437 0.126953 0.050000 0.062500
0 0.873437 0.062500 0.050000 0.062500
0 0.829688 0.117188 0.050000 0.062500
0 0.707812 0.189453 0.050000 0.062500
0 0.639062 0.199219 0.050000 0.062500
0 0.582812 0.201172 0.050000 0.062500
0 0.553125 0.320312 0.050000 0.062500
0 0.553125 0.324219 0.050000 0.062500
0 0.501563 0.283203 0.050000 0.062500
0 0.504687 0.199219 0.050000 0.062500
0 0.448437 0.080078 0.050000 0.062500
0 0.443750 0.028320 0.050000 0.056641
0 0.407813 0.285156 0.050000 0.062500
0 0.342187 0.230469 0.050000 0.062500
0 0.345313 0.187500 0.050000 0.062500
0 0.267188 0.238281 0.050000 0.062500
0 0.260937 0.208984 0.050000 0.062500
0 0.170313 0.115234 0.050000 0.062500
0 0.178125 0.142578 0.050000 0.062500
0 0.160938 0.156250 0.050000 0.062500
0 0.139063 0.175781 0.050000 0.062500
0 0.082812 0.171875 0.050000 0.062500
0 0.076563 0.089844 0.050000 0.062500
0 0.078125 0.048828 0.050000 0.062500
0 0.098437 0.052734 0.050000 0.062500
0 0.053125 0.228516 0.050000 0.062500
0 0.062500 0.214844 0.050000 0.062500
0 0.306250 0.351562 0.050000 0.062500
0 0.359375 0.546875 0.050000 0.062500
0 0.365625 0.570312 0.050000 0.062500
0 0.351562 0.583984 0.050000 0.062500
0 0.435937 0.425781 0.050000 0.062500
0 0.584375 0.468750 0.050000 0.062500
0 0.596875 0.476562 0.050000 0.062500
0 0.609375 0.488281 0.050000 0.062500
0 0.514062 0.449219 0.050000 0.062500
0 0.534375 0.451172 0.050000 0.062500
0 0.725000 0.298828 0.050000 0.062500
0 0.725000 0.296875 0.050000 0.062500
0 0.717187 0.285156 0.050000 0.062500
0 0.795312 0.310547 0.050000 0.062500
0 0.876563 0.367188 0.050000 0.062500
0 0.893750 0.365234 0.050000 0.062500
0 0.935937 0.304688 0.050000 0.062500
0 0.909375 0.285156 0.050000 0.062500
0 0.943750 0.242188 0.050000 0.062500
0 0.975000 0.183594 0.050000 0.062500
0 0.981250 0.101562 0.037500 0.062500
0 0.983594 0.082031 0.032813 0.062500
0 0.985938 0.115234 0.028125 0.062500
0 0.960938 0.097656 0.050000 0.062500
0 0.978125 0.220703 0.043750 0.062500
0 0.921875 0.398438 0.050000 0.062500
0 0.979688 0.365234 0.040625 0.062500
0 0.970313 0.337891 0.050000 0.062500
0 0.851562 0.427734 0.050000 0.062500
0 0.903125 0.337891 0.050000 0.062500
0 0.457813 0.509766 0.050000 0.062500
0 0.459375 0.533203 0.050000 0.062500
0 0.693750 0.519531 0.050000 0.062500
0 0.475000 0.550781 0.050000 0.062500
0 0.476562 0.566406 0.050000 0.062500
0 0.410938 0.648438 0.050000 0.062500
0 0.728125 0.623047 0.050000 0.062500
0 0.756250 0.642578 0.050000 0.062500
0 0.750000 0.695312 0.050000 0.062500
0 0.726562 0.673828 0.050000 0.062500
0 0.415625 0.722656 0.050000 0.062500
0 0.750000 0.515625 0.050000 0.062500
0 0.168750 0.507812 0.050000 0.062500
0 0.201563 0.544922 0.050000 0.062500
0 0.220312 0.570312 0.050000 0.062500
0 0.232813 0.578125 0.050000 0.062500
0 0.248438 0.605469 0.050000 0.062500
0 0.234375 0.591797 0.050000 0.062500
0 0.440625 0.710938 0.050000 0.062500
0 0.421875 0.740234 0.050000 0.062500
0 0.425000 0.753906 0.050000 0.062500
0 0.446875 0.757812 0.050000 0.062500
0 0.679688 0.673828 0.050000 0.062500
0 0.567187 0.923828 0.050000 0.062500
0 0.543750 0.927734 0.050000 0.062500
0 0.503125 0.906250 0.050000 0.062500
0 0.390625 0.892578 0.050000 0.062500
0 0.392188 0.916016 0.050000 0.062500
0 0.334375 0.841797 0.050000 0.062500
0 0.350000 0.775391 0.050000 0.062500
0 0.350000 0.712891 0.050000 0.062500
0 0.326562 0.685547 0.050000 0.062500
0 0.342187 0.648438 0.050000 0.062500
0 0.139063 0.390625 0.050000 0.062500
0 0.107813 0.419922 0.050000 0.062500
0 0.056250 0.347656 0.050000 0.062500
0 0.100000 0.402344 0.050000 0.062500
0 0.743750 0.443359 0.050000 0.062500
0 0.821875 0.515625 0.050000 0.062500
0 0.712500 0.488281 0.050000 0.062500
0 0.809375 0.638672 0.050000 0.062500
