0 0.668750 0.207031 0.050000 0.062500
0 0.725000 0.193359 0.050000 0.062500
0 0.756250 0.230469 0.050000 0.062500
0 0.787500 0.224609 0.050000 0.062500
0 0.820312 0.224609 0.050000 0.062500
0 0.823438 0.195312 0.050000 0.062500
0 0.520312 0.292969 0.050000 0.062500
0 0.557813 0.267578 0.050000 0.062500
0 0.600000 0.214844 0.050000 0.062500
0 0.525000 0.205078 0.050000 0.062500
0 0.364063 0.248047 0.050000 0.062500
0 0.323437 0.367188 0.050000 0.062500
0 0.285938 0.259766 0.050000 0.062500
0 0.423438 0.300781 0.050000 0.062500
0 0.445312 0.439453 0.050000 0.062500
0 0.367188 0.562500 0.050000 0.062500
0 0.153125 0.193359 0.050000 0.062500
0 0.178125 0.171875 0.050000 0.062500
0 0.195312 0.150391 0.050000 0.062500
0 0.192188 0.125000 0.050000 0.062500
0 0.095312 0.105469 0.050000 0.062500
0 0.109375 0.191406 0.050000 0.062500
0 0.067187 0.248047 0.050000 0.062500
0 0.362500 0.599609 0.050000 0.062500
0 0.551562 0.455078 0.050000 0.062500
0 0.553125 0.458984 0.050000 0.062500
0 0.367188 0.201172 0.050000 0.062500
0 0.596875 0.478516 0.050000 0.062500
0 0.757812 0.458984 0.050000 0.062500
0 0.803125 0.324219 0.050000 0.062500
0 0.732812 0.296875 0.050000 0.062500
0 0.742188 0.314453 0.050000 0.062500
0 0.568750 0.314453 0.050000 0.062500
0 0.573438 0.337891 0.050000 0.062500
0 0.879687 0.234375 0.050000 0.062500
0 0.925000 0.203125 0.050000 0.062500
0 0.951562 0.255859 0.050000 0.062500
0 0.846875 0.109375 0.050000 0.062500
0 0.864062 0.125000 0.050000 0.062500
0 0.914062 0.101562 0.050000 0.062500
0 0.893750 0.074219 0.050000 0.062500
0 0.573438 0.923828 0.050000 0.062500
0 0.753125 0.699219 0.050000 0.062500
0 0.734375 0.685547 0.050000 0.062500
0 0.742188 0.644531 0.050000 0.062500
0 0.740625 0.626953 0.050000 0.062500
0 0.759375 0.523438 0.050000 0.062500
0 0.700000 0.529297 0.050000 0.062500
0 0.435937 0.753906 0.050000 0.062500
0 0.457813 0.738281 0.050000 0.062500
0 0.912500 0.357422 0.050000 0.062500
0 0.945312 0.316406 0.050000 0.062500
0 0.914062 0.328125 0.050000 0.062500
0 0.973437 0.339844 0.050000 0.062500
0 0.978125 0.279297 0.043750 0.062500
0 0.984375 0.103516 0.031250 0.062500
0 0.820312 0.521484 0.050000 0.062500
0 0.859375 0.435547 0.050000 0.062500
0 0.900000 0.384766 0.050000 0.062500
0 0.879687 0.376953 0.050000 0.062500
0 0.932813 0.414062 0.050000 0.062500
0 0.904687 0.484375 0.050000 0.062500
0 0.957812 0.371094 0.050000 0.062500
0 0.337500 0.701172 0.050000 0.062500
0 0.415625 0.664062 0.050000 0.062500
0 0.431250 0.619141 0.050000 0.062500
0 0.490625 0.580078 0.050000 0.062500
0 0.487500 0.556641 0.050000 0.062500
0 0.467187 0.542969 0.050000 0.062500
0 0.464062 0.519531 0.050000 0.062500
0 0.617188 0.486328 0.050000 0.062500
0 0.609375 0.501953 0.050000 0.062500
0 0.453125 0.085938 0.050000 0.062500
0 0.487500 0.121094 0.050000 0.062500
0 0.453125 0.037109 0.050000 0.062500
0 0.981250 0.234375 0.037500 0.062500
0 0.982031 0.259766 0.035937 0.062500
0 0.978906 0.199219 0.042188 0.062500
0 0.983594 0.376953 0.032813 0.062500
0 0.926562 0.341797 0.050000 0.062500
0 0.946875 0.335938 0.050000 0.062500
0 0.915625 0.287109 0.050000 0.062500
0 0.681250 0.689453 0.050000 0.062500
0 0.237500 0.593750 0.050000 0.062500
0 0.212500 0.562500 0.050000 0.062500
0 0.264062 0.623047 0.050000 0.062500
0 0.179688 0.535156 0.050000 0.062500
0 0.120313 0.396484 0.050000 0.062500
0 0.062500 0.361328 0.050000 0.062500
0 0.973437 0.103516 0.050000 0.062500
0 0.962500 0.304688 0.050000 0.062500
0 0.426563 0.781250 0.050000 0.062500
0 0.346875 0.853516 0.050000 0.062500
0 0.103125 0.062500 0.050000 0.062500
0 0.951562 0.236328 0.050000 0.062500
0 0.117188 0.431641 0.050000 0.062500
0 0.509375 0.919922 0.050000 0.062500
0 0.545312 0.927734 0.050000 0.062500
0 0.534375 0.894531 0.050000 0.062500
0 0.379688 0.857422 0.050000 0.062500
0 0.398438 0.902344 0.050000 0.062500
0 0.451562 0.761719 0.050000 0.062500
0 0.660937 0.708984 0.050000 0.062500
0 0.695312 0.818359 0.050000 0.062500
0 0.692187 0.785156 0.050000 0.062500
0 0.704688 0.736328 0.050000 0.062500
0 0.815625 0.648438 0.050000 0.062500
0 0.771875 0.652344 0.050000 0.062500
