0 0.903125 0.119141 0.050000 0.062500
0 0.845313 0.019531 0.050000 0.039062
0 0.884375 0.028320 0.050000 0.056641
0 0.904687 0.062500 0.050000 0.062500
0 0.959375 0.058594 0.050000 0.062500
0 0.957812 0.142578 0.050000 0.062500
0 0.980469 0.201172 0.039062 0.062500
0 0.815625 0.658203 0.050000 0.062500
0 0.829688 0.718750 0.050000 0.062500
0 0.681250 0.511719 0.050000 0.062500
0 0.493750 0.451172 0.050000 0.062500
0 0.364063 0.679688 0.050000 0.062500
0 0.357812 0.722656 0.050000 0.062500
0 0.026562 0.357422 0.050000 0.062500
0 0.062500 0.207031 0.050000 0.062500
0 0.206250 0.224609 0.050000 0.062500
