0 0.537500 0.298828 0.050000 0.062500
0 0.578125 0.265625 0.050000 0.062500
0 0.618750 0.216797 0.050000 0.062500
0 0.692187 0.203125 0.050000 0.062500
0 0.743750 0.187500 0.050000 0.062500
0 0.178125 0.201172 0.050000 0.062500
0 0.190625 0.181641 0.050000 0.062500
0 0.215625 0.167969 0.050000 0.062500
0 0.217188 0.140625 0.050000 0.062500
0 0.125000 0.074219 0.050000 0.062500
0 0.150000 0.097656 0.050000 0.062500
0 0.379688 0.203125 0.050000 0.062500
0 0.379688 0.251953 0.050000 0.062500
0 0.306250 0.265625 0.050000 0.062500
0 0.298438 0.242188 0.050000 0.062500
0 0.343750 0.373047 0.050000 0.062500
0 0.445312 0.306641 0.050000 0.062500
0 0.589063 0.316406 0.050000 0.062500
0 0.595313 0.333984 0.050000 0.062500
0 0.751563 0.291016 0.050000 0.062500
0 0.756250 0.316406 0.050000 0.062500
0 0.775000 0.230469 0.050000 0.062500
0 0.806250 0.214844 0.050000 0.062500
0 0.832812 0.218750 0.050000 0.062500
0 0.848437 0.187500 0.050000 0.062500
0 0.871875 0.117188 0.050000 0.062500
0 0.856250 0.099609 0.050000 0.062500
0 0.915625 0.056641 0.050000 0.062500
0 0.929688 0.093750 0.050000 0.062500
0 0.898438 0.234375 0.050000 0.062500
0 0.946875 0.214844 0.050000 0.062500
0 0.956250 0.240234 0.050000 0.062500
0 0.954688 0.257812 0.050000 0.062500
0 0.946875 0.320312 0.050000 0.062500
0 0.982812 0.242188 0.034375 0.062500
0 0.979688 0.281250 0.040625 0.062500
0 0.964063 0.314453 0.050000 0.062500
0 0.795312 0.333984 0.050000 0.062500
0 0.446875 0.443359 0.050000 0.062500
0 0.368750 0.568359 0.050000 0.062500
0 0.368750 0.585938 0.050000 0.062500
0 0.359375 0.601562 0.050000 0.062500
0 0.920312 0.300781 0.050000 0.062500
0 0.879687 0.375000 0.050000 0.062500
0 0.912500 0.359375 0.050000 0.062500
0 0.951562 0.355469 0.050000 0.062500
0 0.901563 0.390625 0.050000 0.062500
0 0.762500 0.466797 0.050000 0.062500
0 0.548438 0.214844 0.050000 0.062500
0 0.831250 0.511719 0.050000 0.062500
0 0.906250 0.484375 0.050000 0.062500
0 0.937500 0.419922 0.050000 0.062500
0 0.862500 0.441406 0.050000 0.062500
0 0.546875 0.453125 0.050000 0.062500
0 0.564063 0.455078 0.050000 0.062500
0 0.468750 0.527344 0.050000 0.062500
0 0.467187 0.552734 0.050000 0.062500
0 0.125000 0.400391 0.050000 0.062500
0 0.068750 0.367188 0.050000 0.062500
0 0.134375 0.208984 0.050000 0.062500
0 0.457813 0.091797 0.050000 0.062500
0 0.606250 0.494141 0.050000 0.062500
0 0.620313 0.498047 0.050000 0.062500
0 0.764062 0.539062 0.050000 0.062500
0 0.418750 0.738281 0.050000 0.062500
0 0.701562 0.533203 0.050000 0.062500
0 0.578125 0.925781 0.050000 0.062500
0 0.548438 0.923828 0.050000 0.062500
0 0.506250 0.927734 0.050000 0.062500
0 0.746875 0.669922 0.050000 0.062500
0 0.742188 0.693359 0.050000 0.062500
0 0.670312 0.708984 0.050000 0.062500
0 0.682813 0.685547 0.050000 0.062500
0 0.500000 0.570312 0.050000 0.062500
0 0.496875 0.542969 0.050000 0.062500
0 0.973437 0.386719 0.050000 0.062500
0 0.262500 0.621094 0.050000 0.062500
0 0.379688 0.839844 0.050000 0.062500
0 0.348438 0.851562 0.050000 0.062500
0 0.451562 0.751953 0.050000 0.062500
0 0.475000 0.740234 0.050000 0.062500
0 0.403125 0.929688 0.050000 0.062500
0 0.401562 0.908203 0.050000 0.062500
0 0.085938 0.261719 0.050000 0.062500
0 0.109375 0.117188 0.050000 0.062500
0 0.928125 0.339844 0.050000 0.062500
0 0.975000 0.341797 0.050000 0.062500
0 0.982031 0.203125 0.035937 0.062500
0 0.534375 0.904297 0.050000 0.062500
0 0.117188 0.429688 0.050000 0.062500
0 0.178125 0.523438 0.050000 0.062500
0 0.210938 0.560547 0.050000 0.062500
0 0.226562 0.582031 0.050000 0.062500
0 0.240625 0.595703 0.050000 0.062500
0 0.243750 0.605469 0.050000 0.062500
0 0.435937 0.619141 0.050000 0.062500
0 0.420312 0.664062 0.050000 0.062500
0 0.425000 0.787109 0.050000 0.062500
0 0.360938 0.732422 0.050000 0.062500
0 0.818750 0.660156 0.050000 0.062500
0 0.745313 0.644531 0.050000 0.062500
0 0.728125 0.607422 0.050000 0.062500
0 0.709375 0.740234 0.050000 0.062500
0 0.525000 0.796875 0.050000 0.062500
0 0.532813 0.826172 0.050000 0.062500
0 0.482812 0.117188 0.050000 0.062500
0 0.048438 0.207031 0.050000 0.062500
0 0.037500 0.064453 0.050000 0.062500
