0 0.090625 0.759766 0.050000 0.062500
0 0.475000 0.115234 0.050000 0.062500
0 0.425000 0.183594 0.050000 0.062500
0 0.490625 0.269531 0.050000 0.062500
0 0.476562 0.322266 0.050000 0.062500
0 0.407813 0.275391 0.050000 0.062500
0 0.404687 0.248047 0.050000 0.062500
0 0.651563 0.431641 0.050000 0.062500
0 0.692187 0.421875 0.050000 0.062500
0 0.648438 0.384766 0.050000 0.062500
0 0.568750 0.453125 0.050000 0.062500
0 0.514062 0.402344 0.050000 0.062500
0 0.771875 0.492188 0.050000 0.062500
0 0.651563 0.498047 0.050000 0.062500
0 0.648438 0.521484 0.050000 0.062500
0 0.667188 0.552734 0.050000 0.062500
0 0.737500 0.564453 0.050000 0.062500
0 0.734375 0.585938 0.050000 0.062500
0 0.806250 0.535156 0.050000 0.062500
0 0.842187 0.519531 0.050000 0.062500
0 0.857812 0.492188 0.050000 0.062500
0 0.773438 0.638672 0.050000 0.062500
0 0.656250 0.693359 0.050000 0.062500
0 0.532813 0.562500 0.050000 0.062500
0 0.426563 0.476562 0.050000 0.062500
0 0.370312 0.367188 0.050000 0.062500
0 0.310937 0.238281 0.050000 0.062500
0 0.332813 0.208984 0.050000 0.062500
0 0.354687 0.169922 0.050000 0.062500
0 0.371875 0.156250 0.050000 0.062500
0 0.318750 0.132812 0.050000 0.062500
0 0.200000 0.097656 0.050000 0.062500
0 0.217188 0.097656 0.050000 0.062500
0 0.243750 0.044922 0.050000 0.062500
0 0.293750 0.027344 0.050000 0.054688
0 0.175000 0.048828 0.050000 0.062500
0 0.379688 0.443359 0.050000 0.062500
0 0.359375 0.486328 0.050000 0.062500
0 0.351562 0.519531 0.050000 0.062500
0 0.364063 0.542969 0.050000 0.062500
0 0.481250 0.640625 0.050000 0.062500
0 0.526563 0.697266 0.050000 0.062500
0 0.493750 0.679688 0.050000 0.062500
0 0.559375 0.732422 0.050000 0.062500
0 0.570312 0.710938 0.050000 0.062500
0 0.576562 0.783203 0.050000 0.062500
0 0.629687 0.755859 0.050000 0.062500
0 0.631250 0.707031 0.050000 0.062500
0 0.675000 0.759766 0.050000 0.062500
0 0.860938 0.640625 0.050000 0.062500
0 0.860938 0.615234 0.050000 0.062500
0 0.867188 0.673828 0.050000 0.062500
0 0.895312 0.716797 0.050000 0.062500
0 0.878125 0.695312 0.050000 0.062500
0 0.804688 0.697266 0.050000 0.062500
0 0.781250 0.677734 0.050000 0.062500
0 0.796875 0.644531 0.050000 0.062500
0 0.804688 0.791016 0.050000 0.062500
0 0.820312 0.816406 0.050000 0.062500
0 0.800000 0.843750 0.050000 0.062500
0 0.846875 0.791016 0.050000 0.062500
0 0.817187 0.759766 0.050000 0.062500
0 0.692187 0.732422 0.050000 0.062500
0 0.656250 0.718750 0.050000 0.062500
0 0.670312 0.699219 0.050000 0.062500
0 0.675000 0.759766 0.050000 0.062500
0 0.748437 0.816406 0.050000 0.062500
0 0.785937 0.820312 0.050000 0.062500
0 0.776563 0.783203 0.050000 0.062500
0 0.453125 0.726562 0.050000 0.062500
0 0.450000 0.697266 0.050000 0.062500
0 0.415625 0.660156 0.050000 0.062500
0 0.415625 0.660156 0.050000 0.062500
0 0.432812 0.648438 0.050000 0.062500
0 0.435937 0.685547 0.050000 0.062500
0 0.304688 0.839844 0.050000 0.062500
0 0.100000 0.126953 0.050000 0.062500
0 0.076563 0.078125 0.050000 0.062500
0 0.045312 0.060547 0.050000 0.062500
0 0.070312 0.042969 0.050000 0.062500
0 0.126562 0.484375 0.050000 0.062500
0 0.407813 0.490234 0.050000 0.062500
0 0.737500 0.083984 0.050000 0.062500
0 0.650000 0.021484 0.050000 0.042969
0 0.890625 0.546875 0.050000 0.062500
0 0.932813 0.740234 0.050000 0.062500
0 0.925000 0.712891 0.050000 0.062500
0 0.695312 0.660156 0.050000 0.062500
0 0.729688 0.708984 0.050000 0.062500
0 0.387500 0.673828 0.050000 0.062500
0 0.132812 0.376953 0.050000 0.062500
0 0.042188 0.240234 0.050000 0.062500
0 0.039062 0.265625 0.050000 0.062500
0 0.042188 0.285156 0.050000 0.062500
0 0.039062 0.304688 0.050000 0.062500
0 0.045312 0.326172 0.050000 0.062500
0 0.037500 0.191406 0.050000 0.062500
0 0.050000 0.449219 0.050000 0.062500
0 0.092188 0.542969 0.050000 0.062500
0 0.287500 0.800781 0.050000 0.062500
0 0.293750 0.787109 0.050000 0.062500
0 0.237500 0.837891 0.050000 0.062500
0 0.248438 0.474609 0.050000 0.062500
0 0.237500 0.470703 0.050000 0.062500
0 0.278125 0.355469 0.050000 0.062500
0 0.304688 0.730469 0.050000 0.062500
0 0.276562 0.738281 0.050000 0.062500
0 0.264062 0.830078 0.050000 0.062500
0 0.098437 0.810547 0.050000 0.062500
0 0.110937 0.869141 0.050000 0.062500
0 0.206250 0.542969 0.050000 0.062500
0 0.982031 0.615234 0.035937 0.062500
0 0.957812 0.625000 0.050000 0.062500
0 0.973437 0.640625 0.050000 0.062500
