0 0.098437 0.085938 0.050000 0.062500
0 0.182812 0.083984 0.050000 0.062500
0 0.282813 0.046875 0.050000 0.062500
0 0.304688 0.054688 0.050000 0.062500
0 0.276562 0.119141 0.050000 0.062500
0 0.337500 0.166016 0.050000 0.062500
0 0.378125 0.210938 0.050000 0.062500
0 0.400000 0.195312 0.050000 0.062500
0 0.437500 0.179688 0.050000 0.062500
0 0.446875 0.156250 0.050000 0.062500
0 0.465625 0.119141 0.050000 0.062500
0 0.459375 0.220703 0.050000 0.062500
0 0.426563 0.271484 0.050000 0.062500
0 0.423438 0.310547 0.050000 0.062500
0 0.509375 0.292969 0.050000 0.062500
0 0.503125 0.347656 0.050000 0.062500
0 0.645312 0.033203 0.050000 0.062500
0 0.731250 0.107422 0.050000 0.062500
0 0.676562 0.406250 0.050000 0.062500
0 0.675000 0.453125 0.050000 0.062500
0 0.720313 0.437500 0.050000 0.062500
0 0.795312 0.517578 0.050000 0.062500
0 0.821875 0.533203 0.050000 0.062500
0 0.868750 0.531250 0.050000 0.062500
0 0.887500 0.494141 0.050000 0.062500
0 0.857812 0.621094 0.050000 0.062500
0 0.857812 0.646484 0.050000 0.062500
0 0.859375 0.677734 0.050000 0.062500
0 0.870313 0.697266 0.050000 0.062500
0 0.893750 0.720703 0.050000 0.062500
0 0.917188 0.720703 0.050000 0.062500
0 0.764062 0.642578 0.050000 0.062500
0 0.795312 0.652344 0.050000 0.062500
0 0.800000 0.701172 0.050000 0.062500
0 0.737500 0.695312 0.050000 0.062500
0 0.748437 0.708984 0.050000 0.062500
0 0.717187 0.714844 0.050000 0.062500
0 0.795312 0.794922 0.050000 0.062500
0 0.804688 0.822266 0.050000 0.062500
0 0.825000 0.794922 0.050000 0.062500
0 0.757812 0.822266 0.050000 0.062500
0 0.773438 0.861328 0.050000 0.062500
0 0.679688 0.691406 0.050000 0.062500
0 0.693750 0.703125 0.050000 0.062500
0 0.643750 0.695312 0.050000 0.062500
0 0.660937 0.699219 0.050000 0.062500
0 0.673438 0.718750 0.050000 0.062500
0 0.675000 0.742188 0.050000 0.062500
0 0.653125 0.748047 0.050000 0.062500
0 0.675000 0.763672 0.050000 0.062500
0 0.632812 0.759766 0.050000 0.062500
0 0.621875 0.714844 0.050000 0.062500
0 0.565625 0.712891 0.050000 0.062500
0 0.557813 0.736328 0.050000 0.062500
0 0.570312 0.781250 0.050000 0.062500
0 0.510938 0.699219 0.050000 0.062500
0 0.664062 0.558594 0.050000 0.062500
0 0.679688 0.533203 0.050000 0.062500
0 0.754687 0.595703 0.050000 0.062500
0 0.753125 0.574219 0.050000 0.062500
0 0.685937 0.511719 0.050000 0.062500
0 0.587500 0.480469 0.050000 0.062500
0 0.542188 0.425781 0.050000 0.062500
0 0.529687 0.568359 0.050000 0.062500
0 0.476562 0.630859 0.050000 0.062500
0 0.396875 0.515625 0.050000 0.062500
0 0.421875 0.484375 0.050000 0.062500
0 0.387500 0.460938 0.050000 0.062500
0 0.368750 0.488281 0.050000 0.062500
0 0.348438 0.523438 0.050000 0.062500
0 0.354687 0.544922 0.050000 0.062500
0 0.450000 0.671875 0.050000 0.062500
0 0.443750 0.703125 0.050000 0.062500
0 0.437500 0.738281 0.050000 0.062500
0 0.478125 0.734375 0.050000 0.062500
0 0.373437 0.699219 0.050000 0.062500
0 0.350000 0.777344 0.050000 0.062500
0 0.381250 0.789062 0.050000 0.062500
0 0.301563 0.843750 0.050000 0.062500
0 0.278125 0.802734 0.050000 0.062500
0 0.264062 0.742188 0.050000 0.062500
0 0.298438 0.738281 0.050000 0.062500
0 0.250000 0.462891 0.050000 0.062500
0 0.226562 0.482422 0.050000 0.062500
0 0.148438 0.384766 0.050000 0.062500
0 0.273438 0.357422 0.050000 0.062500
0 0.364063 0.300781 0.050000 0.062500
0 0.362500 0.257812 0.050000 0.062500
0 0.400000 0.390625 0.050000 0.062500
0 0.123438 0.369141 0.050000 0.062500
0 0.701562 0.656250 0.050000 0.062500
0 0.982812 0.621094 0.034375 0.062500
0 0.926562 0.748047 0.050000 0.062500
0 0.126562 0.480469 0.050000 0.062500
0 0.039062 0.324219 0.050000 0.062500
0 0.039062 0.294922 0.050000 0.062500
0 0.037500 0.265625 0.050000 0.062500
0 0.037500 0.242188 0.050000 0.062500
0 0.037500 0.199219 0.050000 0.062500
0 0.134375 0.384766 0.050000 0.062500
0 0.232813 0.845703 0.050000 0.062500
0 0.093750 0.544922 0.050000 0.062500
0 0.100000 0.533203 0.050000 0.062500
0 0.082812 0.583984 0.050000 0.062500
0 0.096875 0.810547 0.050000 0.062500
0 0.235937 0.552734 0.050000 0.062500
0 0.723437 0.826172 0.050000 0.062500
0 0.770312 0.773438 0.050000 0.062500
0 0.070312 0.041016 0.050000 0.062500
0 0.056250 0.046875 0.050000 0.062500
0 0.039062 0.066406 0.050000 0.062500
0 0.070312 0.078125 0.050000 0.062500
0 0.126562 0.119141 0.050000 0.062500
0 0.254688 0.812500 0.050000 0.062500
