0 0.410938 0.757812 0.050000 0.062500
0 0.095312 0.812500 0.050000 0.062500
0 0.123438 0.882812 0.050000 0.062500
0 0.232813 0.853516 0.050000 0.062500
0 0.301563 0.849609 0.050000 0.062500
0 0.251563 0.812500 0.050000 0.062500
0 0.300000 0.730469 0.050000 0.062500
0 0.267188 0.746094 0.050000 0.062500
0 0.437500 0.734375 0.050000 0.062500
0 0.460938 0.730469 0.050000 0.062500
0 0.440625 0.699219 0.050000 0.062500
0 0.442188 0.673828 0.050000 0.062500
0 0.475000 0.630859 0.050000 0.062500
0 0.557813 0.736328 0.050000 0.062500
0 0.625000 0.714844 0.050000 0.062500
0 0.648438 0.707031 0.050000 0.062500
0 0.648438 0.750000 0.050000 0.062500
0 0.662500 0.703125 0.050000 0.062500
0 0.681250 0.695312 0.050000 0.062500
0 0.696875 0.710938 0.050000 0.062500
0 0.721875 0.716797 0.050000 0.062500
0 0.732812 0.707031 0.050000 0.062500
0 0.073438 0.041016 0.050000 0.062500
0 0.095312 0.082031 0.050000 0.062500
0 0.193750 0.095703 0.050000 0.062500
0 0.215625 0.138672 0.050000 0.062500
0 0.228125 0.132812 0.050000 0.062500
0 0.289062 0.136719 0.050000 0.062500
0 0.290625 0.056641 0.050000 0.062500
0 0.304688 0.056641 0.050000 0.062500
0 0.342187 0.173828 0.050000 0.062500
0 0.381250 0.216797 0.050000 0.062500
0 0.401562 0.203125 0.050000 0.062500
0 0.448437 0.199219 0.050000 0.062500
0 0.468750 0.125000 0.050000 0.062500
0 0.464062 0.230469 0.050000 0.062500
0 0.428125 0.310547 0.050000 0.062500
0 0.432812 0.279297 0.050000 0.062500
0 0.517188 0.302734 0.050000 0.062500
0 0.507812 0.351562 0.050000 0.062500
0 0.545312 0.425781 0.050000 0.062500
0 0.593750 0.484375 0.050000 0.062500
0 0.684375 0.457031 0.050000 0.062500
0 0.723437 0.439453 0.050000 0.062500
0 0.684375 0.414062 0.050000 0.062500
0 0.731250 0.109375 0.050000 0.062500
0 0.642188 0.031250 0.050000 0.062500
0 0.400000 0.507812 0.050000 0.062500
0 0.368750 0.488281 0.050000 0.062500
0 0.385937 0.462891 0.050000 0.062500
0 0.403125 0.398438 0.050000 0.062500
0 0.371875 0.314453 0.050000 0.062500
0 0.370312 0.265625 0.050000 0.062500
0 0.528125 0.564453 0.050000 0.062500
0 0.665625 0.562500 0.050000 0.062500
0 0.690625 0.542969 0.050000 0.062500
0 0.690625 0.517578 0.050000 0.062500
0 0.801562 0.513672 0.050000 0.062500
0 0.832812 0.535156 0.050000 0.062500
0 0.876563 0.529297 0.050000 0.062500
0 0.904687 0.503906 0.050000 0.062500
0 0.925000 0.550781 0.050000 0.062500
0 0.975781 0.617188 0.048438 0.062500
0 0.857812 0.617188 0.050000 0.062500
0 0.856250 0.644531 0.050000 0.062500
0 0.770312 0.646484 0.050000 0.062500
0 0.760938 0.599609 0.050000 0.062500
0 0.767188 0.578125 0.050000 0.062500
0 0.690625 0.664062 0.050000 0.062500
0 0.735938 0.664062 0.050000 0.062500
0 0.773438 0.685547 0.050000 0.062500
0 0.792188 0.714844 0.050000 0.062500
0 0.862500 0.685547 0.050000 0.062500
0 0.879687 0.703125 0.050000 0.062500
0 0.796875 0.792969 0.050000 0.062500
0 0.679688 0.765625 0.050000 0.062500
0 0.573438 0.783203 0.050000 0.062500
0 0.353125 0.537109 0.050000 0.062500
0 0.337500 0.521484 0.050000 0.062500
0 0.239063 0.476562 0.050000 0.062500
0 0.217188 0.482422 0.050000 0.062500
0 0.034375 0.195312 0.050000 0.062500
0 0.035937 0.250000 0.050000 0.062500
0 0.035937 0.273438 0.050000 0.062500
0 0.035937 0.302734 0.050000 0.062500
0 0.039062 0.322266 0.050000 0.062500
0 0.123438 0.376953 0.050000 0.062500
0 0.137500 0.386719 0.050000 0.062500
0 0.151562 0.386719 0.050000 0.062500
0 0.273438 0.355469 0.050000 0.062500
0 0.248438 0.560547 0.050000 0.062500
0 0.093750 0.542969 0.050000 0.062500
0 0.517188 0.701172 0.050000 0.062500
0 0.673438 0.726562 0.050000 0.062500
0 0.760938 0.824219 0.050000 0.062500
0 0.732812 0.837891 0.050000 0.062500
0 0.775000 0.863281 0.050000 0.062500
0 0.809375 0.820312 0.050000 0.062500
0 0.921875 0.714844 0.050000 0.062500
0 0.893750 0.726562 0.050000 0.062500
0 0.926562 0.750000 0.050000 0.062500
0 0.976562 0.765625 0.046875 0.062500
0 0.926562 0.794922 0.050000 0.062500
0 0.282813 0.802734 0.050000 0.062500
0 0.290625 0.791016 0.050000 0.062500
0 0.357812 0.775391 0.050000 0.062500
0 0.378125 0.699219 0.050000 0.062500
0 0.076563 0.587891 0.050000 0.062500
0 0.092188 0.593750 0.050000 0.062500
0 0.125000 0.480469 0.050000 0.062500
0 0.051562 0.042969 0.050000 0.062500
