0 0.098437 0.056641 0.050000 0.062500
0 0.071875 0.037109 0.050000 0.062500
0 0.195312 0.101562 0.050000 0.062500
0 0.223438 0.146484 0.050000 0.062500
0 0.240625 0.140625 0.050000 0.062500
0 0.295312 0.076172 0.050000 0.062500
0 0.295312 0.076172 0.050000 0.062500
0 0.304688 0.164062 0.050000 0.062500
0 0.350000 0.183594 0.050000 0.062500
0 0.393750 0.224609 0.050000 0.062500
0 0.415625 0.208984 0.050000 0.062500
0 0.381250 0.275391 0.050000 0.062500
0 0.390625 0.333984 0.050000 0.062500
0 0.421875 0.404297 0.050000 0.062500
0 0.437500 0.320312 0.050000 0.062500
0 0.437500 0.285156 0.050000 0.062500
0 0.478125 0.234375 0.050000 0.062500
0 0.525000 0.304688 0.050000 0.062500
0 0.517188 0.357422 0.050000 0.062500
0 0.556250 0.439453 0.050000 0.062500
0 0.604688 0.484375 0.050000 0.062500
0 0.367188 0.486328 0.050000 0.062500
0 0.271875 0.355469 0.050000 0.062500
0 0.137500 0.390625 0.050000 0.062500
0 0.042188 0.316406 0.050000 0.062500
0 0.035937 0.291016 0.050000 0.062500
0 0.037500 0.273438 0.050000 0.062500
0 0.034375 0.259766 0.050000 0.062500
0 0.032813 0.199219 0.050000 0.062500
0 0.050000 0.441406 0.050000 0.062500
0 0.239063 0.457031 0.050000 0.062500
0 0.225000 0.472656 0.050000 0.062500
0 0.298438 0.736328 0.050000 0.062500
0 0.289062 0.785156 0.050000 0.062500
0 0.287500 0.798828 0.050000 0.062500
0 0.251563 0.808594 0.050000 0.062500
0 0.257812 0.832031 0.050000 0.062500
0 0.693750 0.410156 0.050000 0.062500
0 0.698438 0.451172 0.050000 0.062500
0 0.739062 0.443359 0.050000 0.062500
0 0.735938 0.103516 0.050000 0.062500
0 0.634375 0.044922 0.050000 0.062500
0 0.628125 0.020508 0.050000 0.041016
0 0.482812 0.144531 0.050000 0.062500
0 0.500000 0.078125 0.050000 0.062500
0 0.465625 0.181641 0.050000 0.062500
0 0.464062 0.203125 0.050000 0.062500
0 0.921875 0.492188 0.050000 0.062500
0 0.892188 0.521484 0.050000 0.062500
0 0.815625 0.523438 0.050000 0.062500
0 0.775000 0.572266 0.050000 0.062500
0 0.775000 0.593750 0.050000 0.062500
0 0.703125 0.523438 0.050000 0.062500
0 0.706250 0.539062 0.050000 0.062500
0 0.656250 0.556641 0.050000 0.062500
0 0.848437 0.617188 0.050000 0.062500
0 0.875000 0.625000 0.050000 0.062500
0 0.840625 0.527344 0.050000 0.062500
0 0.860938 0.677734 0.050000 0.062500
0 0.859375 0.646484 0.050000 0.062500
0 0.718750 0.712891 0.050000 0.062500
0 0.746875 0.707031 0.050000 0.062500
0 0.732812 0.707031 0.050000 0.062500
0 0.800000 0.699219 0.050000 0.062500
0 0.795312 0.646484 0.050000 0.062500
0 0.765625 0.638672 0.050000 0.062500
0 0.646875 0.695312 0.050000 0.062500
0 0.621875 0.707031 0.050000 0.062500
0 0.734375 0.664062 0.050000 0.062500
0 0.712500 0.667969 0.050000 0.062500
0 0.692187 0.660156 0.050000 0.062500
0 0.807813 0.791016 0.050000 0.062500
0 0.818750 0.824219 0.050000 0.062500
0 0.564063 0.714844 0.050000 0.062500
0 0.531250 0.558594 0.050000 0.062500
0 0.400000 0.503906 0.050000 0.062500
0 0.420312 0.474609 0.050000 0.062500
0 0.359375 0.537109 0.050000 0.062500
0 0.346875 0.511719 0.050000 0.062500
0 0.128125 0.480469 0.050000 0.062500
0 0.090625 0.812500 0.050000 0.062500
0 0.150000 0.384766 0.050000 0.062500
0 0.128125 0.369141 0.050000 0.062500
0 0.475000 0.623047 0.050000 0.062500
0 0.510938 0.699219 0.050000 0.062500
0 0.460938 0.734375 0.050000 0.062500
0 0.418750 0.777344 0.050000 0.062500
0 0.435937 0.724609 0.050000 0.062500
0 0.446875 0.699219 0.050000 0.062500
0 0.453125 0.673828 0.050000 0.062500
0 0.371875 0.705078 0.050000 0.062500
0 0.301563 0.839844 0.050000 0.062500
0 0.300000 0.814453 0.050000 0.062500
0 0.571875 0.783203 0.050000 0.062500
0 0.560937 0.738281 0.050000 0.062500
0 0.679688 0.693359 0.050000 0.062500
0 0.665625 0.701172 0.050000 0.062500
0 0.671875 0.746094 0.050000 0.062500
0 0.628125 0.753906 0.050000 0.062500
0 0.650000 0.740234 0.050000 0.062500
0 0.725000 0.830078 0.050000 0.062500
0 0.765625 0.820312 0.050000 0.062500
0 0.778125 0.785156 0.050000 0.062500
0 0.803125 0.763672 0.050000 0.062500
0 0.878125 0.699219 0.050000 0.062500
0 0.893750 0.724609 0.050000 0.062500
0 0.917188 0.716797 0.050000 0.062500
0 0.782813 0.853516 0.050000 0.062500
0 0.871875 0.794922 0.050000 0.062500
0 0.828125 0.791016 0.050000 0.062500
0 0.776563 0.681641 0.050000 0.062500
0 0.928125 0.792969 0.050000 0.062500
0 0.926562 0.810547 0.050000 0.062500
0 0.926562 0.746094 0.050000 0.062500
0 0.976562 0.767578 0.046875 0.062500
0 0.176563 0.500000 0.050000 0.062500
0 0.095312 0.546875 0.050000 0.062500
0 0.360938 0.773438 0.050000 0.062500
0 0.378125 0.789062 0.050000 0.062500
0 0.267188 0.742188 0.050000 0.062500
0 0.423438 0.828125 0.050000 0.062500
0 0.051562 0.044922 0.050000 0.062500
