0 0.082812 0.132812 0.050000 0.062500
0 0.095312 0.167969 0.050000 0.062500
0 0.192188 0.111328 0.050000 0.062500
0 0.137500 0.255859 0.050000 0.062500
0 0.160938 0.310547 0.050000 0.062500
0 0.296875 0.251953 0.050000 0.062500
0 0.289062 0.279297 0.050000 0.062500
0 0.293750 0.306641 0.050000 0.062500
0 0.309375 0.347656 0.050000 0.062500
0 0.312500 0.382812 0.050000 0.062500
0 0.275000 0.453125 0.050000 0.062500
0 0.206250 0.453125 0.050000 0.062500
0 0.232813 0.396484 0.050000 0.062500
0 0.220312 0.365234 0.050000 0.062500
0 0.356250 0.464844 0.050000 0.062500
0 0.392188 0.505859 0.050000 0.062500
0 0.381250 0.537109 0.050000 0.062500
0 0.498437 0.429688 0.050000 0.062500
0 0.523438 0.535156 0.050000 0.062500
0 0.525000 0.552734 0.050000 0.062500
0 0.575000 0.568359 0.050000 0.062500
0 0.573438 0.603516 0.050000 0.062500
0 0.576562 0.585938 0.050000 0.062500
0 0.618750 0.519531 0.050000 0.062500
0 0.615625 0.542969 0.050000 0.062500
0 0.715625 0.482422 0.050000 0.062500
0 0.759375 0.468750 0.050000 0.062500
0 0.770312 0.531250 0.050000 0.062500
0 0.920312 0.437500 0.050000 0.062500
0 0.939063 0.517578 0.050000 0.062500
0 0.878125 0.207031 0.050000 0.062500
0 0.606250 0.144531 0.050000 0.062500
0 0.145313 0.533203 0.050000 0.062500
0 0.117188 0.460938 0.050000 0.062500
0 0.089063 0.478516 0.050000 0.062500
0 0.067187 0.509766 0.050000 0.062500
0 0.079687 0.533203 0.050000 0.062500
0 0.196875 0.611328 0.050000 0.062500
0 0.245312 0.552734 0.050000 0.062500
0 0.234375 0.685547 0.050000 0.062500
0 0.282813 0.722656 0.050000 0.062500
0 0.292187 0.769531 0.050000 0.062500
0 0.346875 0.695312 0.050000 0.062500
0 0.351562 0.744141 0.050000 0.062500
0 0.371875 0.716797 0.050000 0.062500
0 0.371875 0.683594 0.050000 0.062500
0 0.407813 0.685547 0.050000 0.062500
0 0.414062 0.695312 0.050000 0.062500
0 0.435937 0.652344 0.050000 0.062500
0 0.432812 0.634766 0.050000 0.062500
0 0.448437 0.699219 0.050000 0.062500
0 0.468750 0.693359 0.050000 0.062500
0 0.464062 0.681641 0.050000 0.062500
0 0.484375 0.642578 0.050000 0.062500
0 0.457813 0.654297 0.050000 0.062500
0 0.518750 0.630859 0.050000 0.062500
0 0.515625 0.693359 0.050000 0.062500
0 0.515625 0.693359 0.050000 0.062500
0 0.523438 0.757812 0.050000 0.062500
0 0.537500 0.802734 0.050000 0.062500
0 0.500000 0.775391 0.050000 0.062500
0 0.496875 0.804688 0.050000 0.062500
0 0.521875 0.837891 0.050000 0.062500
0 0.529687 0.781250 0.050000 0.062500
0 0.571875 0.769531 0.050000 0.062500
0 0.637500 0.738281 0.050000 0.062500
0 0.612500 0.707031 0.050000 0.062500
0 0.614062 0.660156 0.050000 0.062500
0 0.579688 0.626953 0.050000 0.062500
0 0.648438 0.705078 0.050000 0.062500
0 0.653125 0.732422 0.050000 0.062500
0 0.678125 0.703125 0.050000 0.062500
0 0.676562 0.734375 0.050000 0.062500
0 0.698438 0.750000 0.050000 0.062500
0 0.714063 0.734375 0.050000 0.062500
0 0.751563 0.742188 0.050000 0.062500
0 0.779687 0.730469 0.050000 0.062500
0 0.776563 0.689453 0.050000 0.062500
0 0.760938 0.683594 0.050000 0.062500
0 0.715625 0.615234 0.050000 0.062500
0 0.962500 0.603516 0.050000 0.062500
0 0.968750 0.589844 0.050000 0.062500
0 0.982812 0.585938 0.034375 0.062500
0 0.975781 0.494141 0.048438 0.062500
0 0.970313 0.392578 0.050000 0.062500
0 0.756250 0.580078 0.050000 0.062500
0 0.790625 0.513672 0.050000 0.062500
0 0.898438 0.775391 0.050000 0.062500
0 0.504687 0.468750 0.050000 0.062500
0 0.539062 0.449219 0.050000 0.062500
0 0.595313 0.681641 0.050000 0.062500
0 0.982812 0.763672 0.034375 0.062500
0 0.354687 0.046875 0.050000 0.062500
0 0.323437 0.066406 0.050000 0.062500
0 0.442188 0.085938 0.050000 0.062500
0 0.903125 0.871094 0.050000 0.062500
0 0.973437 0.855469 0.050000 0.062500
0 0.982812 0.835938 0.034375 0.062500
0 0.800000 0.857422 0.050000 0.062500
0 0.196875 0.726562 0.050000 0.062500
0 0.162500 0.742188 0.050000 0.062500
0 0.150000 0.822266 0.050000 0.062500
0 0.168750 0.701172 0.050000 0.062500
0 0.062500 0.589844 0.050000 0.062500
0 0.150000 0.634766 0.050000 0.062500
0 0.032813 0.722656 0.050000 0.062500
0 0.073438 0.753906 0.050000 0.062500
0 0.018750 0.779297 0.037500 0.062500
