0 0.406250 0.080078 0.050000 0.062500
0 0.318750 0.031250 0.050000 0.062500
0 0.293750 0.070312 0.050000 0.062500
0 0.182812 0.062500 0.050000 0.062500
0 0.057813 0.156250 0.050000 0.062500
0 0.082812 0.187500 0.050000 0.062500
0 0.120313 0.269531 0.050000 0.062500
0 0.168750 0.298828 0.050000 0.062500
0 0.164062 0.345703 0.050000 0.062500
0 0.293750 0.267578 0.050000 0.062500
0 0.287500 0.291016 0.050000 0.062500
0 0.281250 0.320312 0.050000 0.062500
0 0.210938 0.353516 0.050000 0.062500
0 0.207813 0.375000 0.050000 0.062500
0 0.295312 0.363281 0.050000 0.062500
0 0.304688 0.396484 0.050000 0.062500
0 0.251563 0.421875 0.050000 0.062500
0 0.201563 0.472656 0.050000 0.062500
0 0.289062 0.472656 0.050000 0.062500
0 0.348438 0.466797 0.050000 0.062500
0 0.346875 0.537109 0.050000 0.062500
0 0.378125 0.511719 0.050000 0.062500
0 0.487500 0.431641 0.050000 0.062500
0 0.495312 0.468750 0.050000 0.062500
0 0.535937 0.449219 0.050000 0.062500
0 0.520312 0.535156 0.050000 0.062500
0 0.521875 0.552734 0.050000 0.062500
0 0.607812 0.539062 0.050000 0.062500
0 0.562500 0.585938 0.050000 0.062500
0 0.565625 0.568359 0.050000 0.062500
0 0.546875 0.599609 0.050000 0.062500
0 0.551562 0.623047 0.050000 0.062500
0 0.576562 0.611328 0.050000 0.062500
0 0.604688 0.513672 0.050000 0.062500
0 0.707812 0.472656 0.050000 0.062500
0 0.748437 0.462891 0.050000 0.062500
0 0.859375 0.197266 0.050000 0.062500
0 0.790625 0.505859 0.050000 0.062500
0 0.776563 0.529297 0.050000 0.062500
0 0.760938 0.521484 0.050000 0.062500
0 0.914062 0.417969 0.050000 0.062500
0 0.960938 0.369141 0.050000 0.062500
0 0.981250 0.437500 0.037500 0.062500
0 0.970313 0.480469 0.050000 0.062500
0 0.929688 0.498047 0.050000 0.062500
0 0.981250 0.507812 0.037500 0.062500
0 0.960938 0.574219 0.050000 0.062500
0 0.937500 0.580078 0.050000 0.062500
0 0.934375 0.595703 0.050000 0.062500
0 0.756250 0.697266 0.050000 0.062500
0 0.756250 0.742188 0.050000 0.062500
0 0.721875 0.755859 0.050000 0.062500
0 0.729688 0.681641 0.050000 0.062500
0 0.675000 0.746094 0.050000 0.062500
0 0.873437 0.845703 0.050000 0.062500
0 0.881250 0.771484 0.050000 0.062500
0 0.946875 0.845703 0.050000 0.062500
0 0.959375 0.824219 0.050000 0.062500
0 0.962500 0.748047 0.050000 0.062500
0 0.589063 0.652344 0.050000 0.062500
0 0.570312 0.675781 0.050000 0.062500
0 0.465625 0.630859 0.050000 0.062500
0 0.429688 0.648438 0.050000 0.062500
0 0.343750 0.683594 0.050000 0.062500
0 0.348438 0.718750 0.050000 0.062500
0 0.326562 0.744141 0.050000 0.062500
0 0.434375 0.806641 0.050000 0.062500
0 0.471875 0.816406 0.050000 0.062500
0 0.496875 0.841797 0.050000 0.062500
0 0.512500 0.798828 0.050000 0.062500
0 0.506250 0.773438 0.050000 0.062500
0 0.476562 0.777344 0.050000 0.062500
0 0.492188 0.759766 0.050000 0.062500
0 0.268750 0.767578 0.050000 0.062500
0 0.385937 0.640625 0.050000 0.062500
0 0.389062 0.656250 0.050000 0.062500
0 0.390625 0.687500 0.050000 0.062500
0 0.359375 0.685547 0.050000 0.062500
0 0.357812 0.699219 0.050000 0.062500
0 0.323437 0.695312 0.050000 0.062500
0 0.167187 0.607422 0.050000 0.062500
0 0.217188 0.548828 0.050000 0.062500
0 0.126562 0.546875 0.050000 0.062500
0 0.128125 0.580078 0.050000 0.062500
0 0.089063 0.458984 0.050000 0.062500
0 0.067187 0.482422 0.050000 0.062500
0 0.039062 0.509766 0.050000 0.062500
0 0.050000 0.523438 0.050000 0.062500
0 0.054688 0.535156 0.050000 0.062500
0 0.053125 0.597656 0.050000 0.062500
0 0.148438 0.740234 0.050000 0.062500
0 0.170313 0.714844 0.050000 0.062500
0 0.126562 0.707031 0.050000 0.062500
0 0.070312 0.710938 0.050000 0.062500
0 0.045312 0.751953 0.050000 0.062500
0 0.016406 0.724609 0.032813 0.062500
0 0.543750 0.771484 0.050000 0.062500
0 0.568750 0.777344 0.050000 0.062500
0 0.628125 0.775391 0.050000 0.062500
0 0.629687 0.800781 0.050000 0.062500
0 0.217188 0.689453 0.050000 0.062500
0 0.264062 0.708984 0.050000 0.062500
0 0.145313 0.685547 0.050000 0.062500
0 0.082812 0.751953 0.050000 0.062500
0 0.073438 0.763672 0.050000 0.062500
0 0.587500 0.707031 0.050000 0.062500
0 0.621875 0.701172 0.050000 0.062500
0 0.493750 0.685547 0.050000 0.062500
0 0.473438 0.664062 0.050000 0.062500
0 0.492188 0.634766 0.050000 0.062500
0 0.425000 0.697266 0.050000 0.062500
0 0.428125 0.683594 0.050000 0.062500
0 0.806250 0.603516 0.050000 0.062500
0 0.850000 0.630859 0.050000 0.062500
0 0.846875 0.580078 0.050000 0.062500
0 0.967187 0.681641 0.050000 0.062500
0 0.760938 0.851562 0.050000 0.062500
0 0.720313 0.630859 0.050000 0.062500
0 0.657813 0.699219 0.050000 0.062500
0 0.693750 0.666016 0.050000 0.062500
0 0.690625 0.611328 0.050000 0.062500
0 0.671875 0.626953 0.050000 0.062500
0 0.168750 0.146484 0.050000 0.062500
0 0.371875 0.730469 0.050000 0.062500
