0 0.409375 0.083984 0.050000 0.062500
0 0.321875 0.037109 0.050000 0.062500
0 0.303125 0.074219 0.050000 0.062500
0 0.160938 0.107422 0.050000 0.062500
0 0.068750 0.164062 0.050000 0.062500
0 0.098437 0.205078 0.050000 0.062500
0 0.131250 0.277344 0.050000 0.062500
0 0.193750 0.287109 0.050000 0.062500
0 0.181250 0.314453 0.050000 0.062500
0 0.179688 0.361328 0.050000 0.062500
0 0.221875 0.361328 0.050000 0.062500
0 0.221875 0.380859 0.050000 0.062500
0 0.317188 0.275391 0.050000 0.062500
0 0.303125 0.302734 0.050000 0.062500
0 0.292187 0.332031 0.050000 0.062500
0 0.303125 0.365234 0.050000 0.062500
0 0.317188 0.400391 0.050000 0.062500
0 0.284375 0.431641 0.050000 0.062500
0 0.207813 0.472656 0.050000 0.062500
0 0.310937 0.478516 0.050000 0.062500
0 0.362500 0.474609 0.050000 0.062500
0 0.350000 0.537109 0.050000 0.062500
0 0.390625 0.517578 0.050000 0.062500
0 0.503125 0.433594 0.050000 0.062500
0 0.628125 0.148438 0.050000 0.062500
0 0.576562 0.144531 0.050000 0.062500
0 0.873437 0.183594 0.050000 0.062500
0 0.976562 0.361328 0.046875 0.062500
0 0.928125 0.416016 0.050000 0.062500
0 0.945312 0.488281 0.050000 0.062500
0 0.978906 0.513672 0.042188 0.062500
0 0.943750 0.583984 0.050000 0.062500
0 0.935937 0.603516 0.050000 0.062500
0 0.964063 0.582031 0.050000 0.062500
0 0.964063 0.675781 0.050000 0.062500
0 0.962500 0.746094 0.050000 0.062500
0 0.893750 0.773438 0.050000 0.062500
0 0.959375 0.826172 0.050000 0.062500
0 0.876563 0.841797 0.050000 0.062500
0 0.759375 0.742188 0.050000 0.062500
0 0.728125 0.757812 0.050000 0.062500
0 0.732812 0.687500 0.050000 0.062500
0 0.754687 0.566406 0.050000 0.062500
0 0.778125 0.527344 0.050000 0.062500
0 0.809375 0.496094 0.050000 0.062500
0 0.770312 0.466797 0.050000 0.062500
0 0.720313 0.466797 0.050000 0.062500
0 0.610938 0.511719 0.050000 0.062500
0 0.628125 0.542969 0.050000 0.062500
0 0.576562 0.570312 0.050000 0.062500
0 0.579688 0.585938 0.050000 0.062500
0 0.532813 0.537109 0.050000 0.062500
0 0.535937 0.556641 0.050000 0.062500
0 0.509375 0.474609 0.050000 0.062500
0 0.548438 0.449219 0.050000 0.062500
0 0.548438 0.605469 0.050000 0.062500
0 0.551562 0.625000 0.050000 0.062500
0 0.578125 0.613281 0.050000 0.062500
0 0.592187 0.656250 0.050000 0.062500
0 0.700000 0.673828 0.050000 0.062500
0 0.496875 0.763672 0.050000 0.062500
0 0.510938 0.777344 0.050000 0.062500
0 0.515625 0.802734 0.050000 0.062500
0 0.501563 0.847656 0.050000 0.062500
0 0.471875 0.814453 0.050000 0.062500
0 0.439063 0.806641 0.050000 0.062500
0 0.478125 0.783203 0.050000 0.062500
0 0.543750 0.769531 0.050000 0.062500
0 0.573438 0.777344 0.050000 0.062500
0 0.628125 0.773438 0.050000 0.062500
0 0.629687 0.796875 0.050000 0.062500
0 0.434375 0.648438 0.050000 0.062500
0 0.387500 0.650391 0.050000 0.062500
0 0.420312 0.699219 0.050000 0.062500
0 0.490625 0.685547 0.050000 0.062500
0 0.473438 0.666016 0.050000 0.062500
0 0.315625 0.640625 0.050000 0.062500
0 0.251563 0.720703 0.050000 0.062500
0 0.268750 0.771484 0.050000 0.062500
0 0.329688 0.740234 0.050000 0.062500
0 0.132812 0.556641 0.050000 0.062500
0 0.220312 0.550781 0.050000 0.062500
0 0.090625 0.462891 0.050000 0.062500
0 0.068750 0.492188 0.050000 0.062500
0 0.048438 0.537109 0.050000 0.062500
0 0.054688 0.517578 0.050000 0.062500
0 0.046875 0.511719 0.050000 0.062500
0 0.132812 0.591797 0.050000 0.062500
0 0.065625 0.609375 0.050000 0.062500
0 0.175000 0.609375 0.050000 0.062500
0 0.209375 0.689453 0.050000 0.062500
0 0.179688 0.714844 0.050000 0.062500
0 0.159375 0.734375 0.050000 0.062500
0 0.046875 0.748047 0.050000 0.062500
0 0.576562 0.685547 0.050000 0.062500
0 0.593750 0.705078 0.050000 0.062500
0 0.321875 0.699219 0.050000 0.062500
0 0.351562 0.683594 0.050000 0.062500
0 0.378125 0.691406 0.050000 0.062500
0 0.350000 0.716797 0.050000 0.062500
0 0.362500 0.718750 0.050000 0.062500
0 0.353125 0.736328 0.050000 0.062500
0 0.373437 0.736328 0.050000 0.062500
0 0.268750 0.705078 0.050000 0.062500
0 0.129688 0.652344 0.050000 0.062500
0 0.126562 0.710938 0.050000 0.062500
0 0.142187 0.683594 0.050000 0.062500
0 0.076563 0.707031 0.050000 0.062500
0 0.695312 0.615234 0.050000 0.062500
0 0.625000 0.705078 0.050000 0.062500
0 0.657813 0.699219 0.050000 0.062500
0 0.675000 0.630859 0.050000 0.062500
0 0.721875 0.621094 0.050000 0.062500
0 0.806250 0.605469 0.050000 0.062500
0 0.846875 0.585938 0.050000 0.062500
0 0.859375 0.623047 0.050000 0.062500
0 0.175000 0.148438 0.050000 0.062500
0 0.301563 0.236328 0.050000 0.062500
