0 0.164062 0.115234 0.050000 0.062500
0 0.310937 0.078125 0.050000 0.062500
0 0.326562 0.037109 0.050000 0.062500
0 0.415625 0.083984 0.050000 0.062500
0 0.325000 0.285156 0.050000 0.062500
0 0.309375 0.335938 0.050000 0.062500
0 0.310937 0.375000 0.050000 0.062500
0 0.325000 0.410156 0.050000 0.062500
0 0.310937 0.439453 0.050000 0.062500
0 0.332813 0.490234 0.050000 0.062500
0 0.368750 0.480469 0.050000 0.062500
0 0.348438 0.533203 0.050000 0.062500
0 0.396875 0.519531 0.050000 0.062500
0 0.514062 0.435547 0.050000 0.062500
0 0.521875 0.478516 0.050000 0.062500
0 0.553125 0.455078 0.050000 0.062500
0 0.626563 0.517578 0.050000 0.062500
0 0.639062 0.546875 0.050000 0.062500
0 0.550000 0.541016 0.050000 0.062500
0 0.550000 0.558594 0.050000 0.062500
0 0.589063 0.574219 0.050000 0.062500
0 0.590625 0.591797 0.050000 0.062500
0 0.550000 0.601562 0.050000 0.062500
0 0.556250 0.630859 0.050000 0.062500
0 0.578125 0.615234 0.050000 0.062500
0 0.743750 0.464844 0.050000 0.062500
0 0.787500 0.460938 0.050000 0.062500
0 0.792188 0.521484 0.050000 0.062500
0 0.879687 0.183594 0.050000 0.062500
0 0.983594 0.351562 0.032813 0.062500
0 0.937500 0.412109 0.050000 0.062500
0 0.951562 0.488281 0.050000 0.062500
0 0.759375 0.576172 0.050000 0.062500
0 0.940625 0.605469 0.050000 0.062500
0 0.946875 0.587891 0.050000 0.062500
0 0.968750 0.744141 0.050000 0.062500
0 0.868750 0.619141 0.050000 0.062500
0 0.760938 0.753906 0.050000 0.062500
0 0.735938 0.771484 0.050000 0.062500
0 0.904687 0.779297 0.050000 0.062500
0 0.679688 0.630859 0.050000 0.062500
0 0.693750 0.613281 0.050000 0.062500
0 0.515625 0.804688 0.050000 0.062500
0 0.509375 0.785156 0.050000 0.062500
0 0.496875 0.767578 0.050000 0.062500
0 0.476562 0.785156 0.050000 0.062500
0 0.475000 0.820312 0.050000 0.062500
0 0.440625 0.806641 0.050000 0.062500
0 0.548438 0.765625 0.050000 0.062500
0 0.467187 0.640625 0.050000 0.062500
0 0.498437 0.638672 0.050000 0.062500
0 0.479687 0.667969 0.050000 0.062500
0 0.498437 0.689453 0.050000 0.062500
0 0.425000 0.699219 0.050000 0.062500
0 0.389062 0.652344 0.050000 0.062500
0 0.435937 0.650391 0.050000 0.062500
0 0.354687 0.687500 0.050000 0.062500
0 0.331250 0.748047 0.050000 0.062500
0 0.398438 0.687500 0.050000 0.062500
0 0.350000 0.718750 0.050000 0.062500
0 0.275000 0.771484 0.050000 0.062500
0 0.215625 0.685547 0.050000 0.062500
0 0.260937 0.724609 0.050000 0.062500
0 0.181250 0.716797 0.050000 0.062500
0 0.160938 0.738281 0.050000 0.062500
0 0.178125 0.611328 0.050000 0.062500
0 0.225000 0.552734 0.050000 0.062500
0 0.220312 0.476562 0.050000 0.062500
0 0.231250 0.386719 0.050000 0.062500
0 0.234375 0.367188 0.050000 0.062500
0 0.196875 0.382812 0.050000 0.062500
0 0.189062 0.320312 0.050000 0.062500
0 0.146875 0.289062 0.050000 0.062500
0 0.109375 0.212891 0.050000 0.062500
0 0.076563 0.171875 0.050000 0.062500
0 0.019531 0.255859 0.039062 0.062500
0 0.092188 0.466797 0.050000 0.062500
0 0.081250 0.501953 0.050000 0.062500
0 0.060937 0.541016 0.050000 0.062500
0 0.051562 0.519531 0.050000 0.062500
0 0.139063 0.578125 0.050000 0.062500
0 0.073438 0.613281 0.050000 0.062500
0 0.017969 0.734375 0.035937 0.062500
0 0.054688 0.742188 0.050000 0.062500
0 0.142187 0.599609 0.050000 0.062500
0 0.420312 0.662109 0.050000 0.062500
0 0.371875 0.738281 0.050000 0.062500
0 0.128125 0.658203 0.050000 0.062500
0 0.371875 0.695312 0.050000 0.062500
0 0.367188 0.718750 0.050000 0.062500
0 0.600000 0.712891 0.050000 0.062500
0 0.571875 0.681641 0.050000 0.062500
0 0.593750 0.660156 0.050000 0.062500
0 0.629687 0.705078 0.050000 0.062500
0 0.659375 0.707031 0.050000 0.062500
0 0.698438 0.683594 0.050000 0.062500
0 0.737500 0.687500 0.050000 0.062500
0 0.717187 0.632812 0.050000 0.062500
0 0.804688 0.605469 0.050000 0.062500
0 0.817187 0.617188 0.050000 0.062500
0 0.881250 0.849609 0.050000 0.062500
0 0.948438 0.847656 0.050000 0.062500
0 0.964063 0.830078 0.050000 0.062500
0 0.918750 0.857422 0.050000 0.062500
0 0.785937 0.851562 0.050000 0.062500
0 0.765625 0.853516 0.050000 0.062500
0 0.128125 0.712891 0.050000 0.062500
0 0.079687 0.705078 0.050000 0.062500
0 0.264062 0.707031 0.050000 0.062500
0 0.326562 0.699219 0.050000 0.062500
