0 0.195312 0.048828 0.050000 0.062500
0 0.273438 0.101562 0.050000 0.062500
0 0.035937 0.121094 0.050000 0.062500
0 0.093750 0.322266 0.050000 0.062500
0 0.104688 0.371094 0.050000 0.062500
0 0.112500 0.492188 0.050000 0.062500
0 0.076563 0.554688 0.050000 0.062500
0 0.045312 0.617188 0.050000 0.062500
0 0.028125 0.656250 0.050000 0.062500
0 0.064062 0.699219 0.050000 0.062500
0 0.017969 0.687500 0.035937 0.062500
0 0.014063 0.617188 0.028125 0.062500
0 0.196875 0.457031 0.050000 0.062500
0 0.198437 0.435547 0.050000 0.062500
0 0.167187 0.398438 0.050000 0.062500
0 0.187500 0.369141 0.050000 0.062500
0 0.223438 0.373047 0.050000 0.062500
0 0.354687 0.363281 0.050000 0.062500
0 0.350000 0.394531 0.050000 0.062500
0 0.309375 0.394531 0.050000 0.062500
0 0.271875 0.425781 0.050000 0.062500
0 0.303125 0.451172 0.050000 0.062500
0 0.292187 0.480469 0.050000 0.062500
0 0.350000 0.511719 0.050000 0.062500
0 0.357812 0.552734 0.050000 0.062500
0 0.454688 0.541016 0.050000 0.062500
0 0.492188 0.455078 0.050000 0.062500
0 0.531250 0.466797 0.050000 0.062500
0 0.509375 0.490234 0.050000 0.062500
0 0.520312 0.521484 0.050000 0.062500
0 0.568750 0.503906 0.050000 0.062500
0 0.559375 0.537109 0.050000 0.062500
0 0.198437 0.634766 0.050000 0.062500
0 0.189062 0.650391 0.050000 0.062500
0 0.132812 0.716797 0.050000 0.062500
0 0.132812 0.728516 0.050000 0.062500
0 0.135937 0.757812 0.050000 0.062500
0 0.200000 0.757812 0.050000 0.062500
0 0.192188 0.707031 0.050000 0.062500
0 0.217188 0.697266 0.050000 0.062500
0 0.262500 0.701172 0.050000 0.062500
0 0.248438 0.757812 0.050000 0.062500
0 0.265625 0.652344 0.050000 0.062500
0 0.307812 0.652344 0.050000 0.062500
0 0.293750 0.687500 0.050000 0.062500
0 0.290625 0.708984 0.050000 0.062500
0 0.325000 0.650391 0.050000 0.062500
0 0.317188 0.685547 0.050000 0.062500
0 0.321875 0.707031 0.050000 0.062500
0 0.348438 0.662109 0.050000 0.062500
0 0.339062 0.644531 0.050000 0.062500
0 0.370312 0.642578 0.050000 0.062500
0 0.362500 0.701172 0.050000 0.062500
0 0.321875 0.785156 0.050000 0.062500
0 0.307812 0.816406 0.050000 0.062500
0 0.365625 0.857422 0.050000 0.062500
0 0.381250 0.820312 0.050000 0.062500
0 0.378125 0.789062 0.050000 0.062500
0 0.378125 0.775391 0.050000 0.062500
0 0.412500 0.751953 0.050000 0.062500
0 0.443750 0.693359 0.050000 0.062500
0 0.460938 0.666016 0.050000 0.062500
0 0.421875 0.630859 0.050000 0.062500
0 0.412500 0.607422 0.050000 0.062500
0 0.489063 0.791016 0.050000 0.062500
0 0.560937 0.556641 0.050000 0.062500
0 0.554688 0.582031 0.050000 0.062500
0 0.557813 0.599609 0.050000 0.062500
0 0.559375 0.621094 0.050000 0.062500
0 0.548438 0.667969 0.050000 0.062500
0 0.551562 0.652344 0.050000 0.062500
0 0.637500 0.519531 0.050000 0.062500
0 0.732812 0.421875 0.050000 0.062500
0 0.787500 0.412109 0.050000 0.062500
0 0.926562 0.337891 0.050000 0.062500
0 0.809375 0.152344 0.050000 0.062500
0 0.983594 0.250000 0.032813 0.062500
0 0.934375 0.425781 0.050000 0.062500
0 0.942187 0.527344 0.050000 0.062500
0 0.935937 0.617188 0.050000 0.062500
0 0.904687 0.628906 0.050000 0.062500
0 0.826562 0.582031 0.050000 0.062500
0 0.810937 0.589844 0.050000 0.062500
0 0.798438 0.601562 0.050000 0.062500
0 0.632812 0.748047 0.050000 0.062500
0 0.603125 0.757812 0.050000 0.062500
0 0.628125 0.703125 0.050000 0.062500
0 0.601562 0.699219 0.050000 0.062500
0 0.818750 0.855469 0.050000 0.062500
0 0.779687 0.855469 0.050000 0.062500
0 0.876563 0.847656 0.050000 0.062500
0 0.854688 0.695312 0.050000 0.062500
0 0.917188 0.695312 0.050000 0.062500
0 0.953125 0.650391 0.050000 0.062500
0 0.964063 0.533203 0.050000 0.062500
0 0.976562 0.363281 0.046875 0.062500
0 0.962500 0.689453 0.050000 0.062500
0 0.829688 0.748047 0.050000 0.062500
0 0.823438 0.833984 0.050000 0.062500
0 0.848437 0.810547 0.050000 0.062500
0 0.859375 0.753906 0.050000 0.062500
0 0.651563 0.849609 0.050000 0.062500
0 0.635938 0.855469 0.050000 0.062500
0 0.625000 0.625000 0.050000 0.062500
0 0.667188 0.638672 0.050000 0.062500
0 0.678125 0.623047 0.050000 0.062500
0 0.723437 0.605469 0.050000 0.062500
0 0.743750 0.623047 0.050000 0.062500
0 0.468750 0.716797 0.050000 0.062500
0 0.496875 0.712891 0.050000 0.062500
0 0.529687 0.712891 0.050000 0.062500
0 0.548438 0.751953 0.050000 0.062500
0 0.534375 0.742188 0.050000 0.062500
0 0.751563 0.869141 0.050000 0.062500
0 0.832812 0.687500 0.050000 0.062500
0 0.929688 0.847656 0.050000 0.062500
0 0.848437 0.022461 0.050000 0.044922
0 0.060937 0.728516 0.050000 0.062500
