0 0.253125 0.095703 0.050000 0.062500
0 0.165625 0.035156 0.050000 0.062500
0 0.189062 0.330078 0.050000 0.062500
0 0.104688 0.335938 0.050000 0.062500
0 0.109375 0.376953 0.050000 0.062500
0 0.189062 0.382812 0.050000 0.062500
0 0.168750 0.406250 0.050000 0.062500
0 0.022656 0.269531 0.045312 0.062500
0 0.014844 0.273438 0.029687 0.062500
0 0.092188 0.488281 0.050000 0.062500
0 0.056250 0.542969 0.050000 0.062500
0 0.020313 0.617188 0.040625 0.062500
0 0.028125 0.650391 0.050000 0.062500
0 0.043750 0.683594 0.050000 0.062500
0 0.037500 0.732422 0.050000 0.062500
0 0.103125 0.720703 0.050000 0.062500
0 0.104688 0.703125 0.050000 0.062500
0 0.112500 0.750000 0.050000 0.062500
0 0.170313 0.751953 0.050000 0.062500
0 0.196875 0.685547 0.050000 0.062500
0 0.153125 0.644531 0.050000 0.062500
0 0.156250 0.628906 0.050000 0.062500
0 0.195312 0.457031 0.050000 0.062500
0 0.198437 0.433594 0.050000 0.062500
0 0.268750 0.429688 0.050000 0.062500
0 0.318750 0.402344 0.050000 0.062500
0 0.357812 0.402344 0.050000 0.062500
0 0.306250 0.458984 0.050000 0.062500
0 0.328125 0.484375 0.050000 0.062500
0 0.354687 0.505859 0.050000 0.062500
0 0.346875 0.550781 0.050000 0.062500
0 0.237500 0.644531 0.050000 0.062500
0 0.237500 0.695312 0.050000 0.062500
0 0.214062 0.693359 0.050000 0.062500
0 0.279687 0.654297 0.050000 0.062500
0 0.290625 0.628906 0.050000 0.062500
0 0.314063 0.646484 0.050000 0.062500
0 0.279687 0.689453 0.050000 0.062500
0 0.273438 0.712891 0.050000 0.062500
0 0.328125 0.662109 0.050000 0.062500
0 0.343750 0.701172 0.050000 0.062500
0 0.346875 0.640625 0.050000 0.062500
0 0.296875 0.785156 0.050000 0.062500
0 0.282813 0.812500 0.050000 0.062500
0 0.228125 0.757812 0.050000 0.062500
0 0.359375 0.773438 0.050000 0.062500
0 0.390625 0.753906 0.050000 0.062500
0 0.360938 0.794922 0.050000 0.062500
0 0.343750 0.847656 0.050000 0.062500
0 0.356250 0.816406 0.050000 0.062500
0 0.415625 0.693359 0.050000 0.062500
0 0.440625 0.669922 0.050000 0.062500
0 0.403125 0.632812 0.050000 0.062500
0 0.432812 0.611328 0.050000 0.062500
0 0.395313 0.603516 0.050000 0.062500
0 0.581250 0.765625 0.050000 0.062500
0 0.604688 0.736328 0.050000 0.062500
0 0.604688 0.691406 0.050000 0.062500
0 0.579688 0.695312 0.050000 0.062500
0 0.529687 0.671875 0.050000 0.062500
0 0.529687 0.652344 0.050000 0.062500
0 0.632812 0.853516 0.050000 0.062500
0 0.720313 0.853516 0.050000 0.062500
0 0.759375 0.865234 0.050000 0.062500
0 0.789062 0.863281 0.050000 0.062500
0 0.795312 0.833984 0.050000 0.062500
0 0.846875 0.824219 0.050000 0.062500
0 0.829688 0.767578 0.050000 0.062500
0 0.803125 0.759766 0.050000 0.062500
0 0.935937 0.707031 0.050000 0.062500
0 0.929688 0.652344 0.050000 0.062500
0 0.932813 0.634766 0.050000 0.062500
0 0.915625 0.621094 0.050000 0.062500
0 0.876563 0.666016 0.050000 0.062500
0 0.892188 0.707031 0.050000 0.062500
0 0.934375 0.537109 0.050000 0.062500
0 0.921875 0.535156 0.050000 0.062500
0 0.809375 0.591797 0.050000 0.062500
0 0.787500 0.591797 0.050000 0.062500
0 0.775000 0.605469 0.050000 0.062500
0 0.706250 0.632812 0.050000 0.062500
0 0.656250 0.621094 0.050000 0.062500
0 0.539062 0.619141 0.050000 0.062500
0 0.557813 0.599609 0.050000 0.062500
0 0.557813 0.578125 0.050000 0.062500
0 0.573438 0.556641 0.050000 0.062500
0 0.565625 0.539062 0.050000 0.062500
0 0.564063 0.501953 0.050000 0.062500
0 0.562500 0.474609 0.050000 0.062500
0 0.514062 0.488281 0.050000 0.062500
0 0.534375 0.464844 0.050000 0.062500
0 0.495312 0.449219 0.050000 0.062500
0 0.489063 0.535156 0.050000 0.062500
0 0.643750 0.511719 0.050000 0.062500
0 0.740625 0.419922 0.050000 0.062500
0 0.800000 0.404297 0.050000 0.062500
0 0.940625 0.404297 0.050000 0.062500
0 0.975000 0.351562 0.050000 0.062500
0 0.932813 0.320312 0.050000 0.062500
0 0.800000 0.169922 0.050000 0.062500
0 0.982812 0.232422 0.034375 0.062500
0 0.543750 0.291016 0.050000 0.062500
0 0.817187 0.433594 0.050000 0.062500
0 0.787500 0.462891 0.050000 0.062500
0 0.975000 0.722656 0.050000 0.062500
0 0.843750 0.859375 0.050000 0.062500
