0 0.259375 0.103516 0.050000 0.062500
0 0.178125 0.042969 0.050000 0.062500
0 0.023438 0.126953 0.046875 0.062500
0 0.023438 0.306641 0.046875 0.062500
0 0.125000 0.355469 0.050000 0.062500
0 0.132812 0.386719 0.050000 0.062500
0 0.179688 0.324219 0.050000 0.062500
0 0.189062 0.421875 0.050000 0.062500
0 0.220312 0.449219 0.050000 0.062500
0 0.212500 0.478516 0.050000 0.062500
0 0.095312 0.490234 0.050000 0.062500
0 0.059375 0.560547 0.050000 0.062500
0 0.023438 0.625000 0.046875 0.062500
0 0.042188 0.654297 0.050000 0.062500
0 0.042188 0.689453 0.050000 0.062500
0 0.040625 0.732422 0.050000 0.062500
0 0.110937 0.720703 0.050000 0.062500
0 0.120313 0.763672 0.050000 0.062500
0 0.140625 0.646484 0.050000 0.062500
0 0.142187 0.626953 0.050000 0.062500
0 0.201563 0.695312 0.050000 0.062500
0 0.170313 0.710938 0.050000 0.062500
0 0.175000 0.757812 0.050000 0.062500
0 0.226562 0.753906 0.050000 0.062500
0 0.237500 0.703125 0.050000 0.062500
0 0.278125 0.710938 0.050000 0.062500
0 0.253125 0.650391 0.050000 0.062500
0 0.310937 0.652344 0.050000 0.062500
0 0.350000 0.689453 0.050000 0.062500
0 0.334375 0.677734 0.050000 0.062500
0 0.290625 0.693359 0.050000 0.062500
0 0.351562 0.646484 0.050000 0.062500
0 0.239063 0.662109 0.050000 0.062500
0 0.303125 0.789062 0.050000 0.062500
0 0.292187 0.824219 0.050000 0.062500
0 0.346875 0.855469 0.050000 0.062500
0 0.353125 0.824219 0.050000 0.062500
0 0.375000 0.802734 0.050000 0.062500
0 0.357812 0.783203 0.050000 0.062500
0 0.395313 0.785156 0.050000 0.062500
0 0.439063 0.681641 0.050000 0.062500
0 0.420312 0.703125 0.050000 0.062500
0 0.406250 0.644531 0.050000 0.062500
0 0.426563 0.625000 0.050000 0.062500
0 0.393750 0.611328 0.050000 0.062500
0 0.371875 0.558594 0.050000 0.062500
0 0.382812 0.523438 0.050000 0.062500
0 0.365625 0.492188 0.050000 0.062500
0 0.320312 0.462891 0.050000 0.062500
0 0.290625 0.449219 0.050000 0.062500
0 0.348438 0.408203 0.050000 0.062500
0 0.398438 0.414062 0.050000 0.062500
0 0.395313 0.386719 0.050000 0.062500
0 0.517188 0.453125 0.050000 0.062500
0 0.553125 0.470703 0.050000 0.062500
0 0.535937 0.486328 0.050000 0.062500
0 0.537500 0.529297 0.050000 0.062500
0 0.578125 0.507812 0.050000 0.062500
0 0.612500 0.464844 0.050000 0.062500
0 0.665625 0.511719 0.050000 0.062500
0 0.589063 0.542969 0.050000 0.062500
0 0.596875 0.566406 0.050000 0.062500
0 0.578125 0.591797 0.050000 0.062500
0 0.578125 0.607422 0.050000 0.062500
0 0.535937 0.628906 0.050000 0.062500
0 0.534375 0.681641 0.050000 0.062500
0 0.534375 0.681641 0.050000 0.062500
0 0.714063 0.646484 0.050000 0.062500
0 0.723437 0.636719 0.050000 0.062500
0 0.765625 0.425781 0.050000 0.062500
0 0.820312 0.402344 0.050000 0.062500
0 0.956250 0.394531 0.050000 0.062500
0 0.982812 0.347656 0.034375 0.062500
0 0.957812 0.310547 0.050000 0.062500
0 0.814063 0.181641 0.050000 0.062500
0 0.904687 0.019531 0.050000 0.039062
0 0.965625 0.017578 0.050000 0.035156
0 0.831250 0.026367 0.050000 0.052734
0 0.926562 0.539062 0.050000 0.062500
0 0.790625 0.597656 0.050000 0.062500
0 0.779687 0.613281 0.050000 0.062500
0 0.807813 0.597656 0.050000 0.062500
0 0.812500 0.460938 0.050000 0.062500
0 0.848437 0.429688 0.050000 0.062500
0 0.914062 0.630859 0.050000 0.062500
0 0.939063 0.542969 0.050000 0.062500
0 0.929688 0.664062 0.050000 0.062500
0 0.898438 0.707031 0.050000 0.062500
0 0.948438 0.732422 0.050000 0.062500
0 0.979688 0.726562 0.040625 0.062500
0 0.814063 0.779297 0.050000 0.062500
0 0.795312 0.822266 0.050000 0.062500
0 0.728125 0.857422 0.050000 0.062500
0 0.860938 0.835938 0.050000 0.062500
0 0.850000 0.865234 0.050000 0.062500
0 0.798438 0.869141 0.050000 0.062500
0 0.764062 0.871094 0.050000 0.062500
0 0.539062 0.753906 0.050000 0.062500
0 0.584375 0.771484 0.050000 0.062500
0 0.582812 0.708984 0.050000 0.062500
0 0.610938 0.746094 0.050000 0.062500
0 0.610938 0.708984 0.050000 0.062500
0 0.879687 0.693359 0.050000 0.062500
0 0.837500 0.728516 0.050000 0.062500
0 0.837500 0.785156 0.050000 0.062500
0 0.634375 0.863281 0.050000 0.062500
0 0.612500 0.865234 0.050000 0.062500
0 0.551562 0.820312 0.050000 0.062500
0 0.470313 0.722656 0.050000 0.062500
0 0.448437 0.720703 0.050000 0.062500
0 0.510938 0.718750 0.050000 0.062500
0 0.665625 0.630859 0.050000 0.062500
0 0.932813 0.851562 0.050000 0.062500
