0 0.351562 0.710938 0.050000 0.062500
0 0.871875 0.027344 0.050000 0.054688
0 0.900000 0.052734 0.050000 0.062500
0 0.917188 0.142578 0.050000 0.062500
0 0.925000 0.091797 0.050000 0.062500
0 0.971875 0.109375 0.050000 0.062500
0 0.981250 0.171875 0.037500 0.062500
0 0.984375 0.240234 0.031250 0.062500
0 0.851562 0.660156 0.050000 0.062500
0 0.864062 0.703125 0.050000 0.062500
0 0.685937 0.525391 0.050000 0.062500
0 0.493750 0.392578 0.050000 0.062500
0 0.029687 0.332031 0.050000 0.062500
0 0.218750 0.197266 0.050000 0.062500
0 0.079687 0.109375 0.050000 0.062500
0 0.373437 0.683594 0.050000 0.062500
