0 0.295312 0.056641 0.050000 0.062500
0 0.179688 0.316406 0.050000 0.062500
0 0.019531 0.347656 0.039062 0.062500
0 0.020313 0.308594 0.040625 0.062500
0 0.107813 0.390625 0.050000 0.062500
0 0.079687 0.449219 0.050000 0.062500
0 0.093750 0.494141 0.050000 0.062500
0 0.160938 0.363281 0.050000 0.062500
0 0.028125 0.470703 0.050000 0.062500
0 0.253125 0.386719 0.050000 0.062500
0 0.195312 0.404297 0.050000 0.062500
0 0.154688 0.447266 0.050000 0.062500
0 0.190625 0.343750 0.050000 0.062500
0 0.307812 0.310547 0.050000 0.062500
0 0.373437 0.322266 0.050000 0.062500
0 0.325000 0.357422 0.050000 0.062500
0 0.262500 0.421875 0.050000 0.062500
0 0.309375 0.431641 0.050000 0.062500
0 0.325000 0.458984 0.050000 0.062500
0 0.462500 0.292969 0.050000 0.062500
0 0.451562 0.212891 0.050000 0.062500
0 0.504687 0.312500 0.050000 0.062500
0 0.592187 0.121094 0.050000 0.062500
0 0.676562 0.064453 0.050000 0.062500
0 0.684375 0.109375 0.050000 0.062500
0 0.742188 0.025391 0.050000 0.050781
0 0.806250 0.042969 0.050000 0.062500
0 0.803125 0.103516 0.050000 0.062500
0 0.768750 0.171875 0.050000 0.062500
0 0.753125 0.187500 0.050000 0.062500
0 0.695312 0.148438 0.050000 0.062500
0 0.653125 0.285156 0.050000 0.062500
0 0.735938 0.482422 0.050000 0.062500
0 0.778125 0.511719 0.050000 0.062500
0 0.857812 0.484375 0.050000 0.062500
0 0.854688 0.505859 0.050000 0.062500
0 0.925000 0.519531 0.050000 0.062500
0 0.960938 0.537109 0.050000 0.062500
0 0.929688 0.630859 0.050000 0.062500
0 0.892188 0.603516 0.050000 0.062500
0 0.660937 0.619141 0.050000 0.062500
0 0.740625 0.707031 0.050000 0.062500
0 0.690625 0.763672 0.050000 0.062500
0 0.717187 0.771484 0.050000 0.062500
0 0.776563 0.755859 0.050000 0.062500
0 0.603125 0.814453 0.050000 0.062500
0 0.576562 0.759766 0.050000 0.062500
0 0.529687 0.669922 0.050000 0.062500
0 0.292187 0.593750 0.050000 0.062500
0 0.270313 0.578125 0.050000 0.062500
0 0.323437 0.548828 0.050000 0.062500
0 0.335938 0.664062 0.050000 0.062500
0 0.293750 0.714844 0.050000 0.062500
0 0.171875 0.728516 0.050000 0.062500
0 0.164062 0.750000 0.050000 0.062500
0 0.185938 0.619141 0.050000 0.062500
0 0.104688 0.607422 0.050000 0.062500
0 0.112500 0.589844 0.050000 0.062500
0 0.090625 0.609375 0.050000 0.062500
0 0.060937 0.597656 0.050000 0.062500
0 0.021094 0.562500 0.042188 0.062500
0 0.046875 0.734375 0.050000 0.062500
0 0.071875 0.792969 0.050000 0.062500
0 0.103125 0.818359 0.050000 0.062500
0 0.125000 0.908203 0.050000 0.062500
0 0.150000 0.912109 0.050000 0.062500
0 0.229687 0.826172 0.050000 0.062500
0 0.232813 0.800781 0.050000 0.062500
0 0.290625 0.882812 0.050000 0.062500
0 0.323437 0.873047 0.050000 0.062500
0 0.459375 0.810547 0.050000 0.062500
0 0.537500 0.837891 0.050000 0.062500
0 0.557813 0.767578 0.050000 0.062500
0 0.518750 0.724609 0.050000 0.062500
0 0.440625 0.457031 0.050000 0.062500
0 0.843750 0.023438 0.050000 0.046875
0 0.962500 0.400391 0.050000 0.062500
0 0.979688 0.386719 0.040625 0.062500
0 0.970313 0.445312 0.050000 0.062500
0 0.981250 0.589844 0.037500 0.062500
0 0.976562 0.609375 0.046875 0.062500
0 0.984375 0.628906 0.031250 0.062500
0 0.657813 0.595703 0.050000 0.062500
0 0.607812 0.773438 0.050000 0.062500
0 0.614062 0.736328 0.050000 0.062500
