0 0.318750 0.050781 0.050000 0.062500
0 0.209375 0.292969 0.050000 0.062500
0 0.221875 0.310547 0.050000 0.062500
0 0.189062 0.363281 0.050000 0.062500
0 0.143750 0.394531 0.050000 0.062500
0 0.062500 0.322266 0.050000 0.062500
0 0.046875 0.349609 0.050000 0.062500
0 0.057813 0.439453 0.050000 0.062500
0 0.056250 0.468750 0.050000 0.062500
0 0.110937 0.501953 0.050000 0.062500
0 0.176563 0.449219 0.050000 0.062500
0 0.198437 0.410156 0.050000 0.062500
0 0.281250 0.380859 0.050000 0.062500
0 0.292187 0.417969 0.050000 0.062500
0 0.360938 0.357422 0.050000 0.062500
0 0.356250 0.287109 0.050000 0.062500
0 0.403125 0.316406 0.050000 0.062500
0 0.481250 0.283203 0.050000 0.062500
0 0.545312 0.289062 0.050000 0.062500
0 0.506250 0.177734 0.050000 0.062500
0 0.623437 0.097656 0.050000 0.062500
0 0.700000 0.039062 0.050000 0.062500
0 0.760938 0.017578 0.050000 0.035156
0 0.814063 0.066406 0.050000 0.062500
0 0.812500 0.099609 0.050000 0.062500
0 0.715625 0.087891 0.050000 0.062500
0 0.718750 0.126953 0.050000 0.062500
0 0.784375 0.183594 0.050000 0.062500
0 0.767188 0.197266 0.050000 0.062500
0 0.862500 0.484375 0.050000 0.062500
0 0.743750 0.486328 0.050000 0.062500
0 0.776563 0.519531 0.050000 0.062500
0 0.653125 0.603516 0.050000 0.062500
0 0.745313 0.710938 0.050000 0.062500
0 0.775000 0.753906 0.050000 0.062500
0 0.712500 0.781250 0.050000 0.062500
0 0.684375 0.748047 0.050000 0.062500
0 0.532813 0.673828 0.050000 0.062500
0 0.309375 0.558594 0.050000 0.062500
0 0.445312 0.478516 0.050000 0.062500
0 0.106250 0.591797 0.050000 0.062500
0 0.106250 0.609375 0.050000 0.062500
0 0.178125 0.621094 0.050000 0.062500
0 0.089063 0.537109 0.050000 0.062500
0 0.020313 0.566406 0.040625 0.062500
0 0.015625 0.593750 0.031250 0.062500
0 0.057813 0.605469 0.050000 0.062500
0 0.084375 0.609375 0.050000 0.062500
0 0.181250 0.726562 0.050000 0.062500
0 0.168750 0.750000 0.050000 0.062500
0 0.287500 0.714844 0.050000 0.062500
0 0.240625 0.794922 0.050000 0.062500
0 0.226562 0.826172 0.050000 0.062500
0 0.140625 0.912109 0.050000 0.062500
0 0.081250 0.800781 0.050000 0.062500
0 0.032813 0.742188 0.050000 0.062500
0 0.295312 0.894531 0.050000 0.062500
0 0.315625 0.876953 0.050000 0.062500
0 0.335938 0.675781 0.050000 0.062500
0 0.042188 0.728516 0.050000 0.062500
0 0.525000 0.724609 0.050000 0.062500
0 0.456250 0.816406 0.050000 0.062500
0 0.571875 0.769531 0.050000 0.062500
0 0.559375 0.771484 0.050000 0.062500
0 0.539062 0.833984 0.050000 0.062500
0 0.590625 0.810547 0.050000 0.062500
0 0.598437 0.775391 0.050000 0.062500
0 0.923438 0.525391 0.050000 0.062500
0 0.851562 0.507812 0.050000 0.062500
0 0.960938 0.398438 0.050000 0.062500
0 0.981250 0.390625 0.037500 0.062500
0 0.979688 0.437500 0.040625 0.062500
0 0.968750 0.539062 0.050000 0.062500
0 0.982812 0.597656 0.034375 0.062500
0 0.973437 0.619141 0.050000 0.062500
0 0.978125 0.640625 0.043750 0.062500
0 0.918750 0.656250 0.050000 0.062500
0 0.898438 0.666016 0.050000 0.062500
0 0.881250 0.679688 0.050000 0.062500
0 0.876563 0.646484 0.050000 0.062500
0 0.892188 0.593750 0.050000 0.062500
0 0.665625 0.277344 0.050000 0.062500
0 0.345313 0.429688 0.050000 0.062500
0 0.348438 0.464844 0.050000 0.062500
0 0.225000 0.339844 0.050000 0.062500
0 0.132812 0.515625 0.050000 0.062500
0 0.070312 0.818359 0.050000 0.062500
0 0.610938 0.742188 0.050000 0.062500
0 0.265625 0.583984 0.050000 0.062500
0 0.284375 0.601562 0.050000 0.062500
