0 0.112500 0.322266 0.050000 0.062500
0 0.178125 0.392578 0.050000 0.062500
0 0.218750 0.355469 0.050000 0.062500
0 0.315625 0.382812 0.050000 0.062500
0 0.654687 0.611328 0.050000 0.062500
0 0.732812 0.484375 0.050000 0.062500
0 0.425000 0.308594 0.050000 0.062500
0 0.412500 0.257812 0.050000 0.062500
0 0.510938 0.269531 0.050000 0.062500
0 0.590625 0.253906 0.050000 0.062500
0 0.684375 0.263672 0.050000 0.062500
0 0.767188 0.216797 0.050000 0.062500
0 0.556250 0.146484 0.050000 0.062500
0 0.650000 0.082031 0.050000 0.062500
0 0.739062 0.054688 0.050000 0.062500
0 0.721875 0.021484 0.050000 0.042969
0 0.335938 0.052734 0.050000 0.062500
0 0.751563 0.093750 0.050000 0.062500
0 0.806250 0.083984 0.050000 0.062500
0 0.814063 0.125000 0.050000 0.062500
0 0.784375 0.191406 0.050000 0.062500
0 0.131250 0.500000 0.050000 0.062500
0 0.085938 0.472656 0.050000 0.062500
0 0.026562 0.439453 0.050000 0.062500
0 0.019531 0.564453 0.039062 0.062500
0 0.022656 0.595703 0.045312 0.062500
0 0.053125 0.605469 0.050000 0.062500
0 0.106250 0.615234 0.050000 0.062500
0 0.032813 0.746094 0.050000 0.062500
0 0.059375 0.812500 0.050000 0.062500
0 0.179688 0.738281 0.050000 0.062500
0 0.137500 0.921875 0.050000 0.062500
0 0.220312 0.833984 0.050000 0.062500
0 0.229687 0.798828 0.050000 0.062500
0 0.281250 0.716797 0.050000 0.062500
0 0.285938 0.910156 0.050000 0.062500
0 0.315625 0.882812 0.050000 0.062500
0 0.287500 0.597656 0.050000 0.062500
0 0.264062 0.585938 0.050000 0.062500
0 0.176563 0.621094 0.050000 0.062500
0 0.285938 0.548828 0.050000 0.062500
0 0.456250 0.812500 0.050000 0.062500
0 0.600000 0.779297 0.050000 0.062500
0 0.589063 0.804688 0.050000 0.062500
0 0.593750 0.826172 0.050000 0.062500
0 0.692187 0.771484 0.050000 0.062500
0 0.709375 0.775391 0.050000 0.062500
0 0.739062 0.716797 0.050000 0.062500
0 0.904687 0.587891 0.050000 0.062500
0 0.959375 0.541016 0.050000 0.062500
0 0.934375 0.662109 0.050000 0.062500
0 0.971875 0.617188 0.050000 0.062500
0 0.856250 0.486328 0.050000 0.062500
0 0.778125 0.523438 0.050000 0.062500
0 0.848437 0.509766 0.050000 0.062500
0 0.464062 0.505859 0.050000 0.062500
0 0.251563 0.328125 0.050000 0.062500
0 0.239063 0.285156 0.050000 0.062500
0 0.267188 0.302734 0.050000 0.062500
0 0.525000 0.677734 0.050000 0.062500
0 0.551562 0.773438 0.050000 0.062500
0 0.773438 0.763672 0.050000 0.062500
0 0.960938 0.402344 0.050000 0.062500
0 0.979688 0.392578 0.040625 0.062500
0 0.986719 0.429688 0.026562 0.062500
0 0.087500 0.812500 0.050000 0.062500
0 0.098437 0.591797 0.050000 0.062500
0 0.204687 0.419922 0.050000 0.062500
0 0.212500 0.455078 0.050000 0.062500
0 0.329688 0.410156 0.050000 0.062500
0 0.415625 0.349609 0.050000 0.062500
0 0.537500 0.718750 0.050000 0.062500
0 0.515625 0.017578 0.050000 0.035156
0 0.078125 0.343750 0.050000 0.062500
0 0.609375 0.740234 0.050000 0.062500
0 0.334375 0.671875 0.050000 0.062500
0 0.871875 0.646484 0.050000 0.062500
0 0.907813 0.675781 0.050000 0.062500
0 0.532813 0.835938 0.050000 0.062500
0 0.923438 0.525391 0.050000 0.062500
