0 0.157812 0.324219 0.050000 0.062500
0 0.204687 0.386719 0.050000 0.062500
0 0.343750 0.371094 0.050000 0.062500
0 0.448437 0.296875 0.050000 0.062500
0 0.445312 0.345703 0.050000 0.062500
0 0.529687 0.259766 0.050000 0.062500
0 0.612500 0.230469 0.050000 0.062500
0 0.685937 0.251953 0.050000 0.062500
0 0.776563 0.234375 0.050000 0.062500
0 0.801562 0.201172 0.050000 0.062500
0 0.815625 0.132812 0.050000 0.062500
0 0.809375 0.101562 0.050000 0.062500
0 0.762500 0.031250 0.050000 0.062500
0 0.667188 0.054688 0.050000 0.062500
0 0.595313 0.113281 0.050000 0.062500
0 0.457813 0.234375 0.050000 0.062500
0 0.359375 0.046875 0.050000 0.062500
0 0.514062 0.019531 0.050000 0.039062
0 0.479687 0.519531 0.050000 0.062500
0 0.518750 0.677734 0.050000 0.062500
0 0.537500 0.712891 0.050000 0.062500
0 0.589063 0.822266 0.050000 0.062500
0 0.706250 0.777344 0.050000 0.062500
0 0.764062 0.763672 0.050000 0.062500
0 0.737500 0.712891 0.050000 0.062500
0 0.646875 0.615234 0.050000 0.062500
0 0.731250 0.490234 0.050000 0.062500
0 0.853125 0.482422 0.050000 0.062500
0 0.843750 0.513672 0.050000 0.062500
0 0.918750 0.523438 0.050000 0.062500
0 0.909375 0.583984 0.050000 0.062500
0 0.931250 0.667969 0.050000 0.062500
0 0.964063 0.617188 0.050000 0.062500
0 0.980469 0.591797 0.039062 0.062500
0 0.980469 0.636719 0.039062 0.062500
0 0.959375 0.544922 0.050000 0.062500
0 0.959375 0.416016 0.050000 0.062500
0 0.978906 0.396484 0.042188 0.062500
0 0.773438 0.517578 0.050000 0.062500
0 0.451562 0.802734 0.050000 0.062500
0 0.312500 0.875000 0.050000 0.062500
0 0.279687 0.904297 0.050000 0.062500
0 0.214062 0.833984 0.050000 0.062500
0 0.135937 0.919922 0.050000 0.062500
0 0.071875 0.798828 0.050000 0.062500
0 0.100000 0.611328 0.050000 0.062500
0 0.106250 0.589844 0.050000 0.062500
0 0.145313 0.490234 0.050000 0.062500
0 0.182812 0.501953 0.050000 0.062500
0 0.234375 0.443359 0.050000 0.062500
0 0.242188 0.351562 0.050000 0.062500
0 0.275000 0.322266 0.050000 0.062500
0 0.296875 0.283203 0.050000 0.062500
0 0.264062 0.271484 0.050000 0.062500
0 0.107813 0.464844 0.050000 0.062500
0 0.014844 0.421875 0.029687 0.062500
0 0.016406 0.564453 0.032813 0.062500
0 0.024219 0.583984 0.048438 0.062500
0 0.042188 0.609375 0.050000 0.062500
0 0.035937 0.751953 0.050000 0.062500
0 0.162500 0.744141 0.050000 0.062500
0 0.173437 0.621094 0.050000 0.062500
0 0.290625 0.556641 0.050000 0.062500
0 0.270313 0.542969 0.050000 0.062500
0 0.346875 0.396484 0.050000 0.062500
0 0.200000 0.416016 0.050000 0.062500
0 0.101562 0.341797 0.050000 0.062500
0 0.550000 0.777344 0.050000 0.062500
0 0.279687 0.718750 0.050000 0.062500
0 0.328125 0.673828 0.050000 0.062500
0 0.181250 0.738281 0.050000 0.062500
0 0.678125 0.771484 0.050000 0.062500
0 0.870313 0.679688 0.050000 0.062500
0 0.781250 0.064453 0.050000 0.062500
0 0.039062 0.716797 0.050000 0.062500
0 0.279687 0.603516 0.050000 0.062500
0 0.385937 0.492188 0.050000 0.062500
0 0.257812 0.583984 0.050000 0.062500
0 0.603125 0.734375 0.050000 0.062500
0 0.081250 0.613281 0.050000 0.062500
0 0.873437 0.650391 0.050000 0.062500
