0 0.603125 0.018555 0.050000 0.037109
0 0.659375 0.029297 0.050000 0.058594
0 0.692187 0.024414 0.050000 0.048828
0 0.681250 0.039062 0.050000 0.062500
0 0.721875 0.062500 0.050000 0.062500
0 0.753125 0.062500 0.050000 0.062500
0 0.760938 0.078125 0.050000 0.062500
0 0.692187 0.054688 0.050000 0.062500
0 0.717187 0.078125 0.050000 0.062500
0 0.723437 0.037109 0.050000 0.062500
0 0.732812 0.019531 0.050000 0.039062
0 0.709375 0.022461 0.050000 0.044922
0 0.703125 0.050781 0.050000 0.062500
0 0.671875 0.097656 0.050000 0.062500
0 0.607812 0.117188 0.050000 0.062500
0 0.660937 0.312500 0.050000 0.062500
0 0.710938 0.375000 0.050000 0.062500
0 0.748437 0.310547 0.050000 0.062500
0 0.801562 0.210938 0.050000 0.062500
0 0.917188 0.240234 0.050000 0.062500
0 0.931250 0.126953 0.050000 0.062500
0 0.942187 0.074219 0.050000 0.062500
0 0.984375 0.070312 0.031250 0.062500
0 0.854688 0.351562 0.050000 0.062500
0 0.934375 0.365234 0.050000 0.062500
0 0.885938 0.451172 0.050000 0.062500
0 0.892188 0.498047 0.050000 0.062500
0 0.889062 0.681641 0.050000 0.062500
0 0.875000 0.699219 0.050000 0.062500
0 0.948438 0.802734 0.050000 0.062500
0 0.976562 0.865234 0.046875 0.062500
0 0.982031 0.908203 0.035937 0.062500
0 0.945312 0.847656 0.050000 0.062500
0 0.725000 0.863281 0.050000 0.062500
0 0.742188 0.906250 0.050000 0.062500
0 0.682813 0.912109 0.050000 0.062500
0 0.664062 0.892578 0.050000 0.062500
0 0.553125 0.914062 0.050000 0.062500
0 0.581250 0.853516 0.050000 0.062500
0 0.587500 0.835938 0.050000 0.062500
0 0.667188 0.728516 0.050000 0.062500
0 0.810937 0.683594 0.050000 0.062500
0 0.775000 0.638672 0.050000 0.062500
0 0.578125 0.666016 0.050000 0.062500
0 0.510938 0.609375 0.050000 0.062500
0 0.564063 0.419922 0.050000 0.062500
0 0.589063 0.451172 0.050000 0.062500
0 0.320312 0.582031 0.050000 0.062500
0 0.348438 0.667969 0.050000 0.062500
0 0.290625 0.693359 0.050000 0.062500
0 0.281250 0.863281 0.050000 0.062500
0 0.225000 0.876953 0.050000 0.062500
0 0.203125 0.691406 0.050000 0.062500
0 0.073438 0.697266 0.050000 0.062500
0 0.212500 0.568359 0.050000 0.062500
0 0.143750 0.533203 0.050000 0.062500
0 0.153125 0.500000 0.050000 0.062500
0 0.128125 0.527344 0.050000 0.062500
0 0.098437 0.503906 0.050000 0.062500
0 0.110937 0.476562 0.050000 0.062500
0 0.279687 0.441406 0.050000 0.062500
0 0.314063 0.431641 0.050000 0.062500
0 0.332813 0.468750 0.050000 0.062500
0 0.439063 0.392578 0.050000 0.062500
0 0.475000 0.351562 0.050000 0.062500
0 0.557813 0.384766 0.050000 0.062500
0 0.585938 0.279297 0.050000 0.062500
0 0.467187 0.298828 0.050000 0.062500
0 0.506250 0.316406 0.050000 0.062500
0 0.504687 0.269531 0.050000 0.062500
0 0.140625 0.279297 0.050000 0.062500
0 0.095312 0.359375 0.050000 0.062500
0 0.020313 0.240234 0.040625 0.062500
0 0.067187 0.453125 0.050000 0.062500
0 0.184375 0.703125 0.050000 0.062500
0 0.978125 0.771484 0.043750 0.062500
0 0.935937 0.757812 0.050000 0.062500
0 0.948438 0.742188 0.050000 0.062500
0 0.587500 0.878906 0.050000 0.062500
0 0.434375 0.845703 0.050000 0.062500
0 0.529687 0.740234 0.050000 0.062500
0 0.581250 0.769531 0.050000 0.062500
0 0.223438 0.781250 0.050000 0.062500
0 0.176563 0.791016 0.050000 0.062500
0 0.287500 0.384766 0.050000 0.062500
0 0.501563 0.900391 0.050000 0.062500
0 0.100000 0.830078 0.050000 0.062500
0 0.048438 0.625000 0.050000 0.062500
0 0.871875 0.843750 0.050000 0.062500
0 0.535937 0.841797 0.050000 0.062500
