0 0.600000 0.016602 0.050000 0.033203
0 0.656250 0.027344 0.050000 0.054688
0 0.679688 0.037109 0.050000 0.062500
0 0.695312 0.048828 0.050000 0.062500
0 0.670312 0.087891 0.050000 0.062500
0 0.620313 0.115234 0.050000 0.062500
0 0.618750 0.265625 0.050000 0.062500
0 0.681250 0.310547 0.050000 0.062500
0 0.746875 0.355469 0.050000 0.062500
0 0.762500 0.296875 0.050000 0.062500
0 0.843750 0.185547 0.050000 0.062500
0 0.945312 0.208984 0.050000 0.062500
0 0.868750 0.335938 0.050000 0.062500
0 0.950000 0.367188 0.050000 0.062500
0 0.876563 0.462891 0.050000 0.062500
0 0.889062 0.507812 0.050000 0.062500
0 0.768750 0.638672 0.050000 0.062500
0 0.807813 0.685547 0.050000 0.062500
0 0.884375 0.673828 0.050000 0.062500
0 0.973437 0.767578 0.050000 0.062500
0 0.665625 0.732422 0.050000 0.062500
0 0.590625 0.683594 0.050000 0.062500
0 0.518750 0.625000 0.050000 0.062500
0 0.310937 0.578125 0.050000 0.062500
0 0.462500 0.390625 0.050000 0.062500
0 0.581250 0.376953 0.050000 0.062500
0 0.590625 0.412109 0.050000 0.062500
0 0.492188 0.345703 0.050000 0.062500
0 0.340625 0.425781 0.050000 0.062500
0 0.295312 0.439453 0.050000 0.062500
0 0.284375 0.687500 0.050000 0.062500
0 0.229687 0.775391 0.050000 0.062500
0 0.278125 0.857422 0.050000 0.062500
0 0.234375 0.873047 0.050000 0.062500
0 0.184375 0.679688 0.050000 0.062500
0 0.195312 0.699219 0.050000 0.062500
0 0.096875 0.837891 0.050000 0.062500
0 0.135937 0.531250 0.050000 0.062500
0 0.154688 0.498047 0.050000 0.062500
0 0.112500 0.472656 0.050000 0.062500
0 0.095312 0.500000 0.050000 0.062500
0 0.064062 0.449219 0.050000 0.062500
0 0.348438 0.472656 0.050000 0.062500
0 0.457813 0.416016 0.050000 0.062500
0 0.607812 0.451172 0.050000 0.062500
0 0.506250 0.289062 0.050000 0.062500
0 0.282813 0.382812 0.050000 0.062500
0 0.359375 0.304688 0.050000 0.062500
0 0.531250 0.740234 0.050000 0.062500
0 0.587500 0.759766 0.050000 0.062500
0 0.429688 0.841797 0.050000 0.062500
0 0.078125 0.708984 0.050000 0.062500
0 0.204687 0.560547 0.050000 0.062500
0 0.019531 0.026367 0.039062 0.052734
0 0.017188 0.039062 0.034375 0.062500
0 0.159375 0.294922 0.050000 0.062500
0 0.118750 0.367188 0.050000 0.062500
0 0.335938 0.662109 0.050000 0.062500
0 0.585938 0.830078 0.050000 0.062500
0 0.581250 0.853516 0.050000 0.062500
0 0.546875 0.902344 0.050000 0.062500
0 0.720313 0.054688 0.050000 0.062500
0 0.943750 0.103516 0.050000 0.062500
0 0.976562 0.031250 0.046875 0.062500
0 0.759375 0.072266 0.050000 0.062500
0 0.718750 0.030273 0.050000 0.060547
0 0.729688 0.019531 0.050000 0.039062
0 0.692187 0.024414 0.050000 0.048828
0 0.706250 0.020508 0.050000 0.041016
0 0.706250 0.020508 0.050000 0.041016
0 0.876563 0.697266 0.050000 0.062500
0 0.723437 0.853516 0.050000 0.062500
0 0.742188 0.908203 0.050000 0.062500
0 0.684375 0.904297 0.050000 0.062500
0 0.660937 0.880859 0.050000 0.062500
0 0.943750 0.855469 0.050000 0.062500
0 0.986719 0.906250 0.026562 0.062500
0 0.950000 0.800781 0.050000 0.062500
0 0.956250 0.824219 0.050000 0.062500
0 0.942187 0.728516 0.050000 0.062500
0 0.939063 0.738281 0.050000 0.062500
0 0.218750 0.474609 0.050000 0.062500
0 0.239063 0.455078 0.050000 0.062500
0 0.162500 0.798828 0.050000 0.062500
0 0.492188 0.896484 0.050000 0.062500
0 0.042188 0.615234 0.050000 0.062500
0 0.017188 0.226562 0.034375 0.062500
0 0.022656 0.134766 0.045312 0.062500
0 0.868750 0.841797 0.050000 0.062500
0 0.539062 0.841797 0.050000 0.062500
