0 0.292187 0.544922 0.050000 0.062500
0 0.306250 0.566406 0.050000 0.062500
0 0.275000 0.673828 0.050000 0.062500
0 0.331250 0.652344 0.050000 0.062500
0 0.517188 0.740234 0.050000 0.062500
0 0.543750 0.664062 0.050000 0.062500
0 0.603125 0.728516 0.050000 0.062500
0 0.587500 0.757812 0.050000 0.062500
0 0.656250 0.740234 0.050000 0.062500
0 0.657813 0.718750 0.050000 0.062500
0 0.709375 0.865234 0.050000 0.062500
0 0.723437 0.916016 0.050000 0.062500
0 0.800000 0.701172 0.050000 0.062500
0 0.879687 0.693359 0.050000 0.062500
0 0.865625 0.716797 0.050000 0.062500
0 0.935937 0.714844 0.050000 0.062500
0 0.934375 0.816406 0.050000 0.062500
0 0.926562 0.880859 0.050000 0.062500
0 0.986719 0.943359 0.026562 0.062500
0 0.770312 0.652344 0.050000 0.062500
0 0.637500 0.378906 0.050000 0.062500
0 0.645312 0.408203 0.050000 0.062500
0 0.734375 0.300781 0.050000 0.062500
0 0.820312 0.337891 0.050000 0.062500
0 0.904687 0.339844 0.050000 0.062500
0 0.818750 0.292969 0.050000 0.062500
0 0.983594 0.382812 0.032813 0.062500
0 0.982031 0.404297 0.035937 0.062500
0 0.946875 0.158203 0.050000 0.062500
0 0.551562 0.345703 0.050000 0.062500
0 0.529687 0.392578 0.050000 0.062500
0 0.579688 0.304688 0.050000 0.062500
0 0.384375 0.435547 0.050000 0.062500
0 0.339062 0.443359 0.050000 0.062500
0 0.389062 0.470703 0.050000 0.062500
0 0.207813 0.539062 0.050000 0.062500
0 0.193750 0.658203 0.050000 0.062500
0 0.221875 0.775391 0.050000 0.062500
0 0.217188 0.841797 0.050000 0.062500
0 0.264062 0.843750 0.050000 0.062500
0 0.065625 0.681641 0.050000 0.062500
0 0.082812 0.664062 0.050000 0.062500
0 0.082812 0.806641 0.050000 0.062500
0 0.175000 0.681641 0.050000 0.062500
0 0.139063 0.507812 0.050000 0.062500
0 0.153125 0.480469 0.050000 0.062500
0 0.175000 0.462891 0.050000 0.062500
0 0.093750 0.470703 0.050000 0.062500
0 0.115625 0.453125 0.050000 0.062500
0 0.062500 0.427734 0.050000 0.062500
0 0.175000 0.371094 0.050000 0.062500
0 0.287500 0.373047 0.050000 0.062500
0 0.232813 0.287109 0.050000 0.062500
0 0.423438 0.304688 0.050000 0.062500
0 0.103125 0.072266 0.050000 0.062500
0 0.112500 0.046875 0.050000 0.062500
0 0.017188 0.162109 0.034375 0.062500
0 0.046875 0.238281 0.050000 0.062500
0 0.034375 0.283203 0.050000 0.062500
0 0.016406 0.357422 0.032813 0.062500
0 0.051562 0.384766 0.050000 0.062500
0 0.020313 0.248047 0.040625 0.062500
0 0.671875 0.128906 0.050000 0.062500
0 0.701562 0.253906 0.050000 0.062500
0 0.592187 0.265625 0.050000 0.062500
0 0.684375 0.101562 0.050000 0.062500
0 0.706250 0.056641 0.050000 0.062500
0 0.718750 0.060547 0.050000 0.062500
0 0.737500 0.064453 0.050000 0.062500
0 0.767188 0.074219 0.050000 0.062500
0 0.739062 0.039062 0.050000 0.062500
0 0.737500 0.039062 0.050000 0.062500
0 0.743750 0.024414 0.050000 0.048828
0 0.706250 0.028320 0.050000 0.056641
0 0.715625 0.017578 0.050000 0.035156
0 0.800000 0.031250 0.050000 0.062500
0 0.671875 0.029297 0.050000 0.058594
0 0.692187 0.028320 0.050000 0.056641
0 0.620313 0.018555 0.050000 0.037109
0 0.475000 0.896484 0.050000 0.062500
0 0.418750 0.837891 0.050000 0.062500
0 0.534375 0.902344 0.050000 0.062500
0 0.668750 0.914062 0.050000 0.062500
0 0.565625 0.855469 0.050000 0.062500
0 0.573438 0.835938 0.050000 0.062500
0 0.975000 0.798828 0.050000 0.062500
0 0.868750 0.554688 0.050000 0.062500
0 0.875000 0.511719 0.050000 0.062500
0 0.657813 0.453125 0.050000 0.062500
0 0.650000 0.886719 0.050000 0.062500
0 0.964063 0.886719 0.050000 0.062500
0 0.164062 0.771484 0.050000 0.062500
0 0.318750 0.486328 0.050000 0.062500
0 0.062500 0.121094 0.050000 0.062500
