0 0.710938 0.134766 0.050000 0.062500
0 0.732812 0.076172 0.050000 0.062500
0 0.765625 0.091797 0.050000 0.062500
0 0.731250 0.046875 0.050000 0.062500
0 0.743750 0.027344 0.050000 0.054688
0 0.704688 0.017578 0.050000 0.035156
0 0.690625 0.052734 0.050000 0.062500
0 0.704688 0.070312 0.050000 0.062500
0 0.670312 0.037109 0.050000 0.062500
0 0.609375 0.018555 0.050000 0.037109
0 0.756250 0.240234 0.050000 0.062500
0 0.771875 0.287109 0.050000 0.062500
0 0.850000 0.285156 0.050000 0.062500
0 0.870313 0.312500 0.050000 0.062500
0 0.929688 0.335938 0.050000 0.062500
0 0.681250 0.376953 0.050000 0.062500
0 0.678125 0.410156 0.050000 0.062500
0 0.579688 0.394531 0.050000 0.062500
0 0.593750 0.345703 0.050000 0.062500
0 0.673438 0.285156 0.050000 0.062500
0 0.631250 0.273438 0.050000 0.062500
0 0.467187 0.326172 0.050000 0.062500
0 0.553125 0.416016 0.050000 0.062500
0 0.425000 0.458984 0.050000 0.062500
0 0.695312 0.455078 0.050000 0.062500
0 0.379688 0.451172 0.050000 0.062500
0 0.279687 0.376953 0.050000 0.062500
0 0.268750 0.314453 0.050000 0.062500
0 0.176563 0.105469 0.050000 0.062500
0 0.182812 0.087891 0.050000 0.062500
0 0.087500 0.255859 0.050000 0.062500
0 0.112500 0.154297 0.050000 0.062500
0 0.029687 0.179688 0.050000 0.062500
0 0.053125 0.275391 0.050000 0.062500
0 0.070312 0.310547 0.050000 0.062500
0 0.210938 0.388672 0.050000 0.062500
0 0.109375 0.455078 0.050000 0.062500
0 0.135937 0.451172 0.050000 0.062500
0 0.153125 0.490234 0.050000 0.062500
0 0.135937 0.513672 0.050000 0.062500
0 0.090625 0.482422 0.050000 0.062500
0 0.062500 0.429688 0.050000 0.062500
0 0.048438 0.582031 0.050000 0.062500
0 0.031250 0.609375 0.050000 0.062500
0 0.054688 0.673828 0.050000 0.062500
0 0.071875 0.699219 0.050000 0.062500
0 0.176563 0.666016 0.050000 0.062500
0 0.287500 0.541016 0.050000 0.062500
0 0.309375 0.570312 0.050000 0.062500
0 0.275000 0.675781 0.050000 0.062500
0 0.335938 0.673828 0.050000 0.062500
0 0.592187 0.744141 0.050000 0.062500
0 0.617188 0.763672 0.050000 0.062500
0 0.653125 0.736328 0.050000 0.062500
0 0.795312 0.701172 0.050000 0.062500
0 0.759375 0.652344 0.050000 0.062500
0 0.559375 0.707031 0.050000 0.062500
0 0.562500 0.855469 0.050000 0.062500
0 0.704688 0.871094 0.050000 0.062500
0 0.721875 0.919922 0.050000 0.062500
0 0.985156 0.937500 0.029687 0.062500
0 0.960938 0.894531 0.050000 0.062500
0 0.923438 0.882812 0.050000 0.062500
0 0.945312 0.822266 0.050000 0.062500
0 0.959375 0.835938 0.050000 0.062500
0 0.964063 0.798828 0.050000 0.062500
0 0.840625 0.568359 0.050000 0.062500
0 0.860938 0.539062 0.050000 0.062500
0 0.510938 0.738281 0.050000 0.062500
0 0.412500 0.837891 0.050000 0.062500
0 0.529687 0.908203 0.050000 0.062500
0 0.514062 0.851562 0.050000 0.062500
0 0.264062 0.845703 0.050000 0.062500
0 0.223438 0.843750 0.050000 0.062500
0 0.079687 0.814453 0.050000 0.062500
0 0.160938 0.773438 0.050000 0.062500
0 0.201563 0.542969 0.050000 0.062500
0 0.678125 0.107422 0.050000 0.062500
0 0.795312 0.031250 0.050000 0.062500
0 0.726562 0.020508 0.050000 0.041016
0 0.898438 0.914062 0.050000 0.062500
0 0.642188 0.898438 0.050000 0.062500
0 0.217188 0.789062 0.050000 0.062500
0 0.478125 0.894531 0.050000 0.062500
0 0.850000 0.865234 0.050000 0.062500
0 0.865625 0.718750 0.050000 0.062500
0 0.875000 0.693359 0.050000 0.062500
0 0.932813 0.673828 0.050000 0.062500
0 0.890625 0.740234 0.050000 0.062500
0 0.064062 0.226562 0.050000 0.062500
