0 0.607812 0.018555 0.050000 0.037109
0 0.701562 0.060547 0.050000 0.062500
0 0.687500 0.052734 0.050000 0.062500
0 0.731250 0.072266 0.050000 0.062500
0 0.725000 0.087891 0.050000 0.062500
0 0.762500 0.076172 0.050000 0.062500
0 0.767188 0.093750 0.050000 0.062500
0 0.789062 0.033203 0.050000 0.062500
0 0.734375 0.030273 0.050000 0.060547
0 0.726562 0.044922 0.050000 0.062500
0 0.728125 0.044922 0.050000 0.062500
0 0.698438 0.030273 0.050000 0.060547
0 0.718750 0.028320 0.050000 0.056641
0 0.748437 0.023438 0.050000 0.046875
0 0.728125 0.020508 0.050000 0.041016
0 0.704688 0.018555 0.050000 0.037109
0 0.717187 0.064453 0.050000 0.062500
0 0.667188 0.033203 0.050000 0.062500
0 0.725000 0.123047 0.050000 0.062500
0 0.675000 0.105469 0.050000 0.062500
0 0.784375 0.230469 0.050000 0.062500
0 0.787500 0.283203 0.050000 0.062500
0 0.865625 0.273438 0.050000 0.062500
0 0.892188 0.304688 0.050000 0.062500
0 0.934375 0.332031 0.050000 0.062500
0 0.700000 0.404297 0.050000 0.062500
0 0.703125 0.378906 0.050000 0.062500
0 0.709375 0.273438 0.050000 0.062500
0 0.651563 0.269531 0.050000 0.062500
0 0.648438 0.304688 0.050000 0.062500
0 0.615625 0.341797 0.050000 0.062500
0 0.601562 0.390625 0.050000 0.062500
0 0.570312 0.417969 0.050000 0.062500
0 0.492188 0.318359 0.050000 0.062500
0 0.437500 0.460938 0.050000 0.062500
0 0.393750 0.451172 0.050000 0.062500
0 0.279687 0.369141 0.050000 0.062500
0 0.290625 0.326172 0.050000 0.062500
0 0.337500 0.677734 0.050000 0.062500
0 0.270313 0.685547 0.050000 0.062500
0 0.198437 0.546875 0.050000 0.062500
0 0.151562 0.488281 0.050000 0.062500
0 0.137500 0.521484 0.050000 0.062500
0 0.114062 0.503906 0.050000 0.062500
0 0.081250 0.484375 0.050000 0.062500
0 0.109375 0.451172 0.050000 0.062500
0 0.065625 0.289062 0.050000 0.062500
0 0.082812 0.326172 0.050000 0.062500
0 0.103125 0.269531 0.050000 0.062500
0 0.109375 0.253906 0.050000 0.062500
0 0.093750 0.238281 0.050000 0.062500
0 0.121875 0.164062 0.050000 0.062500
0 0.214062 0.119141 0.050000 0.062500
0 0.221875 0.099609 0.050000 0.062500
0 0.040625 0.193359 0.050000 0.062500
0 0.015625 0.103516 0.031250 0.062500
0 0.060937 0.427734 0.050000 0.062500
0 0.029687 0.611328 0.050000 0.062500
0 0.048438 0.587891 0.050000 0.062500
0 0.071875 0.812500 0.050000 0.062500
0 0.065625 0.705078 0.050000 0.062500
0 0.053125 0.675781 0.050000 0.062500
0 0.170313 0.658203 0.050000 0.062500
0 0.185938 0.699219 0.050000 0.062500
0 0.226562 0.839844 0.050000 0.062500
0 0.257812 0.855469 0.050000 0.062500
0 0.510938 0.742188 0.050000 0.062500
0 0.414062 0.839844 0.050000 0.062500
0 0.560937 0.722656 0.050000 0.062500
0 0.595313 0.742188 0.050000 0.062500
0 0.617188 0.785156 0.050000 0.062500
0 0.648438 0.736328 0.050000 0.062500
0 0.560937 0.855469 0.050000 0.062500
0 0.529687 0.902344 0.050000 0.062500
0 0.706250 0.876953 0.050000 0.062500
0 0.721875 0.925781 0.050000 0.062500
0 0.665625 0.923828 0.050000 0.062500
0 0.639062 0.900391 0.050000 0.062500
0 0.793750 0.707031 0.050000 0.062500
0 0.762500 0.658203 0.050000 0.062500
0 0.826562 0.560547 0.050000 0.062500
0 0.851562 0.544922 0.050000 0.062500
0 0.982031 0.681641 0.035937 0.062500
0 0.960938 0.794922 0.050000 0.062500
0 0.953125 0.832031 0.050000 0.062500
0 0.932813 0.888672 0.050000 0.062500
0 0.979688 0.947266 0.040625 0.062500
0 0.859375 0.722656 0.050000 0.062500
0 0.878125 0.703125 0.050000 0.062500
0 0.945312 0.679688 0.050000 0.062500
0 0.895312 0.919922 0.050000 0.062500
0 0.864062 0.890625 0.050000 0.062500
0 0.712500 0.447266 0.050000 0.062500
0 0.231250 0.398438 0.050000 0.062500
0 0.310937 0.494141 0.050000 0.062500
0 0.951562 0.855469 0.050000 0.062500
0 0.290625 0.552734 0.050000 0.062500
0 0.306250 0.570312 0.050000 0.062500
0 0.475000 0.902344 0.050000 0.062500
0 0.515625 0.851562 0.050000 0.062500
0 0.164062 0.771484 0.050000 0.062500
0 0.218750 0.783203 0.050000 0.062500
0 0.848437 0.867188 0.050000 0.062500
