0 0.667188 0.031250 0.050000 0.062500
0 0.689063 0.042969 0.050000 0.062500
0 0.700000 0.056641 0.050000 0.062500
0 0.829688 0.132812 0.050000 0.062500
0 0.703125 0.037109 0.050000 0.062500
0 0.728125 0.039062 0.050000 0.062500
0 0.739062 0.024414 0.050000 0.048828
0 0.731250 0.064453 0.050000 0.062500
0 0.721875 0.080078 0.050000 0.062500
0 0.790625 0.107422 0.050000 0.062500
0 0.789062 0.030273 0.050000 0.060547
0 0.764062 0.087891 0.050000 0.062500
0 0.679688 0.097656 0.050000 0.062500
0 0.903125 0.160156 0.050000 0.062500
0 0.940625 0.238281 0.050000 0.062500
0 0.979688 0.298828 0.040625 0.062500
0 0.860938 0.238281 0.050000 0.062500
0 0.862500 0.203125 0.050000 0.062500
0 0.737500 0.240234 0.050000 0.062500
0 0.742188 0.285156 0.050000 0.062500
0 0.795312 0.347656 0.050000 0.062500
0 0.792188 0.378906 0.050000 0.062500
0 0.709375 0.369141 0.050000 0.062500
0 0.706250 0.308594 0.050000 0.062500
0 0.812500 0.560547 0.050000 0.062500
0 0.779687 0.570312 0.050000 0.062500
0 0.757812 0.646484 0.050000 0.062500
0 0.789062 0.699219 0.050000 0.062500
0 0.870313 0.689453 0.050000 0.062500
0 0.862500 0.718750 0.050000 0.062500
0 0.962500 0.796875 0.050000 0.062500
0 0.918750 0.878906 0.050000 0.062500
0 0.939063 0.917969 0.050000 0.062500
0 0.975000 0.828125 0.050000 0.062500
0 0.982812 0.839844 0.034375 0.062500
0 0.703125 0.859375 0.050000 0.062500
0 0.717187 0.923828 0.050000 0.062500
0 0.643750 0.892578 0.050000 0.062500
0 0.646875 0.736328 0.050000 0.062500
0 0.615625 0.712891 0.050000 0.062500
0 0.653125 0.718750 0.050000 0.062500
0 0.568750 0.824219 0.050000 0.062500
0 0.556250 0.847656 0.050000 0.062500
0 0.596875 0.792969 0.050000 0.062500
0 0.531250 0.894531 0.050000 0.062500
0 0.507812 0.738281 0.050000 0.062500
0 0.409375 0.830078 0.050000 0.062500
0 0.326562 0.748047 0.050000 0.062500
0 0.257812 0.837891 0.050000 0.062500
0 0.234375 0.837891 0.050000 0.062500
0 0.203125 0.775391 0.050000 0.062500
0 0.265625 0.673828 0.050000 0.062500
0 0.304688 0.566406 0.050000 0.062500
0 0.182812 0.664062 0.050000 0.062500
0 0.167187 0.644531 0.050000 0.062500
0 0.190625 0.554688 0.050000 0.062500
0 0.121875 0.501953 0.050000 0.062500
0 0.151562 0.478516 0.050000 0.062500
0 0.112500 0.451172 0.050000 0.062500
0 0.090625 0.470703 0.050000 0.062500
0 0.051562 0.417969 0.050000 0.062500
0 0.035937 0.599609 0.050000 0.062500
0 0.054688 0.658203 0.050000 0.062500
0 0.022656 0.816406 0.045312 0.062500
0 0.078125 0.810547 0.050000 0.062500
0 0.514062 0.447266 0.050000 0.062500
0 0.478125 0.416016 0.050000 0.062500
0 0.393750 0.332031 0.050000 0.062500
0 0.275000 0.359375 0.050000 0.062500
0 0.178125 0.376953 0.050000 0.062500
0 0.151562 0.310547 0.050000 0.062500
0 0.196875 0.283203 0.050000 0.062500
0 0.237500 0.259766 0.050000 0.062500
0 0.200000 0.193359 0.050000 0.062500
0 0.109375 0.171875 0.050000 0.062500
0 0.092188 0.220703 0.050000 0.062500
0 0.024219 0.242188 0.048438 0.062500
0 0.024219 0.208984 0.048438 0.062500
0 0.059375 0.130859 0.050000 0.062500
0 0.375000 0.166016 0.050000 0.062500
0 0.379688 0.142578 0.050000 0.062500
0 0.325000 0.417969 0.050000 0.062500
0 0.665625 0.388672 0.050000 0.062500
0 0.793750 0.414062 0.050000 0.062500
0 0.590625 0.308594 0.050000 0.062500
0 0.703125 0.025391 0.050000 0.050781
0 0.721875 0.019531 0.050000 0.039062
0 0.706250 0.015625 0.050000 0.031250
0 0.521875 0.480469 0.050000 0.062500
0 0.310937 0.484375 0.050000 0.062500
0 0.957812 0.880859 0.050000 0.062500
0 0.962500 0.617188 0.050000 0.062500
