0 0.548438 0.046875 0.050000 0.062500
0 0.564063 0.060547 0.050000 0.062500
0 0.556250 0.029297 0.050000 0.058594
0 0.587500 0.042969 0.050000 0.062500
0 0.585938 0.074219 0.050000 0.062500
0 0.579688 0.028320 0.050000 0.056641
0 0.578125 0.028320 0.050000 0.056641
0 0.567187 0.017578 0.050000 0.035156
0 0.600000 0.026367 0.050000 0.052734
0 0.625000 0.095703 0.050000 0.062500
0 0.625000 0.095703 0.050000 0.062500
0 0.721875 0.078125 0.050000 0.062500
0 0.807813 0.203125 0.050000 0.062500
0 0.889062 0.185547 0.050000 0.062500
0 0.898438 0.142578 0.050000 0.062500
0 0.895312 0.076172 0.050000 0.062500
0 0.909375 0.263672 0.050000 0.062500
0 0.764062 0.332031 0.050000 0.062500
0 0.760938 0.302734 0.050000 0.062500
0 0.687500 0.324219 0.050000 0.062500
0 0.665625 0.292969 0.050000 0.062500
0 0.462500 0.455078 0.050000 0.062500
0 0.431250 0.394531 0.050000 0.062500
0 0.371875 0.345703 0.050000 0.062500
0 0.412500 0.201172 0.050000 0.062500
0 0.420312 0.173828 0.050000 0.062500
0 0.264062 0.304688 0.050000 0.062500
0 0.289062 0.431641 0.050000 0.062500
0 0.150000 0.419922 0.050000 0.062500
0 0.132812 0.394531 0.050000 0.062500
0 0.153125 0.310547 0.050000 0.062500
0 0.159375 0.224609 0.050000 0.062500
0 0.117188 0.234375 0.050000 0.062500
0 0.109375 0.314453 0.050000 0.062500
0 0.101562 0.343750 0.050000 0.062500
0 0.014844 0.351562 0.029687 0.062500
0 0.048438 0.617188 0.050000 0.062500
0 0.022656 0.662109 0.045312 0.062500
0 0.016406 0.642578 0.032813 0.062500
0 0.053125 0.755859 0.050000 0.062500
0 0.057813 0.837891 0.050000 0.062500
0 0.090625 0.835938 0.050000 0.062500
0 0.129688 0.851562 0.050000 0.062500
0 0.104688 0.660156 0.050000 0.062500
0 0.348438 0.732422 0.050000 0.062500
0 0.240625 0.830078 0.050000 0.062500
0 0.306250 0.888672 0.050000 0.062500
0 0.359375 0.841797 0.050000 0.062500
0 0.392188 0.857422 0.050000 0.062500
0 0.401562 0.826172 0.050000 0.062500
0 0.365625 0.900391 0.050000 0.062500
0 0.464062 0.855469 0.050000 0.062500
0 0.450000 0.800781 0.050000 0.062500
0 0.482812 0.701172 0.050000 0.062500
0 0.492188 0.724609 0.050000 0.062500
0 0.473438 0.902344 0.050000 0.062500
0 0.490625 0.919922 0.050000 0.062500
0 0.557813 0.925781 0.050000 0.062500
0 0.540625 0.867188 0.050000 0.062500
0 0.632812 0.712891 0.050000 0.062500
0 0.709375 0.703125 0.050000 0.062500
0 0.787500 0.826172 0.050000 0.062500
0 0.817187 0.853516 0.050000 0.062500
0 0.798438 0.861328 0.050000 0.062500
0 0.764062 0.931641 0.050000 0.062500
0 0.737500 0.927734 0.050000 0.062500
0 0.715625 0.898438 0.050000 0.062500
0 0.689063 0.896484 0.050000 0.062500
0 0.671875 0.902344 0.050000 0.062500
0 0.895312 0.732422 0.050000 0.062500
0 0.907813 0.701172 0.050000 0.062500
0 0.873437 0.712891 0.050000 0.062500
0 0.879687 0.689453 0.050000 0.062500
0 0.854688 0.640625 0.050000 0.062500
0 0.906250 0.589844 0.050000 0.062500
0 0.946875 0.841797 0.050000 0.062500
0 0.983594 0.427734 0.032813 0.062500
0 0.753125 0.384766 0.050000 0.062500
0 0.629687 0.359375 0.050000 0.062500
0 0.560937 0.289062 0.050000 0.062500
0 0.823438 0.912109 0.050000 0.062500
0 0.168750 0.480469 0.050000 0.062500
0 0.523438 0.030273 0.050000 0.060547
0 0.454688 0.015625 0.050000 0.031250
