0 0.535937 0.048828 0.050000 0.062500
0 0.545312 0.015625 0.050000 0.031250
0 0.525000 0.018555 0.050000 0.037109
0 0.504687 0.023438 0.050000 0.046875
0 0.500000 0.039062 0.050000 0.062500
0 0.535937 0.027344 0.050000 0.054688
0 0.484375 0.083984 0.050000 0.062500
0 0.560937 0.060547 0.050000 0.062500
0 0.471875 0.024414 0.050000 0.048828
0 0.407813 0.162109 0.050000 0.062500
0 0.396875 0.191406 0.050000 0.062500
0 0.350000 0.326172 0.050000 0.062500
0 0.407813 0.380859 0.050000 0.062500
0 0.429688 0.451172 0.050000 0.062500
0 0.542188 0.263672 0.050000 0.062500
0 0.606250 0.332031 0.050000 0.062500
0 0.660937 0.296875 0.050000 0.062500
0 0.637500 0.259766 0.050000 0.062500
0 0.734375 0.279297 0.050000 0.062500
0 0.742188 0.304688 0.050000 0.062500
0 0.771875 0.173828 0.050000 0.062500
0 0.854688 0.162109 0.050000 0.062500
0 0.876563 0.255859 0.050000 0.062500
0 0.975781 0.107422 0.048438 0.062500
0 0.887500 0.101562 0.050000 0.062500
0 0.878125 0.039062 0.050000 0.062500
0 0.675000 0.183594 0.050000 0.062500
0 0.676562 0.214844 0.050000 0.062500
0 0.262500 0.410156 0.050000 0.062500
0 0.254688 0.289062 0.050000 0.062500
0 0.132812 0.304688 0.050000 0.062500
0 0.150000 0.412109 0.050000 0.062500
0 0.078125 0.378906 0.050000 0.062500
0 0.082812 0.314453 0.050000 0.062500
0 0.101562 0.236328 0.050000 0.062500
0 0.123438 0.212891 0.050000 0.062500
0 0.015625 0.621094 0.031250 0.062500
0 0.051562 0.650391 0.050000 0.062500
0 0.015625 0.736328 0.031250 0.062500
0 0.016406 0.822266 0.032813 0.062500
0 0.039062 0.818359 0.050000 0.062500
0 0.068750 0.855469 0.050000 0.062500
0 0.196875 0.812500 0.050000 0.062500
0 0.254688 0.873047 0.050000 0.062500
0 0.315625 0.832031 0.050000 0.062500
0 0.345313 0.833984 0.050000 0.062500
0 0.310937 0.890625 0.050000 0.062500
0 0.403125 0.802734 0.050000 0.062500
0 0.440625 0.707031 0.050000 0.062500
0 0.440625 0.683594 0.050000 0.062500
0 0.298438 0.720703 0.050000 0.062500
0 0.421875 0.841797 0.050000 0.062500
0 0.423438 0.878906 0.050000 0.062500
0 0.445312 0.902344 0.050000 0.062500
0 0.481250 0.892578 0.050000 0.062500
0 0.504687 0.910156 0.050000 0.062500
0 0.487500 0.857422 0.050000 0.062500
0 0.667188 0.687500 0.050000 0.062500
0 0.587500 0.691406 0.050000 0.062500
0 0.548438 0.642578 0.050000 0.062500
0 0.553125 0.595703 0.050000 0.062500
0 0.529687 0.607422 0.050000 0.062500
0 0.637500 0.876953 0.050000 0.062500
0 0.665625 0.884766 0.050000 0.062500
0 0.653125 0.710938 0.050000 0.062500
0 0.734375 0.806641 0.050000 0.062500
0 0.762500 0.835938 0.050000 0.062500
0 0.717187 0.876953 0.050000 0.062500
0 0.745313 0.894531 0.050000 0.062500
0 0.712500 0.917969 0.050000 0.062500
0 0.790625 0.892578 0.050000 0.062500
0 0.850000 0.699219 0.050000 0.062500
0 0.862500 0.667969 0.050000 0.062500
0 0.826562 0.699219 0.050000 0.062500
0 0.832812 0.679688 0.050000 0.062500
0 0.804688 0.636719 0.050000 0.062500
0 0.851562 0.578125 0.050000 0.062500
0 0.959375 0.421875 0.050000 0.062500
0 0.980469 0.384766 0.039062 0.062500
0 0.903125 0.826172 0.050000 0.062500
0 0.689063 0.906250 0.050000 0.062500
0 0.631250 0.843750 0.050000 0.062500
0 0.718750 0.363281 0.050000 0.062500
0 0.685937 0.056641 0.050000 0.062500
