0 0.710938 0.267578 0.050000 0.062500
0 0.018750 0.195312 0.037500 0.062500
0 0.023438 0.226562 0.046875 0.062500
0 0.015625 0.265625 0.031250 0.062500
0 0.045312 0.326172 0.050000 0.062500
0 0.034375 0.347656 0.050000 0.062500
0 0.175000 0.308594 0.050000 0.062500
0 0.151562 0.244141 0.050000 0.062500
0 0.401562 0.318359 0.050000 0.062500
0 0.123438 0.316406 0.050000 0.062500
0 0.123438 0.335938 0.050000 0.062500
0 0.462500 0.175781 0.050000 0.062500
0 0.471875 0.156250 0.050000 0.062500
0 0.715625 0.035156 0.050000 0.062500
0 0.803125 0.148438 0.050000 0.062500
0 0.882812 0.136719 0.050000 0.062500
0 0.896875 0.226562 0.050000 0.062500
0 0.785937 0.275391 0.050000 0.062500
0 0.778125 0.244141 0.050000 0.062500
0 0.678125 0.228516 0.050000 0.062500
0 0.856250 0.562500 0.050000 0.062500
0 0.865625 0.625000 0.050000 0.062500
0 0.859375 0.669922 0.050000 0.062500
0 0.828125 0.685547 0.050000 0.062500
0 0.795312 0.638672 0.050000 0.062500
0 0.304688 0.708984 0.050000 0.062500
0 0.450000 0.685547 0.050000 0.062500
0 0.062500 0.636719 0.050000 0.062500
0 0.201563 0.804688 0.050000 0.062500
0 0.446875 0.363281 0.050000 0.062500
0 0.467187 0.433594 0.050000 0.062500
0 0.128125 0.462891 0.050000 0.062500
0 0.020313 0.802734 0.040625 0.062500
0 0.320312 0.880859 0.050000 0.062500
0 0.395313 0.816406 0.050000 0.062500
0 0.351562 0.828125 0.050000 0.062500
0 0.357812 0.802734 0.050000 0.062500
0 0.450000 0.890625 0.050000 0.062500
0 0.439063 0.839844 0.050000 0.062500
0 0.496875 0.849609 0.050000 0.062500
0 0.509375 0.900391 0.050000 0.062500
0 0.734375 0.812500 0.050000 0.062500
0 0.746875 0.839844 0.050000 0.062500
0 0.907813 0.818359 0.050000 0.062500
0 0.487500 0.076172 0.050000 0.062500
0 0.325000 0.277344 0.050000 0.062500
0 0.757812 0.335938 0.050000 0.062500
0 0.643750 0.302734 0.050000 0.062500
0 0.585938 0.240234 0.050000 0.062500
0 0.977344 0.414062 0.045312 0.062500
0 0.571875 0.048828 0.050000 0.062500
0 0.514062 0.017578 0.050000 0.035156
0 0.945312 0.046875 0.050000 0.062500
0 0.670312 0.677734 0.050000 0.062500
0 0.584375 0.679688 0.050000 0.062500
0 0.556250 0.632812 0.050000 0.062500
0 0.539062 0.601562 0.050000 0.062500
0 0.515625 0.613281 0.050000 0.062500
0 0.635938 0.839844 0.050000 0.062500
0 0.790625 0.896484 0.050000 0.062500
0 0.753125 0.878906 0.050000 0.062500
0 0.720313 0.875000 0.050000 0.062500
0 0.673438 0.875000 0.050000 0.062500
0 0.653125 0.875000 0.050000 0.062500
0 0.631250 0.875000 0.050000 0.062500
0 0.426563 0.873047 0.050000 0.062500
0 0.045312 0.810547 0.050000 0.062500
0 0.071875 0.863281 0.050000 0.062500
0 0.162500 0.214844 0.050000 0.062500
0 0.090625 0.386719 0.050000 0.062500
0 0.718750 0.156250 0.050000 0.062500
0 0.718750 0.189453 0.050000 0.062500
