0 0.139063 0.042969 0.050000 0.062500
0 0.125000 0.083984 0.050000 0.062500
0 0.232813 0.171875 0.050000 0.062500
0 0.151562 0.134766 0.050000 0.062500
0 0.143750 0.164062 0.050000 0.062500
0 0.081250 0.166016 0.050000 0.062500
0 0.120313 0.253906 0.050000 0.062500
0 0.325000 0.535156 0.050000 0.062500
0 0.345313 0.650391 0.050000 0.062500
0 0.459375 0.449219 0.050000 0.062500
0 0.467187 0.519531 0.050000 0.062500
0 0.651563 0.529297 0.050000 0.062500
0 0.687500 0.503906 0.050000 0.062500
0 0.512500 0.669922 0.050000 0.062500
0 0.373437 0.650391 0.050000 0.062500
0 0.656250 0.667969 0.050000 0.062500
0 0.650000 0.699219 0.050000 0.062500
0 0.667188 0.699219 0.050000 0.062500
0 0.687500 0.697266 0.050000 0.062500
0 0.931250 0.644531 0.050000 0.062500
0 0.951562 0.345703 0.050000 0.062500
0 0.937500 0.308594 0.050000 0.062500
0 0.909375 0.306641 0.050000 0.062500
0 0.675000 0.248047 0.050000 0.062500
0 0.676562 0.269531 0.050000 0.062500
0 0.670312 0.167969 0.050000 0.062500
0 0.673438 0.158203 0.050000 0.062500
0 0.679688 0.076172 0.050000 0.062500
0 0.684375 0.037109 0.050000 0.062500
0 0.478125 0.066406 0.050000 0.062500
0 0.451562 0.026367 0.050000 0.052734
0 0.412500 0.146484 0.050000 0.062500
0 0.448437 0.251953 0.050000 0.062500
0 0.382812 0.101562 0.050000 0.062500
0 0.367188 0.187500 0.050000 0.062500
0 0.315625 0.240234 0.050000 0.062500
0 0.401562 0.054688 0.050000 0.062500
0 0.081250 0.470703 0.050000 0.062500
0 0.065625 0.634766 0.050000 0.062500
0 0.024219 0.658203 0.048438 0.062500
0 0.346875 0.705078 0.050000 0.062500
0 0.384375 0.714844 0.050000 0.062500
0 0.459375 0.666016 0.050000 0.062500
0 0.450000 0.703125 0.050000 0.062500
0 0.467187 0.718750 0.050000 0.062500
0 0.760938 0.662109 0.050000 0.062500
0 0.750000 0.648438 0.050000 0.062500
0 0.734375 0.644531 0.050000 0.062500
0 0.718750 0.642578 0.050000 0.062500
0 0.718750 0.666016 0.050000 0.062500
0 0.740625 0.705078 0.050000 0.062500
0 0.843750 0.515625 0.050000 0.062500
0 0.851562 0.494141 0.050000 0.062500
0 0.798438 0.498047 0.050000 0.062500
0 0.853125 0.271484 0.050000 0.062500
0 0.840625 0.253906 0.050000 0.062500
0 0.960938 0.054688 0.050000 0.062500
0 0.865625 0.037109 0.050000 0.062500
0 0.539062 0.212891 0.050000 0.062500
0 0.150000 0.291016 0.050000 0.062500
0 0.098437 0.335938 0.050000 0.062500
0 0.117188 0.359375 0.050000 0.062500
0 0.028125 0.511719 0.050000 0.062500
0 0.220312 0.632812 0.050000 0.062500
0 0.287500 0.697266 0.050000 0.062500
0 0.573438 0.457031 0.050000 0.062500
0 0.764062 0.746094 0.050000 0.062500
0 0.118750 0.857422 0.050000 0.062500
