0 0.067187 0.066406 0.050000 0.062500
0 0.193750 0.087891 0.050000 0.062500
0 0.325000 0.117188 0.050000 0.062500
0 0.371875 0.083984 0.050000 0.062500
0 0.475000 0.171875 0.050000 0.062500
0 0.579688 0.230469 0.050000 0.062500
0 0.607812 0.125000 0.050000 0.062500
0 0.771875 0.097656 0.050000 0.062500
0 0.735938 0.251953 0.050000 0.062500
0 0.760938 0.261719 0.050000 0.062500
0 0.764062 0.296875 0.050000 0.062500
0 0.576562 0.542969 0.050000 0.062500
0 0.646875 0.697266 0.050000 0.062500
0 0.957812 0.205078 0.050000 0.062500
0 0.143750 0.455078 0.050000 0.062500
0 0.225000 0.630859 0.050000 0.062500
0 0.439063 0.570312 0.050000 0.062500
0 0.457813 0.638672 0.050000 0.062500
0 0.462500 0.654297 0.050000 0.062500
0 0.448437 0.603516 0.050000 0.062500
0 0.451562 0.621094 0.050000 0.062500
0 0.210938 0.675781 0.050000 0.062500
0 0.232813 0.685547 0.050000 0.062500
0 0.173437 0.613281 0.050000 0.062500
0 0.171875 0.666016 0.050000 0.062500
0 0.096875 0.564453 0.050000 0.062500
0 0.087500 0.576172 0.050000 0.062500
0 0.093750 0.646484 0.050000 0.062500
0 0.168750 0.507812 0.050000 0.062500
0 0.201563 0.457031 0.050000 0.062500
0 0.195312 0.474609 0.050000 0.062500
0 0.051562 0.462891 0.050000 0.062500
0 0.048438 0.095703 0.050000 0.062500
0 0.040625 0.113281 0.050000 0.062500
0 0.459375 0.056641 0.050000 0.062500
0 0.490625 0.029297 0.050000 0.058594
0 0.728125 0.191406 0.050000 0.062500
0 0.723437 0.152344 0.050000 0.062500
0 0.365625 0.019531 0.050000 0.039062
0 0.420312 0.500000 0.050000 0.062500
0 0.401562 0.517578 0.050000 0.062500
0 0.465625 0.574219 0.050000 0.062500
0 0.950000 0.292969 0.050000 0.062500
0 0.962500 0.349609 0.050000 0.062500
0 0.829688 0.375000 0.050000 0.062500
0 0.290625 0.197266 0.050000 0.062500
0 0.293750 0.169922 0.050000 0.062500
0 0.340625 0.160156 0.050000 0.062500
0 0.040625 0.570312 0.050000 0.062500
0 0.051562 0.632812 0.050000 0.062500
0 0.317188 0.429688 0.050000 0.062500
0 0.370312 0.654297 0.050000 0.062500
0 0.904687 0.173828 0.050000 0.062500
0 0.450000 0.707031 0.050000 0.062500
0 0.501563 0.718750 0.050000 0.062500
0 0.518750 0.728516 0.050000 0.062500
