0 0.121875 0.107422 0.050000 0.062500
0 0.081250 0.119141 0.050000 0.062500
0 0.087500 0.146484 0.050000 0.062500
0 0.262500 0.103516 0.050000 0.062500
0 0.368750 0.191406 0.050000 0.062500
0 0.392188 0.134766 0.050000 0.062500
0 0.439063 0.101562 0.050000 0.062500
0 0.543750 0.181641 0.050000 0.062500
0 0.640625 0.238281 0.050000 0.062500
0 0.665625 0.128906 0.050000 0.062500
0 0.557813 0.037109 0.050000 0.062500
0 0.565625 0.058594 0.050000 0.062500
0 0.434375 0.023438 0.050000 0.046875
0 0.912500 0.052734 0.050000 0.062500
0 0.778125 0.171875 0.050000 0.062500
0 0.775000 0.248047 0.050000 0.062500
0 0.801562 0.294922 0.050000 0.062500
0 0.980469 0.365234 0.039062 0.062500
0 0.959375 0.312500 0.050000 0.062500
0 0.668750 0.710938 0.050000 0.062500
0 0.542188 0.740234 0.050000 0.062500
0 0.250000 0.648438 0.050000 0.062500
0 0.232813 0.693359 0.050000 0.062500
0 0.253125 0.710938 0.050000 0.062500
0 0.440625 0.517578 0.050000 0.062500
0 0.595313 0.560547 0.050000 0.062500
0 0.556250 0.531250 0.050000 0.062500
0 0.473438 0.576172 0.050000 0.062500
0 0.471875 0.625000 0.050000 0.062500
0 0.481250 0.652344 0.050000 0.062500
0 0.482812 0.675781 0.050000 0.062500
0 0.493750 0.589844 0.050000 0.062500
0 0.196875 0.638672 0.050000 0.062500
0 0.193750 0.679688 0.050000 0.062500
0 0.115625 0.662109 0.050000 0.062500
0 0.076563 0.650391 0.050000 0.062500
0 0.120313 0.580078 0.050000 0.062500
0 0.109375 0.599609 0.050000 0.062500
0 0.078125 0.480469 0.050000 0.062500
0 0.225000 0.484375 0.050000 0.062500
0 0.173437 0.496094 0.050000 0.062500
0 0.201563 0.529297 0.050000 0.062500
0 0.390625 0.683594 0.050000 0.062500
0 0.415625 0.716797 0.050000 0.062500
0 0.728125 0.027344 0.050000 0.054688
0 0.853125 0.042969 0.050000 0.062500
0 0.929688 0.191406 0.050000 0.062500
0 0.854688 0.396484 0.050000 0.062500
0 0.767188 0.138672 0.050000 0.062500
0 0.067187 0.582031 0.050000 0.062500
0 0.335938 0.451172 0.050000 0.062500
0 0.400000 0.480469 0.050000 0.062500
0 0.456250 0.710938 0.050000 0.062500
0 0.468750 0.724609 0.050000 0.062500
