0 0.014844 0.020508 0.029687 0.041016
0 0.225000 0.031250 0.050000 0.062500
0 0.237500 0.166016 0.050000 0.062500
0 0.400000 0.117188 0.050000 0.062500
0 0.576562 0.101562 0.050000 0.062500
0 0.673438 0.183594 0.050000 0.062500
0 0.537500 0.136719 0.050000 0.062500
0 0.523438 0.199219 0.050000 0.062500
0 0.740625 0.207031 0.050000 0.062500
0 0.789062 0.119141 0.050000 0.062500
0 0.714063 0.030273 0.050000 0.060547
0 0.859375 0.232422 0.050000 0.062500
0 0.854688 0.267578 0.050000 0.062500
0 0.762500 0.226562 0.050000 0.062500
0 0.983594 0.345703 0.032813 0.062500
0 0.881250 0.423828 0.050000 0.062500
0 0.965625 0.218750 0.050000 0.062500
0 0.876563 0.125000 0.050000 0.062500
0 0.631250 0.587891 0.050000 0.062500
0 0.687500 0.734375 0.050000 0.062500
0 0.431250 0.505859 0.050000 0.062500
0 0.321875 0.437500 0.050000 0.062500
0 0.226562 0.640625 0.050000 0.062500
0 0.215625 0.695312 0.050000 0.062500
0 0.273438 0.662109 0.050000 0.062500
0 0.262500 0.705078 0.050000 0.062500
0 0.284375 0.720703 0.050000 0.062500
0 0.418750 0.683594 0.050000 0.062500
0 0.546875 0.630859 0.050000 0.062500
0 0.504687 0.623047 0.050000 0.062500
0 0.515625 0.644531 0.050000 0.062500
0 0.506250 0.669922 0.050000 0.062500
0 0.509375 0.693359 0.050000 0.062500
0 0.482812 0.683594 0.050000 0.062500
0 0.496875 0.740234 0.050000 0.062500
0 0.539062 0.755859 0.050000 0.062500
0 0.562500 0.761719 0.050000 0.062500
0 0.437500 0.734375 0.050000 0.062500
0 0.135937 0.605469 0.050000 0.062500
0 0.145313 0.667969 0.050000 0.062500
0 0.103125 0.482422 0.050000 0.062500
0 0.187500 0.216797 0.050000 0.062500
0 0.181250 0.154297 0.050000 0.062500
0 0.128125 0.183594 0.050000 0.062500
0 0.015625 0.144531 0.031250 0.062500
0 0.575000 0.026367 0.050000 0.052734
0 0.748437 0.021484 0.050000 0.042969
0 0.862500 0.103516 0.050000 0.062500
0 0.839063 0.212891 0.050000 0.062500
0 0.585938 0.550781 0.050000 0.062500
0 0.210938 0.546875 0.050000 0.062500
0 0.229687 0.554688 0.050000 0.062500
0 0.251563 0.488281 0.050000 0.062500
0 0.245312 0.505859 0.050000 0.062500
0 0.040625 0.640625 0.050000 0.062500
0 0.096875 0.662109 0.050000 0.062500
0 0.090625 0.593750 0.050000 0.062500
0 0.365625 0.457031 0.050000 0.062500
