0 0.535937 0.066406 0.050000 0.062500
0 0.481250 0.037109 0.050000 0.062500
0 0.321875 0.078125 0.050000 0.062500
0 0.423438 0.324219 0.050000 0.062500
0 0.771875 0.250000 0.050000 0.062500
0 0.956250 0.064453 0.050000 0.062500
0 0.977344 0.054688 0.045312 0.062500
0 0.907813 0.283203 0.050000 0.062500
0 0.892188 0.318359 0.050000 0.062500
0 0.946875 0.380859 0.050000 0.062500
0 0.904687 0.408203 0.050000 0.062500
0 0.907813 0.437500 0.050000 0.062500
0 0.865625 0.449219 0.050000 0.062500
0 0.871875 0.474609 0.050000 0.062500
0 0.884375 0.501953 0.050000 0.062500
0 0.771875 0.558594 0.050000 0.062500
0 0.732812 0.683594 0.050000 0.062500
0 0.617188 0.632812 0.050000 0.062500
0 0.412500 0.541016 0.050000 0.062500
0 0.315625 0.515625 0.050000 0.062500
0 0.326562 0.556641 0.050000 0.062500
0 0.268750 0.529297 0.050000 0.062500
0 0.275000 0.564453 0.050000 0.062500
0 0.295312 0.724609 0.050000 0.062500
0 0.217188 0.621094 0.050000 0.062500
0 0.179688 0.548828 0.050000 0.062500
0 0.140625 0.574219 0.050000 0.062500
0 0.179688 0.632812 0.050000 0.062500
0 0.175000 0.644531 0.050000 0.062500
0 0.106250 0.472656 0.050000 0.062500
0 0.215625 0.330078 0.050000 0.062500
0 0.190625 0.261719 0.050000 0.062500
0 0.062500 0.269531 0.050000 0.062500
0 0.050000 0.292969 0.050000 0.062500
0 0.090625 0.177734 0.050000 0.062500
0 0.071875 0.193359 0.050000 0.062500
0 0.051562 0.216797 0.050000 0.062500
0 0.021094 0.339844 0.042188 0.062500
0 0.275000 0.152344 0.050000 0.062500
0 0.375000 0.078125 0.050000 0.062500
0 0.642188 0.109375 0.050000 0.062500
0 0.901563 0.339844 0.050000 0.062500
0 0.885938 0.367188 0.050000 0.062500
0 0.873437 0.390625 0.050000 0.062500
0 0.962500 0.232422 0.050000 0.062500
0 0.635938 0.650391 0.050000 0.062500
