0 0.698438 0.736328 0.050000 0.062500
0 0.726562 0.683594 0.050000 0.062500
0 0.742188 0.558594 0.050000 0.062500
0 0.443750 0.556641 0.050000 0.062500
0 0.421875 0.396484 0.050000 0.062500
0 0.559375 0.103516 0.050000 0.062500
0 0.576562 0.144531 0.050000 0.062500
0 0.723437 0.275391 0.050000 0.062500
0 0.815625 0.259766 0.050000 0.062500
0 0.981250 0.109375 0.037500 0.062500
0 0.978906 0.126953 0.042188 0.062500
0 0.971875 0.197266 0.050000 0.062500
0 0.951562 0.292969 0.050000 0.062500
0 0.942187 0.328125 0.050000 0.062500
0 0.932813 0.427734 0.050000 0.062500
0 0.873437 0.453125 0.050000 0.062500
0 0.884375 0.468750 0.050000 0.062500
0 0.903125 0.509766 0.050000 0.062500
0 0.606250 0.640625 0.050000 0.062500
0 0.406250 0.115234 0.050000 0.062500
0 0.423438 0.041016 0.050000 0.062500
0 0.815625 0.035156 0.050000 0.062500
0 0.346875 0.128906 0.050000 0.062500
0 0.062500 0.173828 0.050000 0.062500
0 0.026562 0.216797 0.050000 0.062500
0 0.045312 0.195312 0.050000 0.062500
0 0.084375 0.478516 0.050000 0.062500
0 0.118750 0.589844 0.050000 0.062500
0 0.156250 0.638672 0.050000 0.062500
0 0.151562 0.552734 0.050000 0.062500
0 0.201563 0.501953 0.050000 0.062500
0 0.270313 0.722656 0.050000 0.062500
0 0.292187 0.509766 0.050000 0.062500
0 0.273438 0.533203 0.050000 0.062500
0 0.265625 0.546875 0.050000 0.062500
0 0.248438 0.566406 0.050000 0.062500
0 0.159375 0.666016 0.050000 0.062500
0 0.257812 0.189453 0.050000 0.062500
0 0.235937 0.019531 0.050000 0.039062
0 0.192188 0.021484 0.050000 0.042969
0 0.046875 0.310547 0.050000 0.062500
0 0.765625 0.617188 0.050000 0.062500
0 0.935937 0.396484 0.050000 0.062500
0 0.946875 0.373047 0.050000 0.062500
0 0.946875 0.373047 0.050000 0.062500
0 0.957812 0.347656 0.050000 0.062500
0 0.982031 0.394531 0.035937 0.062500
0 0.165625 0.255859 0.050000 0.062500
0 0.973437 0.552734 0.050000 0.062500
0 0.984375 0.552734 0.031250 0.062500
0 0.160938 0.386719 0.050000 0.062500
