0 0.746875 0.230469 0.050000 0.062500
0 0.898438 0.285156 0.050000 0.062500
0 0.907813 0.447266 0.050000 0.062500
0 0.915625 0.470703 0.050000 0.062500
0 0.921875 0.503906 0.050000 0.062500
0 0.982031 0.425781 0.035937 0.062500
0 0.981250 0.447266 0.037500 0.062500
0 0.873437 0.365234 0.050000 0.062500
0 0.854688 0.181641 0.050000 0.062500
0 0.982812 0.024414 0.034375 0.048828
0 0.604688 0.144531 0.050000 0.062500
0 0.717187 0.556641 0.050000 0.062500
0 0.654687 0.673828 0.050000 0.062500
0 0.660937 0.730469 0.050000 0.062500
0 0.675000 0.679688 0.050000 0.062500
0 0.556250 0.630859 0.050000 0.062500
0 0.478125 0.562500 0.050000 0.062500
0 0.414062 0.433594 0.050000 0.062500
0 0.293750 0.529297 0.050000 0.062500
0 0.220312 0.546875 0.050000 0.062500
0 0.117188 0.542969 0.050000 0.062500
0 0.150000 0.511719 0.050000 0.062500
0 0.184375 0.488281 0.050000 0.062500
0 0.401562 0.199219 0.050000 0.062500
0 0.625000 0.128906 0.050000 0.062500
0 0.565625 0.597656 0.050000 0.062500
0 0.240625 0.716797 0.050000 0.062500
0 0.076563 0.556641 0.050000 0.062500
0 0.100000 0.472656 0.050000 0.062500
0 0.276562 0.539062 0.050000 0.062500
0 0.231250 0.193359 0.050000 0.062500
0 0.067187 0.667969 0.050000 0.062500
0 0.895312 0.150391 0.050000 0.062500
0 0.051562 0.468750 0.050000 0.062500
0 0.065625 0.351562 0.050000 0.062500
0 0.129688 0.253906 0.050000 0.062500
0 0.028125 0.171875 0.050000 0.062500
0 0.017188 0.191406 0.034375 0.062500
0 0.832812 0.080078 0.050000 0.062500
0 0.965625 0.546875 0.050000 0.062500
0 0.943750 0.550781 0.050000 0.062500
0 0.243750 0.095703 0.050000 0.062500
0 0.337500 0.183594 0.050000 0.062500
0 0.732812 0.603516 0.050000 0.062500
