0 0.282813 0.062500 0.050000 0.062500
0 0.312500 0.074219 0.050000 0.062500
0 0.312500 0.046875 0.050000 0.062500
0 0.318750 0.024414 0.050000 0.048828
0 0.581250 0.187500 0.050000 0.062500
0 0.693750 0.146484 0.050000 0.062500
0 0.707812 0.125000 0.050000 0.062500
0 0.781250 0.126953 0.050000 0.062500
0 0.826562 0.277344 0.050000 0.062500
0 0.915625 0.292969 0.050000 0.062500
0 0.970313 0.269531 0.050000 0.062500
0 0.893750 0.109375 0.050000 0.062500
0 0.879687 0.024414 0.050000 0.048828
0 0.900000 0.357422 0.050000 0.062500
0 0.879687 0.482422 0.050000 0.062500
0 0.879687 0.505859 0.050000 0.062500
0 0.875000 0.451172 0.050000 0.062500
0 0.980469 0.427734 0.039062 0.062500
0 0.977344 0.453125 0.045312 0.062500
0 0.971875 0.250000 0.050000 0.062500
0 0.975000 0.552734 0.050000 0.062500
0 0.932813 0.546875 0.050000 0.062500
0 0.535937 0.681641 0.050000 0.062500
0 0.562500 0.730469 0.050000 0.062500
0 0.609375 0.556641 0.050000 0.062500
0 0.864062 0.548828 0.050000 0.062500
0 0.837500 0.550781 0.050000 0.062500
0 0.448437 0.632812 0.050000 0.062500
0 0.321875 0.439453 0.050000 0.062500
0 0.193750 0.529297 0.050000 0.062500
0 0.179688 0.548828 0.050000 0.062500
0 0.134375 0.718750 0.050000 0.062500
0 0.109375 0.552734 0.050000 0.062500
0 0.392188 0.267578 0.050000 0.062500
0 0.407813 0.212891 0.050000 0.062500
0 0.126562 0.189453 0.050000 0.062500
0 0.764062 0.224609 0.050000 0.062500
0 0.568750 0.681641 0.050000 0.062500
0 0.428125 0.542969 0.050000 0.062500
0 0.060937 0.455078 0.050000 0.062500
0 0.013281 0.375000 0.026562 0.062500
0 0.020313 0.546875 0.040625 0.062500
0 0.021875 0.626953 0.043750 0.062500
0 0.028125 0.248047 0.050000 0.062500
0 0.223438 0.179688 0.050000 0.062500
0 0.710938 0.138672 0.050000 0.062500
0 0.082812 0.417969 0.050000 0.062500
0 0.628125 0.605469 0.050000 0.062500
