0 0.675000 0.505859 0.050000 0.062500
0 0.685937 0.480469 0.050000 0.062500
0 0.692187 0.451172 0.050000 0.062500
0 0.753125 0.375000 0.050000 0.062500
0 0.781250 0.294922 0.050000 0.062500
0 0.776563 0.261719 0.050000 0.062500
0 0.834375 0.435547 0.050000 0.062500
0 0.901563 0.417969 0.050000 0.062500
0 0.926562 0.289062 0.050000 0.062500
0 0.940625 0.025391 0.050000 0.050781
0 0.826562 0.046875 0.050000 0.062500
0 0.718750 0.046875 0.050000 0.062500
0 0.592187 0.103516 0.050000 0.062500
0 0.415625 0.230469 0.050000 0.062500
0 0.325000 0.246094 0.050000 0.062500
0 0.217188 0.632812 0.050000 0.062500
0 0.287500 0.738281 0.050000 0.062500
0 0.175000 0.640625 0.050000 0.062500
0 0.184375 0.578125 0.050000 0.062500
0 0.039062 0.433594 0.050000 0.062500
0 0.128125 0.113281 0.050000 0.062500
0 0.754687 0.486328 0.050000 0.062500
0 0.785937 0.564453 0.050000 0.062500
0 0.750000 0.566406 0.050000 0.062500
0 0.709375 0.550781 0.050000 0.062500
0 0.685937 0.558594 0.050000 0.062500
0 0.662500 0.554688 0.050000 0.062500
0 0.592187 0.556641 0.050000 0.062500
0 0.554688 0.558594 0.050000 0.062500
0 0.981250 0.486328 0.037500 0.062500
0 0.914062 0.345703 0.050000 0.062500
0 0.921875 0.365234 0.050000 0.062500
0 0.970313 0.423828 0.050000 0.062500
0 0.975000 0.398438 0.050000 0.062500
0 0.983594 0.349609 0.032813 0.062500
0 0.248438 0.339844 0.050000 0.062500
0 0.981250 0.269531 0.037500 0.062500
0 0.582812 0.175781 0.050000 0.062500
0 0.226562 0.265625 0.050000 0.062500
0 0.060937 0.279297 0.050000 0.062500
0 0.334375 0.564453 0.050000 0.062500
0 0.110937 0.554688 0.050000 0.062500
0 0.357812 0.099609 0.050000 0.062500
0 0.737500 0.113281 0.050000 0.062500
0 0.821875 0.281250 0.050000 0.062500
0 0.815625 0.263672 0.050000 0.062500
0 0.801562 0.242188 0.050000 0.062500
0 0.346875 0.076172 0.050000 0.062500
0 0.325000 0.097656 0.050000 0.062500
0 0.189062 0.146484 0.050000 0.062500
0 0.364063 0.425781 0.050000 0.062500
0 0.835938 0.460938 0.050000 0.062500
0 0.981250 0.468750 0.037500 0.062500
0 0.598437 0.019531 0.050000 0.039062
0 0.983594 0.019531 0.032813 0.039062
0 0.357812 0.605469 0.050000 0.062500
0 0.118750 0.138672 0.050000 0.062500
