0 0.025000 0.021484 0.050000 0.042969
0 0.134375 0.062500 0.050000 0.062500
0 0.225000 0.046875 0.050000 0.062500
0 0.318750 0.119141 0.050000 0.062500
0 0.343750 0.318359 0.050000 0.062500
0 0.460938 0.267578 0.050000 0.062500
0 0.460938 0.166016 0.050000 0.062500
0 0.475000 0.062500 0.050000 0.062500
0 0.570312 0.017578 0.050000 0.035156
0 0.618750 0.056641 0.050000 0.062500
0 0.604688 0.150391 0.050000 0.062500
0 0.681250 0.253906 0.050000 0.062500
0 0.737500 0.220703 0.050000 0.062500
0 0.693750 0.130859 0.050000 0.062500
0 0.807813 0.119141 0.050000 0.062500
0 0.832812 0.042969 0.050000 0.062500
0 0.914062 0.105469 0.050000 0.062500
0 0.979688 0.044922 0.040625 0.062500
0 0.921875 0.224609 0.050000 0.062500
0 0.892188 0.212891 0.050000 0.062500
0 0.892188 0.271484 0.050000 0.062500
0 0.865625 0.298828 0.050000 0.062500
0 0.873437 0.498047 0.050000 0.062500
0 0.942187 0.560547 0.050000 0.062500
0 0.918750 0.667969 0.050000 0.062500
0 0.914062 0.697266 0.050000 0.062500
0 0.628125 0.662109 0.050000 0.062500
0 0.593750 0.480469 0.050000 0.062500
0 0.557813 0.277344 0.050000 0.062500
0 0.471875 0.339844 0.050000 0.062500
0 0.450000 0.451172 0.050000 0.062500
0 0.389062 0.490234 0.050000 0.062500
0 0.403125 0.525391 0.050000 0.062500
0 0.368750 0.615234 0.050000 0.062500
0 0.206250 0.589844 0.050000 0.062500
0 0.331250 0.250000 0.050000 0.062500
0 0.162500 0.617188 0.050000 0.062500
0 0.126562 0.419922 0.050000 0.062500
0 0.464062 0.689453 0.050000 0.062500
0 0.465625 0.714844 0.050000 0.062500
0 0.551562 0.710938 0.050000 0.062500
0 0.587500 0.736328 0.050000 0.062500
0 0.592187 0.671875 0.050000 0.062500
0 0.360938 0.761719 0.050000 0.062500
0 0.273438 0.751953 0.050000 0.062500
0 0.304688 0.757812 0.050000 0.062500
0 0.446875 0.771484 0.050000 0.062500
0 0.484375 0.767578 0.050000 0.062500
0 0.410938 0.757812 0.050000 0.062500
0 0.053125 0.806641 0.050000 0.062500
0 0.042188 0.755859 0.050000 0.062500
0 0.342187 0.462891 0.050000 0.062500
0 0.231250 0.544922 0.050000 0.062500
0 0.128125 0.445312 0.050000 0.062500
0 0.282813 0.755859 0.050000 0.062500
0 0.226562 0.783203 0.050000 0.062500
0 0.904687 0.820312 0.050000 0.062500
0 0.828125 0.785156 0.050000 0.062500
0 0.875000 0.513672 0.050000 0.062500
0 0.818750 0.640625 0.050000 0.062500
0 0.395313 0.470703 0.050000 0.062500
0 0.595313 0.710938 0.050000 0.062500
