0 0.329688 0.255859 0.050000 0.062500
0 0.460938 0.273438 0.050000 0.062500
0 0.462500 0.160156 0.050000 0.062500
0 0.553125 0.277344 0.050000 0.062500
0 0.676562 0.259766 0.050000 0.062500
0 0.732812 0.230469 0.050000 0.062500
0 0.915625 0.234375 0.050000 0.062500
0 0.892188 0.279297 0.050000 0.062500
0 0.862500 0.339844 0.050000 0.062500
0 0.892188 0.500000 0.050000 0.062500
0 0.645312 0.667969 0.050000 0.062500
0 0.946875 0.669922 0.050000 0.062500
0 0.951562 0.705078 0.050000 0.062500
0 0.564063 0.740234 0.050000 0.062500
0 0.576562 0.707031 0.050000 0.062500
0 0.473438 0.693359 0.050000 0.062500
0 0.464062 0.720703 0.050000 0.062500
0 0.400000 0.617188 0.050000 0.062500
0 0.448437 0.544922 0.050000 0.062500
0 0.475000 0.457031 0.050000 0.062500
0 0.465625 0.349609 0.050000 0.062500
0 0.468750 0.072266 0.050000 0.062500
0 0.565625 0.021484 0.050000 0.042969
0 0.606250 0.058594 0.050000 0.062500
0 0.832812 0.042969 0.050000 0.062500
0 0.912500 0.123047 0.050000 0.062500
0 0.979688 0.042969 0.040625 0.062500
0 0.801562 0.126953 0.050000 0.062500
0 0.698438 0.132812 0.050000 0.062500
0 0.603125 0.154297 0.050000 0.062500
0 0.334375 0.324219 0.050000 0.062500
0 0.379688 0.472656 0.050000 0.062500
0 0.317188 0.119141 0.050000 0.062500
0 0.223438 0.048828 0.050000 0.062500
0 0.132812 0.060547 0.050000 0.062500
0 0.023438 0.027344 0.046875 0.054688
0 0.150000 0.427734 0.050000 0.062500
0 0.159375 0.453125 0.050000 0.062500
0 0.195312 0.630859 0.050000 0.062500
0 0.275000 0.601562 0.050000 0.062500
0 0.265625 0.552734 0.050000 0.062500
0 0.035937 0.757812 0.050000 0.062500
0 0.054688 0.812500 0.050000 0.062500
0 0.296875 0.751953 0.050000 0.062500
0 0.268750 0.757812 0.050000 0.062500
0 0.360938 0.767578 0.050000 0.062500
0 0.415625 0.765625 0.050000 0.062500
0 0.451562 0.771484 0.050000 0.062500
0 0.487500 0.777344 0.050000 0.062500
0 0.970313 0.560547 0.050000 0.062500
0 0.426563 0.773438 0.050000 0.062500
0 0.700000 0.392578 0.050000 0.062500
0 0.620313 0.484375 0.050000 0.062500
0 0.900000 0.519531 0.050000 0.062500
0 0.876563 0.644531 0.050000 0.062500
0 0.614062 0.677734 0.050000 0.062500
0 0.976562 0.789062 0.046875 0.062500
0 0.379688 0.470703 0.050000 0.062500
0 0.365625 0.486328 0.050000 0.062500
