0 0.240625 0.068359 0.050000 0.062500
0 0.335938 0.195312 0.050000 0.062500
0 0.439063 0.181641 0.050000 0.062500
0 0.370312 0.078125 0.050000 0.062500
0 0.462500 0.070312 0.050000 0.062500
0 0.496875 0.167969 0.050000 0.062500
0 0.578125 0.070312 0.050000 0.062500
0 0.643750 0.236328 0.050000 0.062500
0 0.632812 0.304688 0.050000 0.062500
0 0.678125 0.087891 0.050000 0.062500
0 0.690625 0.166016 0.050000 0.062500
0 0.657813 0.173828 0.050000 0.062500
0 0.460938 0.341797 0.050000 0.062500
0 0.495312 0.433594 0.050000 0.062500
0 0.401562 0.498047 0.050000 0.062500
0 0.351562 0.554688 0.050000 0.062500
0 0.456250 0.625000 0.050000 0.062500
0 0.482812 0.640625 0.050000 0.062500
0 0.425000 0.660156 0.050000 0.062500
0 0.842187 0.658203 0.050000 0.062500
0 0.889062 0.515625 0.050000 0.062500
0 0.757812 0.431641 0.050000 0.062500
0 0.731250 0.451172 0.050000 0.062500
0 0.982812 0.658203 0.034375 0.062500
0 0.917188 0.240234 0.050000 0.062500
0 0.343750 0.408203 0.050000 0.062500
0 0.226562 0.183594 0.050000 0.062500
0 0.106250 0.226562 0.050000 0.062500
0 0.034375 0.384766 0.050000 0.062500
0 0.020313 0.302734 0.040625 0.062500
0 0.104688 0.587891 0.050000 0.062500
0 0.021875 0.697266 0.043750 0.062500
0 0.043750 0.695312 0.050000 0.062500
0 0.118750 0.693359 0.050000 0.062500
0 0.162500 0.705078 0.050000 0.062500
0 0.200000 0.710938 0.050000 0.062500
0 0.226562 0.646484 0.050000 0.062500
0 0.212500 0.591797 0.050000 0.062500
0 0.142187 0.498047 0.050000 0.062500
0 0.573438 0.746094 0.050000 0.062500
0 0.625000 0.722656 0.050000 0.062500
0 0.235937 0.271484 0.050000 0.062500
0 0.220312 0.662109 0.050000 0.062500
0 0.234375 0.716797 0.050000 0.062500
0 0.784375 0.779297 0.050000 0.062500
0 0.925000 0.787109 0.050000 0.062500
0 0.907813 0.662109 0.050000 0.062500
0 0.104688 0.164062 0.050000 0.062500
0 0.104688 0.041016 0.050000 0.062500
0 0.657813 0.787109 0.050000 0.062500
0 0.842187 0.683594 0.050000 0.062500
0 0.975781 0.519531 0.048438 0.062500
0 0.331250 0.449219 0.050000 0.062500
