0 0.446875 0.185547 0.050000 0.062500
0 0.501563 0.164062 0.050000 0.062500
0 0.690625 0.164062 0.050000 0.062500
0 0.667188 0.177734 0.050000 0.062500
0 0.651563 0.250000 0.050000 0.062500
0 0.635938 0.304688 0.050000 0.062500
0 0.748437 0.455078 0.050000 0.062500
0 0.770312 0.431641 0.050000 0.062500
0 0.857812 0.658203 0.050000 0.062500
0 0.856250 0.689453 0.050000 0.062500
0 0.904687 0.513672 0.050000 0.062500
0 0.984375 0.525391 0.031250 0.062500
0 0.914062 0.236328 0.050000 0.062500
0 0.956250 0.160156 0.050000 0.062500
0 0.682813 0.085938 0.050000 0.062500
0 0.579688 0.054688 0.050000 0.062500
0 0.462500 0.066406 0.050000 0.062500
0 0.371875 0.078125 0.050000 0.062500
0 0.335938 0.195312 0.050000 0.062500
0 0.229687 0.185547 0.050000 0.062500
0 0.245312 0.068359 0.050000 0.062500
0 0.240625 0.277344 0.050000 0.062500
0 0.354687 0.414062 0.050000 0.062500
0 0.420312 0.500000 0.050000 0.062500
0 0.467187 0.621094 0.050000 0.062500
0 0.495312 0.642578 0.050000 0.062500
0 0.618750 0.728516 0.050000 0.062500
0 0.576562 0.746094 0.050000 0.062500
0 0.435937 0.664062 0.050000 0.062500
0 0.379688 0.560547 0.050000 0.062500
0 0.229687 0.646484 0.050000 0.062500
0 0.204687 0.712891 0.050000 0.062500
0 0.160938 0.710938 0.050000 0.062500
0 0.117188 0.697266 0.050000 0.062500
0 0.048438 0.695312 0.050000 0.062500
0 0.021875 0.699219 0.043750 0.062500
0 0.239063 0.720703 0.050000 0.062500
0 0.198437 0.591797 0.050000 0.062500
0 0.117188 0.587891 0.050000 0.062500
0 0.153125 0.503906 0.050000 0.062500
0 0.042188 0.388672 0.050000 0.062500
0 0.110937 0.238281 0.050000 0.062500
0 0.112500 0.164062 0.050000 0.062500
0 0.014844 0.291016 0.029687 0.062500
0 0.787500 0.775391 0.050000 0.062500
0 0.664062 0.791016 0.050000 0.062500
0 0.935937 0.669922 0.050000 0.062500
0 0.354687 0.453125 0.050000 0.062500
0 0.326562 0.582031 0.050000 0.062500
0 0.109375 0.044922 0.050000 0.062500
