0 0.223438 0.101562 0.050000 0.062500
0 0.346875 0.095703 0.050000 0.062500
0 0.321875 0.214844 0.050000 0.062500
0 0.426563 0.197266 0.050000 0.062500
0 0.221875 0.214844 0.050000 0.062500
0 0.392188 0.437500 0.050000 0.062500
0 0.462500 0.361328 0.050000 0.062500
0 0.648438 0.167969 0.050000 0.062500
0 0.675000 0.152344 0.050000 0.062500
0 0.912500 0.625000 0.050000 0.062500
0 0.914062 0.658203 0.050000 0.062500
0 0.959375 0.476562 0.050000 0.062500
0 0.793750 0.421875 0.050000 0.062500
0 0.785937 0.439453 0.050000 0.062500
0 0.510938 0.636719 0.050000 0.062500
0 0.537500 0.658203 0.050000 0.062500
0 0.609375 0.718750 0.050000 0.062500
0 0.489063 0.679688 0.050000 0.062500
0 0.476562 0.595703 0.050000 0.062500
0 0.485938 0.525391 0.050000 0.062500
0 0.625000 0.228516 0.050000 0.062500
0 0.407813 0.486328 0.050000 0.062500
0 0.246875 0.703125 0.050000 0.062500
0 0.251563 0.685547 0.050000 0.062500
0 0.148438 0.757812 0.050000 0.062500
0 0.073438 0.763672 0.050000 0.062500
0 0.045312 0.765625 0.050000 0.062500
0 0.178125 0.679688 0.050000 0.062500
0 0.173437 0.638672 0.050000 0.062500
0 0.081250 0.468750 0.050000 0.062500
0 0.106250 0.291016 0.050000 0.062500
0 0.234375 0.310547 0.050000 0.062500
0 0.089063 0.222656 0.050000 0.062500
0 0.079687 0.093750 0.050000 0.062500
0 0.203125 0.550781 0.050000 0.062500
0 0.189062 0.757812 0.050000 0.062500
0 0.212500 0.759766 0.050000 0.062500
0 0.234375 0.753906 0.050000 0.062500
0 0.690625 0.785156 0.050000 0.062500
0 0.631250 0.302734 0.050000 0.062500
0 0.487500 0.164062 0.050000 0.062500
0 0.439063 0.078125 0.050000 0.062500
0 0.871875 0.179688 0.050000 0.062500
0 0.231250 0.015625 0.050000 0.031250
0 0.381250 0.611328 0.050000 0.062500
0 0.256250 0.765625 0.050000 0.062500
0 0.604688 0.751953 0.050000 0.062500
0 0.179688 0.654297 0.050000 0.062500
0 0.556250 0.062500 0.050000 0.062500
0 0.656250 0.078125 0.050000 0.062500
0 0.814063 0.746094 0.050000 0.062500
0 0.957812 0.746094 0.050000 0.062500
