0 0.026562 0.314453 0.050000 0.062500
0 0.239063 0.160156 0.050000 0.062500
0 0.518750 0.242188 0.050000 0.062500
0 0.346875 0.701172 0.050000 0.062500
0 0.368750 0.683594 0.050000 0.062500
0 0.685937 0.548828 0.050000 0.062500
0 0.937500 0.621094 0.050000 0.062500
0 0.950000 0.677734 0.050000 0.062500
0 0.900000 0.046875 0.050000 0.062500
0 0.926562 0.082031 0.050000 0.062500
0 0.950000 0.117188 0.050000 0.062500
0 0.937500 0.169922 0.050000 0.062500
0 0.982031 0.148438 0.035937 0.062500
0 0.983594 0.218750 0.032813 0.062500
