0 0.062500 0.037109 0.050000 0.062500
0 0.126562 0.062500 0.050000 0.062500
0 0.192188 0.078125 0.050000 0.062500
0 0.253125 0.056641 0.050000 0.062500
0 0.259375 0.166016 0.050000 0.062500
0 0.304688 0.125000 0.050000 0.062500
0 0.287500 0.242188 0.050000 0.062500
0 0.378125 0.203125 0.050000 0.062500
0 0.256250 0.328125 0.050000 0.062500
0 0.243750 0.445312 0.050000 0.062500
0 0.165625 0.343750 0.050000 0.062500
0 0.164062 0.267578 0.050000 0.062500
0 0.126562 0.208984 0.050000 0.062500
0 0.045312 0.257812 0.050000 0.062500
0 0.046875 0.173828 0.050000 0.062500
0 0.035937 0.351562 0.050000 0.062500
0 0.137500 0.449219 0.050000 0.062500
0 0.295312 0.412109 0.050000 0.062500
0 0.362500 0.306641 0.050000 0.062500
0 0.451562 0.406250 0.050000 0.062500
0 0.451562 0.298828 0.050000 0.062500
0 0.543750 0.216797 0.050000 0.062500
0 0.107813 0.687500 0.050000 0.062500
0 0.223438 0.777344 0.050000 0.062500
0 0.267188 0.876953 0.050000 0.062500
0 0.462500 0.818359 0.050000 0.062500
0 0.642188 0.736328 0.050000 0.062500
0 0.837500 0.695312 0.050000 0.062500
0 0.834375 0.669922 0.050000 0.062500
0 0.976562 0.849609 0.046875 0.062500
0 0.970313 0.876953 0.050000 0.062500
0 0.787500 0.828125 0.050000 0.062500
0 0.742188 0.410156 0.050000 0.062500
0 0.878125 0.226562 0.050000 0.062500
0 0.529687 0.367188 0.050000 0.062500
0 0.545312 0.369141 0.050000 0.062500
0 0.457813 0.505859 0.050000 0.062500
0 0.435937 0.550781 0.050000 0.062500
0 0.420312 0.675781 0.050000 0.062500
0 0.276562 0.591797 0.050000 0.062500
0 0.085938 0.734375 0.050000 0.062500
0 0.118750 0.718750 0.050000 0.062500
0 0.034375 0.542969 0.050000 0.062500
0 0.034375 0.484375 0.050000 0.062500
0 0.670312 0.039062 0.050000 0.062500
0 0.679688 0.025391 0.050000 0.050781
0 0.846875 0.028320 0.050000 0.056641
0 0.801562 0.037109 0.050000 0.062500
0 0.614062 0.451172 0.050000 0.062500
0 0.476562 0.408203 0.050000 0.062500
0 0.818750 0.027344 0.050000 0.054688
0 0.895312 0.257812 0.050000 0.062500
0 0.573438 0.714844 0.050000 0.062500
0 0.567187 0.681641 0.050000 0.062500
0 0.482812 0.900391 0.050000 0.062500
0 0.478125 0.871094 0.050000 0.062500
0 0.234375 0.919922 0.050000 0.062500
0 0.418750 0.974609 0.050000 0.050781
0 0.076563 0.978516 0.050000 0.042969
0 0.037500 0.974609 0.050000 0.050781
0 0.019531 0.972656 0.039062 0.054688
0 0.626563 0.974609 0.050000 0.050781
