0 0.050000 0.962891 0.050000 0.062500
0 0.019531 0.960938 0.039062 0.062500
0 0.181250 0.900391 0.050000 0.062500
0 0.382812 0.960938 0.050000 0.062500
0 0.595313 0.962891 0.050000 0.062500
0 0.737500 0.960938 0.050000 0.062500
0 0.453125 0.884766 0.050000 0.062500
0 0.450000 0.859375 0.050000 0.062500
0 0.460938 0.794922 0.050000 0.062500
0 0.587500 0.687500 0.050000 0.062500
0 0.562500 0.658203 0.050000 0.062500
0 0.651563 0.716797 0.050000 0.062500
0 0.795312 0.810547 0.050000 0.062500
0 0.970313 0.861328 0.050000 0.062500
0 0.977344 0.833984 0.045312 0.062500
0 0.832812 0.673828 0.050000 0.062500
0 0.679688 0.386719 0.050000 0.062500
0 0.832812 0.656250 0.050000 0.062500
0 0.703125 0.337891 0.050000 0.062500
0 0.414062 0.560547 0.050000 0.062500
0 0.412500 0.658203 0.050000 0.062500
0 0.268750 0.863281 0.050000 0.062500
0 0.221875 0.759766 0.050000 0.062500
0 0.209375 0.419922 0.050000 0.062500
0 0.265625 0.392578 0.050000 0.062500
0 0.332813 0.279297 0.050000 0.062500
0 0.421875 0.277344 0.050000 0.062500
0 0.439063 0.394531 0.050000 0.062500
0 0.507812 0.195312 0.050000 0.062500
0 0.340625 0.185547 0.050000 0.062500
0 0.268750 0.107422 0.050000 0.062500
0 0.228125 0.046875 0.050000 0.062500
0 0.232813 0.138672 0.050000 0.062500
0 0.248438 0.216797 0.050000 0.062500
0 0.221875 0.302734 0.050000 0.062500
0 0.137500 0.316406 0.050000 0.062500
0 0.125000 0.228516 0.050000 0.062500
0 0.095312 0.179688 0.050000 0.062500
0 0.018750 0.152344 0.037500 0.062500
0 0.019531 0.226562 0.039062 0.062500
0 0.016406 0.318359 0.032813 0.062500
0 0.106250 0.419922 0.050000 0.062500
0 0.015625 0.460938 0.031250 0.062500
0 0.082812 0.666016 0.050000 0.062500
0 0.110937 0.695312 0.050000 0.062500
0 0.093750 0.722656 0.050000 0.062500
0 0.046875 0.884766 0.050000 0.062500
0 0.664062 0.022461 0.050000 0.044922
0 0.820312 0.025391 0.050000 0.050781
0 0.846875 0.197266 0.050000 0.062500
0 0.785937 0.028320 0.050000 0.056641
0 0.556250 0.412109 0.050000 0.062500
0 0.500000 0.341797 0.050000 0.062500
0 0.425000 0.494141 0.050000 0.062500
0 0.243750 0.574219 0.050000 0.062500
0 0.164062 0.060547 0.050000 0.062500
0 0.100000 0.041016 0.050000 0.062500
0 0.029687 0.023438 0.050000 0.046875
0 0.014844 0.521484 0.029687 0.062500
0 0.867188 0.220703 0.050000 0.062500
0 0.412500 0.390625 0.050000 0.062500
