0 0.256250 0.757812 0.050000 0.062500
0 0.448437 0.656250 0.050000 0.062500
0 0.428125 0.599609 0.050000 0.062500
0 0.429688 0.490234 0.050000 0.062500
0 0.446875 0.378906 0.050000 0.062500
0 0.656250 0.378906 0.050000 0.062500
0 0.640625 0.681641 0.050000 0.062500
0 0.701562 0.718750 0.050000 0.062500
0 0.846875 0.812500 0.050000 0.062500
0 0.462500 0.863281 0.050000 0.062500
0 0.312500 0.869141 0.050000 0.062500
0 0.076563 0.910156 0.050000 0.062500
0 0.142187 0.726562 0.050000 0.062500
0 0.121875 0.693359 0.050000 0.062500
0 0.089063 0.669922 0.050000 0.062500
0 0.220312 0.419922 0.050000 0.062500
0 0.268750 0.382812 0.050000 0.062500
0 0.228125 0.302734 0.050000 0.062500
0 0.426563 0.285156 0.050000 0.062500
0 0.337500 0.279297 0.050000 0.062500
0 0.348438 0.181641 0.050000 0.062500
0 0.275000 0.097656 0.050000 0.062500
0 0.232813 0.121094 0.050000 0.062500
0 0.234375 0.052734 0.050000 0.062500
0 0.168750 0.054688 0.050000 0.062500
0 0.103125 0.179688 0.050000 0.062500
0 0.021094 0.224609 0.042188 0.062500
0 0.021094 0.144531 0.042188 0.062500
0 0.017969 0.314453 0.035937 0.062500
0 0.112500 0.419922 0.050000 0.062500
0 0.017188 0.460938 0.034375 0.062500
0 0.016406 0.529297 0.032813 0.062500
0 0.046875 0.667969 0.050000 0.062500
0 0.017188 0.750000 0.034375 0.062500
0 0.032813 0.785156 0.050000 0.062500
0 0.390625 0.966797 0.050000 0.062500
0 0.540625 0.402344 0.050000 0.062500
0 0.482812 0.343750 0.050000 0.062500
0 0.517188 0.195312 0.050000 0.062500
0 0.693750 0.042969 0.050000 0.062500
0 0.809375 0.041016 0.050000 0.062500
0 0.846875 0.031250 0.050000 0.062500
0 0.862500 0.183594 0.050000 0.062500
0 0.885938 0.208984 0.050000 0.062500
0 0.593750 0.660156 0.050000 0.062500
0 0.501563 0.792969 0.050000 0.062500
0 0.056250 0.968750 0.050000 0.062500
0 0.018750 0.966797 0.037500 0.062500
0 0.035937 0.951172 0.050000 0.062500
0 0.142187 0.318359 0.050000 0.062500
0 0.137500 0.236328 0.050000 0.062500
0 0.110937 0.042969 0.050000 0.062500
0 0.039062 0.025391 0.050000 0.050781
0 0.159375 0.904297 0.050000 0.062500
0 0.457813 0.888672 0.050000 0.062500
0 0.867188 0.683594 0.050000 0.062500
0 0.868750 0.664062 0.050000 0.062500
0 0.246875 0.574219 0.050000 0.062500
0 0.256250 0.226562 0.050000 0.062500
0 0.426563 0.390625 0.050000 0.062500
0 0.601562 0.968750 0.050000 0.062500
