0 0.787500 0.119141 0.050000 0.062500
0 0.798438 0.101562 0.050000 0.062500
0 0.820312 0.097656 0.050000 0.062500
0 0.828125 0.152344 0.050000 0.062500
0 0.835938 0.187500 0.050000 0.062500
0 0.715625 0.130859 0.050000 0.062500
0 0.704688 0.152344 0.050000 0.062500
0 0.478125 0.349609 0.050000 0.062500
0 0.445312 0.205078 0.050000 0.062500
0 0.364063 0.289062 0.050000 0.062500
0 0.378125 0.402344 0.050000 0.062500
0 0.351562 0.398438 0.050000 0.062500
0 0.306250 0.349609 0.050000 0.062500
0 0.290625 0.343750 0.050000 0.062500
0 0.365625 0.501953 0.050000 0.062500
0 0.196875 0.371094 0.050000 0.062500
0 0.148438 0.416016 0.050000 0.062500
0 0.182812 0.232422 0.050000 0.062500
0 0.220312 0.111328 0.050000 0.062500
0 0.173437 0.050781 0.050000 0.062500
0 0.106250 0.054688 0.050000 0.062500
0 0.053125 0.039062 0.050000 0.062500
0 0.034375 0.173828 0.050000 0.062500
0 0.059375 0.238281 0.050000 0.062500
0 0.067187 0.330078 0.050000 0.062500
0 0.040625 0.419922 0.050000 0.062500
0 0.176563 0.578125 0.050000 0.062500
0 0.114062 0.708984 0.050000 0.062500
0 0.229687 0.708984 0.050000 0.062500
0 0.284375 0.767578 0.050000 0.062500
0 0.442188 0.728516 0.050000 0.062500
0 0.481250 0.675781 0.050000 0.062500
0 0.637500 0.681641 0.050000 0.062500
0 0.732812 0.689453 0.050000 0.062500
0 0.803125 0.751953 0.050000 0.062500
0 0.914062 0.703125 0.050000 0.062500
0 0.907813 0.662109 0.050000 0.062500
0 0.975000 0.824219 0.050000 0.062500
0 0.379688 0.845703 0.050000 0.062500
0 0.382812 0.871094 0.050000 0.062500
0 0.379688 0.894531 0.050000 0.062500
0 0.310937 0.969727 0.050000 0.060547
0 0.089063 0.753906 0.050000 0.062500
0 0.096875 0.791016 0.050000 0.062500
0 0.015625 0.767578 0.031250 0.062500
0 0.017188 0.660156 0.034375 0.062500
0 0.262500 0.287109 0.050000 0.062500
0 0.017969 0.898438 0.035937 0.062500
0 0.521875 0.970703 0.050000 0.058594
0 0.559375 0.818359 0.050000 0.062500
0 0.045312 0.664062 0.050000 0.062500
0 0.159375 0.310547 0.050000 0.062500
0 0.175000 0.128906 0.050000 0.062500
0 0.289062 0.185547 0.050000 0.062500
0 0.392188 0.916016 0.050000 0.062500
