0 0.226562 0.212891 0.050000 0.062500
0 0.245312 0.451172 0.050000 0.062500
0 0.168750 0.539062 0.050000 0.062500
0 0.090625 0.443359 0.050000 0.062500
0 0.031250 0.357422 0.050000 0.062500
0 0.067187 0.533203 0.050000 0.062500
0 0.134375 0.632812 0.050000 0.062500
0 0.015625 0.625000 0.031250 0.062500
0 0.028125 0.703125 0.050000 0.062500
0 0.212500 0.785156 0.050000 0.062500
0 0.142187 0.941406 0.050000 0.062500
0 0.114062 0.979492 0.050000 0.041016
0 0.260937 0.955078 0.050000 0.062500
0 0.434375 0.923828 0.050000 0.062500
0 0.651563 0.494141 0.050000 0.062500
0 0.678125 0.328125 0.050000 0.062500
0 0.878125 0.281250 0.050000 0.062500
0 0.907813 0.257812 0.050000 0.062500
0 0.907813 0.257812 0.050000 0.062500
0 0.892188 0.267578 0.050000 0.062500
0 0.865625 0.259766 0.050000 0.062500
0 0.921875 0.421875 0.050000 0.062500
0 0.884375 0.937500 0.050000 0.062500
0 0.881250 0.910156 0.050000 0.062500
0 0.775000 0.925781 0.050000 0.062500
0 0.609375 0.931641 0.050000 0.062500
0 0.864062 0.236328 0.050000 0.062500
0 0.884375 0.218750 0.050000 0.062500
0 0.909375 0.234375 0.050000 0.062500
0 0.945312 0.363281 0.050000 0.062500
0 0.176563 0.662109 0.050000 0.062500
0 0.159375 0.644531 0.050000 0.062500
0 0.895312 0.216797 0.050000 0.062500
0 0.512500 0.024414 0.050000 0.048828
0 0.904687 0.042969 0.050000 0.062500
0 0.646875 0.441406 0.050000 0.062500
0 0.653125 0.429688 0.050000 0.062500
0 0.667188 0.414062 0.050000 0.062500
0 0.682813 0.375000 0.050000 0.062500
0 0.022656 0.718750 0.045312 0.062500
0 0.640625 0.511719 0.050000 0.062500
0 0.703125 0.542969 0.050000 0.062500
0 0.931250 0.351562 0.050000 0.062500
0 0.150000 0.052734 0.050000 0.062500
0 0.700000 0.382812 0.050000 0.062500
