0 0.923438 0.957031 0.050000 0.062500
0 0.918750 0.933594 0.050000 0.062500
0 0.831250 0.943359 0.050000 0.062500
0 0.839063 0.953125 0.050000 0.062500
0 0.645312 0.949219 0.050000 0.062500
0 0.459375 0.939453 0.050000 0.062500
0 0.310937 0.972656 0.050000 0.054688
0 0.185938 0.955078 0.050000 0.062500
0 0.101562 0.671875 0.050000 0.062500
0 0.175000 0.677734 0.050000 0.062500
0 0.156250 0.658203 0.050000 0.062500
0 0.022656 0.962891 0.045312 0.062500
0 0.167187 0.560547 0.050000 0.062500
0 0.243750 0.472656 0.050000 0.062500
0 0.662500 0.574219 0.050000 0.062500
0 0.671875 0.550781 0.050000 0.062500
0 0.681250 0.535156 0.050000 0.062500
0 0.878125 0.292969 0.050000 0.062500
0 0.892188 0.285156 0.050000 0.062500
0 0.689063 0.382812 0.050000 0.062500
0 0.678125 0.337891 0.050000 0.062500
0 0.904687 0.271484 0.050000 0.062500
0 0.887500 0.232422 0.050000 0.062500
0 0.862500 0.251953 0.050000 0.062500
0 0.862500 0.277344 0.050000 0.062500
0 0.909375 0.240234 0.050000 0.062500
0 0.934375 0.365234 0.050000 0.062500
0 0.920312 0.439453 0.050000 0.062500
0 0.060937 0.552734 0.050000 0.062500
0 0.081250 0.453125 0.050000 0.062500
0 0.028125 0.378906 0.050000 0.062500
0 0.226562 0.222656 0.050000 0.062500
0 0.476562 0.028320 0.050000 0.056641
0 0.917188 0.033203 0.050000 0.062500
0 0.659375 0.474609 0.050000 0.062500
0 0.675000 0.457031 0.050000 0.062500
0 0.687500 0.445312 0.050000 0.062500
0 0.226562 0.818359 0.050000 0.062500
