0 0.235937 0.216797 0.050000 0.062500
0 0.870313 0.240234 0.050000 0.062500
0 0.871875 0.263672 0.050000 0.062500
0 0.885938 0.281250 0.050000 0.062500
0 0.901563 0.273438 0.050000 0.062500
0 0.914062 0.259766 0.050000 0.062500
0 0.895312 0.220703 0.050000 0.062500
0 0.910937 0.230469 0.050000 0.062500
0 0.945312 0.357422 0.050000 0.062500
0 0.929688 0.425781 0.050000 0.062500
0 0.690625 0.935547 0.050000 0.062500
0 0.504687 0.929688 0.050000 0.062500
0 0.715625 0.574219 0.050000 0.062500
0 0.723437 0.548828 0.050000 0.062500
0 0.690625 0.480469 0.050000 0.062500
0 0.701562 0.457031 0.050000 0.062500
0 0.720313 0.449219 0.050000 0.062500
0 0.692187 0.326172 0.050000 0.062500
0 0.700000 0.355469 0.050000 0.062500
0 0.373437 0.960938 0.050000 0.062500
0 0.254688 0.820312 0.050000 0.062500
0 0.182812 0.658203 0.050000 0.062500
0 0.159375 0.648438 0.050000 0.062500
0 0.179688 0.546875 0.050000 0.062500
0 0.251563 0.460938 0.050000 0.062500
0 0.081250 0.683594 0.050000 0.062500
0 0.075000 0.539062 0.050000 0.062500
0 0.098437 0.443359 0.050000 0.062500
0 0.042188 0.357422 0.050000 0.062500
0 0.243750 0.941406 0.050000 0.062500
0 0.440625 0.019531 0.050000 0.039062
0 0.943750 0.025391 0.050000 0.050781
0 0.892188 0.931641 0.050000 0.062500
0 0.965625 0.916016 0.050000 0.062500
0 0.967187 0.943359 0.050000 0.062500
0 0.631250 0.558594 0.050000 0.062500
0 0.078125 0.955078 0.050000 0.062500
0 0.253125 0.230469 0.050000 0.062500
