0 0.095312 0.435547 0.050000 0.062500
0 0.181250 0.544922 0.050000 0.062500
0 0.253125 0.460938 0.050000 0.062500
0 0.182812 0.656250 0.050000 0.062500
0 0.885938 0.279297 0.050000 0.062500
0 0.898438 0.267578 0.050000 0.062500
0 0.915625 0.257812 0.050000 0.062500
0 0.917188 0.248047 0.050000 0.062500
0 0.912500 0.226562 0.050000 0.062500
0 0.893750 0.218750 0.050000 0.062500
0 0.876563 0.224609 0.050000 0.062500
0 0.871875 0.242188 0.050000 0.062500
0 0.871875 0.261719 0.050000 0.062500
0 0.703125 0.328125 0.050000 0.062500
0 0.693750 0.320312 0.050000 0.062500
0 0.701562 0.345703 0.050000 0.062500
0 0.928125 0.423828 0.050000 0.062500
0 0.734375 0.552734 0.050000 0.062500
0 0.725000 0.576172 0.050000 0.062500
0 0.517188 0.931641 0.050000 0.062500
0 0.700000 0.931641 0.050000 0.062500
0 0.453125 0.599609 0.050000 0.062500
0 0.270313 0.812500 0.050000 0.062500
0 0.270313 0.812500 0.050000 0.062500
0 0.262500 0.937500 0.050000 0.062500
0 0.392188 0.958984 0.050000 0.062500
0 0.168750 0.980469 0.050000 0.039062
0 0.073438 0.691406 0.050000 0.062500
0 0.073438 0.541016 0.050000 0.062500
0 0.015625 0.630859 0.031250 0.062500
0 0.040625 0.363281 0.050000 0.062500
0 0.153125 0.048828 0.050000 0.062500
0 0.421875 0.016602 0.050000 0.033203
0 0.940625 0.347656 0.050000 0.062500
0 0.728125 0.447266 0.050000 0.062500
0 0.703125 0.480469 0.050000 0.062500
0 0.615625 0.562500 0.050000 0.062500
0 0.976562 0.917969 0.046875 0.062500
0 0.978125 0.941406 0.043750 0.062500
0 0.912500 0.927734 0.050000 0.062500
0 0.090625 0.960938 0.050000 0.062500
0 0.706250 0.464844 0.050000 0.062500
0 0.160938 0.650391 0.050000 0.062500
0 0.234375 0.208984 0.050000 0.062500
0 0.259375 0.230469 0.050000 0.062500
0 0.951562 0.019531 0.050000 0.039062
0 0.953125 0.361328 0.050000 0.062500
