0 0.439063 0.283203 0.050000 0.062500
0 0.457813 0.310547 0.050000 0.062500
0 0.665625 0.349609 0.050000 0.062500
0 0.654687 0.425781 0.050000 0.062500
0 0.609375 0.271484 0.050000 0.062500
0 0.628125 0.261719 0.050000 0.062500
0 0.642188 0.232422 0.050000 0.062500
0 0.625000 0.218750 0.050000 0.062500
0 0.598437 0.236328 0.050000 0.062500
0 0.600000 0.259766 0.050000 0.062500
0 0.828125 0.304688 0.050000 0.062500
0 0.545312 0.617188 0.050000 0.062500
0 0.531250 0.638672 0.050000 0.062500
0 0.523438 0.921875 0.050000 0.062500
0 0.809375 0.955078 0.050000 0.062500
0 0.815625 0.925781 0.050000 0.062500
0 0.326562 0.931641 0.050000 0.062500
0 0.239063 0.964844 0.050000 0.062500
0 0.107813 0.933594 0.050000 0.062500
0 0.121875 0.935547 0.050000 0.062500
0 0.087500 0.981445 0.050000 0.037109
0 0.034375 0.972656 0.050000 0.054688
0 0.014063 0.884766 0.028125 0.062500
0 0.256250 0.558594 0.050000 0.062500
0 0.520312 0.476562 0.050000 0.062500
0 0.481250 0.511719 0.050000 0.062500
0 0.889062 0.205078 0.050000 0.062500
0 0.948438 0.980469 0.050000 0.039062
0 0.784375 0.898438 0.050000 0.062500
0 0.768750 0.896484 0.050000 0.062500
0 0.481250 0.490234 0.050000 0.062500
0 0.645312 0.255859 0.050000 0.062500
0 0.671875 0.546875 0.050000 0.062500
0 0.732812 0.537109 0.050000 0.062500
0 0.015625 0.234375 0.031250 0.062500
0 0.018750 0.216797 0.037500 0.062500
