0 0.539062 0.255859 0.050000 0.062500
0 0.531250 0.238281 0.050000 0.062500
0 0.531250 0.210938 0.050000 0.062500
0 0.551562 0.195312 0.050000 0.062500
0 0.568750 0.228516 0.050000 0.062500
0 0.564063 0.244141 0.050000 0.062500
0 0.600000 0.330078 0.050000 0.062500
0 0.607812 0.341797 0.050000 0.062500
0 0.589063 0.402344 0.050000 0.062500
0 0.765625 0.285156 0.050000 0.062500
0 0.373437 0.253906 0.050000 0.062500
0 0.492188 0.607422 0.050000 0.062500
0 0.481250 0.632812 0.050000 0.062500
0 0.478125 0.902344 0.050000 0.062500
0 0.773438 0.939453 0.050000 0.062500
0 0.775000 0.914062 0.050000 0.062500
0 0.903125 0.966797 0.050000 0.062500
0 0.284375 0.910156 0.050000 0.062500
0 0.209375 0.937500 0.050000 0.062500
0 0.073438 0.916016 0.050000 0.062500
0 0.050000 0.972656 0.050000 0.054688
0 0.095312 0.977539 0.050000 0.044922
0 0.013281 0.962891 0.026562 0.062500
0 0.160938 0.541016 0.050000 0.062500
0 0.976562 0.789062 0.046875 0.062500
0 0.745313 0.875000 0.050000 0.062500
0 0.459375 0.474609 0.050000 0.062500
0 0.426563 0.486328 0.050000 0.062500
0 0.818750 0.179688 0.050000 0.062500
0 0.953125 0.074219 0.050000 0.062500
0 0.981250 0.527344 0.037500 0.062500
0 0.817187 0.976562 0.050000 0.046875
0 0.579688 0.523438 0.050000 0.062500
0 0.653125 0.507812 0.050000 0.062500
0 0.423438 0.501953 0.050000 0.062500
0 0.396875 0.283203 0.050000 0.062500
0 0.571875 0.203125 0.050000 0.062500
