0 0.515625 0.656250 0.050000 0.062500
0 0.523438 0.632812 0.050000 0.062500
0 0.265625 0.943359 0.050000 0.062500
0 0.320312 0.914062 0.050000 0.062500
0 0.128125 0.977539 0.050000 0.044922
0 0.123438 0.917969 0.050000 0.062500
0 0.098437 0.969727 0.050000 0.060547
0 0.050000 0.953125 0.050000 0.062500
0 0.139063 0.558594 0.050000 0.062500
0 0.878125 0.974609 0.050000 0.050781
0 0.946875 0.957031 0.050000 0.062500
0 0.976562 0.769531 0.046875 0.062500
0 0.983594 0.525391 0.032813 0.062500
0 0.817187 0.945312 0.050000 0.062500
0 0.390625 0.244141 0.050000 0.062500
0 0.407813 0.271484 0.050000 0.062500
0 0.443750 0.515625 0.050000 0.062500
0 0.639062 0.505859 0.050000 0.062500
0 0.765625 0.291016 0.050000 0.062500
0 0.956250 0.076172 0.050000 0.062500
0 0.818750 0.181641 0.050000 0.062500
0 0.590625 0.404297 0.050000 0.062500
0 0.565625 0.519531 0.050000 0.062500
0 0.820312 0.919922 0.050000 0.062500
0 0.814063 0.871094 0.050000 0.062500
0 0.796875 0.869141 0.050000 0.062500
0 0.515625 0.898438 0.050000 0.062500
0 0.453125 0.498047 0.050000 0.062500
0 0.604688 0.330078 0.050000 0.062500
0 0.603125 0.330078 0.050000 0.062500
0 0.610938 0.343750 0.050000 0.062500
0 0.545312 0.255859 0.050000 0.062500
0 0.573438 0.230469 0.050000 0.062500
0 0.560937 0.222656 0.050000 0.062500
0 0.534375 0.214844 0.050000 0.062500
0 0.534375 0.236328 0.050000 0.062500
0 0.559375 0.201172 0.050000 0.062500
0 0.559375 0.242188 0.050000 0.062500
0 0.479687 0.500000 0.050000 0.062500
