0 0.775000 0.304688 0.050000 0.062500
0 0.598437 0.408203 0.050000 0.062500
0 0.565625 0.669922 0.050000 0.062500
0 0.101562 0.570312 0.050000 0.062500
0 0.614062 0.339844 0.050000 0.062500
0 0.621875 0.503906 0.050000 0.062500
0 0.980469 0.964844 0.039062 0.062500
0 0.357812 0.908203 0.050000 0.062500
0 0.325000 0.939453 0.050000 0.062500
0 0.178125 0.908203 0.050000 0.062500
0 0.110937 0.929688 0.050000 0.062500
0 0.151562 0.951172 0.050000 0.062500
0 0.165625 0.973633 0.050000 0.052734
0 0.045312 0.902344 0.050000 0.062500
0 0.559375 0.900391 0.050000 0.062500
0 0.540625 0.500000 0.050000 0.062500
0 0.970313 0.089844 0.050000 0.062500
0 0.977344 0.128906 0.045312 0.062500
0 0.831250 0.201172 0.050000 0.062500
0 0.478125 0.519531 0.050000 0.062500
0 0.506250 0.533203 0.050000 0.062500
0 0.468750 0.539062 0.050000 0.062500
0 0.410938 0.224609 0.050000 0.062500
0 0.429688 0.257812 0.050000 0.062500
0 0.440625 0.283203 0.050000 0.062500
0 0.565625 0.234375 0.050000 0.062500
0 0.551562 0.240234 0.050000 0.062500
0 0.559375 0.253906 0.050000 0.062500
0 0.871875 0.939453 0.050000 0.062500
0 0.864062 0.964844 0.050000 0.062500
0 0.975781 0.765625 0.048438 0.062500
0 0.554688 0.689453 0.050000 0.062500
0 0.012500 0.921875 0.025000 0.062500
0 0.982812 0.542969 0.034375 0.062500
