0 0.048438 0.039062 0.050000 0.062500
0 0.164062 0.341797 0.050000 0.062500
0 0.121875 0.546875 0.050000 0.062500
0 0.267188 0.642578 0.050000 0.062500
0 0.264062 0.666016 0.050000 0.062500
0 0.070312 0.847656 0.050000 0.062500
0 0.059375 0.969727 0.050000 0.060547
0 0.181250 0.509766 0.050000 0.062500
0 0.101562 0.417969 0.050000 0.062500
0 0.056250 0.115234 0.050000 0.062500
0 0.182812 0.277344 0.050000 0.062500
0 0.121875 0.154297 0.050000 0.062500
0 0.142187 0.162109 0.050000 0.062500
0 0.128125 0.173828 0.050000 0.062500
0 0.128125 0.531250 0.050000 0.062500
0 0.020313 0.886719 0.040625 0.062500
0 0.123438 0.880859 0.050000 0.062500
0 0.289062 0.859375 0.050000 0.062500
0 0.342187 0.240234 0.050000 0.062500
0 0.465625 0.228516 0.050000 0.062500
0 0.554688 0.035156 0.050000 0.062500
0 0.664062 0.066406 0.050000 0.062500
0 0.654687 0.296875 0.050000 0.062500
0 0.581250 0.486328 0.050000 0.062500
0 0.718750 0.429688 0.050000 0.062500
0 0.406250 0.134766 0.050000 0.062500
0 0.565625 0.064453 0.050000 0.062500
0 0.845313 0.101562 0.050000 0.062500
0 0.743750 0.210938 0.050000 0.062500
0 0.740625 0.234375 0.050000 0.062500
0 0.623437 0.271484 0.050000 0.062500
0 0.643750 0.617188 0.050000 0.062500
0 0.592187 0.761719 0.050000 0.062500
0 0.607812 0.904297 0.050000 0.062500
0 0.607812 0.927734 0.050000 0.062500
0 0.718750 0.925781 0.050000 0.062500
0 0.710938 0.972656 0.050000 0.054688
0 0.759375 0.958984 0.050000 0.062500
0 0.687500 0.855469 0.050000 0.062500
0 0.871875 0.929688 0.050000 0.062500
0 0.878125 0.953125 0.050000 0.062500
0 0.918750 0.875000 0.050000 0.062500
0 0.835938 0.509766 0.050000 0.062500
0 0.825000 0.533203 0.050000 0.062500
0 0.873437 0.164062 0.050000 0.062500
0 0.893750 0.171875 0.050000 0.062500
0 0.846875 0.650391 0.050000 0.062500
0 0.876563 0.714844 0.050000 0.062500
0 0.921875 0.341797 0.050000 0.062500
0 0.965625 0.402344 0.050000 0.062500
0 0.943750 0.373047 0.050000 0.062500
0 0.965625 0.365234 0.050000 0.062500
0 0.950000 0.414062 0.050000 0.062500
0 0.925000 0.427734 0.050000 0.062500
0 0.901563 0.400391 0.050000 0.062500
