0 0.323437 0.728516 0.050000 0.062500
0 0.353125 0.705078 0.050000 0.062500
0 0.389062 0.716797 0.050000 0.062500
0 0.625000 0.845703 0.050000 0.062500
0 0.743750 0.794922 0.050000 0.062500
0 0.793750 0.818359 0.050000 0.062500
0 0.943750 0.759766 0.050000 0.062500
0 0.556250 0.593750 0.050000 0.062500
0 0.634375 0.535156 0.050000 0.062500
0 0.618750 0.517578 0.050000 0.062500
0 0.610938 0.484375 0.050000 0.062500
0 0.837500 0.583984 0.050000 0.062500
0 0.651563 0.314453 0.050000 0.062500
0 0.734375 0.097656 0.050000 0.062500
0 0.428125 0.024414 0.050000 0.048828
0 0.621875 0.019531 0.050000 0.039062
0 0.951562 0.060547 0.050000 0.062500
