0 0.403125 0.056641 0.050000 0.062500
0 0.259375 0.156250 0.050000 0.062500
0 0.257812 0.216797 0.050000 0.062500
0 0.196875 0.261719 0.050000 0.062500
0 0.534375 0.388672 0.050000 0.062500
0 0.021094 0.373047 0.042188 0.062500
0 0.039062 0.300781 0.050000 0.062500
0 0.013281 0.187500 0.026562 0.062500
0 0.150000 0.587891 0.050000 0.062500
0 0.209375 0.703125 0.050000 0.062500
0 0.081250 0.878906 0.050000 0.062500
0 0.048438 0.861328 0.050000 0.062500
0 0.026562 0.914062 0.050000 0.062500
0 0.031250 0.955078 0.050000 0.062500
0 0.031250 0.973633 0.050000 0.052734
0 0.221875 0.933594 0.050000 0.062500
0 0.318750 0.904297 0.050000 0.062500
0 0.301563 0.962891 0.050000 0.062500
0 0.051562 0.675781 0.050000 0.062500
0 0.425000 0.615234 0.050000 0.062500
0 0.645312 0.947266 0.050000 0.062500
0 0.759375 0.955078 0.050000 0.062500
0 0.759375 0.975586 0.050000 0.048828
0 0.695312 0.548828 0.050000 0.062500
0 0.692187 0.521484 0.050000 0.062500
0 0.581250 0.630859 0.050000 0.062500
0 0.942187 0.521484 0.050000 0.062500
0 0.976562 0.531250 0.046875 0.062500
0 0.457813 0.269531 0.050000 0.062500
0 0.485938 0.244141 0.050000 0.062500
0 0.501563 0.253906 0.050000 0.062500
0 0.609375 0.193359 0.050000 0.062500
0 0.926562 0.146484 0.050000 0.062500
0 0.923438 0.103516 0.050000 0.062500
0 0.857812 0.324219 0.050000 0.062500
0 0.784375 0.435547 0.050000 0.062500
0 0.756250 0.361328 0.050000 0.062500
0 0.818750 0.878906 0.050000 0.062500
0 0.864062 0.919922 0.050000 0.062500
0 0.920312 0.939453 0.050000 0.062500
0 0.898438 0.966797 0.050000 0.062500
0 0.920312 0.980469 0.050000 0.039062
0 0.414062 0.759766 0.050000 0.062500
0 0.856250 0.408203 0.050000 0.062500
0 0.784375 0.384766 0.050000 0.062500
0 0.760938 0.410156 0.050000 0.062500
0 0.507812 0.630859 0.050000 0.062500
0 0.595313 0.667969 0.050000 0.062500
0 0.821875 0.376953 0.050000 0.062500
0 0.806250 0.394531 0.050000 0.062500
0 0.817187 0.412109 0.050000 0.062500
