0 0.409375 0.070312 0.050000 0.062500
0 0.264062 0.166016 0.050000 0.062500
0 0.253125 0.222656 0.050000 0.062500
0 0.204687 0.279297 0.050000 0.062500
0 0.485938 0.257812 0.050000 0.062500
0 0.504687 0.240234 0.050000 0.062500
0 0.464062 0.281250 0.050000 0.062500
0 0.542188 0.398438 0.050000 0.062500
0 0.732812 0.023438 0.050000 0.046875
0 0.046875 0.312500 0.050000 0.062500
0 0.024219 0.382812 0.048438 0.062500
0 0.029687 0.466797 0.050000 0.062500
0 0.115625 0.494141 0.050000 0.062500
0 0.187500 0.619141 0.050000 0.062500
0 0.218750 0.714844 0.050000 0.062500
0 0.087500 0.708984 0.050000 0.062500
0 0.121875 0.871094 0.050000 0.062500
0 0.129688 0.900391 0.050000 0.062500
0 0.103125 0.923828 0.050000 0.062500
0 0.096875 0.970703 0.050000 0.058594
0 0.295312 0.957031 0.050000 0.062500
0 0.371875 0.916016 0.050000 0.062500
0 0.425000 0.973633 0.050000 0.052734
0 0.703125 0.953125 0.050000 0.062500
0 0.701562 0.969727 0.050000 0.060547
0 0.820312 0.964844 0.050000 0.062500
0 0.807813 0.977539 0.050000 0.044922
0 0.895312 0.894531 0.050000 0.062500
0 0.942187 0.908203 0.050000 0.062500
0 0.975781 0.953125 0.048438 0.062500
0 0.390625 0.781250 0.050000 0.062500
0 0.420312 0.648438 0.050000 0.062500
0 0.510938 0.634766 0.050000 0.062500
0 0.543750 0.599609 0.050000 0.062500
0 0.557813 0.632812 0.050000 0.062500
0 0.700000 0.529297 0.050000 0.062500
0 0.701562 0.560547 0.050000 0.062500
0 0.925000 0.537109 0.050000 0.062500
0 0.770312 0.375000 0.050000 0.062500
0 0.928125 0.119141 0.050000 0.062500
0 0.985156 0.173828 0.029687 0.062500
0 0.617188 0.207031 0.050000 0.062500
0 0.793750 0.441406 0.050000 0.062500
0 0.792188 0.402344 0.050000 0.062500
0 0.826562 0.388672 0.050000 0.062500
0 0.867188 0.367188 0.050000 0.062500
