0 0.387500 0.066406 0.050000 0.062500
0 0.240625 0.166016 0.050000 0.062500
0 0.218750 0.214844 0.050000 0.062500
0 0.181250 0.269531 0.050000 0.062500
0 0.484375 0.216797 0.050000 0.062500
0 0.462500 0.242188 0.050000 0.062500
0 0.440625 0.271484 0.050000 0.062500
0 0.514062 0.380859 0.050000 0.062500
0 0.598437 0.191406 0.050000 0.062500
0 0.026562 0.312500 0.050000 0.062500
0 0.017969 0.384766 0.035937 0.062500
0 0.021094 0.472656 0.042188 0.062500
0 0.125000 0.488281 0.050000 0.062500
0 0.187500 0.617188 0.050000 0.062500
0 0.084375 0.712891 0.050000 0.062500
0 0.084375 0.732422 0.050000 0.062500
0 0.209375 0.716797 0.050000 0.062500
0 0.132812 0.871094 0.050000 0.062500
0 0.129688 0.894531 0.050000 0.062500
0 0.109375 0.927734 0.050000 0.062500
0 0.112500 0.970703 0.050000 0.058594
0 0.307812 0.947266 0.050000 0.062500
0 0.373437 0.910156 0.050000 0.062500
0 0.464062 0.968750 0.050000 0.062500
0 0.709375 0.949219 0.050000 0.062500
0 0.821875 0.945312 0.050000 0.062500
0 0.817187 0.971680 0.050000 0.056641
0 0.909375 0.873047 0.050000 0.062500
0 0.954688 0.884766 0.050000 0.062500
0 0.982812 0.941406 0.034375 0.062500
0 0.977344 0.978516 0.045312 0.042969
0 0.376563 0.787109 0.050000 0.062500
0 0.401562 0.642578 0.050000 0.062500
0 0.517188 0.580078 0.050000 0.062500
0 0.529687 0.613281 0.050000 0.062500
0 0.495312 0.625000 0.050000 0.062500
0 0.689063 0.550781 0.050000 0.062500
0 0.682813 0.521484 0.050000 0.062500
0 0.898438 0.103516 0.050000 0.062500
0 0.753125 0.363281 0.050000 0.062500
0 0.851562 0.369141 0.050000 0.062500
0 0.846875 0.460938 0.050000 0.062500
0 0.775000 0.431641 0.050000 0.062500
0 0.898438 0.087891 0.050000 0.062500
0 0.750000 0.400391 0.050000 0.062500
0 0.770312 0.388672 0.050000 0.062500
0 0.814063 0.373047 0.050000 0.062500
0 0.812500 0.408203 0.050000 0.062500
0 0.796875 0.380859 0.050000 0.062500
0 0.796875 0.402344 0.050000 0.062500
0 0.898438 0.527344 0.050000 0.062500
0 0.918750 0.537109 0.050000 0.062500
