0 0.790625 0.099609 0.050000 0.062500
0 0.853125 0.024414 0.050000 0.048828
0 0.873437 0.021484 0.050000 0.042969
0 0.325000 0.031250 0.050000 0.062500
0 0.360938 0.093750 0.050000 0.062500
0 0.024219 0.134766 0.048438 0.062500
0 0.123438 0.248047 0.050000 0.062500
0 0.178125 0.146484 0.050000 0.062500
0 0.393750 0.240234 0.050000 0.062500
0 0.409375 0.261719 0.050000 0.062500
0 0.454688 0.222656 0.050000 0.062500
0 0.532813 0.175781 0.050000 0.062500
0 0.331250 0.505859 0.050000 0.062500
0 0.331250 0.531250 0.050000 0.062500
0 0.431250 0.607422 0.050000 0.062500
0 0.328125 0.714844 0.050000 0.062500
0 0.028125 0.468750 0.050000 0.062500
0 0.214062 0.626953 0.050000 0.062500
0 0.104688 0.763672 0.050000 0.062500
0 0.203125 0.843750 0.050000 0.062500
0 0.220312 0.841797 0.050000 0.062500
0 0.195312 0.892578 0.050000 0.062500
0 0.287500 0.875000 0.050000 0.062500
0 0.278125 0.943359 0.050000 0.062500
0 0.154688 0.978516 0.050000 0.042969
0 0.460938 0.898438 0.050000 0.062500
0 0.468750 0.941406 0.050000 0.062500
0 0.251563 0.970703 0.050000 0.058594
0 0.059375 0.912109 0.050000 0.062500
0 0.048438 0.953125 0.050000 0.062500
0 0.790625 0.958984 0.050000 0.062500
0 0.926562 0.929688 0.050000 0.062500
0 0.920312 0.968750 0.050000 0.062500
0 0.618750 0.537109 0.050000 0.062500
0 0.617188 0.509766 0.050000 0.062500
0 0.715625 0.591797 0.050000 0.062500
0 0.753125 0.609375 0.050000 0.062500
0 0.750000 0.490234 0.050000 0.062500
0 0.764062 0.523438 0.050000 0.062500
0 0.685937 0.361328 0.050000 0.062500
0 0.671875 0.400391 0.050000 0.062500
0 0.695312 0.417969 0.050000 0.062500
0 0.739062 0.363281 0.050000 0.062500
0 0.756250 0.398438 0.050000 0.062500
0 0.096875 0.447266 0.050000 0.062500
0 0.785937 0.080078 0.050000 0.062500
0 0.707812 0.398438 0.050000 0.062500
