0 0.417187 0.371094 0.050000 0.062500
0 0.567187 0.236328 0.050000 0.062500
0 0.581250 0.166016 0.050000 0.062500
0 0.257812 0.080078 0.050000 0.062500
0 0.317188 0.935547 0.050000 0.062500
0 0.487500 0.917969 0.050000 0.062500
0 0.201563 0.943359 0.050000 0.062500
0 0.085938 0.927734 0.050000 0.062500
0 0.612500 0.976562 0.050000 0.046875
0 0.637500 0.968750 0.050000 0.062500
0 0.482812 0.933594 0.050000 0.062500
0 0.075000 0.812500 0.050000 0.062500
0 0.056250 0.818359 0.050000 0.062500
0 0.029687 0.873047 0.050000 0.062500
0 0.457813 0.630859 0.050000 0.062500
0 0.315625 0.738281 0.050000 0.062500
0 0.704688 0.564453 0.050000 0.062500
0 0.867188 0.792969 0.050000 0.062500
0 0.770312 0.375000 0.050000 0.062500
0 0.840625 0.378906 0.050000 0.062500
0 0.642188 0.384766 0.050000 0.062500
0 0.704688 0.107422 0.050000 0.062500
0 0.800000 0.136719 0.050000 0.062500
0 0.803125 0.103516 0.050000 0.062500
0 0.665625 0.019531 0.050000 0.039062
0 0.667188 0.281250 0.050000 0.062500
0 0.121875 0.248047 0.050000 0.062500
0 0.328125 0.287109 0.050000 0.062500
0 0.753125 0.975586 0.050000 0.048828
0 0.803125 0.953125 0.050000 0.062500
0 0.739062 0.343750 0.050000 0.062500
