0 0.285938 0.044922 0.050000 0.062500
0 0.240625 0.080078 0.050000 0.062500
0 0.123438 0.238281 0.050000 0.062500
0 0.050000 0.382812 0.050000 0.062500
0 0.704688 0.228516 0.050000 0.062500
0 0.579688 0.128906 0.050000 0.062500
0 0.565625 0.238281 0.050000 0.062500
0 0.807813 0.130859 0.050000 0.062500
0 0.798438 0.099609 0.050000 0.062500
0 0.710938 0.107422 0.050000 0.062500
0 0.759375 0.279297 0.050000 0.062500
0 0.785937 0.332031 0.050000 0.062500
0 0.889062 0.388672 0.050000 0.062500
0 0.710938 0.404297 0.050000 0.062500
0 0.673438 0.566406 0.050000 0.062500
0 0.387500 0.361328 0.050000 0.062500
0 0.351562 0.253906 0.050000 0.062500
0 0.462500 0.617188 0.050000 0.062500
0 0.301563 0.708984 0.050000 0.062500
0 0.132812 0.828125 0.050000 0.062500
0 0.062500 0.841797 0.050000 0.062500
0 0.095312 0.876953 0.050000 0.062500
0 0.159375 0.935547 0.050000 0.062500
0 0.284375 0.951172 0.050000 0.062500
0 0.389062 0.943359 0.050000 0.062500
0 0.100000 0.824219 0.050000 0.062500
0 0.092188 0.560547 0.050000 0.062500
0 0.019531 0.517578 0.039062 0.062500
0 0.190625 0.873047 0.050000 0.062500
0 0.428125 0.900391 0.050000 0.062500
0 0.504687 0.892578 0.050000 0.062500
0 0.537500 0.917969 0.050000 0.062500
0 0.535937 0.937500 0.050000 0.062500
0 0.693750 0.978516 0.050000 0.042969
0 0.715625 0.968750 0.050000 0.062500
0 0.818750 0.968750 0.050000 0.062500
0 0.890625 0.960938 0.050000 0.062500
0 0.975000 0.962891 0.050000 0.062500
0 0.790625 0.732422 0.050000 0.062500
0 0.160938 0.115234 0.050000 0.062500
