0 0.684375 0.427734 0.050000 0.062500
0 0.678125 0.470703 0.050000 0.062500
0 0.565625 0.554688 0.050000 0.062500
0 0.484375 0.593750 0.050000 0.062500
0 0.456250 0.601562 0.050000 0.062500
0 0.856250 0.505859 0.050000 0.062500
0 0.848437 0.402344 0.050000 0.062500
0 0.906250 0.111328 0.050000 0.062500
0 0.921875 0.138672 0.050000 0.062500
0 0.871875 0.191406 0.050000 0.062500
0 0.743750 0.097656 0.050000 0.062500
0 0.729688 0.080078 0.050000 0.062500
0 0.635938 0.024414 0.050000 0.048828
0 0.565625 0.138672 0.050000 0.062500
0 0.557813 0.027344 0.050000 0.054688
0 0.314063 0.074219 0.050000 0.062500
0 0.306250 0.052734 0.050000 0.062500
0 0.307812 0.253906 0.050000 0.062500
0 0.220312 0.060547 0.050000 0.062500
0 0.107813 0.097656 0.050000 0.062500
0 0.042188 0.113281 0.050000 0.062500
0 0.079687 0.201172 0.050000 0.062500
0 0.021094 0.210938 0.042188 0.062500
0 0.215625 0.369141 0.050000 0.062500
0 0.021875 0.832031 0.043750 0.062500
0 0.017969 0.861328 0.035937 0.062500
0 0.032813 0.935547 0.050000 0.062500
0 0.056250 0.951172 0.050000 0.062500
0 0.146875 0.970703 0.050000 0.058594
0 0.290625 0.973633 0.050000 0.052734
0 0.342187 0.957031 0.050000 0.062500
0 0.345313 0.908203 0.050000 0.062500
0 0.379688 0.910156 0.050000 0.062500
0 0.375000 0.927734 0.050000 0.062500
0 0.514062 0.931641 0.050000 0.062500
0 0.479687 0.835938 0.050000 0.062500
0 0.482812 0.978516 0.050000 0.042969
0 0.770312 0.847656 0.050000 0.062500
0 0.748437 0.878906 0.050000 0.062500
0 0.732812 0.906250 0.050000 0.062500
0 0.734375 0.935547 0.050000 0.062500
0 0.857812 0.886719 0.050000 0.062500
0 0.914062 0.755859 0.050000 0.062500
0 0.917188 0.779297 0.050000 0.062500
0 0.967187 0.705078 0.050000 0.062500
0 0.967187 0.384766 0.050000 0.062500
0 0.964063 0.291016 0.050000 0.062500
0 0.959375 0.488281 0.050000 0.062500
0 0.975000 0.466797 0.050000 0.062500
0 0.293750 0.833984 0.050000 0.062500
0 0.423438 0.896484 0.050000 0.062500
