0 0.117188 0.101562 0.050000 0.062500
0 0.085938 0.207031 0.050000 0.062500
0 0.171875 0.226562 0.050000 0.062500
0 0.060937 0.113281 0.050000 0.062500
0 0.059375 0.132812 0.050000 0.062500
0 0.221875 0.068359 0.050000 0.062500
0 0.262500 0.026367 0.050000 0.052734
0 0.282813 0.052734 0.050000 0.062500
0 0.310937 0.066406 0.050000 0.062500
0 0.314063 0.248047 0.050000 0.062500
0 0.223438 0.384766 0.050000 0.062500
0 0.034375 0.837891 0.050000 0.062500
0 0.029687 0.867188 0.050000 0.062500
0 0.056250 0.939453 0.050000 0.062500
0 0.176563 0.973633 0.050000 0.052734
0 0.085938 0.947266 0.050000 0.062500
0 0.315625 0.980469 0.050000 0.039062
0 0.365625 0.898438 0.050000 0.062500
0 0.403125 0.914062 0.050000 0.062500
0 0.400000 0.933594 0.050000 0.062500
0 0.368750 0.968750 0.050000 0.062500
0 0.357812 0.981445 0.050000 0.037109
0 0.507812 0.977539 0.050000 0.044922
0 0.557813 0.931641 0.050000 0.062500
0 0.468750 0.900391 0.050000 0.062500
0 0.503125 0.843750 0.050000 0.062500
0 0.450000 0.583984 0.050000 0.062500
0 0.471875 0.593750 0.050000 0.062500
0 0.543750 0.550781 0.050000 0.062500
0 0.678125 0.478516 0.050000 0.062500
0 0.721875 0.443359 0.050000 0.062500
0 0.856250 0.509766 0.050000 0.062500
0 0.851562 0.408203 0.050000 0.062500
0 0.557813 0.150391 0.050000 0.062500
0 0.560937 0.031250 0.050000 0.062500
0 0.625000 0.025391 0.050000 0.050781
0 0.737500 0.093750 0.050000 0.062500
0 0.748437 0.105469 0.050000 0.062500
0 0.900000 0.095703 0.050000 0.062500
0 0.878125 0.181641 0.050000 0.062500
0 0.900000 0.187500 0.050000 0.062500
0 0.978125 0.333984 0.043750 0.062500
0 0.937500 0.316406 0.050000 0.062500
0 0.959375 0.355469 0.050000 0.062500
0 0.954688 0.396484 0.050000 0.062500
0 0.977344 0.447266 0.045312 0.062500
0 0.982031 0.480469 0.035937 0.062500
0 0.975000 0.496094 0.050000 0.062500
0 0.792188 0.839844 0.050000 0.062500
0 0.770312 0.876953 0.050000 0.062500
0 0.764062 0.900391 0.050000 0.062500
0 0.764062 0.923828 0.050000 0.062500
0 0.879687 0.873047 0.050000 0.062500
0 0.935937 0.755859 0.050000 0.062500
0 0.021094 0.222656 0.042188 0.062500
0 0.328125 0.822266 0.050000 0.062500
