0 0.429688 0.830078 0.050000 0.062500
0 0.432812 0.906250 0.050000 0.062500
0 0.457813 0.953125 0.050000 0.062500
0 0.404687 0.973633 0.050000 0.052734
0 0.457813 0.576172 0.050000 0.062500
0 0.457813 0.615234 0.050000 0.062500
0 0.532813 0.564453 0.050000 0.062500
0 0.090625 0.871094 0.050000 0.062500
0 0.085938 0.900391 0.050000 0.062500
0 0.123438 0.969727 0.050000 0.060547
0 0.171875 0.969727 0.050000 0.060547
0 0.026562 0.642578 0.050000 0.062500
0 0.150000 0.126953 0.050000 0.062500
0 0.229687 0.152344 0.050000 0.062500
0 0.253125 0.171875 0.050000 0.062500
0 0.248438 0.091797 0.050000 0.062500
0 0.339062 0.085938 0.050000 0.062500
0 0.345313 0.107422 0.050000 0.062500
0 0.340625 0.173828 0.050000 0.062500
0 0.340625 0.255859 0.050000 0.062500
0 0.570312 0.208984 0.050000 0.062500
0 0.589063 0.048828 0.050000 0.062500
0 0.651563 0.050781 0.050000 0.062500
0 0.778125 0.132812 0.050000 0.062500
0 0.760938 0.121094 0.050000 0.062500
0 0.759375 0.026367 0.050000 0.052734
0 0.915625 0.166016 0.050000 0.062500
0 0.937500 0.072266 0.050000 0.062500
0 0.925000 0.357422 0.050000 0.062500
0 0.875000 0.435547 0.050000 0.062500
0 0.876563 0.535156 0.050000 0.062500
0 0.840625 0.478516 0.050000 0.062500
0 0.962500 0.427734 0.050000 0.062500
0 0.875000 0.369141 0.050000 0.062500
0 0.843750 0.369141 0.050000 0.062500
0 0.818750 0.285156 0.050000 0.062500
0 0.709375 0.505859 0.050000 0.062500
0 0.982812 0.511719 0.034375 0.062500
0 0.953125 0.880859 0.050000 0.062500
0 0.857812 0.855469 0.050000 0.062500
0 0.854688 0.880859 0.050000 0.062500
0 0.845313 0.908203 0.050000 0.062500
0 0.840625 0.931641 0.050000 0.062500
0 0.673438 0.933594 0.050000 0.062500
0 0.579688 0.933594 0.050000 0.062500
0 0.579688 0.861328 0.050000 0.062500
0 0.242188 0.427734 0.050000 0.062500
0 0.117188 0.234375 0.050000 0.062500
0 0.084375 0.169922 0.050000 0.062500
0 0.042188 0.271484 0.050000 0.062500
0 0.295312 0.044922 0.050000 0.062500
0 0.231250 0.023438 0.050000 0.046875
