0 0.256250 0.030273 0.050000 0.060547
0 0.350000 0.285156 0.050000 0.062500
0 0.273438 0.226562 0.050000 0.062500
0 0.118750 0.191406 0.050000 0.062500
0 0.171875 0.320312 0.050000 0.062500
0 0.232813 0.355469 0.050000 0.062500
0 0.207813 0.431641 0.050000 0.062500
0 0.145313 0.375000 0.050000 0.062500
0 0.053125 0.388672 0.050000 0.062500
0 0.021094 0.468750 0.042188 0.062500
0 0.092188 0.277344 0.050000 0.062500
0 0.073438 0.253906 0.050000 0.062500
0 0.071875 0.638672 0.050000 0.062500
0 0.078125 0.667969 0.050000 0.062500
0 0.065625 0.705078 0.050000 0.062500
0 0.120313 0.675781 0.050000 0.062500
0 0.101562 0.724609 0.050000 0.062500
0 0.090625 0.832031 0.050000 0.062500
0 0.267188 0.835938 0.050000 0.062500
0 0.309375 0.738281 0.050000 0.062500
0 0.295312 0.548828 0.050000 0.062500
0 0.023438 0.927734 0.046875 0.062500
0 0.014844 0.876953 0.029687 0.062500
0 0.578125 0.556641 0.050000 0.062500
0 0.520312 0.314453 0.050000 0.062500
0 0.585938 0.085938 0.050000 0.062500
0 0.678125 0.085938 0.050000 0.062500
0 0.667188 0.443359 0.050000 0.062500
0 0.742188 0.458984 0.050000 0.062500
0 0.785937 0.558594 0.050000 0.062500
0 0.678125 0.621094 0.050000 0.062500
0 0.748437 0.748047 0.050000 0.062500
0 0.768750 0.773438 0.050000 0.062500
0 0.764062 0.960938 0.050000 0.062500
0 0.809375 0.867188 0.050000 0.062500
0 0.823438 0.878906 0.050000 0.062500
0 0.871875 0.806641 0.050000 0.062500
0 0.900000 0.833984 0.050000 0.062500
0 0.950000 0.947266 0.050000 0.062500
0 0.931250 0.613281 0.050000 0.062500
0 0.939063 0.500000 0.050000 0.062500
0 0.975000 0.541016 0.050000 0.062500
0 0.900000 0.390625 0.050000 0.062500
0 0.856250 0.255859 0.050000 0.062500
0 0.909375 0.292969 0.050000 0.062500
0 0.898438 0.046875 0.050000 0.062500
0 0.953125 0.056641 0.050000 0.062500
0 0.960938 0.171875 0.050000 0.062500
0 0.904687 0.173828 0.050000 0.062500
0 0.882812 0.244141 0.050000 0.062500
0 0.915625 0.228516 0.050000 0.062500
0 0.939063 0.244141 0.050000 0.062500
0 0.959375 0.259766 0.050000 0.062500
0 0.662500 0.093750 0.050000 0.062500
