0 0.250000 0.028320 0.050000 0.056641
0 0.353125 0.279297 0.050000 0.062500
0 0.521875 0.314453 0.050000 0.062500
0 0.581250 0.558594 0.050000 0.062500
0 0.668750 0.437500 0.050000 0.062500
0 0.678125 0.623047 0.050000 0.062500
0 0.792188 0.544922 0.050000 0.062500
0 0.751563 0.476562 0.050000 0.062500
0 0.295312 0.550781 0.050000 0.062500
0 0.123438 0.667969 0.050000 0.062500
0 0.206250 0.433594 0.050000 0.062500
0 0.231250 0.357422 0.050000 0.062500
0 0.171875 0.320312 0.050000 0.062500
0 0.148438 0.378906 0.050000 0.062500
0 0.756250 0.734375 0.050000 0.062500
0 0.775000 0.759766 0.050000 0.062500
0 0.909375 0.826172 0.050000 0.062500
0 0.875000 0.796875 0.050000 0.062500
0 0.823438 0.871094 0.050000 0.062500
0 0.978125 0.527344 0.043750 0.062500
0 0.895312 0.150391 0.050000 0.062500
0 0.909375 0.212891 0.050000 0.062500
0 0.846875 0.267578 0.050000 0.062500
0 0.889062 0.250000 0.050000 0.062500
0 0.900000 0.369141 0.050000 0.062500
0 0.940625 0.474609 0.050000 0.062500
0 0.909375 0.287109 0.050000 0.062500
0 0.935937 0.230469 0.050000 0.062500
0 0.953125 0.246094 0.050000 0.062500
0 0.334375 0.287109 0.050000 0.062500
0 0.279687 0.240234 0.050000 0.062500
0 0.057813 0.398438 0.050000 0.062500
0 0.048438 0.652344 0.050000 0.062500
0 0.053125 0.677734 0.050000 0.062500
0 0.065625 0.703125 0.050000 0.062500
0 0.106250 0.720703 0.050000 0.062500
0 0.260937 0.837891 0.050000 0.062500
0 0.325000 0.759766 0.050000 0.062500
0 0.022656 0.931641 0.045312 0.062500
0 0.087500 0.828125 0.050000 0.062500
0 0.024219 0.476562 0.048438 0.062500
0 0.123438 0.195312 0.050000 0.062500
0 0.085938 0.281250 0.050000 0.062500
0 0.070312 0.259766 0.050000 0.062500
0 0.665625 0.115234 0.050000 0.062500
0 0.662500 0.083984 0.050000 0.062500
0 0.557813 0.064453 0.050000 0.062500
0 0.903125 0.044922 0.050000 0.062500
0 0.951562 0.046875 0.050000 0.062500
0 0.954688 0.158203 0.050000 0.062500
0 0.934375 0.597656 0.050000 0.062500
0 0.776563 0.931641 0.050000 0.062500
0 0.957812 0.941406 0.050000 0.062500
0 0.981250 0.968750 0.037500 0.062500
0 0.812500 0.853516 0.050000 0.062500
0 0.746875 0.980469 0.050000 0.039062
