0 0.326562 0.677734 0.050000 0.062500
0 0.357812 0.681641 0.050000 0.062500
0 0.690625 0.570312 0.050000 0.062500
0 0.248438 0.144531 0.050000 0.062500
0 0.034375 0.259766 0.050000 0.062500
0 0.076563 0.046875 0.050000 0.062500
0 0.432812 0.017578 0.050000 0.035156
0 0.457813 0.024414 0.050000 0.048828
0 0.568750 0.056641 0.050000 0.062500
0 0.948438 0.119141 0.050000 0.062500
0 0.965625 0.142578 0.050000 0.062500
0 0.982031 0.191406 0.035937 0.062500
0 0.970313 0.257812 0.050000 0.062500
0 0.678125 0.613281 0.050000 0.062500
