0 0.239063 0.027344 0.050000 0.054688
0 0.118750 0.195312 0.050000 0.062500
0 0.070312 0.261719 0.050000 0.062500
0 0.090625 0.281250 0.050000 0.062500
0 0.278125 0.242188 0.050000 0.062500
0 0.353125 0.287109 0.050000 0.062500
0 0.339062 0.289062 0.050000 0.062500
0 0.521875 0.322266 0.050000 0.062500
0 0.651563 0.091797 0.050000 0.062500
0 0.657813 0.126953 0.050000 0.062500
0 0.532813 0.028320 0.050000 0.056641
0 0.948438 0.031250 0.050000 0.062500
0 0.887500 0.107422 0.050000 0.062500
0 0.959375 0.134766 0.050000 0.062500
0 0.892188 0.026367 0.050000 0.052734
0 0.907813 0.187500 0.050000 0.062500
0 0.935937 0.201172 0.050000 0.062500
0 0.956250 0.216797 0.050000 0.062500
0 0.900000 0.253906 0.050000 0.062500
0 0.862500 0.248047 0.050000 0.062500
0 0.915625 0.277344 0.050000 0.062500
0 0.907813 0.335938 0.050000 0.062500
0 0.942187 0.435547 0.050000 0.062500
0 0.978125 0.503906 0.043750 0.062500
0 0.939063 0.572266 0.050000 0.062500
0 0.923438 0.792969 0.050000 0.062500
0 0.884375 0.771484 0.050000 0.062500
0 0.792188 0.521484 0.050000 0.062500
0 0.756250 0.488281 0.050000 0.062500
0 0.667188 0.437500 0.050000 0.062500
0 0.790625 0.886719 0.050000 0.062500
0 0.818750 0.845703 0.050000 0.062500
0 0.839063 0.855469 0.050000 0.062500
0 0.960938 0.933594 0.050000 0.062500
0 0.978906 0.974609 0.042188 0.050781
0 0.582812 0.558594 0.050000 0.062500
0 0.298438 0.548828 0.050000 0.062500
0 0.335938 0.779297 0.050000 0.062500
0 0.115625 0.658203 0.050000 0.062500
0 0.757812 0.947266 0.050000 0.062500
0 0.778125 0.732422 0.050000 0.062500
0 0.764062 0.712891 0.050000 0.062500
0 0.175000 0.322266 0.050000 0.062500
0 0.235937 0.367188 0.050000 0.062500
0 0.214062 0.433594 0.050000 0.062500
0 0.145313 0.384766 0.050000 0.062500
0 0.059375 0.410156 0.050000 0.062500
0 0.023438 0.673828 0.046875 0.062500
0 0.032813 0.693359 0.050000 0.062500
0 0.068750 0.701172 0.050000 0.062500
0 0.101562 0.730469 0.050000 0.062500
0 0.093750 0.826172 0.050000 0.062500
0 0.023438 0.935547 0.046875 0.062500
0 0.245312 0.833984 0.050000 0.062500
0 0.678125 0.625000 0.050000 0.062500
0 0.982812 0.212891 0.034375 0.062500
