0 0.223438 0.023438 0.050000 0.046875
0 0.284375 0.242188 0.050000 0.062500
0 0.353125 0.291016 0.050000 0.062500
0 0.339062 0.291016 0.050000 0.062500
0 0.525000 0.302734 0.050000 0.062500
0 0.664062 0.144531 0.050000 0.062500
0 0.646875 0.101562 0.050000 0.062500
0 0.673438 0.441406 0.050000 0.062500
0 0.584375 0.558594 0.050000 0.062500
0 0.796875 0.490234 0.050000 0.062500
0 0.764062 0.513672 0.050000 0.062500
0 0.689063 0.611328 0.050000 0.062500
0 0.770312 0.683594 0.050000 0.062500
0 0.785937 0.699219 0.050000 0.062500
0 0.231250 0.380859 0.050000 0.062500
0 0.212500 0.435547 0.050000 0.062500
0 0.300000 0.550781 0.050000 0.062500
0 0.220312 0.828125 0.050000 0.062500
0 0.359375 0.810547 0.050000 0.062500
0 0.092188 0.824219 0.050000 0.062500
0 0.103125 0.724609 0.050000 0.062500
0 0.106250 0.648438 0.050000 0.062500
0 0.023438 0.476562 0.046875 0.062500
0 0.060937 0.410156 0.050000 0.062500
0 0.139063 0.400391 0.050000 0.062500
0 0.171875 0.324219 0.050000 0.062500
0 0.271875 0.957031 0.050000 0.062500
0 0.023438 0.939453 0.046875 0.062500
0 0.123438 0.201172 0.050000 0.062500
0 0.065625 0.263672 0.050000 0.062500
0 0.087500 0.283203 0.050000 0.062500
0 0.889062 0.740234 0.050000 0.062500
0 0.929688 0.746094 0.050000 0.062500
0 0.942187 0.531250 0.050000 0.062500
0 0.982031 0.478516 0.035937 0.062500
0 0.948438 0.376953 0.050000 0.062500
0 0.840625 0.837891 0.050000 0.062500
0 0.829688 0.822266 0.050000 0.062500
0 0.809375 0.814453 0.050000 0.062500
0 0.848437 0.970703 0.050000 0.058594
0 0.781250 0.969727 0.050000 0.060547
0 0.787500 0.873047 0.050000 0.062500
0 0.965625 0.927734 0.050000 0.062500
0 0.917188 0.298828 0.050000 0.062500
0 0.918750 0.259766 0.050000 0.062500
0 0.873437 0.255859 0.050000 0.062500
0 0.945312 0.179688 0.050000 0.062500
0 0.926562 0.156250 0.050000 0.062500
0 0.906250 0.146484 0.050000 0.062500
0 0.868750 0.041016 0.050000 0.062500
0 0.945312 0.021484 0.050000 0.042969
0 0.953125 0.097656 0.050000 0.062500
0 0.982812 0.160156 0.034375 0.062500
