0 0.485938 0.126953 0.050000 0.062500
0 0.646875 0.091797 0.050000 0.062500
0 0.684375 0.210938 0.050000 0.062500
0 0.798438 0.308594 0.050000 0.062500
0 0.678125 0.439453 0.050000 0.062500
0 0.631250 0.554688 0.050000 0.062500
0 0.282813 0.244141 0.050000 0.062500
0 0.360938 0.279297 0.050000 0.062500
0 0.342187 0.281250 0.050000 0.062500
0 0.129688 0.193359 0.050000 0.062500
0 0.076563 0.253906 0.050000 0.062500
0 0.093750 0.277344 0.050000 0.062500
0 0.173437 0.320312 0.050000 0.062500
0 0.231250 0.369141 0.050000 0.062500
0 0.157812 0.388672 0.050000 0.062500
0 0.210938 0.429688 0.050000 0.062500
0 0.306250 0.542969 0.050000 0.062500
0 0.059375 0.408203 0.050000 0.062500
0 0.024219 0.464844 0.048438 0.062500
0 0.021875 0.548828 0.043750 0.062500
0 0.089063 0.626953 0.050000 0.062500
0 0.118750 0.794922 0.050000 0.062500
0 0.107813 0.824219 0.050000 0.062500
0 0.034375 0.927734 0.050000 0.062500
0 0.162500 0.955078 0.050000 0.062500
0 0.295312 0.917969 0.050000 0.062500
0 0.462500 0.933594 0.050000 0.062500
0 0.114062 0.732422 0.050000 0.062500
0 0.103125 0.712891 0.050000 0.062500
0 0.775000 0.492188 0.050000 0.062500
0 0.790625 0.611328 0.050000 0.062500
0 0.900000 0.810547 0.050000 0.062500
0 0.983594 0.839844 0.032813 0.062500
0 0.875000 0.730469 0.050000 0.062500
0 0.857812 0.712891 0.050000 0.062500
0 0.917188 0.572266 0.050000 0.062500
0 0.975000 0.550781 0.050000 0.062500
0 0.889062 0.453125 0.050000 0.062500
0 0.825000 0.517578 0.050000 0.062500
0 0.807813 0.513672 0.050000 0.062500
0 0.932813 0.101562 0.050000 0.062500
0 0.889062 0.099609 0.050000 0.062500
0 0.856250 0.068359 0.050000 0.062500
0 0.937500 0.283203 0.050000 0.062500
0 0.865625 0.507812 0.050000 0.062500
0 0.831250 0.785156 0.050000 0.062500
0 0.803125 0.933594 0.050000 0.062500
0 0.812500 0.973633 0.050000 0.052734
0 0.962500 0.314453 0.050000 0.062500
0 0.931250 0.347656 0.050000 0.062500
0 0.985156 0.324219 0.029687 0.062500
