0 0.193750 0.021484 0.050000 0.042969
0 0.134375 0.046875 0.050000 0.062500
0 0.376563 0.044922 0.050000 0.062500
0 0.603125 0.097656 0.050000 0.062500
0 0.564063 0.146484 0.050000 0.062500
0 0.618750 0.203125 0.050000 0.062500
0 0.656250 0.158203 0.050000 0.062500
0 0.771875 0.234375 0.050000 0.062500
0 0.892188 0.248047 0.050000 0.062500
0 0.970313 0.363281 0.050000 0.062500
0 0.951562 0.457031 0.050000 0.062500
0 0.904687 0.519531 0.050000 0.062500
0 0.829688 0.462891 0.050000 0.062500
0 0.795312 0.451172 0.050000 0.062500
0 0.701562 0.527344 0.050000 0.062500
0 0.695312 0.501953 0.050000 0.062500
0 0.587500 0.812500 0.050000 0.062500
0 0.295312 0.808594 0.050000 0.062500
0 0.664062 0.699219 0.050000 0.062500
0 0.093750 0.974609 0.050000 0.050781
0 0.353125 0.542969 0.050000 0.062500
0 0.334375 0.574219 0.050000 0.062500
0 0.284375 0.611328 0.050000 0.062500
0 0.268750 0.505859 0.050000 0.062500
0 0.170313 0.582031 0.050000 0.062500
0 0.156250 0.746094 0.050000 0.062500
0 0.107813 0.658203 0.050000 0.062500
0 0.029687 0.642578 0.050000 0.062500
0 0.022656 0.710938 0.045312 0.062500
0 0.060937 0.523438 0.050000 0.062500
0 0.078125 0.542969 0.050000 0.062500
0 0.112500 0.457031 0.050000 0.062500
0 0.790625 0.068359 0.050000 0.062500
0 0.746875 0.039062 0.050000 0.062500
0 0.770312 0.111328 0.050000 0.062500
0 0.889062 0.691406 0.050000 0.062500
0 0.862500 0.699219 0.050000 0.062500
0 0.848437 0.691406 0.050000 0.062500
0 0.867188 0.787109 0.050000 0.062500
0 0.890625 0.777344 0.050000 0.062500
0 0.907813 0.779297 0.050000 0.062500
0 0.946875 0.744141 0.050000 0.062500
0 0.882812 0.968750 0.050000 0.062500
0 0.676562 0.531250 0.050000 0.062500
