0 0.142187 0.019531 0.050000 0.039062
0 0.178125 0.058594 0.050000 0.062500
0 0.128125 0.095703 0.050000 0.062500
0 0.103125 0.500000 0.050000 0.062500
0 0.050000 0.562500 0.050000 0.062500
0 0.075000 0.583984 0.050000 0.062500
0 0.264062 0.542969 0.050000 0.062500
0 0.160938 0.630859 0.050000 0.062500
0 0.107813 0.693359 0.050000 0.062500
0 0.014844 0.667969 0.029687 0.062500
0 0.020313 0.750000 0.040625 0.062500
0 0.151562 0.787109 0.050000 0.062500
0 0.281250 0.853516 0.050000 0.062500
0 0.290625 0.697266 0.050000 0.062500
0 0.321875 0.615234 0.050000 0.062500
0 0.342187 0.578125 0.050000 0.062500
0 0.554688 0.191406 0.050000 0.062500
0 0.593750 0.138672 0.050000 0.062500
0 0.606250 0.242188 0.050000 0.062500
0 0.648438 0.193359 0.050000 0.062500
0 0.760938 0.253906 0.050000 0.062500
0 0.878125 0.261719 0.050000 0.062500
0 0.954688 0.382812 0.050000 0.062500
0 0.939063 0.464844 0.050000 0.062500
0 0.893750 0.537109 0.050000 0.062500
0 0.878125 0.695312 0.050000 0.062500
0 0.937500 0.761719 0.050000 0.062500
0 0.659375 0.750000 0.050000 0.062500
0 0.573438 0.853516 0.050000 0.062500
0 0.771875 0.085938 0.050000 0.062500
0 0.737500 0.099609 0.050000 0.062500
0 0.710938 0.041016 0.050000 0.062500
0 0.362500 0.054688 0.050000 0.062500
0 0.834375 0.751953 0.050000 0.062500
0 0.867188 0.792969 0.050000 0.062500
0 0.884375 0.798828 0.050000 0.062500
0 0.900000 0.806641 0.050000 0.062500
0 0.879687 0.979492 0.050000 0.041016
0 0.781250 0.472656 0.050000 0.062500
0 0.823438 0.480469 0.050000 0.062500
0 0.696875 0.560547 0.050000 0.062500
0 0.687500 0.582031 0.050000 0.062500
