0 0.228125 0.253906 0.050000 0.062500
0 0.223438 0.269531 0.050000 0.062500
0 0.175000 0.028320 0.050000 0.056641
0 0.071875 0.320312 0.050000 0.062500
0 0.134375 0.402344 0.050000 0.062500
0 0.209375 0.398438 0.050000 0.062500
0 0.328125 0.470703 0.050000 0.062500
0 0.354687 0.468750 0.050000 0.062500
0 0.317188 0.408203 0.050000 0.062500
0 0.198437 0.187500 0.050000 0.062500
0 0.162500 0.267578 0.050000 0.062500
0 0.171875 0.300781 0.050000 0.062500
0 0.054688 0.367188 0.050000 0.062500
0 0.023438 0.367188 0.046875 0.062500
0 0.118750 0.462891 0.050000 0.062500
0 0.193750 0.507812 0.050000 0.062500
0 0.190625 0.630859 0.050000 0.062500
0 0.167187 0.861328 0.050000 0.062500
0 0.384375 0.830078 0.050000 0.062500
0 0.537500 0.767578 0.050000 0.062500
0 0.495312 0.875000 0.050000 0.062500
0 0.512500 0.945312 0.050000 0.062500
0 0.517188 0.964844 0.050000 0.062500
0 0.517188 0.746094 0.050000 0.062500
0 0.707812 0.837891 0.050000 0.062500
0 0.682813 0.943359 0.050000 0.062500
0 0.667188 0.923828 0.050000 0.062500
0 0.803125 0.947266 0.050000 0.062500
0 0.759375 0.875000 0.050000 0.062500
0 0.745313 0.767578 0.050000 0.062500
0 0.803125 0.691406 0.050000 0.062500
0 0.867188 0.656250 0.050000 0.062500
0 0.896875 0.630859 0.050000 0.062500
0 0.726562 0.447266 0.050000 0.062500
0 0.718750 0.376953 0.050000 0.062500
0 0.667188 0.343750 0.050000 0.062500
0 0.656250 0.429688 0.050000 0.062500
0 0.845313 0.398438 0.050000 0.062500
0 0.895312 0.462891 0.050000 0.062500
0 0.870313 0.277344 0.050000 0.062500
0 0.945312 0.289062 0.050000 0.062500
0 0.929688 0.197266 0.050000 0.062500
0 0.964063 0.109375 0.050000 0.062500
0 0.900000 0.119141 0.050000 0.062500
0 0.882812 0.166016 0.050000 0.062500
0 0.868750 0.109375 0.050000 0.062500
0 0.850000 0.128906 0.050000 0.062500
0 0.592187 0.076172 0.050000 0.062500
0 0.557813 0.068359 0.050000 0.062500
0 0.475000 0.026367 0.050000 0.052734
0 0.428125 0.024414 0.050000 0.048828
0 0.789062 0.597656 0.050000 0.062500
0 0.785937 0.556641 0.050000 0.062500
0 0.765625 0.564453 0.050000 0.062500
0 0.826562 0.074219 0.050000 0.062500
0 0.796875 0.022461 0.050000 0.044922
0 0.046875 0.261719 0.050000 0.062500
0 0.059375 0.257812 0.050000 0.062500
0 0.964063 0.945312 0.050000 0.062500
0 0.978125 0.744141 0.043750 0.062500
