0 0.206250 0.039062 0.050000 0.062500
0 0.429688 0.033203 0.050000 0.062500
0 0.479687 0.035156 0.050000 0.062500
0 0.464062 0.015625 0.050000 0.031250
0 0.550000 0.076172 0.050000 0.062500
0 0.571875 0.095703 0.050000 0.062500
0 0.245312 0.248047 0.050000 0.062500
0 0.243750 0.263672 0.050000 0.062500
0 0.226562 0.187500 0.050000 0.062500
0 0.189062 0.275391 0.050000 0.062500
0 0.195312 0.294922 0.050000 0.062500
0 0.084375 0.240234 0.050000 0.062500
0 0.098437 0.308594 0.050000 0.062500
0 0.081250 0.253906 0.050000 0.062500
0 0.092188 0.349609 0.050000 0.062500
0 0.039062 0.373047 0.050000 0.062500
0 0.175000 0.375000 0.050000 0.062500
0 0.229687 0.371094 0.050000 0.062500
0 0.331250 0.394531 0.050000 0.062500
0 0.351562 0.451172 0.050000 0.062500
0 0.220312 0.476562 0.050000 0.062500
0 0.154688 0.449219 0.050000 0.062500
0 0.214062 0.583984 0.050000 0.062500
0 0.022656 0.572266 0.045312 0.062500
0 0.228125 0.847656 0.050000 0.062500
0 0.403125 0.775391 0.050000 0.062500
0 0.489063 0.798828 0.050000 0.062500
0 0.479687 0.884766 0.050000 0.062500
0 0.485938 0.904297 0.050000 0.062500
0 0.512500 0.937500 0.050000 0.062500
0 0.648438 0.919922 0.050000 0.062500
0 0.587500 0.949219 0.050000 0.062500
0 0.720313 0.960938 0.050000 0.062500
0 0.948438 0.888672 0.050000 0.062500
0 0.804688 0.822266 0.050000 0.062500
0 0.753125 0.765625 0.050000 0.062500
0 0.712500 0.724609 0.050000 0.062500
0 0.748437 0.660156 0.050000 0.062500
0 0.795312 0.597656 0.050000 0.062500
0 0.856250 0.556641 0.050000 0.062500
0 0.878125 0.542969 0.050000 0.062500
0 0.776563 0.503906 0.050000 0.062500
0 0.867188 0.369141 0.050000 0.062500
0 0.823438 0.314453 0.050000 0.062500
0 0.700000 0.343750 0.050000 0.062500
0 0.704688 0.414062 0.050000 0.062500
0 0.651563 0.425781 0.050000 0.062500
0 0.646875 0.330078 0.050000 0.062500
0 0.901563 0.236328 0.050000 0.062500
0 0.831250 0.201172 0.050000 0.062500
0 0.845313 0.119141 0.050000 0.062500
0 0.889062 0.136719 0.050000 0.062500
0 0.917188 0.058594 0.050000 0.062500
0 0.851562 0.052734 0.050000 0.062500
0 0.818750 0.054688 0.050000 0.062500
0 0.812500 0.070312 0.050000 0.062500
0 0.546875 0.703125 0.050000 0.062500
0 0.529687 0.710938 0.050000 0.062500
0 0.504687 0.971680 0.050000 0.056641
0 0.668750 0.908203 0.050000 0.062500
0 0.681250 0.833984 0.050000 0.062500
0 0.040625 0.781250 0.050000 0.062500
0 0.943750 0.691406 0.050000 0.062500
0 0.957812 0.378906 0.050000 0.062500
