0 0.682813 0.609375 0.050000 0.062500
0 0.690625 0.556641 0.050000 0.062500
0 0.360938 0.683594 0.050000 0.062500
0 0.335938 0.675781 0.050000 0.062500
0 0.035937 0.259766 0.050000 0.062500
0 0.223438 0.154297 0.050000 0.062500
0 0.090625 0.052734 0.050000 0.062500
0 0.421875 0.046875 0.050000 0.062500
0 0.396875 0.030273 0.050000 0.060547
0 0.589063 0.020508 0.050000 0.041016
0 0.951562 0.121094 0.050000 0.062500
0 0.976562 0.144531 0.046875 0.062500
0 0.982031 0.185547 0.035937 0.062500
0 0.965625 0.246094 0.050000 0.062500
