0 0.215625 0.048828 0.050000 0.062500
0 0.235937 0.179688 0.050000 0.062500
0 0.253125 0.246094 0.050000 0.062500
0 0.201563 0.275391 0.050000 0.062500
0 0.096875 0.234375 0.050000 0.062500
0 0.096875 0.250000 0.050000 0.062500
0 0.120313 0.294922 0.050000 0.062500
0 0.103125 0.341797 0.050000 0.062500
0 0.053125 0.380859 0.050000 0.062500
0 0.017188 0.400391 0.034375 0.062500
0 0.235937 0.361328 0.050000 0.062500
0 0.193750 0.378906 0.050000 0.062500
0 0.337500 0.375000 0.050000 0.062500
0 0.170313 0.439453 0.050000 0.062500
0 0.242188 0.455078 0.050000 0.062500
0 0.042188 0.548828 0.050000 0.062500
0 0.226562 0.570312 0.050000 0.062500
0 0.262500 0.845703 0.050000 0.062500
0 0.396875 0.751953 0.050000 0.062500
0 0.484375 0.753906 0.050000 0.062500
0 0.462500 0.861328 0.050000 0.062500
0 0.465625 0.875000 0.050000 0.062500
0 0.521875 0.888672 0.050000 0.062500
0 0.506250 0.921875 0.050000 0.062500
0 0.625000 0.876953 0.050000 0.062500
0 0.651563 0.863281 0.050000 0.062500
0 0.745313 0.886719 0.050000 0.062500
0 0.684375 0.828125 0.050000 0.062500
0 0.682813 0.792969 0.050000 0.062500
0 0.675000 0.777344 0.050000 0.062500
0 0.818750 0.765625 0.050000 0.062500
0 0.751563 0.707031 0.050000 0.062500
0 0.720313 0.675781 0.050000 0.062500
0 0.746875 0.603516 0.050000 0.062500
0 0.787500 0.550781 0.050000 0.062500
0 0.867188 0.501953 0.050000 0.062500
0 0.846875 0.509766 0.050000 0.062500
0 0.851562 0.328125 0.050000 0.062500
0 0.640625 0.414062 0.050000 0.062500
0 0.646875 0.320312 0.050000 0.062500
0 0.693750 0.335938 0.050000 0.062500
0 0.700000 0.398438 0.050000 0.062500
0 0.768750 0.441406 0.050000 0.062500
0 0.882812 0.207031 0.050000 0.062500
0 0.818750 0.162109 0.050000 0.062500
0 0.871875 0.105469 0.050000 0.062500
0 0.893750 0.033203 0.050000 0.062500
0 0.832812 0.101562 0.050000 0.062500
0 0.818750 0.097656 0.050000 0.062500
0 0.801562 0.028320 0.050000 0.056641
0 0.801562 0.028320 0.050000 0.056641
0 0.820312 0.028320 0.050000 0.056641
0 0.568750 0.123047 0.050000 0.062500
0 0.548438 0.080078 0.050000 0.062500
0 0.439063 0.035156 0.050000 0.062500
0 0.473438 0.048828 0.050000 0.062500
0 0.468750 0.018555 0.050000 0.037109
0 0.254688 0.261719 0.050000 0.062500
0 0.539062 0.669922 0.050000 0.062500
0 0.528125 0.677734 0.050000 0.062500
0 0.779687 0.458984 0.050000 0.062500
0 0.807813 0.279297 0.050000 0.062500
0 0.937500 0.343750 0.050000 0.062500
0 0.982812 0.634766 0.034375 0.062500
0 0.920312 0.666016 0.050000 0.062500
0 0.940625 0.857422 0.050000 0.062500
0 0.809375 0.470703 0.050000 0.062500
0 0.792188 0.042969 0.050000 0.062500
0 0.015625 0.886719 0.031250 0.062500
