0 0.467187 0.018555 0.050000 0.037109
0 0.439063 0.039062 0.050000 0.062500
0 0.473438 0.056641 0.050000 0.062500
0 0.564063 0.132812 0.050000 0.062500
0 0.692187 0.335938 0.050000 0.062500
0 0.646875 0.322266 0.050000 0.062500
0 0.640625 0.414062 0.050000 0.062500
0 0.693750 0.394531 0.050000 0.062500
0 0.256250 0.250000 0.050000 0.062500
0 0.260937 0.263672 0.050000 0.062500
0 0.235937 0.179688 0.050000 0.062500
0 0.101562 0.230469 0.050000 0.062500
0 0.104688 0.248047 0.050000 0.062500
0 0.125000 0.289062 0.050000 0.062500
0 0.204687 0.273438 0.050000 0.062500
0 0.210938 0.291016 0.050000 0.062500
0 0.104688 0.339844 0.050000 0.062500
0 0.242188 0.361328 0.050000 0.062500
0 0.198437 0.375000 0.050000 0.062500
0 0.176563 0.443359 0.050000 0.062500
0 0.254688 0.451172 0.050000 0.062500
0 0.060937 0.373047 0.050000 0.062500
0 0.023438 0.398438 0.046875 0.062500
0 0.045312 0.542969 0.050000 0.062500
0 0.475000 0.751953 0.050000 0.062500
0 0.398438 0.751953 0.050000 0.062500
0 0.459375 0.855469 0.050000 0.062500
0 0.462500 0.867188 0.050000 0.062500
0 0.528125 0.880859 0.050000 0.062500
0 0.257812 0.839844 0.050000 0.062500
0 0.515625 0.919922 0.050000 0.062500
0 0.651563 0.853516 0.050000 0.062500
0 0.628125 0.855469 0.050000 0.062500
0 0.692187 0.808594 0.050000 0.062500
0 0.753125 0.869141 0.050000 0.062500
0 0.812500 0.746094 0.050000 0.062500
0 0.753125 0.691406 0.050000 0.062500
0 0.718750 0.662109 0.050000 0.062500
0 0.685937 0.783203 0.050000 0.062500
0 0.673438 0.775391 0.050000 0.062500
0 0.543750 0.669922 0.050000 0.062500
0 0.748437 0.597656 0.050000 0.062500
0 0.785937 0.537109 0.050000 0.062500
0 0.843750 0.496094 0.050000 0.062500
0 0.867188 0.486328 0.050000 0.062500
0 0.770312 0.441406 0.050000 0.062500
0 0.848437 0.312500 0.050000 0.062500
0 0.934375 0.335938 0.050000 0.062500
0 0.878125 0.201172 0.050000 0.062500
0 0.814063 0.160156 0.050000 0.062500
0 0.809375 0.271484 0.050000 0.062500
0 0.354687 0.423828 0.050000 0.062500
0 0.373437 0.416016 0.050000 0.062500
0 0.339062 0.378906 0.050000 0.062500
0 0.885938 0.031250 0.050000 0.062500
0 0.829688 0.091797 0.050000 0.062500
0 0.815625 0.093750 0.050000 0.062500
0 0.812500 0.026367 0.050000 0.052734
0 0.798438 0.024414 0.050000 0.048828
0 0.789062 0.031250 0.050000 0.062500
0 0.546875 0.083984 0.050000 0.062500
0 0.206250 0.969727 0.050000 0.060547
0 0.020313 0.880859 0.040625 0.062500
0 0.092188 0.769531 0.050000 0.062500
0 0.867188 0.099609 0.050000 0.062500
0 0.809375 0.462891 0.050000 0.062500
0 0.215625 0.042969 0.050000 0.062500
0 0.914062 0.666016 0.050000 0.062500
0 0.979688 0.632812 0.040625 0.062500
