0 0.467187 0.019531 0.050000 0.039062
0 0.464062 0.058594 0.050000 0.062500
0 0.434375 0.042969 0.050000 0.062500
0 0.554688 0.179688 0.050000 0.062500
0 0.542188 0.078125 0.050000 0.062500
0 0.639062 0.322266 0.050000 0.062500
0 0.689063 0.339844 0.050000 0.062500
0 0.637500 0.402344 0.050000 0.062500
0 0.690625 0.404297 0.050000 0.062500
0 0.257812 0.248047 0.050000 0.062500
0 0.254688 0.259766 0.050000 0.062500
0 0.218750 0.044922 0.050000 0.062500
0 0.093750 0.228516 0.050000 0.062500
0 0.100000 0.244141 0.050000 0.062500
0 0.129688 0.246094 0.050000 0.062500
0 0.370312 0.388672 0.050000 0.062500
0 0.356250 0.408203 0.050000 0.062500
0 0.237500 0.361328 0.050000 0.062500
0 0.198437 0.373047 0.050000 0.062500
0 0.107813 0.335938 0.050000 0.062500
0 0.182812 0.437500 0.050000 0.062500
0 0.267188 0.457031 0.050000 0.062500
0 0.226562 0.564453 0.050000 0.062500
0 0.059375 0.376953 0.050000 0.062500
0 0.026562 0.384766 0.050000 0.062500
0 0.051562 0.544922 0.050000 0.062500
0 0.284375 0.873047 0.050000 0.062500
0 0.398438 0.744141 0.050000 0.062500
0 0.467187 0.732422 0.050000 0.062500
0 0.551562 0.699219 0.050000 0.062500
0 0.545312 0.677734 0.050000 0.062500
0 0.546875 0.857422 0.050000 0.062500
0 0.517188 0.894531 0.050000 0.062500
0 0.437500 0.853516 0.050000 0.062500
0 0.668750 0.826172 0.050000 0.062500
0 0.675000 0.798828 0.050000 0.062500
0 0.775000 0.792969 0.050000 0.062500
0 0.684375 0.746094 0.050000 0.062500
0 0.715625 0.738281 0.050000 0.062500
0 0.831250 0.699219 0.050000 0.062500
0 0.764062 0.652344 0.050000 0.062500
0 0.729688 0.625000 0.050000 0.062500
0 0.756250 0.548828 0.050000 0.062500
0 0.789062 0.501953 0.050000 0.062500
0 0.848437 0.455078 0.050000 0.062500
0 0.871875 0.455078 0.050000 0.062500
0 0.803125 0.455078 0.050000 0.062500
0 0.843750 0.271484 0.050000 0.062500
0 0.876563 0.173828 0.050000 0.062500
0 0.804688 0.117188 0.050000 0.062500
0 0.801562 0.226562 0.050000 0.062500
0 0.856250 0.062500 0.050000 0.062500
0 0.817187 0.058594 0.050000 0.062500
0 0.785937 0.400391 0.050000 0.062500
0 0.767188 0.388672 0.050000 0.062500
0 0.803125 0.060547 0.050000 0.062500
0 0.926562 0.296875 0.050000 0.062500
0 0.435937 0.867188 0.050000 0.062500
0 0.215625 0.902344 0.050000 0.062500
0 0.223438 0.943359 0.050000 0.062500
0 0.132812 0.822266 0.050000 0.062500
0 0.037500 0.890625 0.050000 0.062500
0 0.259375 0.964844 0.050000 0.062500
0 0.203125 0.253906 0.050000 0.062500
0 0.209375 0.281250 0.050000 0.062500
0 0.907813 0.658203 0.050000 0.062500
0 0.978125 0.632812 0.043750 0.062500
0 0.960938 0.845703 0.050000 0.062500
0 0.675000 0.979492 0.050000 0.041016
