0 0.118750 0.218750 0.050000 0.062500
0 0.090625 0.220703 0.050000 0.062500
0 0.092188 0.240234 0.050000 0.062500
0 0.248438 0.236328 0.050000 0.062500
0 0.196875 0.248047 0.050000 0.062500
0 0.200000 0.273438 0.050000 0.062500
0 0.425000 0.035156 0.050000 0.062500
0 0.465625 0.052734 0.050000 0.062500
0 0.550000 0.193359 0.050000 0.062500
0 0.637500 0.318359 0.050000 0.062500
0 0.684375 0.328125 0.050000 0.062500
0 0.687500 0.410156 0.050000 0.062500
0 0.645312 0.408203 0.050000 0.062500
0 0.368750 0.376953 0.050000 0.062500
0 0.350000 0.408203 0.050000 0.062500
0 0.331250 0.369141 0.050000 0.062500
0 0.231250 0.357422 0.050000 0.062500
0 0.196875 0.373047 0.050000 0.062500
0 0.179688 0.431641 0.050000 0.062500
0 0.264062 0.447266 0.050000 0.062500
0 0.226562 0.560547 0.050000 0.062500
0 0.054688 0.384766 0.050000 0.062500
0 0.106250 0.335938 0.050000 0.062500
0 0.792188 0.039062 0.050000 0.062500
0 0.807813 0.039062 0.050000 0.062500
0 0.846875 0.244141 0.050000 0.062500
0 0.798438 0.203125 0.050000 0.062500
0 0.871875 0.148438 0.050000 0.062500
0 0.876563 0.427734 0.050000 0.062500
0 0.856250 0.427734 0.050000 0.062500
0 0.792188 0.367188 0.050000 0.062500
0 0.770312 0.365234 0.050000 0.062500
0 0.803125 0.429688 0.050000 0.062500
0 0.792188 0.480469 0.050000 0.062500
0 0.760938 0.521484 0.050000 0.062500
0 0.737500 0.603516 0.050000 0.062500
0 0.767188 0.628906 0.050000 0.062500
0 0.832812 0.677734 0.050000 0.062500
0 0.793750 0.755859 0.050000 0.062500
0 0.723437 0.701172 0.050000 0.062500
0 0.698438 0.738281 0.050000 0.062500
0 0.700000 0.769531 0.050000 0.062500
0 0.676562 0.798828 0.050000 0.062500
0 0.554688 0.833984 0.050000 0.062500
0 0.518750 0.884766 0.050000 0.062500
0 0.417187 0.851562 0.050000 0.062500
0 0.389062 0.738281 0.050000 0.062500
0 0.460938 0.730469 0.050000 0.062500
0 0.548438 0.707031 0.050000 0.062500
0 0.254688 0.968750 0.050000 0.062500
0 0.226562 0.908203 0.050000 0.062500
0 0.242188 0.871094 0.050000 0.062500
0 0.295312 0.890625 0.050000 0.062500
0 0.145313 0.851562 0.050000 0.062500
0 0.045312 0.902344 0.050000 0.062500
0 0.034375 0.541016 0.050000 0.062500
0 0.020313 0.597656 0.040625 0.062500
0 0.023438 0.361328 0.046875 0.062500
0 0.212500 0.039062 0.050000 0.062500
0 0.250000 0.250000 0.050000 0.062500
0 0.851562 0.033203 0.050000 0.062500
0 0.926562 0.275391 0.050000 0.062500
0 0.679688 0.975586 0.050000 0.048828
0 0.464062 0.015625 0.050000 0.031250
0 0.909375 0.658203 0.050000 0.062500
0 0.977344 0.638672 0.045312 0.062500
0 0.975000 0.839844 0.050000 0.062500
0 0.978906 0.271484 0.042188 0.062500
0 0.975781 0.107422 0.048438 0.062500
0 0.980469 0.121094 0.039062 0.062500
