0 0.242188 0.240234 0.050000 0.062500
0 0.248438 0.201172 0.050000 0.062500
0 0.420312 0.230469 0.050000 0.062500
0 0.376563 0.253906 0.050000 0.062500
0 0.323437 0.287109 0.050000 0.062500
0 0.596875 0.234375 0.050000 0.062500
0 0.426563 0.402344 0.050000 0.062500
0 0.362500 0.412109 0.050000 0.062500
0 0.365625 0.482422 0.050000 0.062500
0 0.420312 0.474609 0.050000 0.062500
0 0.328125 0.638672 0.050000 0.062500
0 0.226562 0.835938 0.050000 0.062500
0 0.234375 0.787109 0.050000 0.062500
0 0.193750 0.806641 0.050000 0.062500
0 0.495312 0.785156 0.050000 0.062500
0 0.532813 0.787109 0.050000 0.062500
0 0.517188 0.833984 0.050000 0.062500
0 0.698438 0.894531 0.050000 0.062500
0 0.600000 0.910156 0.050000 0.062500
0 0.615625 0.960938 0.050000 0.062500
0 0.564063 0.978516 0.050000 0.042969
0 0.537500 0.945312 0.050000 0.062500
0 0.975781 0.697266 0.048438 0.062500
0 0.956250 0.601562 0.050000 0.062500
0 0.873437 0.667969 0.050000 0.062500
0 0.771875 0.636719 0.050000 0.062500
0 0.732812 0.539062 0.050000 0.062500
0 0.753125 0.386719 0.050000 0.062500
0 0.825000 0.332031 0.050000 0.062500
0 0.845313 0.283203 0.050000 0.062500
0 0.934375 0.261719 0.050000 0.062500
0 0.970313 0.382812 0.050000 0.062500
0 0.948438 0.443359 0.050000 0.062500
0 0.942187 0.208984 0.050000 0.062500
0 0.935937 0.150391 0.050000 0.062500
0 0.900000 0.171875 0.050000 0.062500
0 0.845313 0.109375 0.050000 0.062500
0 0.851562 0.058594 0.050000 0.062500
0 0.818750 0.082031 0.050000 0.062500
0 0.782813 0.191406 0.050000 0.062500
0 0.581250 0.281250 0.050000 0.062500
0 0.576562 0.255859 0.050000 0.062500
0 0.673438 0.357422 0.050000 0.062500
0 0.685937 0.457031 0.050000 0.062500
0 0.679688 0.480469 0.050000 0.062500
0 0.695312 0.478516 0.050000 0.062500
0 0.220312 0.318359 0.050000 0.062500
0 0.231250 0.345703 0.050000 0.062500
0 0.240625 0.312500 0.050000 0.062500
0 0.404687 0.132812 0.050000 0.062500
0 0.371875 0.160156 0.050000 0.062500
0 0.112500 0.365234 0.050000 0.062500
0 0.081250 0.330078 0.050000 0.062500
0 0.045312 0.478516 0.050000 0.062500
0 0.017969 0.482422 0.035937 0.062500
0 0.053125 0.595703 0.050000 0.062500
0 0.032813 0.583984 0.050000 0.062500
0 0.106250 0.427734 0.050000 0.062500
0 0.134375 0.226562 0.050000 0.062500
0 0.179688 0.076172 0.050000 0.062500
0 0.592187 0.087891 0.050000 0.062500
0 0.532813 0.050781 0.050000 0.062500
0 0.834375 0.025391 0.050000 0.050781
0 0.206250 0.054688 0.050000 0.062500
0 0.214062 0.103516 0.050000 0.062500
0 0.095312 0.158203 0.050000 0.062500
0 0.889062 0.791016 0.050000 0.062500
0 0.935937 0.826172 0.050000 0.062500
