0 0.220312 0.294922 0.050000 0.062500
0 0.178125 0.294922 0.050000 0.062500
0 0.209375 0.349609 0.050000 0.062500
0 0.476562 0.416016 0.050000 0.062500
0 0.493750 0.423828 0.050000 0.062500
0 0.470313 0.464844 0.050000 0.062500
0 0.450000 0.496094 0.050000 0.062500
0 0.360938 0.724609 0.050000 0.062500
0 0.312500 0.755859 0.050000 0.062500
0 0.317188 0.861328 0.050000 0.062500
0 0.382812 0.777344 0.050000 0.062500
0 0.360938 0.847656 0.050000 0.062500
0 0.395313 0.837891 0.050000 0.062500
0 0.373437 0.875000 0.050000 0.062500
0 0.407813 0.912109 0.050000 0.062500
0 0.293750 0.971680 0.050000 0.056641
0 0.539062 0.904297 0.050000 0.062500
0 0.445312 0.746094 0.050000 0.062500
0 0.476562 0.628906 0.050000 0.062500
0 0.531250 0.613281 0.050000 0.062500
0 0.510938 0.560547 0.050000 0.062500
0 0.625000 0.597656 0.050000 0.062500
0 0.593750 0.750000 0.050000 0.062500
0 0.607812 0.822266 0.050000 0.062500
0 0.582812 0.972656 0.050000 0.054688
0 0.600000 0.900391 0.050000 0.062500
0 0.693750 0.919922 0.050000 0.062500
0 0.731250 0.973633 0.050000 0.052734
0 0.814063 0.732422 0.050000 0.062500
0 0.845313 0.753906 0.050000 0.062500
0 0.820312 0.587891 0.050000 0.062500
0 0.764062 0.388672 0.050000 0.062500
0 0.757812 0.275391 0.050000 0.062500
0 0.742188 0.183594 0.050000 0.062500
0 0.726562 0.185547 0.050000 0.062500
0 0.759375 0.126953 0.050000 0.062500
0 0.720313 0.083984 0.050000 0.062500
0 0.707812 0.091797 0.050000 0.062500
0 0.793750 0.048828 0.050000 0.062500
0 0.506250 0.033203 0.050000 0.062500
0 0.459375 0.017578 0.050000 0.035156
0 0.425000 0.046875 0.050000 0.062500
0 0.478125 0.082031 0.050000 0.062500
0 0.643750 0.021484 0.050000 0.042969
0 0.962500 0.044922 0.050000 0.062500
0 0.926562 0.119141 0.050000 0.062500
0 0.978906 0.033203 0.042188 0.062500
0 0.973437 0.236328 0.050000 0.062500
0 0.965625 0.464844 0.050000 0.062500
0 0.975781 0.488281 0.048438 0.062500
0 0.977344 0.273438 0.045312 0.062500
0 0.862500 0.642578 0.050000 0.062500
0 0.976562 0.123047 0.046875 0.062500
