0 0.484375 0.039062 0.050000 0.062500
0 0.504687 0.054688 0.050000 0.062500
0 0.759375 0.072266 0.050000 0.062500
0 0.878125 0.142578 0.050000 0.062500
0 0.881250 0.173828 0.050000 0.062500
0 0.873437 0.193359 0.050000 0.062500
0 0.821875 0.341797 0.050000 0.062500
0 0.845313 0.355469 0.050000 0.062500
0 0.873437 0.367188 0.050000 0.062500
0 0.867188 0.394531 0.050000 0.062500
0 0.759375 0.386719 0.050000 0.062500
0 0.465625 0.160156 0.050000 0.062500
0 0.440625 0.183594 0.050000 0.062500
0 0.468750 0.087891 0.050000 0.062500
0 0.446875 0.257812 0.050000 0.062500
0 0.506250 0.253906 0.050000 0.062500
0 0.601562 0.248047 0.050000 0.062500
0 0.276562 0.345703 0.050000 0.062500
0 0.184375 0.187500 0.050000 0.062500
0 0.312500 0.322266 0.050000 0.062500
0 0.292187 0.367188 0.050000 0.062500
0 0.328125 0.355469 0.050000 0.062500
0 0.403125 0.357422 0.050000 0.062500
0 0.421875 0.421875 0.050000 0.062500
0 0.560937 0.470703 0.050000 0.062500
0 0.606250 0.482422 0.050000 0.062500
0 0.689063 0.503906 0.050000 0.062500
0 0.670312 0.625000 0.050000 0.062500
0 0.517188 0.625000 0.050000 0.062500
0 0.476562 0.566406 0.050000 0.062500
0 0.543750 0.503906 0.050000 0.062500
0 0.392188 0.480469 0.050000 0.062500
0 0.368750 0.597656 0.050000 0.062500
0 0.320312 0.525391 0.050000 0.062500
0 0.298438 0.480469 0.050000 0.062500
0 0.196875 0.468750 0.050000 0.062500
0 0.231250 0.564453 0.050000 0.062500
0 0.214062 0.660156 0.050000 0.062500
0 0.253125 0.587891 0.050000 0.062500
0 0.193750 0.683594 0.050000 0.062500
0 0.209375 0.707031 0.050000 0.062500
0 0.153125 0.736328 0.050000 0.062500
0 0.203125 0.763672 0.050000 0.062500
0 0.031250 0.937500 0.050000 0.062500
0 0.239063 0.828125 0.050000 0.062500
0 0.257812 0.835938 0.050000 0.062500
0 0.228125 0.859375 0.050000 0.062500
0 0.417187 0.718750 0.050000 0.062500
0 0.334375 0.644531 0.050000 0.062500
0 0.401562 0.787109 0.050000 0.062500
0 0.417187 0.783203 0.050000 0.062500
0 0.509375 0.714844 0.050000 0.062500
0 0.475000 0.746094 0.050000 0.062500
0 0.471875 0.775391 0.050000 0.062500
0 0.495312 0.781250 0.050000 0.062500
0 0.560937 0.847656 0.050000 0.062500
0 0.667188 0.796875 0.050000 0.062500
0 0.668750 0.971680 0.050000 0.056641
0 0.500000 0.973633 0.050000 0.052734
0 0.312500 0.373047 0.050000 0.062500
0 0.318750 0.396484 0.050000 0.062500
0 0.890625 0.728516 0.050000 0.062500
0 0.931250 0.705078 0.050000 0.062500
0 0.981250 0.919922 0.037500 0.062500
0 0.975000 0.921875 0.050000 0.062500
0 0.906250 0.978516 0.050000 0.042969
0 0.290625 0.197266 0.050000 0.062500
0 0.218750 0.238281 0.050000 0.062500
0 0.356250 0.160156 0.050000 0.062500
0 0.376563 0.226562 0.050000 0.062500
0 0.357812 0.248047 0.050000 0.062500
0 0.365625 0.205078 0.050000 0.062500
