0 0.337500 0.679688 0.050000 0.062500
0 0.357812 0.683594 0.050000 0.062500
0 0.673438 0.634766 0.050000 0.062500
0 0.704688 0.558594 0.050000 0.062500
0 0.375000 0.111328 0.050000 0.062500
0 0.348438 0.101562 0.050000 0.062500
0 0.248438 0.169922 0.050000 0.062500
0 0.037500 0.261719 0.050000 0.062500
0 0.117188 0.052734 0.050000 0.062500
0 0.043750 0.046875 0.050000 0.062500
0 0.957812 0.117188 0.050000 0.062500
0 0.977344 0.150391 0.045312 0.062500
0 0.982812 0.191406 0.034375 0.062500
0 0.973437 0.271484 0.050000 0.062500
