0 0.862500 0.039062 0.050000 0.062500
0 0.860938 0.080078 0.050000 0.062500
0 0.854688 0.101562 0.050000 0.062500
0 0.834375 0.248047 0.050000 0.062500
0 0.867188 0.267578 0.050000 0.062500
0 0.889062 0.265625 0.050000 0.062500
0 0.765625 0.322266 0.050000 0.062500
0 0.607812 0.154297 0.050000 0.062500
0 0.490625 0.080078 0.050000 0.062500
0 0.520312 0.160156 0.050000 0.062500
0 0.456250 0.169922 0.050000 0.062500
0 0.446875 0.101562 0.050000 0.062500
0 0.320312 0.226562 0.050000 0.062500
0 0.382812 0.285156 0.050000 0.062500
0 0.410938 0.265625 0.050000 0.062500
0 0.696875 0.416016 0.050000 0.062500
0 0.684375 0.517578 0.050000 0.062500
0 0.904687 0.611328 0.050000 0.062500
0 0.939063 0.617188 0.050000 0.062500
0 0.926562 0.896484 0.050000 0.062500
0 0.764062 0.969727 0.050000 0.060547
0 0.668750 0.873047 0.050000 0.062500
0 0.618750 0.917969 0.050000 0.062500
0 0.640625 0.971680 0.050000 0.056641
0 0.495312 0.969727 0.050000 0.060547
0 0.537500 0.859375 0.050000 0.062500
0 0.614062 0.695312 0.050000 0.062500
0 0.634375 0.767578 0.050000 0.062500
0 0.204687 0.957031 0.050000 0.062500
0 0.415625 0.699219 0.050000 0.062500
0 0.482812 0.683594 0.050000 0.062500
0 0.507812 0.691406 0.050000 0.062500
0 0.431250 0.615234 0.050000 0.062500
0 0.528125 0.523438 0.050000 0.062500
0 0.381250 0.505859 0.050000 0.062500
0 0.342187 0.550781 0.050000 0.062500
0 0.340625 0.431641 0.050000 0.062500
0 0.300000 0.380859 0.050000 0.062500
0 0.209375 0.375000 0.050000 0.062500
0 0.246875 0.482422 0.050000 0.062500
0 0.265625 0.507812 0.050000 0.062500
0 0.021875 0.839844 0.043750 0.062500
0 0.253125 0.736328 0.050000 0.062500
0 0.237500 0.767578 0.050000 0.062500
0 0.264062 0.746094 0.050000 0.062500
0 0.225000 0.578125 0.050000 0.062500
0 0.223438 0.617188 0.050000 0.062500
0 0.201563 0.597656 0.050000 0.062500
0 0.204687 0.619141 0.050000 0.062500
0 0.217188 0.675781 0.050000 0.062500
0 0.162500 0.652344 0.050000 0.062500
0 0.196875 0.097656 0.050000 0.062500
0 0.629687 0.376953 0.050000 0.062500
0 0.576562 0.404297 0.050000 0.062500
0 0.576562 0.378906 0.050000 0.062500
0 0.229687 0.144531 0.050000 0.062500
0 0.303125 0.107422 0.050000 0.062500
0 0.371875 0.072266 0.050000 0.062500
0 0.390625 0.130859 0.050000 0.062500
0 0.365625 0.146484 0.050000 0.062500
0 0.284375 0.261719 0.050000 0.062500
0 0.304688 0.275391 0.050000 0.062500
0 0.318750 0.253906 0.050000 0.062500
