0 0.182812 0.107422 0.050000 0.062500
0 0.221875 0.160156 0.050000 0.062500
0 0.359375 0.078125 0.050000 0.062500
0 0.382812 0.140625 0.050000 0.062500
0 0.495312 0.111328 0.050000 0.062500
0 0.445312 0.111328 0.050000 0.062500
0 0.454688 0.179688 0.050000 0.062500
0 0.512500 0.171875 0.050000 0.062500
0 0.604688 0.166016 0.050000 0.062500
0 0.870313 0.277344 0.050000 0.062500
0 0.826562 0.255859 0.050000 0.062500
0 0.760938 0.353516 0.050000 0.062500
0 0.692187 0.421875 0.050000 0.062500
0 0.685937 0.517578 0.050000 0.062500
0 0.406250 0.281250 0.050000 0.062500
0 0.354687 0.267578 0.050000 0.062500
0 0.204687 0.394531 0.050000 0.062500
0 0.281250 0.390625 0.050000 0.062500
0 0.334375 0.423828 0.050000 0.062500
0 0.564063 0.396484 0.050000 0.062500
0 0.631250 0.373047 0.050000 0.062500
0 0.525000 0.535156 0.050000 0.062500
0 0.470313 0.695312 0.050000 0.062500
0 0.625000 0.666016 0.050000 0.062500
0 0.420312 0.705078 0.050000 0.062500
0 0.501563 0.699219 0.050000 0.062500
0 0.343750 0.558594 0.050000 0.062500
0 0.371875 0.517578 0.050000 0.062500
0 0.235937 0.490234 0.050000 0.062500
0 0.259375 0.521484 0.050000 0.062500
0 0.217188 0.583984 0.050000 0.062500
0 0.496875 0.971680 0.050000 0.056641
0 0.256250 0.759766 0.050000 0.062500
0 0.248438 0.740234 0.050000 0.062500
0 0.231250 0.777344 0.050000 0.062500
0 0.210938 0.683594 0.050000 0.062500
0 0.160938 0.666016 0.050000 0.062500
0 0.015625 0.853516 0.031250 0.062500
0 0.215625 0.626953 0.050000 0.062500
0 0.200000 0.636719 0.050000 0.062500
0 0.190625 0.611328 0.050000 0.062500
0 0.279687 0.263672 0.050000 0.062500
0 0.312500 0.257812 0.050000 0.062500
0 0.301563 0.265625 0.050000 0.062500
0 0.614062 0.927734 0.050000 0.062500
0 0.540625 0.847656 0.050000 0.062500
0 0.420312 0.634766 0.050000 0.062500
0 0.839063 0.056641 0.050000 0.062500
0 0.843750 0.078125 0.050000 0.062500
0 0.826562 0.115234 0.050000 0.062500
0 0.903125 0.597656 0.050000 0.062500
0 0.934375 0.630859 0.050000 0.062500
0 0.980469 0.800781 0.039062 0.062500
0 0.921875 0.908203 0.050000 0.062500
0 0.607812 0.822266 0.050000 0.062500
0 0.659375 0.880859 0.050000 0.062500
0 0.623437 0.977539 0.050000 0.044922
0 0.759375 0.974609 0.050000 0.050781
0 0.581250 0.406250 0.050000 0.062500
0 0.884375 0.273438 0.050000 0.062500
0 0.362500 0.158203 0.050000 0.062500
0 0.296875 0.117188 0.050000 0.062500
