0 0.181250 0.113281 0.050000 0.062500
0 0.192188 0.394531 0.050000 0.062500
0 0.254688 0.373047 0.050000 0.062500
0 0.257812 0.253906 0.050000 0.062500
0 0.231250 0.505859 0.050000 0.062500
0 0.253125 0.531250 0.050000 0.062500
0 0.321875 0.396484 0.050000 0.062500
0 0.357812 0.505859 0.050000 0.062500
0 0.332813 0.564453 0.050000 0.062500
0 0.203125 0.626953 0.050000 0.062500
0 0.185938 0.613281 0.050000 0.062500
0 0.148438 0.666016 0.050000 0.062500
0 0.200000 0.687500 0.050000 0.062500
0 0.242188 0.748047 0.050000 0.062500
0 0.225000 0.779297 0.050000 0.062500
0 0.392188 0.710938 0.050000 0.062500
0 0.635938 0.873047 0.050000 0.062500
0 0.606250 0.925781 0.050000 0.062500
0 0.889062 0.566406 0.050000 0.062500
0 0.976562 0.777344 0.046875 0.062500
0 0.512500 0.544922 0.050000 0.062500
0 0.462500 0.703125 0.050000 0.062500
0 0.682813 0.503906 0.050000 0.062500
0 0.432812 0.117188 0.050000 0.062500
0 0.457813 0.019531 0.050000 0.039062
0 0.504687 0.177734 0.050000 0.062500
0 0.484375 0.125000 0.050000 0.062500
0 0.592187 0.173828 0.050000 0.062500
0 0.398438 0.285156 0.050000 0.062500
0 0.312500 0.230469 0.050000 0.062500
0 0.279687 0.261719 0.050000 0.062500
0 0.306250 0.261719 0.050000 0.062500
0 0.689063 0.406250 0.050000 0.062500
0 0.746875 0.392578 0.050000 0.062500
0 0.640625 0.357422 0.050000 0.062500
0 0.554688 0.392578 0.050000 0.062500
0 0.840625 0.257812 0.050000 0.062500
0 0.804688 0.199219 0.050000 0.062500
0 0.890625 0.269531 0.050000 0.062500
0 0.781250 0.107422 0.050000 0.062500
0 0.798438 0.052734 0.050000 0.062500
0 0.553125 0.810547 0.050000 0.062500
0 0.568750 0.906250 0.050000 0.062500
0 0.631250 0.933594 0.050000 0.062500
0 0.500000 0.951172 0.050000 0.062500
0 0.490625 0.705078 0.050000 0.062500
0 0.409375 0.664062 0.050000 0.062500
0 0.632812 0.599609 0.050000 0.062500
0 0.592187 0.400391 0.050000 0.062500
0 0.801562 0.074219 0.050000 0.062500
0 0.926562 0.632812 0.050000 0.062500
0 0.982812 0.658203 0.034375 0.062500
0 0.912500 0.917969 0.050000 0.062500
0 0.750000 0.975586 0.050000 0.048828
0 0.292187 0.279297 0.050000 0.062500
0 0.210938 0.164062 0.050000 0.062500
0 0.264062 0.126953 0.050000 0.062500
0 0.350000 0.171875 0.050000 0.062500
0 0.367188 0.144531 0.050000 0.062500
0 0.350000 0.085938 0.050000 0.062500
