0 0.539062 0.123047 0.050000 0.062500
0 0.825000 0.030273 0.050000 0.060547
0 0.832812 0.060547 0.050000 0.062500
0 0.835938 0.187500 0.050000 0.062500
0 0.796875 0.193359 0.050000 0.062500
0 0.846875 0.251953 0.050000 0.062500
0 0.446875 0.361328 0.050000 0.062500
0 0.231250 0.511719 0.050000 0.062500
0 0.242188 0.746094 0.050000 0.062500
0 0.257812 0.746094 0.050000 0.062500
0 0.156250 0.771484 0.050000 0.062500
0 0.507812 0.703125 0.050000 0.062500
0 0.462500 0.671875 0.050000 0.062500
0 0.526563 0.611328 0.050000 0.062500
0 0.576562 0.525391 0.050000 0.062500
0 0.553125 0.509766 0.050000 0.062500
0 0.531250 0.337891 0.050000 0.062500
0 0.607812 0.298828 0.050000 0.062500
0 0.620313 0.300781 0.050000 0.062500
0 0.618750 0.341797 0.050000 0.062500
0 0.745313 0.328125 0.050000 0.062500
0 0.809375 0.451172 0.050000 0.062500
0 0.829688 0.601562 0.050000 0.062500
0 0.635938 0.517578 0.050000 0.062500
0 0.665625 0.523438 0.050000 0.062500
0 0.646875 0.587891 0.050000 0.062500
0 0.523438 0.642578 0.050000 0.062500
0 0.532813 0.771484 0.050000 0.062500
0 0.548438 0.785156 0.050000 0.062500
0 0.529687 0.794922 0.050000 0.062500
0 0.771875 0.742188 0.050000 0.062500
0 0.951562 0.679688 0.050000 0.062500
0 0.857812 0.875000 0.050000 0.062500
0 0.873437 0.900391 0.050000 0.062500
0 0.892188 0.947266 0.050000 0.062500
0 0.917188 0.878906 0.050000 0.062500
0 0.889062 0.458984 0.050000 0.062500
0 0.948438 0.246094 0.050000 0.062500
0 0.951562 0.062500 0.050000 0.062500
0 0.625000 0.156250 0.050000 0.062500
0 0.570312 0.177734 0.050000 0.062500
0 0.714063 0.119141 0.050000 0.062500
0 0.182812 0.146484 0.050000 0.062500
0 0.067187 0.212891 0.050000 0.062500
0 0.220312 0.347656 0.050000 0.062500
0 0.181250 0.630859 0.050000 0.062500
0 0.125000 0.804688 0.050000 0.062500
0 0.270313 0.757812 0.050000 0.062500
0 0.026562 0.902344 0.050000 0.062500
0 0.171875 0.968750 0.050000 0.062500
0 0.139063 0.812500 0.050000 0.062500
0 0.698438 0.751953 0.050000 0.062500
0 0.728125 0.722656 0.050000 0.062500
0 0.798438 0.751953 0.050000 0.062500
0 0.653125 0.291016 0.050000 0.062500
0 0.640625 0.314453 0.050000 0.062500
0 0.500000 0.628906 0.050000 0.062500
