0 0.148438 0.187500 0.050000 0.062500
0 0.029687 0.226562 0.050000 0.062500
0 0.184375 0.322266 0.050000 0.062500
0 0.207813 0.730469 0.050000 0.062500
0 0.226562 0.726562 0.050000 0.062500
0 0.214062 0.734375 0.050000 0.062500
0 0.107813 0.738281 0.050000 0.062500
0 0.387500 0.333984 0.050000 0.062500
0 0.509375 0.101562 0.050000 0.062500
0 0.537500 0.166016 0.050000 0.062500
0 0.685937 0.101562 0.050000 0.062500
0 0.587500 0.160156 0.050000 0.062500
0 0.798438 0.039062 0.050000 0.062500
0 0.942187 0.044922 0.050000 0.062500
0 0.940625 0.080078 0.050000 0.062500
0 0.910937 0.226562 0.050000 0.062500
0 0.980469 0.390625 0.039062 0.062500
0 0.957812 0.443359 0.050000 0.062500
0 0.814063 0.238281 0.050000 0.062500
0 0.809375 0.164062 0.050000 0.062500
0 0.764062 0.177734 0.050000 0.062500
0 0.646875 0.521484 0.050000 0.062500
0 0.614062 0.566406 0.050000 0.062500
0 0.498437 0.589844 0.050000 0.062500
0 0.485938 0.681641 0.050000 0.062500
0 0.495312 0.623047 0.050000 0.062500
0 0.478125 0.599609 0.050000 0.062500
0 0.431250 0.658203 0.050000 0.062500
0 0.495312 0.775391 0.050000 0.062500
0 0.510938 0.751953 0.050000 0.062500
0 0.518750 0.771484 0.050000 0.062500
0 0.687500 0.736328 0.050000 0.062500
0 0.701562 0.708984 0.050000 0.062500
0 0.734375 0.726562 0.050000 0.062500
0 0.764062 0.718750 0.050000 0.062500
0 0.812500 0.902344 0.050000 0.062500
0 0.843750 0.830078 0.050000 0.062500
0 0.942187 0.611328 0.050000 0.062500
0 0.775000 0.388672 0.050000 0.062500
0 0.201563 0.490234 0.050000 0.062500
0 0.076563 0.765625 0.050000 0.062500
0 0.095312 0.777344 0.050000 0.062500
0 0.167187 0.605469 0.050000 0.062500
0 0.481250 0.294922 0.050000 0.062500
0 0.571875 0.271484 0.050000 0.062500
0 0.584375 0.341797 0.050000 0.062500
0 0.612500 0.291016 0.050000 0.062500
0 0.714063 0.310547 0.050000 0.062500
0 0.689063 0.140625 0.050000 0.062500
0 0.695312 0.177734 0.050000 0.062500
0 0.582812 0.283203 0.050000 0.062500
0 0.598437 0.281250 0.050000 0.062500
0 0.593750 0.509766 0.050000 0.062500
0 0.534375 0.482422 0.050000 0.062500
0 0.515625 0.498047 0.050000 0.062500
0 0.796875 0.580078 0.050000 0.062500
0 0.145313 0.957031 0.050000 0.062500
0 0.892188 0.843750 0.050000 0.062500
0 0.867188 0.910156 0.050000 0.062500
0 0.667188 0.734375 0.050000 0.062500
0 0.854688 0.439453 0.050000 0.062500
