0 0.334375 0.685547 0.050000 0.062500
0 0.362500 0.693359 0.050000 0.062500
0 0.684375 0.623047 0.050000 0.062500
0 0.701562 0.566406 0.050000 0.062500
0 0.325000 0.207031 0.050000 0.062500
0 0.298438 0.189453 0.050000 0.062500
0 0.259375 0.169922 0.050000 0.062500
0 0.026562 0.257812 0.050000 0.062500
0 0.140625 0.068359 0.050000 0.062500
0 0.054688 0.103516 0.050000 0.062500
0 0.520312 0.017578 0.050000 0.035156
0 0.950000 0.125000 0.050000 0.062500
0 0.970313 0.154297 0.050000 0.062500
0 0.978125 0.203125 0.043750 0.062500
0 0.967187 0.273438 0.050000 0.062500
