0 0.500000 0.095703 0.050000 0.062500
0 0.531250 0.154297 0.050000 0.062500
0 0.678125 0.091797 0.050000 0.062500
0 0.582812 0.154297 0.050000 0.062500
0 0.148438 0.205078 0.050000 0.062500
0 0.025000 0.236328 0.050000 0.062500
0 0.175000 0.316406 0.050000 0.062500
0 0.365625 0.332031 0.050000 0.062500
0 0.568750 0.261719 0.050000 0.062500
0 0.800000 0.156250 0.050000 0.062500
0 0.753125 0.167969 0.050000 0.062500
0 0.817187 0.240234 0.050000 0.062500
0 0.903125 0.220703 0.050000 0.062500
0 0.983594 0.335938 0.032813 0.062500
0 0.946875 0.431641 0.050000 0.062500
0 0.942187 0.578125 0.050000 0.062500
0 0.981250 0.677734 0.037500 0.062500
0 0.842187 0.806641 0.050000 0.062500
0 0.732812 0.722656 0.050000 0.062500
0 0.759375 0.693359 0.050000 0.062500
0 0.790625 0.566406 0.050000 0.062500
0 0.753125 0.359375 0.050000 0.062500
0 0.704688 0.300781 0.050000 0.062500
0 0.576562 0.351562 0.050000 0.062500
0 0.587500 0.503906 0.050000 0.062500
0 0.607812 0.560547 0.050000 0.062500
0 0.646875 0.521484 0.050000 0.062500
0 0.484375 0.578125 0.050000 0.062500
0 0.485938 0.615234 0.050000 0.062500
0 0.457813 0.603516 0.050000 0.062500
0 0.421875 0.648438 0.050000 0.062500
0 0.471875 0.673828 0.050000 0.062500
0 0.489063 0.765625 0.050000 0.062500
0 0.506250 0.746094 0.050000 0.062500
0 0.092188 0.714844 0.050000 0.062500
0 0.165625 0.595703 0.050000 0.062500
0 0.201563 0.718750 0.050000 0.062500
0 0.215625 0.722656 0.050000 0.062500
0 0.223438 0.738281 0.050000 0.062500
0 0.217188 0.470703 0.050000 0.062500
0 0.473438 0.285156 0.050000 0.062500
0 0.684375 0.123047 0.050000 0.062500
0 0.681250 0.164062 0.050000 0.062500
0 0.792188 0.031250 0.050000 0.062500
0 0.920312 0.028320 0.050000 0.056641
0 0.920312 0.052734 0.050000 0.062500
0 0.851562 0.429688 0.050000 0.062500
0 0.840625 0.429688 0.050000 0.062500
0 0.892188 0.833984 0.050000 0.062500
0 0.792188 0.904297 0.050000 0.062500
0 0.860938 0.894531 0.050000 0.062500
0 0.517188 0.462891 0.050000 0.062500
0 0.675000 0.730469 0.050000 0.062500
0 0.693750 0.699219 0.050000 0.062500
0 0.510938 0.763672 0.050000 0.062500
0 0.596875 0.281250 0.050000 0.062500
0 0.578125 0.273438 0.050000 0.062500
0 0.589063 0.273438 0.050000 0.062500
