0 0.357812 0.083984 0.050000 0.062500
0 0.371875 0.191406 0.050000 0.062500
0 0.354687 0.330078 0.050000 0.062500
0 0.393750 0.552734 0.050000 0.062500
0 0.371875 0.560547 0.050000 0.062500
0 0.284375 0.492188 0.050000 0.062500
0 0.565625 0.455078 0.050000 0.062500
0 0.503125 0.578125 0.050000 0.062500
0 0.731250 0.599609 0.050000 0.062500
0 0.732812 0.625000 0.050000 0.062500
0 0.587500 0.845703 0.050000 0.062500
0 0.671875 0.861328 0.050000 0.062500
0 0.489063 0.769531 0.050000 0.062500
0 0.279687 0.619141 0.050000 0.062500
0 0.306250 0.630859 0.050000 0.062500
0 0.371875 0.611328 0.050000 0.062500
0 0.323437 0.628906 0.050000 0.062500
0 0.334375 0.626953 0.050000 0.062500
0 0.834375 0.630859 0.050000 0.062500
0 0.760938 0.621094 0.050000 0.062500
0 0.565625 0.507812 0.050000 0.062500
0 0.578125 0.509766 0.050000 0.062500
0 0.568750 0.525391 0.050000 0.062500
0 0.404687 0.253906 0.050000 0.062500
0 0.428125 0.275391 0.050000 0.062500
0 0.301563 0.265625 0.050000 0.062500
0 0.275000 0.281250 0.050000 0.062500
0 0.398438 0.359375 0.050000 0.062500
0 0.481250 0.476562 0.050000 0.062500
0 0.348438 0.652344 0.050000 0.062500
0 0.328125 0.658203 0.050000 0.062500
0 0.368750 0.703125 0.050000 0.062500
0 0.337500 0.755859 0.050000 0.062500
0 0.254688 0.785156 0.050000 0.062500
0 0.276562 0.941406 0.050000 0.062500
0 0.309375 0.939453 0.050000 0.062500
0 0.345313 0.981445 0.050000 0.037109
0 0.365625 0.923828 0.050000 0.062500
0 0.784375 0.187500 0.050000 0.062500
0 0.709375 0.488281 0.050000 0.062500
0 0.853125 0.279297 0.050000 0.062500
0 0.932813 0.117188 0.050000 0.062500
0 0.945312 0.095703 0.050000 0.062500
0 0.928125 0.466797 0.050000 0.062500
0 0.954688 0.533203 0.050000 0.062500
0 0.983594 0.560547 0.032813 0.062500
0 0.978906 0.794922 0.042188 0.062500
0 0.951562 0.880859 0.050000 0.062500
0 0.350000 0.755859 0.050000 0.062500
0 0.515625 0.570312 0.050000 0.062500
0 0.657813 0.230469 0.050000 0.062500
0 0.559375 0.275391 0.050000 0.062500
0 0.517188 0.861328 0.050000 0.062500
0 0.079687 0.197266 0.050000 0.062500
0 0.279687 0.030273 0.050000 0.060547
0 0.250000 0.031250 0.050000 0.062500
0 0.240625 0.031250 0.050000 0.062500
