0 0.314063 0.041016 0.050000 0.062500
0 0.334375 0.042969 0.050000 0.062500
0 0.414062 0.132812 0.050000 0.062500
0 0.323437 0.152344 0.050000 0.062500
0 0.365625 0.300781 0.050000 0.062500
0 0.365625 0.300781 0.050000 0.062500
0 0.350000 0.298828 0.050000 0.062500
0 0.346875 0.457031 0.050000 0.062500
0 0.296875 0.375000 0.050000 0.062500
0 0.259375 0.396484 0.050000 0.062500
0 0.257812 0.642578 0.050000 0.062500
0 0.268750 0.625000 0.050000 0.062500
0 0.282813 0.630859 0.050000 0.062500
0 0.370312 0.691406 0.050000 0.062500
0 0.242188 0.843750 0.050000 0.062500
0 0.476562 0.792969 0.050000 0.062500
0 0.496875 0.876953 0.050000 0.062500
0 0.721875 0.685547 0.050000 0.062500
0 0.723437 0.660156 0.050000 0.062500
0 0.748437 0.666016 0.050000 0.062500
0 0.881250 0.550781 0.050000 0.062500
0 0.915625 0.519531 0.050000 0.062500
0 0.750000 0.238281 0.050000 0.062500
0 0.554688 0.382812 0.050000 0.062500
0 0.650000 0.283203 0.050000 0.062500
0 0.928125 0.130859 0.050000 0.062500
0 0.912500 0.152344 0.050000 0.062500
0 0.546875 0.476562 0.050000 0.062500
0 0.468750 0.496094 0.050000 0.062500
0 0.484375 0.591797 0.050000 0.062500
0 0.550000 0.542969 0.050000 0.062500
0 0.551562 0.554688 0.050000 0.062500
0 0.564063 0.537109 0.050000 0.062500
0 0.703125 0.541016 0.050000 0.062500
0 0.753125 0.677734 0.050000 0.062500
0 0.564063 0.886719 0.050000 0.062500
0 0.664062 0.927734 0.050000 0.062500
0 0.912500 0.902344 0.050000 0.062500
0 0.946875 0.595703 0.050000 0.062500
0 0.978906 0.619141 0.042188 0.062500
0 0.985938 0.626953 0.028125 0.062500
0 0.425000 0.392578 0.050000 0.062500
0 0.406250 0.375000 0.050000 0.062500
0 0.392188 0.396484 0.050000 0.062500
0 0.293750 0.714844 0.050000 0.062500
0 0.312500 0.712891 0.050000 0.062500
0 0.325000 0.718750 0.050000 0.062500
0 0.360938 0.712891 0.050000 0.062500
0 0.328125 0.748047 0.050000 0.062500
0 0.339062 0.755859 0.050000 0.062500
0 0.320312 0.869141 0.050000 0.062500
0 0.334375 0.875000 0.050000 0.062500
0 0.342187 0.814453 0.050000 0.062500
0 0.362500 0.820312 0.050000 0.062500
0 0.382812 0.016602 0.050000 0.033203
0 0.359375 0.068359 0.050000 0.062500
0 0.359375 0.570312 0.050000 0.062500
0 0.498437 0.591797 0.050000 0.062500
0 0.575000 0.875000 0.050000 0.062500
0 0.428125 0.072266 0.050000 0.062500
0 0.403125 0.052734 0.050000 0.062500
0 0.414062 0.074219 0.050000 0.062500
0 0.398438 0.130859 0.050000 0.062500
0 0.089063 0.175781 0.050000 0.062500
0 0.264062 0.016602 0.050000 0.033203
0 0.975781 0.550781 0.048438 0.062500
0 0.980469 0.564453 0.039062 0.062500
0 0.256250 0.023438 0.050000 0.046875
0 0.273438 0.030273 0.050000 0.060547
0 0.878125 0.392578 0.050000 0.062500
