0 0.371875 0.035156 0.050000 0.062500
0 0.326562 0.030273 0.050000 0.060547
0 0.334375 0.044922 0.050000 0.062500
0 0.325000 0.058594 0.050000 0.062500
0 0.312500 0.099609 0.050000 0.062500
0 0.306250 0.173828 0.050000 0.062500
0 0.420312 0.103516 0.050000 0.062500
0 0.387500 0.181641 0.050000 0.062500
0 0.387500 0.181641 0.050000 0.062500
0 0.728125 0.255859 0.050000 0.062500
0 0.551562 0.416016 0.050000 0.062500
0 0.539062 0.476562 0.050000 0.062500
0 0.475000 0.589844 0.050000 0.062500
0 0.715625 0.683594 0.050000 0.062500
0 0.734375 0.677734 0.050000 0.062500
0 0.712500 0.699219 0.050000 0.062500
0 0.554688 0.888672 0.050000 0.062500
0 0.467187 0.792969 0.050000 0.062500
0 0.489063 0.876953 0.050000 0.062500
0 0.314063 0.904297 0.050000 0.062500
0 0.329688 0.908203 0.050000 0.062500
0 0.237500 0.861328 0.050000 0.062500
0 0.289062 0.738281 0.050000 0.062500
0 0.371875 0.728516 0.050000 0.062500
0 0.303125 0.740234 0.050000 0.062500
0 0.318750 0.740234 0.050000 0.062500
0 0.328125 0.781250 0.050000 0.062500
0 0.353125 0.746094 0.050000 0.062500
0 0.340625 0.570312 0.050000 0.062500
0 0.342187 0.496094 0.050000 0.062500
0 0.350000 0.861328 0.050000 0.062500
0 0.332813 0.853516 0.050000 0.062500
0 0.365625 0.857422 0.050000 0.062500
0 0.275000 0.630859 0.050000 0.062500
0 0.284375 0.412109 0.050000 0.062500
0 0.267188 0.423828 0.050000 0.062500
0 0.253125 0.431641 0.050000 0.062500
0 0.353125 0.341797 0.050000 0.062500
0 0.340625 0.333984 0.050000 0.062500
0 0.409375 0.427734 0.050000 0.062500
0 0.384375 0.425781 0.050000 0.062500
0 0.384375 0.425781 0.050000 0.062500
0 0.398438 0.417969 0.050000 0.062500
0 0.362500 0.429688 0.050000 0.062500
0 0.645312 0.304688 0.050000 0.062500
0 0.556250 0.541016 0.050000 0.062500
0 0.542188 0.539062 0.050000 0.062500
0 0.540625 0.556641 0.050000 0.062500
0 0.485938 0.587891 0.050000 0.062500
0 0.496875 0.593750 0.050000 0.062500
0 0.696875 0.564453 0.050000 0.062500
0 0.878125 0.546875 0.050000 0.062500
0 0.900000 0.537109 0.050000 0.062500
0 0.932813 0.611328 0.050000 0.062500
0 0.975000 0.636719 0.050000 0.062500
0 0.982812 0.644531 0.034375 0.062500
0 0.895312 0.904297 0.050000 0.062500
0 0.659375 0.933594 0.050000 0.062500
0 0.568750 0.884766 0.050000 0.062500
0 0.967187 0.564453 0.050000 0.062500
0 0.977344 0.582031 0.045312 0.062500
0 0.454688 0.501953 0.050000 0.062500
0 0.406250 0.175781 0.050000 0.062500
0 0.914062 0.144531 0.050000 0.062500
0 0.248438 0.691406 0.050000 0.062500
0 0.264062 0.953125 0.050000 0.062500
0 0.276562 0.016602 0.050000 0.033203
0 0.271875 0.025391 0.050000 0.050781
0 0.260937 0.031250 0.050000 0.062500
0 0.271875 0.050781 0.050000 0.062500
0 0.403125 0.103516 0.050000 0.062500
0 0.395313 0.089844 0.050000 0.062500
0 0.875000 0.419922 0.050000 0.062500
0 0.714063 0.068359 0.050000 0.062500
0 0.275000 0.156250 0.050000 0.062500
0 0.250000 0.109375 0.050000 0.062500
0 0.228125 0.109375 0.050000 0.062500
0 0.067187 0.281250 0.050000 0.062500
