0 0.321875 0.152344 0.050000 0.062500
0 0.303125 0.179688 0.050000 0.062500
0 0.348438 0.369141 0.050000 0.062500
0 0.334375 0.367188 0.050000 0.062500
0 0.289062 0.435547 0.050000 0.062500
0 0.342187 0.535156 0.050000 0.062500
0 0.328125 0.562500 0.050000 0.062500
0 0.285938 0.755859 0.050000 0.062500
0 0.301563 0.759766 0.050000 0.062500
0 0.317188 0.771484 0.050000 0.062500
0 0.246875 0.734375 0.050000 0.062500
0 0.273438 0.625000 0.050000 0.062500
0 0.273438 0.625000 0.050000 0.062500
0 0.262500 0.619141 0.050000 0.062500
0 0.234375 0.873047 0.050000 0.062500
0 0.257812 0.941406 0.050000 0.062500
0 0.307812 0.939453 0.050000 0.062500
0 0.321875 0.941406 0.050000 0.062500
0 0.350000 0.890625 0.050000 0.062500
0 0.460938 0.789062 0.050000 0.062500
0 0.545312 0.888672 0.050000 0.062500
0 0.560937 0.882812 0.050000 0.062500
0 0.710938 0.714844 0.050000 0.062500
0 0.709375 0.689453 0.050000 0.062500
0 0.734375 0.691406 0.050000 0.062500
0 0.528125 0.472656 0.050000 0.062500
0 0.451562 0.490234 0.050000 0.062500
0 0.551562 0.449219 0.050000 0.062500
0 0.642188 0.314453 0.050000 0.062500
0 0.714063 0.265625 0.050000 0.062500
0 0.907813 0.138672 0.050000 0.062500
0 0.898438 0.546875 0.050000 0.062500
0 0.871875 0.544922 0.050000 0.062500
0 0.889062 0.894531 0.050000 0.062500
0 0.973437 0.648438 0.050000 0.062500
0 0.931250 0.617188 0.050000 0.062500
0 0.246875 0.457031 0.050000 0.062500
0 0.259375 0.457031 0.050000 0.062500
0 0.392188 0.453125 0.050000 0.062500
0 0.378125 0.451172 0.050000 0.062500
0 0.362500 0.439453 0.050000 0.062500
0 0.409375 0.464844 0.050000 0.062500
0 0.404687 0.218750 0.050000 0.062500
0 0.317188 0.070312 0.050000 0.062500
0 0.360938 0.064453 0.050000 0.062500
0 0.387500 0.132812 0.050000 0.062500
0 0.398438 0.146484 0.050000 0.062500
0 0.414062 0.140625 0.050000 0.062500
0 0.375000 0.091797 0.050000 0.062500
0 0.334375 0.054688 0.050000 0.062500
0 0.279687 0.024414 0.050000 0.048828
0 0.398438 0.363281 0.050000 0.062500
0 0.470313 0.589844 0.050000 0.062500
0 0.481250 0.585938 0.050000 0.062500
0 0.490625 0.593750 0.050000 0.062500
0 0.550000 0.537109 0.050000 0.062500
0 0.534375 0.560547 0.050000 0.062500
0 0.534375 0.560547 0.050000 0.062500
0 0.535937 0.541016 0.050000 0.062500
0 0.690625 0.572266 0.050000 0.062500
0 0.985156 0.583984 0.029687 0.062500
0 0.976562 0.564453 0.046875 0.062500
0 0.975000 0.591797 0.050000 0.062500
0 0.981250 0.732422 0.037500 0.062500
0 0.650000 0.945312 0.050000 0.062500
0 0.485938 0.871094 0.050000 0.062500
0 0.268750 0.818359 0.050000 0.062500
0 0.368750 0.769531 0.050000 0.062500
0 0.357812 0.773438 0.050000 0.062500
0 0.348438 0.769531 0.050000 0.062500
0 0.332813 0.798828 0.050000 0.062500
0 0.321875 0.787109 0.050000 0.062500
0 0.329688 0.896484 0.050000 0.062500
0 0.364063 0.890625 0.050000 0.062500
0 0.268750 0.050781 0.050000 0.062500
0 0.279687 0.068359 0.050000 0.062500
0 0.737500 0.712891 0.050000 0.062500
0 0.964063 0.578125 0.050000 0.062500
0 0.887500 0.455078 0.050000 0.062500
0 0.062500 0.287109 0.050000 0.062500
