0 0.342187 0.064453 0.050000 0.062500
0 0.332813 0.087891 0.050000 0.062500
0 0.321875 0.074219 0.050000 0.062500
0 0.310937 0.080078 0.050000 0.062500
0 0.360938 0.091797 0.050000 0.062500
0 0.392188 0.105469 0.050000 0.062500
0 0.709375 0.281250 0.050000 0.062500
0 0.643750 0.324219 0.050000 0.062500
0 0.459375 0.783203 0.050000 0.062500
0 0.710938 0.726562 0.050000 0.062500
0 0.710938 0.705078 0.050000 0.062500
0 0.732812 0.699219 0.050000 0.062500
0 0.740625 0.720703 0.050000 0.062500
0 0.537500 0.888672 0.050000 0.062500
0 0.554688 0.882812 0.050000 0.062500
0 0.478125 0.861328 0.050000 0.062500
0 0.879687 0.896484 0.050000 0.062500
0 0.929688 0.632812 0.050000 0.062500
0 0.317188 0.968750 0.050000 0.062500
0 0.317188 0.968750 0.050000 0.062500
0 0.303125 0.969727 0.050000 0.060547
0 0.348438 0.929688 0.050000 0.062500
0 0.257812 0.931641 0.050000 0.062500
0 0.231250 0.880859 0.050000 0.062500
0 0.268750 0.845703 0.050000 0.062500
0 0.334375 0.925781 0.050000 0.062500
0 0.285938 0.775391 0.050000 0.062500
0 0.301563 0.781250 0.050000 0.062500
0 0.339062 0.570312 0.050000 0.062500
0 0.323437 0.556641 0.050000 0.062500
0 0.268750 0.611328 0.050000 0.062500
0 0.259375 0.607422 0.050000 0.062500
0 0.242188 0.490234 0.050000 0.062500
0 0.257812 0.486328 0.050000 0.062500
0 0.284375 0.466797 0.050000 0.062500
0 0.334375 0.398438 0.050000 0.062500
0 0.345313 0.396484 0.050000 0.062500
0 0.323437 0.207031 0.050000 0.062500
0 0.303125 0.193359 0.050000 0.062500
0 0.379688 0.162109 0.050000 0.062500
0 0.393750 0.171875 0.050000 0.062500
0 0.409375 0.171875 0.050000 0.062500
0 0.409375 0.251953 0.050000 0.062500
0 0.389062 0.248047 0.050000 0.062500
0 0.403125 0.421875 0.050000 0.062500
0 0.357812 0.449219 0.050000 0.062500
0 0.376563 0.457031 0.050000 0.062500
0 0.387500 0.490234 0.050000 0.062500
0 0.404687 0.496094 0.050000 0.062500
0 0.450000 0.486328 0.050000 0.062500
0 0.468750 0.587891 0.050000 0.062500
0 0.481250 0.583984 0.050000 0.062500
0 0.490625 0.585938 0.050000 0.062500
0 0.528125 0.470703 0.050000 0.062500
0 0.548438 0.472656 0.050000 0.062500
0 0.542188 0.537109 0.050000 0.062500
0 0.689063 0.580078 0.050000 0.062500
0 0.651563 0.955078 0.050000 0.062500
0 0.362500 0.929688 0.050000 0.062500
0 0.370312 0.810547 0.050000 0.062500
0 0.360938 0.798828 0.050000 0.062500
0 0.337500 0.820312 0.050000 0.062500
0 0.281250 0.026367 0.050000 0.052734
0 0.275000 0.056641 0.050000 0.062500
0 0.893750 0.564453 0.050000 0.062500
0 0.860938 0.550781 0.050000 0.062500
0 0.976562 0.603516 0.046875 0.062500
0 0.962500 0.587891 0.050000 0.062500
0 0.968750 0.658203 0.050000 0.062500
0 0.983594 0.666016 0.032813 0.062500
0 0.982812 0.746094 0.034375 0.062500
0 0.317188 0.783203 0.050000 0.062500
0 0.326562 0.804688 0.050000 0.062500
0 0.315625 0.800781 0.050000 0.062500
0 0.348438 0.796875 0.050000 0.062500
0 0.251563 0.779297 0.050000 0.062500
0 0.901563 0.478516 0.050000 0.062500
0 0.904687 0.146484 0.050000 0.062500
0 0.064062 0.302734 0.050000 0.062500
0 0.714063 0.095703 0.050000 0.062500
