0 0.296875 0.207031 0.050000 0.062500
0 0.317188 0.236328 0.050000 0.062500
0 0.376563 0.189453 0.050000 0.062500
0 0.387500 0.203125 0.050000 0.062500
0 0.404687 0.201172 0.050000 0.062500
0 0.382812 0.275391 0.050000 0.062500
0 0.403125 0.275391 0.050000 0.062500
0 0.664062 0.328125 0.050000 0.062500
0 0.700000 0.291016 0.050000 0.062500
0 0.529687 0.466797 0.050000 0.062500
0 0.537500 0.535156 0.050000 0.062500
0 0.465625 0.583984 0.050000 0.062500
0 0.460938 0.775391 0.050000 0.062500
0 0.473438 0.853516 0.050000 0.062500
0 0.537500 0.886719 0.050000 0.062500
0 0.707812 0.728516 0.050000 0.062500
0 0.709375 0.707031 0.050000 0.062500
0 0.734375 0.712891 0.050000 0.062500
0 0.735938 0.726562 0.050000 0.062500
0 0.365625 0.833984 0.050000 0.062500
0 0.339062 0.597656 0.050000 0.062500
0 0.651563 0.960938 0.050000 0.062500
0 0.871875 0.882812 0.050000 0.062500
0 0.983594 0.750000 0.032813 0.062500
0 0.909375 0.498047 0.050000 0.062500
0 0.860938 0.548828 0.050000 0.062500
0 0.893750 0.570312 0.050000 0.062500
0 0.889062 0.152344 0.050000 0.062500
0 0.548438 0.490234 0.050000 0.062500
0 0.446875 0.476562 0.050000 0.062500
0 0.931250 0.632812 0.050000 0.062500
0 0.962500 0.666016 0.050000 0.062500
0 0.983594 0.568359 0.032813 0.062500
0 0.973437 0.611328 0.050000 0.062500
0 0.959375 0.593750 0.050000 0.062500
0 0.689063 0.591797 0.050000 0.062500
0 0.551562 0.880859 0.050000 0.062500
0 0.485938 0.580078 0.050000 0.062500
0 0.473438 0.578125 0.050000 0.062500
0 0.532813 0.558594 0.050000 0.062500
0 0.406250 0.523438 0.050000 0.062500
0 0.385937 0.519531 0.050000 0.062500
0 0.284375 0.490234 0.050000 0.062500
0 0.354687 0.117188 0.050000 0.062500
0 0.329688 0.087891 0.050000 0.062500
0 0.304688 0.095703 0.050000 0.062500
0 0.403125 0.105469 0.050000 0.062500
0 0.343750 0.058594 0.050000 0.062500
0 0.343750 0.427734 0.050000 0.062500
0 0.331250 0.421875 0.050000 0.062500
0 0.375000 0.466797 0.050000 0.062500
0 0.375000 0.466797 0.050000 0.062500
0 0.354687 0.462891 0.050000 0.062500
0 0.392188 0.462891 0.050000 0.062500
0 0.314063 0.550781 0.050000 0.062500
0 0.275000 0.603516 0.050000 0.062500
0 0.257812 0.509766 0.050000 0.062500
0 0.242188 0.511719 0.050000 0.062500
0 0.257812 0.597656 0.050000 0.062500
0 0.257812 0.808594 0.050000 0.062500
0 0.285938 0.792969 0.050000 0.062500
0 0.300000 0.789062 0.050000 0.062500
0 0.331250 0.949219 0.050000 0.062500
0 0.331250 0.949219 0.050000 0.062500
0 0.346875 0.953125 0.050000 0.062500
0 0.317188 0.981445 0.050000 0.037109
0 0.301563 0.979492 0.050000 0.041016
0 0.254688 0.921875 0.050000 0.062500
0 0.270313 0.867188 0.050000 0.062500
0 0.231250 0.880859 0.050000 0.062500
0 0.331250 0.822266 0.050000 0.062500
0 0.351562 0.812500 0.050000 0.062500
0 0.315625 0.794922 0.050000 0.062500
0 0.317188 0.808594 0.050000 0.062500
0 0.295312 0.060547 0.050000 0.062500
0 0.284375 0.230469 0.050000 0.062500
0 0.060937 0.304688 0.050000 0.062500
0 0.234375 0.140625 0.050000 0.062500
0 0.221875 0.144531 0.050000 0.062500
0 0.276562 0.035156 0.050000 0.062500
0 0.707812 0.097656 0.050000 0.062500
