0 0.407813 0.024414 0.050000 0.048828
0 0.360938 0.107422 0.050000 0.062500
0 0.334375 0.179688 0.050000 0.062500
0 0.687500 0.300781 0.050000 0.062500
0 0.700000 0.357422 0.050000 0.062500
0 0.814063 0.517578 0.050000 0.062500
0 0.726562 0.722656 0.050000 0.062500
0 0.735938 0.738281 0.050000 0.062500
0 0.714063 0.738281 0.050000 0.062500
0 0.700000 0.736328 0.050000 0.062500
0 0.535937 0.865234 0.050000 0.062500
0 0.520312 0.875000 0.050000 0.062500
0 0.459375 0.744141 0.050000 0.062500
0 0.464062 0.816406 0.050000 0.062500
0 0.645312 0.976562 0.050000 0.046875
0 0.853125 0.841797 0.050000 0.062500
0 0.980469 0.765625 0.039062 0.062500
0 0.925000 0.654297 0.050000 0.062500
0 0.356250 0.927734 0.050000 0.062500
0 0.268750 0.949219 0.050000 0.062500
0 0.264062 0.927734 0.050000 0.062500
0 0.248438 0.882812 0.050000 0.062500
0 0.226562 0.900391 0.050000 0.062500
0 0.343750 0.875000 0.050000 0.062500
0 0.357812 0.878906 0.050000 0.062500
0 0.331250 0.845703 0.050000 0.062500
0 0.314063 0.820312 0.050000 0.062500
0 0.293750 0.826172 0.050000 0.062500
0 0.281250 0.828125 0.050000 0.062500
0 0.334375 0.691406 0.050000 0.062500
0 0.392188 0.607422 0.050000 0.062500
0 0.459375 0.548828 0.050000 0.062500
0 0.378125 0.609375 0.050000 0.062500
0 0.353125 0.523438 0.050000 0.062500
0 0.301563 0.371094 0.050000 0.062500
0 0.298438 0.507812 0.050000 0.062500
0 0.328125 0.503906 0.050000 0.062500
0 0.342187 0.501953 0.050000 0.062500
0 0.282813 0.556641 0.050000 0.062500
0 0.256250 0.558594 0.050000 0.062500
0 0.270313 0.562500 0.050000 0.062500
0 0.371875 0.527344 0.050000 0.062500
0 0.432812 0.447266 0.050000 0.062500
0 0.396875 0.369141 0.050000 0.062500
0 0.382812 0.367188 0.050000 0.062500
0 0.375000 0.281250 0.050000 0.062500
0 0.395313 0.283203 0.050000 0.062500
0 0.362500 0.275391 0.050000 0.062500
0 0.265625 0.232422 0.050000 0.062500
0 0.314063 0.166016 0.050000 0.062500
0 0.328125 0.078125 0.050000 0.062500
0 0.364063 0.072266 0.050000 0.062500
0 0.373437 0.080078 0.050000 0.062500
0 0.229687 0.027344 0.050000 0.054688
0 0.071875 0.162109 0.050000 0.062500
0 0.421875 0.972656 0.050000 0.054688
0 0.421875 0.972656 0.050000 0.054688
0 0.407813 0.974609 0.050000 0.050781
0 0.532813 0.443359 0.050000 0.062500
0 0.539062 0.517578 0.050000 0.062500
0 0.543750 0.558594 0.050000 0.062500
0 0.521875 0.531250 0.050000 0.062500
0 0.882812 0.128906 0.050000 0.062500
0 0.875000 0.587891 0.050000 0.062500
0 0.920312 0.580078 0.050000 0.062500
0 0.943750 0.666016 0.050000 0.062500
0 0.982812 0.689453 0.034375 0.062500
0 0.982812 0.623047 0.034375 0.062500
0 0.982031 0.587891 0.035937 0.062500
0 0.975000 0.630859 0.050000 0.062500
0 0.957812 0.611328 0.050000 0.062500
0 0.687500 0.607422 0.050000 0.062500
0 0.245312 0.591797 0.050000 0.062500
0 0.231250 0.158203 0.050000 0.062500
0 0.221875 0.160156 0.050000 0.062500
0 0.706250 0.117188 0.050000 0.062500
