0 0.354687 0.024414 0.050000 0.048828
0 0.387500 0.128906 0.050000 0.062500
0 0.404687 0.166016 0.050000 0.062500
0 0.375000 0.265625 0.050000 0.062500
0 0.365625 0.347656 0.050000 0.062500
0 0.339062 0.373047 0.050000 0.062500
0 0.290625 0.359375 0.050000 0.062500
0 0.307812 0.363281 0.050000 0.062500
0 0.276562 0.242188 0.050000 0.062500
0 0.268750 0.351562 0.050000 0.062500
0 0.350000 0.373047 0.050000 0.062500
0 0.356250 0.523438 0.050000 0.062500
0 0.312500 0.550781 0.050000 0.062500
0 0.290625 0.546875 0.050000 0.062500
0 0.290625 0.699219 0.050000 0.062500
0 0.385937 0.775391 0.050000 0.062500
0 0.404687 0.765625 0.050000 0.062500
0 0.412500 0.650391 0.050000 0.062500
0 0.443750 0.736328 0.050000 0.062500
0 0.289062 0.482422 0.050000 0.062500
0 0.465625 0.449219 0.050000 0.062500
0 0.656250 0.068359 0.050000 0.062500
0 0.589063 0.228516 0.050000 0.062500
0 0.753125 0.074219 0.050000 0.062500
0 0.665625 0.351562 0.050000 0.062500
0 0.651563 0.392578 0.050000 0.062500
0 0.637500 0.431641 0.050000 0.062500
0 0.660937 0.439453 0.050000 0.062500
0 0.685937 0.392578 0.050000 0.062500
0 0.732812 0.378906 0.050000 0.062500
0 0.798438 0.462891 0.050000 0.062500
0 0.826562 0.509766 0.050000 0.062500
0 0.854688 0.562500 0.050000 0.062500
0 0.706250 0.564453 0.050000 0.062500
0 0.690625 0.457031 0.050000 0.062500
0 0.726562 0.466797 0.050000 0.062500
0 0.689063 0.488281 0.050000 0.062500
0 0.684375 0.517578 0.050000 0.062500
0 0.625000 0.517578 0.050000 0.062500
0 0.625000 0.457031 0.050000 0.062500
0 0.595313 0.437500 0.050000 0.062500
0 0.587500 0.464844 0.050000 0.062500
0 0.568750 0.431641 0.050000 0.062500
0 0.560937 0.382812 0.050000 0.062500
0 0.571875 0.380859 0.050000 0.062500
0 0.584375 0.378906 0.050000 0.062500
0 0.517188 0.597656 0.050000 0.062500
0 0.579688 0.574219 0.050000 0.062500
0 0.531250 0.591797 0.050000 0.062500
0 0.471875 0.605469 0.050000 0.062500
0 0.484375 0.603516 0.050000 0.062500
0 0.589063 0.599609 0.050000 0.062500
0 0.726562 0.638672 0.050000 0.062500
0 0.770312 0.666016 0.050000 0.062500
0 0.840625 0.740234 0.050000 0.062500
0 0.765625 0.734375 0.050000 0.062500
0 0.748437 0.718750 0.050000 0.062500
0 0.707812 0.738281 0.050000 0.062500
0 0.690625 0.718750 0.050000 0.062500
0 0.648438 0.660156 0.050000 0.062500
0 0.601562 0.652344 0.050000 0.062500
0 0.493750 0.630859 0.050000 0.062500
0 0.510938 0.667969 0.050000 0.062500
0 0.512500 0.736328 0.050000 0.062500
0 0.529687 0.779297 0.050000 0.062500
0 0.551562 0.763672 0.050000 0.062500
0 0.565625 0.912109 0.050000 0.062500
0 0.673438 0.933594 0.050000 0.062500
0 0.700000 0.916016 0.050000 0.062500
0 0.690625 0.736328 0.050000 0.062500
0 0.253125 0.435547 0.050000 0.062500
