0 0.664062 0.024414 0.050000 0.048828
0 0.390625 0.091797 0.050000 0.062500
0 0.617188 0.160156 0.050000 0.062500
0 0.612500 0.179688 0.050000 0.062500
0 0.760938 0.027344 0.050000 0.054688
0 0.382812 0.246094 0.050000 0.062500
0 0.298438 0.328125 0.050000 0.062500
0 0.296875 0.496094 0.050000 0.062500
0 0.360938 0.492188 0.050000 0.062500
0 0.304688 0.451172 0.050000 0.062500
0 0.323437 0.523438 0.050000 0.062500
0 0.296875 0.662109 0.050000 0.062500
0 0.387500 0.806641 0.050000 0.062500
0 0.392188 0.744141 0.050000 0.062500
0 0.415625 0.730469 0.050000 0.062500
0 0.421875 0.617188 0.050000 0.062500
0 0.278125 0.330078 0.050000 0.062500
0 0.259375 0.355469 0.050000 0.062500
0 0.289062 0.212891 0.050000 0.062500
0 0.318750 0.335938 0.050000 0.062500
0 0.351562 0.328125 0.050000 0.062500
0 0.360938 0.328125 0.050000 0.062500
0 0.381250 0.318359 0.050000 0.062500
0 0.365625 0.298828 0.050000 0.062500
0 0.475000 0.402344 0.050000 0.062500
0 0.659375 0.341797 0.050000 0.062500
0 0.698438 0.335938 0.050000 0.062500
0 0.743750 0.322266 0.050000 0.062500
0 0.807813 0.402344 0.050000 0.062500
0 0.835938 0.455078 0.050000 0.062500
0 0.867188 0.507812 0.050000 0.062500
0 0.740625 0.582031 0.050000 0.062500
0 0.717187 0.503906 0.050000 0.062500
0 0.692187 0.462891 0.050000 0.062500
0 0.700000 0.427734 0.050000 0.062500
0 0.707812 0.402344 0.050000 0.062500
0 0.687500 0.378906 0.050000 0.062500
0 0.670312 0.388672 0.050000 0.062500
0 0.632812 0.458984 0.050000 0.062500
0 0.585938 0.517578 0.050000 0.062500
0 0.539062 0.542969 0.050000 0.062500
0 0.523438 0.546875 0.050000 0.062500
0 0.496875 0.548828 0.050000 0.062500
0 0.479687 0.550781 0.050000 0.062500
0 0.523438 0.617188 0.050000 0.062500
0 0.714063 0.685547 0.050000 0.062500
0 0.700000 0.664062 0.050000 0.062500
0 0.659375 0.611328 0.050000 0.062500
0 0.656250 0.554688 0.050000 0.062500
0 0.781250 0.681641 0.050000 0.062500
0 0.756250 0.671875 0.050000 0.062500
0 0.853125 0.689453 0.050000 0.062500
0 0.779687 0.613281 0.050000 0.062500
0 0.709375 0.876953 0.050000 0.062500
0 0.675000 0.906250 0.050000 0.062500
0 0.710938 0.980469 0.050000 0.039062
0 0.521875 0.679688 0.050000 0.062500
0 0.535937 0.720703 0.050000 0.062500
0 0.559375 0.712891 0.050000 0.062500
0 0.559375 0.849609 0.050000 0.062500
0 0.596875 0.550781 0.050000 0.062500
0 0.629687 0.554688 0.050000 0.062500
0 0.609375 0.605469 0.050000 0.062500
0 0.625000 0.341797 0.050000 0.062500
0 0.648438 0.371094 0.050000 0.062500
0 0.635938 0.408203 0.050000 0.062500
0 0.603125 0.416016 0.050000 0.062500
0 0.603125 0.382812 0.050000 0.062500
0 0.584375 0.390625 0.050000 0.062500
0 0.576562 0.380859 0.050000 0.062500
0 0.676562 0.300781 0.050000 0.062500
0 0.871875 0.328125 0.050000 0.062500
0 0.698438 0.685547 0.050000 0.062500
0 0.425000 0.951172 0.050000 0.062500
0 0.304688 0.971680 0.050000 0.056641
0 0.582812 0.326172 0.050000 0.062500
0 0.103125 0.865234 0.050000 0.062500
0 0.117188 0.863281 0.050000 0.062500
