0 0.365625 0.021484 0.050000 0.042969
0 0.382812 0.251953 0.050000 0.062500
0 0.301563 0.673828 0.050000 0.062500
0 0.539062 0.533203 0.050000 0.062500
0 0.528125 0.546875 0.050000 0.062500
0 0.581250 0.517578 0.050000 0.062500
0 0.600000 0.554688 0.050000 0.062500
0 0.659375 0.611328 0.050000 0.062500
0 0.742188 0.580078 0.050000 0.062500
0 0.715625 0.685547 0.050000 0.062500
0 0.696875 0.656250 0.050000 0.062500
0 0.700000 0.691406 0.050000 0.062500
0 0.781250 0.615234 0.050000 0.062500
0 0.757812 0.673828 0.050000 0.062500
0 0.782813 0.675781 0.050000 0.062500
0 0.862500 0.511719 0.050000 0.062500
0 0.807813 0.402344 0.050000 0.062500
0 0.740625 0.320312 0.050000 0.062500
0 0.631250 0.134766 0.050000 0.062500
0 0.628125 0.160156 0.050000 0.062500
0 0.759375 0.025391 0.050000 0.050781
0 0.376563 0.335938 0.050000 0.062500
0 0.354687 0.332031 0.050000 0.062500
0 0.317188 0.345703 0.050000 0.062500
0 0.303125 0.343750 0.050000 0.062500
0 0.584375 0.322266 0.050000 0.062500
0 0.623437 0.337891 0.050000 0.062500
0 0.662500 0.335938 0.050000 0.062500
0 0.698438 0.324219 0.050000 0.062500
0 0.687500 0.382812 0.050000 0.062500
0 0.651563 0.373047 0.050000 0.062500
0 0.673438 0.382812 0.050000 0.062500
0 0.631250 0.457031 0.050000 0.062500
0 0.700000 0.880859 0.050000 0.062500
0 0.704688 0.981445 0.050000 0.037109
0 0.851562 0.691406 0.050000 0.062500
0 0.835938 0.457031 0.050000 0.062500
0 0.709375 0.404297 0.050000 0.062500
0 0.700000 0.427734 0.050000 0.062500
0 0.692187 0.466797 0.050000 0.062500
0 0.720313 0.503906 0.050000 0.062500
0 0.721875 0.541016 0.050000 0.062500
0 0.667188 0.564453 0.050000 0.062500
0 0.632812 0.546875 0.050000 0.062500
0 0.495312 0.548828 0.050000 0.062500
0 0.479687 0.548828 0.050000 0.062500
0 0.364063 0.503906 0.050000 0.062500
0 0.325000 0.523438 0.050000 0.062500
0 0.295312 0.503906 0.050000 0.062500
0 0.303125 0.466797 0.050000 0.062500
0 0.278125 0.357422 0.050000 0.062500
0 0.257812 0.333984 0.050000 0.062500
0 0.393750 0.105469 0.050000 0.062500
0 0.478125 0.402344 0.050000 0.062500
0 0.578125 0.380859 0.050000 0.062500
0 0.589063 0.386719 0.050000 0.062500
0 0.604688 0.376953 0.050000 0.062500
0 0.523438 0.615234 0.050000 0.062500
0 0.521875 0.675781 0.050000 0.062500
0 0.548438 0.853516 0.050000 0.062500
0 0.535937 0.726562 0.050000 0.062500
0 0.420312 0.630859 0.050000 0.062500
0 0.415625 0.748047 0.050000 0.062500
0 0.398438 0.759766 0.050000 0.062500
0 0.384375 0.830078 0.050000 0.062500
0 0.284375 0.705078 0.050000 0.062500
0 0.562500 0.708984 0.050000 0.062500
0 0.614062 0.609375 0.050000 0.062500
0 0.635938 0.400391 0.050000 0.062500
0 0.607812 0.408203 0.050000 0.062500
0 0.675000 0.925781 0.050000 0.062500
0 0.739062 0.382812 0.050000 0.062500
0 0.871875 0.322266 0.050000 0.062500
0 0.664062 0.025391 0.050000 0.050781
0 0.101562 0.878906 0.050000 0.062500
0 0.120313 0.882812 0.050000 0.062500
