0 0.351562 0.062500 0.050000 0.062500
0 0.389062 0.140625 0.050000 0.062500
0 0.653125 0.121094 0.050000 0.062500
0 0.643750 0.152344 0.050000 0.062500
0 0.251563 0.324219 0.050000 0.062500
0 0.296875 0.388672 0.050000 0.062500
0 0.375000 0.302734 0.050000 0.062500
0 0.348438 0.369141 0.050000 0.062500
0 0.315625 0.394531 0.050000 0.062500
0 0.367188 0.390625 0.050000 0.062500
0 0.292187 0.718750 0.050000 0.062500
0 0.576562 0.542969 0.050000 0.062500
0 0.626563 0.476562 0.050000 0.062500
0 0.684375 0.886719 0.050000 0.062500
0 0.856250 0.535156 0.050000 0.062500
0 0.807813 0.423828 0.050000 0.062500
0 0.829688 0.470703 0.050000 0.062500
0 0.735938 0.337891 0.050000 0.062500
0 0.595313 0.580078 0.050000 0.062500
0 0.532813 0.560547 0.050000 0.062500
0 0.356250 0.550781 0.050000 0.062500
0 0.312500 0.537109 0.050000 0.062500
0 0.409375 0.792969 0.050000 0.062500
0 0.387500 0.802734 0.050000 0.062500
0 0.378125 0.900391 0.050000 0.062500
0 0.515625 0.638672 0.050000 0.062500
0 0.709375 0.521484 0.050000 0.062500
0 0.707812 0.429688 0.050000 0.062500
0 0.695312 0.441406 0.050000 0.062500
0 0.668750 0.402344 0.050000 0.062500
0 0.696875 0.355469 0.050000 0.062500
0 0.615625 0.365234 0.050000 0.062500
0 0.651563 0.642578 0.050000 0.062500
0 0.654687 0.587891 0.050000 0.062500
0 0.606250 0.640625 0.050000 0.062500
0 0.557813 0.728516 0.050000 0.062500
0 0.517188 0.697266 0.050000 0.062500
0 0.532813 0.736328 0.050000 0.062500
0 0.448437 0.707031 0.050000 0.062500
0 0.414062 0.671875 0.050000 0.062500
0 0.282813 0.525391 0.050000 0.062500
0 0.267188 0.412109 0.050000 0.062500
0 0.385937 0.380859 0.050000 0.062500
0 0.368750 0.357422 0.050000 0.062500
0 0.359375 0.367188 0.050000 0.062500
0 0.659375 0.035156 0.050000 0.062500
0 0.754687 0.044922 0.050000 0.062500
0 0.881250 0.322266 0.050000 0.062500
0 0.735938 0.601562 0.050000 0.062500
0 0.775000 0.636719 0.050000 0.062500
0 0.770312 0.703125 0.050000 0.062500
0 0.710938 0.705078 0.050000 0.062500
0 0.693750 0.673828 0.050000 0.062500
0 0.696875 0.708984 0.050000 0.062500
0 0.667188 0.971680 0.050000 0.056641
0 0.520312 0.566406 0.050000 0.062500
0 0.490625 0.570312 0.050000 0.062500
0 0.473438 0.572266 0.050000 0.062500
0 0.468750 0.421875 0.050000 0.062500
0 0.593750 0.394531 0.050000 0.062500
0 0.584375 0.408203 0.050000 0.062500
0 0.571875 0.396484 0.050000 0.062500
0 0.576562 0.347656 0.050000 0.062500
0 0.662500 0.322266 0.050000 0.062500
0 0.656250 0.359375 0.050000 0.062500
0 0.642188 0.392578 0.050000 0.062500
0 0.631250 0.423828 0.050000 0.062500
0 0.610938 0.429688 0.050000 0.062500
0 0.684375 0.484375 0.050000 0.062500
0 0.740625 0.392578 0.050000 0.062500
0 0.846875 0.708984 0.050000 0.062500
0 0.754687 0.691406 0.050000 0.062500
0 0.664062 0.705078 0.050000 0.062500
0 0.089063 0.923828 0.050000 0.062500
0 0.110937 0.925781 0.050000 0.062500
