0 0.353125 0.083984 0.050000 0.062500
0 0.384375 0.160156 0.050000 0.062500
0 0.250000 0.308594 0.050000 0.062500
0 0.371875 0.335938 0.050000 0.062500
0 0.290625 0.410156 0.050000 0.062500
0 0.314063 0.408203 0.050000 0.062500
0 0.343750 0.380859 0.050000 0.062500
0 0.368750 0.404297 0.050000 0.062500
0 0.646875 0.148438 0.050000 0.062500
0 0.676562 0.099609 0.050000 0.062500
0 0.656250 0.033203 0.050000 0.062500
0 0.531250 0.560547 0.050000 0.062500
0 0.517188 0.566406 0.050000 0.062500
0 0.482812 0.570312 0.050000 0.062500
0 0.473438 0.576172 0.050000 0.062500
0 0.654687 0.652344 0.050000 0.062500
0 0.571875 0.347656 0.050000 0.062500
0 0.732812 0.343750 0.050000 0.062500
0 0.800000 0.423828 0.050000 0.062500
0 0.829688 0.480469 0.050000 0.062500
0 0.853125 0.531250 0.050000 0.062500
0 0.710938 0.529297 0.050000 0.062500
0 0.729688 0.603516 0.050000 0.062500
0 0.770312 0.638672 0.050000 0.062500
0 0.748437 0.693359 0.050000 0.062500
0 0.768750 0.699219 0.050000 0.062500
0 0.685937 0.892578 0.050000 0.062500
0 0.376563 0.937500 0.050000 0.062500
0 0.382812 0.820312 0.050000 0.062500
0 0.404687 0.810547 0.050000 0.062500
0 0.295312 0.734375 0.050000 0.062500
0 0.350000 0.574219 0.050000 0.062500
0 0.300000 0.548828 0.050000 0.062500
0 0.296875 0.515625 0.050000 0.062500
0 0.275000 0.535156 0.050000 0.062500
0 0.384375 0.402344 0.050000 0.062500
0 0.468750 0.421875 0.050000 0.062500
0 0.407813 0.685547 0.050000 0.062500
0 0.446875 0.712891 0.050000 0.062500
0 0.534375 0.871094 0.050000 0.062500
0 0.554688 0.728516 0.050000 0.062500
0 0.528125 0.742188 0.050000 0.062500
0 0.514062 0.705078 0.050000 0.062500
0 0.512500 0.640625 0.050000 0.062500
0 0.587500 0.580078 0.050000 0.062500
0 0.571875 0.544922 0.050000 0.062500
0 0.617188 0.576172 0.050000 0.062500
0 0.626563 0.476562 0.050000 0.062500
0 0.682813 0.482422 0.050000 0.062500
0 0.712500 0.433594 0.050000 0.062500
0 0.692187 0.449219 0.050000 0.062500
0 0.690625 0.359375 0.050000 0.062500
0 0.698438 0.339844 0.050000 0.062500
0 0.660937 0.408203 0.050000 0.062500
0 0.753125 0.041016 0.050000 0.062500
0 0.964063 0.103516 0.050000 0.062500
0 0.651563 0.328125 0.050000 0.062500
0 0.646875 0.351562 0.050000 0.062500
0 0.640625 0.390625 0.050000 0.062500
0 0.607812 0.369141 0.050000 0.062500
0 0.589063 0.394531 0.050000 0.062500
0 0.568750 0.404297 0.050000 0.062500
0 0.581250 0.408203 0.050000 0.062500
0 0.629687 0.421875 0.050000 0.062500
0 0.607812 0.425781 0.050000 0.062500
0 0.678125 0.400391 0.050000 0.062500
0 0.746875 0.386719 0.050000 0.062500
0 0.690625 0.673828 0.050000 0.062500
0 0.710938 0.710938 0.050000 0.062500
0 0.693750 0.703125 0.050000 0.062500
0 0.603125 0.644531 0.050000 0.062500
0 0.354687 0.375000 0.050000 0.062500
0 0.403125 0.322266 0.050000 0.062500
0 0.279687 0.296875 0.050000 0.062500
0 0.089063 0.947266 0.050000 0.062500
0 0.101562 0.945312 0.050000 0.062500
