0 0.337500 0.414062 0.050000 0.062500
0 0.360938 0.408203 0.050000 0.062500
0 0.348438 0.449219 0.050000 0.062500
0 0.356250 0.470703 0.050000 0.062500
0 0.301563 0.470703 0.050000 0.062500
0 0.287500 0.474609 0.050000 0.062500
0 0.507812 0.564453 0.050000 0.062500
0 0.523438 0.566406 0.050000 0.062500
0 0.475000 0.568359 0.050000 0.062500
0 0.564063 0.539062 0.050000 0.062500
0 0.575000 0.572266 0.050000 0.062500
0 0.614062 0.482422 0.050000 0.062500
0 0.721875 0.445312 0.050000 0.062500
0 0.792188 0.429688 0.050000 0.062500
0 0.845313 0.533203 0.050000 0.062500
0 0.815625 0.478516 0.050000 0.062500
0 0.759375 0.638672 0.050000 0.062500
0 0.700000 0.707031 0.050000 0.062500
0 0.646875 0.623047 0.050000 0.062500
0 0.721875 0.603516 0.050000 0.062500
0 0.698438 0.517578 0.050000 0.062500
0 0.710938 0.054688 0.050000 0.062500
0 0.379688 0.197266 0.050000 0.062500
0 0.332813 0.156250 0.050000 0.062500
0 0.384375 0.064453 0.050000 0.062500
0 0.401562 0.029297 0.050000 0.058594
0 0.287500 0.080078 0.050000 0.062500
0 0.568750 0.347656 0.050000 0.062500
0 0.559375 0.404297 0.050000 0.062500
0 0.653125 0.408203 0.050000 0.062500
0 0.679688 0.363281 0.050000 0.062500
0 0.721875 0.347656 0.050000 0.062500
0 0.506250 0.644531 0.050000 0.062500
0 0.390625 0.734375 0.050000 0.062500
0 0.371875 0.890625 0.050000 0.062500
0 0.392188 0.873047 0.050000 0.062500
0 0.559375 0.867188 0.050000 0.062500
0 0.521875 0.746094 0.050000 0.062500
0 0.540625 0.732422 0.050000 0.062500
0 0.503125 0.699219 0.050000 0.062500
0 0.592187 0.625000 0.050000 0.062500
0 0.610938 0.570312 0.050000 0.062500
0 0.620313 0.337891 0.050000 0.062500
0 0.612500 0.369141 0.050000 0.062500
0 0.632812 0.390625 0.050000 0.062500
0 0.667188 0.396484 0.050000 0.062500
0 0.745313 0.347656 0.050000 0.062500
0 0.921875 0.072266 0.050000 0.062500
0 0.684375 0.111328 0.050000 0.062500
0 0.648438 0.033203 0.050000 0.062500
0 0.757812 0.703125 0.050000 0.062500
0 0.743750 0.691406 0.050000 0.062500
0 0.678125 0.677734 0.050000 0.062500
0 0.679688 0.714844 0.050000 0.062500
0 0.678125 0.871094 0.050000 0.062500
0 0.618750 0.425781 0.050000 0.062500
0 0.600000 0.431641 0.050000 0.062500
0 0.650000 0.343750 0.050000 0.062500
0 0.573438 0.382812 0.050000 0.062500
0 0.457813 0.421875 0.050000 0.062500
0 0.256250 0.251953 0.050000 0.062500
0 0.270313 0.359375 0.050000 0.062500
0 0.257812 0.025391 0.050000 0.050781
0 0.334375 0.018555 0.050000 0.037109
0 0.376563 0.018555 0.050000 0.037109
0 0.703125 0.570312 0.050000 0.062500
0 0.292187 0.789062 0.050000 0.062500
0 0.446875 0.726562 0.050000 0.062500
0 0.342187 0.634766 0.050000 0.062500
0 0.271875 0.560547 0.050000 0.062500
0 0.293750 0.576172 0.050000 0.062500
0 0.251563 0.541016 0.050000 0.062500
0 0.668750 0.482422 0.050000 0.062500
0 0.809375 0.021484 0.050000 0.042969
