0 0.335938 0.697266 0.050000 0.062500
0 0.362500 0.695312 0.050000 0.062500
0 0.678125 0.626953 0.050000 0.062500
0 0.703125 0.572266 0.050000 0.062500
0 0.975781 0.289062 0.048438 0.062500
0 0.982031 0.214844 0.035937 0.062500
0 0.975781 0.164062 0.048438 0.062500
0 0.950000 0.132812 0.050000 0.062500
0 0.195312 0.369141 0.050000 0.062500
0 0.226562 0.412109 0.050000 0.062500
0 0.018750 0.275391 0.037500 0.062500
0 0.110937 0.105469 0.050000 0.062500
0 0.176563 0.099609 0.050000 0.062500
0 0.278125 0.160156 0.050000 0.062500
0 0.482812 0.030273 0.050000 0.060547
0 0.196875 0.028320 0.050000 0.056641
0 0.254688 0.019531 0.050000 0.039062
