0 0.332813 0.029297 0.050000 0.058594
0 0.290625 0.146484 0.050000 0.062500
0 0.331250 0.195312 0.050000 0.062500
0 0.371875 0.226562 0.050000 0.062500
0 0.384375 0.099609 0.050000 0.062500
0 0.403125 0.060547 0.050000 0.062500
0 0.378125 0.039062 0.050000 0.062500
0 0.715625 0.058594 0.050000 0.062500
0 0.692187 0.099609 0.050000 0.062500
0 0.807813 0.068359 0.050000 0.062500
0 0.787500 0.429688 0.050000 0.062500
0 0.332813 0.435547 0.050000 0.062500
0 0.354687 0.449219 0.050000 0.062500
0 0.290625 0.505859 0.050000 0.062500
0 0.304688 0.500000 0.050000 0.062500
0 0.290625 0.560547 0.050000 0.062500
0 0.356250 0.509766 0.050000 0.062500
0 0.293750 0.818359 0.050000 0.062500
0 0.578125 0.857422 0.050000 0.062500
0 0.826562 0.710938 0.050000 0.062500
0 0.980469 0.818359 0.039062 0.062500
0 0.700000 0.703125 0.050000 0.062500
0 0.700000 0.705078 0.050000 0.062500
0 0.717187 0.603516 0.050000 0.062500
0 0.843750 0.537109 0.050000 0.062500
0 0.720313 0.347656 0.050000 0.062500
0 0.651563 0.408203 0.050000 0.062500
0 0.664062 0.402344 0.050000 0.062500
0 0.678125 0.359375 0.050000 0.062500
0 0.709375 0.441406 0.050000 0.062500
0 0.612500 0.476562 0.050000 0.062500
0 0.565625 0.533203 0.050000 0.062500
0 0.576562 0.566406 0.050000 0.062500
0 0.506250 0.564453 0.050000 0.062500
0 0.521875 0.562500 0.050000 0.062500
0 0.457813 0.578125 0.050000 0.062500
0 0.335938 0.666016 0.050000 0.062500
0 0.392188 0.908203 0.050000 0.062500
0 0.371875 0.921875 0.050000 0.062500
0 0.384375 0.757812 0.050000 0.062500
0 0.500000 0.640625 0.050000 0.062500
0 0.450000 0.734375 0.050000 0.062500
0 0.503125 0.703125 0.050000 0.062500
0 0.517188 0.746094 0.050000 0.062500
0 0.476562 0.574219 0.050000 0.062500
0 0.451562 0.425781 0.050000 0.062500
0 0.640625 0.617188 0.050000 0.062500
0 0.640625 0.556641 0.050000 0.062500
0 0.603125 0.570312 0.050000 0.062500
0 0.595313 0.619141 0.050000 0.062500
0 0.695312 0.515625 0.050000 0.062500
0 0.698438 0.474609 0.050000 0.062500
0 0.817187 0.470703 0.050000 0.062500
0 0.629687 0.388672 0.050000 0.062500
0 0.618750 0.339844 0.050000 0.062500
0 0.596875 0.363281 0.050000 0.062500
0 0.748437 0.332031 0.050000 0.062500
0 0.596875 0.427734 0.050000 0.062500
0 0.554688 0.404297 0.050000 0.062500
0 0.562500 0.349609 0.050000 0.062500
0 0.645312 0.035156 0.050000 0.062500
0 0.901563 0.066406 0.050000 0.062500
0 0.757812 0.638672 0.050000 0.062500
0 0.737500 0.695312 0.050000 0.062500
0 0.759375 0.701172 0.050000 0.062500
0 0.565625 0.382812 0.050000 0.062500
0 0.668750 0.470703 0.050000 0.062500
0 0.667188 0.439453 0.050000 0.062500
0 0.701562 0.570312 0.050000 0.062500
0 0.678125 0.677734 0.050000 0.062500
0 0.673438 0.861328 0.050000 0.062500
0 0.260937 0.521484 0.050000 0.062500
0 0.257812 0.597656 0.050000 0.062500
0 0.246875 0.054688 0.050000 0.062500
0 0.342187 0.488281 0.050000 0.062500
0 0.540625 0.730469 0.050000 0.062500
0 0.270313 0.973633 0.050000 0.052734
0 0.268750 0.390625 0.050000 0.062500
0 0.257812 0.220703 0.050000 0.062500
