0 0.253125 0.078125 0.050000 0.062500
0 0.251563 0.119141 0.050000 0.062500
0 0.334375 0.044922 0.050000 0.062500
0 0.295312 0.185547 0.050000 0.062500
0 0.332813 0.220703 0.050000 0.062500
0 0.373437 0.240234 0.050000 0.062500
0 0.403125 0.080078 0.050000 0.062500
0 0.389062 0.126953 0.050000 0.062500
0 0.381250 0.074219 0.050000 0.062500
0 0.642188 0.033203 0.050000 0.062500
0 0.712500 0.054688 0.050000 0.062500
0 0.704688 0.089844 0.050000 0.062500
0 0.806250 0.107422 0.050000 0.062500
0 0.887500 0.058594 0.050000 0.062500
0 0.326562 0.443359 0.050000 0.062500
0 0.353125 0.476562 0.050000 0.062500
0 0.295312 0.837891 0.050000 0.062500
0 0.392188 0.771484 0.050000 0.062500
0 0.371875 0.941406 0.050000 0.062500
0 0.390625 0.927734 0.050000 0.062500
0 0.698438 0.517578 0.050000 0.062500
0 0.614062 0.484375 0.050000 0.062500
0 0.720313 0.343750 0.050000 0.062500
0 0.710938 0.443359 0.050000 0.062500
0 0.785937 0.425781 0.050000 0.062500
0 0.812500 0.480469 0.050000 0.062500
0 0.846875 0.531250 0.050000 0.062500
0 0.720313 0.603516 0.050000 0.062500
0 0.575000 0.568359 0.050000 0.062500
0 0.567187 0.529297 0.050000 0.062500
0 0.462500 0.574219 0.050000 0.062500
0 0.306250 0.521484 0.050000 0.062500
0 0.292187 0.527344 0.050000 0.062500
0 0.353125 0.535156 0.050000 0.062500
0 0.246875 0.527344 0.050000 0.062500
0 0.451562 0.423828 0.050000 0.062500
0 0.525000 0.556641 0.050000 0.062500
0 0.607812 0.568359 0.050000 0.062500
0 0.757812 0.640625 0.050000 0.062500
0 0.593750 0.611328 0.050000 0.062500
0 0.640625 0.621094 0.050000 0.062500
0 0.643750 0.562500 0.050000 0.062500
0 0.504687 0.644531 0.050000 0.062500
0 0.506250 0.566406 0.050000 0.062500
0 0.481250 0.603516 0.050000 0.062500
0 0.475000 0.570312 0.050000 0.062500
0 0.448437 0.740234 0.050000 0.062500
0 0.518750 0.744141 0.050000 0.062500
0 0.501563 0.701172 0.050000 0.062500
0 0.489063 0.968750 0.050000 0.062500
0 0.343750 0.509766 0.050000 0.062500
0 0.264062 0.625000 0.050000 0.062500
0 0.567187 0.414062 0.050000 0.062500
0 0.601562 0.375000 0.050000 0.062500
0 0.625000 0.341797 0.050000 0.062500
0 0.678125 0.361328 0.050000 0.062500
0 0.650000 0.412109 0.050000 0.062500
0 0.615625 0.423828 0.050000 0.062500
0 0.632812 0.388672 0.050000 0.062500
0 0.667188 0.400391 0.050000 0.062500
0 0.743750 0.691406 0.050000 0.062500
0 0.696875 0.707031 0.050000 0.062500
0 0.578125 0.847656 0.050000 0.062500
0 0.592187 0.861328 0.050000 0.062500
0 0.671875 0.847656 0.050000 0.062500
0 0.757812 0.697266 0.050000 0.062500
0 0.678125 0.681641 0.050000 0.062500
0 0.698438 0.570312 0.050000 0.062500
0 0.751563 0.324219 0.050000 0.062500
0 0.570312 0.349609 0.050000 0.062500
0 0.559375 0.390625 0.050000 0.062500
0 0.371875 0.529297 0.050000 0.062500
0 0.334375 0.691406 0.050000 0.062500
0 0.268750 0.412109 0.050000 0.062500
0 0.264062 0.201172 0.050000 0.062500
0 0.834375 0.718750 0.050000 0.062500
0 0.976562 0.808594 0.046875 0.062500
