0 0.334375 0.039062 0.050000 0.062500
0 0.343750 0.037109 0.050000 0.062500
0 0.289062 0.197266 0.050000 0.062500
0 0.306250 0.201172 0.050000 0.062500
0 0.328125 0.191406 0.050000 0.062500
0 0.354687 0.218750 0.050000 0.062500
0 0.373437 0.216797 0.050000 0.062500
0 0.301563 0.486328 0.050000 0.062500
0 0.575000 0.378906 0.050000 0.062500
0 0.934375 0.226562 0.050000 0.062500
0 0.817187 0.873047 0.050000 0.062500
0 0.829688 0.880859 0.050000 0.062500
0 0.851562 0.880859 0.050000 0.062500
0 0.935937 0.689453 0.050000 0.062500
0 0.962500 0.671875 0.050000 0.062500
0 0.835938 0.214844 0.050000 0.062500
0 0.756250 0.138672 0.050000 0.062500
0 0.764062 0.197266 0.050000 0.062500
0 0.740625 0.199219 0.050000 0.062500
0 0.701562 0.210938 0.050000 0.062500
0 0.684375 0.183594 0.050000 0.062500
0 0.506250 0.736328 0.050000 0.062500
0 0.325000 0.968750 0.050000 0.062500
0 0.340625 0.964844 0.050000 0.062500
0 0.362500 0.943359 0.050000 0.062500
0 0.284375 0.902344 0.050000 0.062500
0 0.276562 0.826172 0.050000 0.062500
0 0.390625 0.597656 0.050000 0.062500
0 0.373437 0.609375 0.050000 0.062500
0 0.371875 0.457031 0.050000 0.062500
0 0.385937 0.388672 0.050000 0.062500
0 0.279687 0.414062 0.050000 0.062500
0 0.240625 0.511719 0.050000 0.062500
0 0.690625 0.939453 0.050000 0.062500
0 0.521875 0.599609 0.050000 0.062500
0 0.550000 0.722656 0.050000 0.062500
0 0.564063 0.673828 0.050000 0.062500
0 0.545312 0.638672 0.050000 0.062500
0 0.342187 0.355469 0.050000 0.062500
0 0.695312 0.341797 0.050000 0.062500
0 0.845313 0.037109 0.050000 0.062500
0 0.704688 0.026367 0.050000 0.052734
0 0.581250 0.076172 0.050000 0.062500
0 0.607812 0.072266 0.050000 0.062500
0 0.643750 0.121094 0.050000 0.062500
0 0.651563 0.210938 0.050000 0.062500
0 0.718750 0.095703 0.050000 0.062500
0 0.706250 0.072266 0.050000 0.062500
0 0.646875 0.070312 0.050000 0.062500
0 0.567187 0.028320 0.050000 0.056641
0 0.607812 0.117188 0.050000 0.062500
0 0.521875 0.066406 0.050000 0.062500
0 0.506250 0.066406 0.050000 0.062500
0 0.478125 0.066406 0.050000 0.062500
0 0.465625 0.070312 0.050000 0.062500
0 0.507812 0.136719 0.050000 0.062500
0 0.520312 0.248047 0.050000 0.062500
0 0.540625 0.232422 0.050000 0.062500
0 0.467187 0.267578 0.050000 0.062500
0 0.506250 0.199219 0.050000 0.062500
0 0.457813 0.583984 0.050000 0.062500
0 0.089063 0.689453 0.050000 0.062500
0 0.231250 0.537109 0.050000 0.062500
0 0.937500 0.859375 0.050000 0.062500
