0 0.306250 0.085938 0.050000 0.062500
0 0.329688 0.113281 0.050000 0.062500
0 0.276562 0.226562 0.050000 0.062500
0 0.260937 0.214844 0.050000 0.062500
0 0.275000 0.326172 0.050000 0.062500
0 0.290625 0.332031 0.050000 0.062500
0 0.306250 0.353516 0.050000 0.062500
0 0.354687 0.355469 0.050000 0.062500
0 0.276562 0.548828 0.050000 0.062500
0 0.484375 0.726562 0.050000 0.062500
0 0.595313 0.728516 0.050000 0.062500
0 0.803125 0.947266 0.050000 0.062500
0 0.821875 0.951172 0.050000 0.062500
0 0.837500 0.960938 0.050000 0.062500
0 0.923438 0.751953 0.050000 0.062500
0 0.935937 0.755859 0.050000 0.062500
0 0.715625 0.875000 0.050000 0.062500
0 0.365625 0.480469 0.050000 0.062500
0 0.339062 0.486328 0.050000 0.062500
0 0.284375 0.599609 0.050000 0.062500
0 0.259375 0.603516 0.050000 0.062500
0 0.223438 0.556641 0.050000 0.062500
0 0.550000 0.050781 0.050000 0.062500
0 0.570312 0.085938 0.050000 0.062500
0 0.690625 0.041016 0.050000 0.062500
0 0.834375 0.058594 0.050000 0.062500
0 0.895312 0.214844 0.050000 0.062500
0 0.745313 0.212891 0.050000 0.062500
0 0.731250 0.212891 0.050000 0.062500
0 0.753125 0.164062 0.050000 0.062500
0 0.704688 0.109375 0.050000 0.062500
0 0.685937 0.218750 0.050000 0.062500
0 0.573438 0.357422 0.050000 0.062500
0 0.512500 0.078125 0.050000 0.062500
0 0.495312 0.082031 0.050000 0.062500
0 0.467187 0.083984 0.050000 0.062500
0 0.453125 0.085938 0.050000 0.062500
0 0.473438 0.117188 0.050000 0.062500
0 0.498437 0.152344 0.050000 0.062500
0 0.559375 0.142578 0.050000 0.062500
0 0.587500 0.128906 0.050000 0.062500
0 0.614062 0.130859 0.050000 0.062500
0 0.621875 0.085938 0.050000 0.062500
0 0.509375 0.263672 0.050000 0.062500
0 0.532813 0.246094 0.050000 0.062500
0 0.453125 0.285156 0.050000 0.062500
0 0.489063 0.208984 0.050000 0.062500
0 0.823438 0.236328 0.050000 0.062500
0 0.675000 0.187500 0.050000 0.062500
0 0.689063 0.085938 0.050000 0.062500
0 0.575000 0.744141 0.050000 0.062500
0 0.559375 0.691406 0.050000 0.062500
0 0.485938 0.669922 0.050000 0.062500
0 0.354687 0.738281 0.050000 0.062500
0 0.371875 0.732422 0.050000 0.062500
0 0.387500 0.726562 0.050000 0.062500
0 0.820312 0.023438 0.050000 0.046875
0 0.684375 0.355469 0.050000 0.062500
0 0.320312 0.349609 0.050000 0.062500
0 0.340625 0.357422 0.050000 0.062500
0 0.064062 0.806641 0.050000 0.062500
0 0.081250 0.804688 0.050000 0.062500
0 0.931250 0.871094 0.050000 0.062500
