0 0.306250 0.119141 0.050000 0.062500
0 0.328125 0.132812 0.050000 0.062500
0 0.268750 0.269531 0.050000 0.062500
0 0.293750 0.570312 0.050000 0.062500
0 0.576562 0.693359 0.050000 0.062500
0 0.576562 0.744141 0.050000 0.062500
0 0.610938 0.732422 0.050000 0.062500
0 0.726562 0.855469 0.050000 0.062500
0 0.801562 0.968750 0.050000 0.062500
0 0.818750 0.968750 0.050000 0.062500
0 0.839063 0.972656 0.050000 0.054688
0 0.925000 0.755859 0.050000 0.062500
0 0.935937 0.773438 0.050000 0.062500
0 0.885938 0.205078 0.050000 0.062500
0 0.820312 0.230469 0.050000 0.062500
0 0.468750 0.082031 0.050000 0.062500
0 0.451562 0.085938 0.050000 0.062500
0 0.498437 0.082031 0.050000 0.062500
0 0.514062 0.076172 0.050000 0.062500
0 0.568750 0.089844 0.050000 0.062500
0 0.679688 0.039062 0.050000 0.062500
0 0.706250 0.105469 0.050000 0.062500
0 0.835938 0.050781 0.050000 0.062500
0 0.756250 0.160156 0.050000 0.062500
0 0.731250 0.212891 0.050000 0.062500
0 0.751563 0.208984 0.050000 0.062500
0 0.826562 0.019531 0.050000 0.039062
0 0.618750 0.126953 0.050000 0.062500
0 0.581250 0.125000 0.050000 0.062500
0 0.560937 0.160156 0.050000 0.062500
0 0.689063 0.220703 0.050000 0.062500
0 0.673438 0.187500 0.050000 0.062500
0 0.573438 0.359375 0.050000 0.062500
0 0.262500 0.236328 0.050000 0.062500
0 0.273438 0.355469 0.050000 0.062500
0 0.289062 0.355469 0.050000 0.062500
0 0.310937 0.382812 0.050000 0.062500
0 0.326562 0.375000 0.050000 0.062500
0 0.342187 0.388672 0.050000 0.062500
0 0.357812 0.375000 0.050000 0.062500
0 0.329688 0.513672 0.050000 0.062500
0 0.282813 0.621094 0.050000 0.062500
0 0.387500 0.746094 0.050000 0.062500
0 0.362500 0.496094 0.050000 0.062500
0 0.257812 0.656250 0.050000 0.062500
0 0.375000 0.751953 0.050000 0.062500
0 0.360938 0.792969 0.050000 0.062500
0 0.495312 0.691406 0.050000 0.062500
0 0.490625 0.730469 0.050000 0.062500
0 0.506250 0.728516 0.050000 0.062500
0 0.490625 0.146484 0.050000 0.062500
0 0.490625 0.214844 0.050000 0.062500
0 0.506250 0.261719 0.050000 0.062500
0 0.453125 0.281250 0.050000 0.062500
0 0.689063 0.082031 0.050000 0.062500
0 0.242188 0.554688 0.050000 0.062500
0 0.064062 0.828125 0.050000 0.062500
0 0.473438 0.113281 0.050000 0.062500
0 0.551562 0.048828 0.050000 0.062500
0 0.532813 0.248047 0.050000 0.062500
0 0.621875 0.093750 0.050000 0.062500
0 0.081250 0.828125 0.050000 0.062500
0 0.929688 0.863281 0.050000 0.062500
