0 0.332813 0.701172 0.050000 0.062500
0 0.359375 0.703125 0.050000 0.062500
0 0.670312 0.621094 0.050000 0.062500
0 0.689063 0.572266 0.050000 0.062500
0 0.968750 0.291016 0.050000 0.062500
0 0.980469 0.216797 0.039062 0.062500
0 0.973437 0.167969 0.050000 0.062500
0 0.946875 0.136719 0.050000 0.062500
0 0.271875 0.179688 0.050000 0.062500
0 0.189062 0.447266 0.050000 0.062500
0 0.168750 0.416016 0.050000 0.062500
0 0.017969 0.283203 0.035937 0.062500
0 0.140625 0.107422 0.050000 0.062500
0 0.184375 0.105469 0.050000 0.062500
0 0.246875 0.021484 0.050000 0.042969
0 0.178125 0.033203 0.050000 0.062500
0 0.156250 0.017578 0.050000 0.035156
0 0.478125 0.054688 0.050000 0.062500
