0 0.045312 0.037109 0.050000 0.062500
0 0.081250 0.056641 0.050000 0.062500
0 0.135937 0.085938 0.050000 0.062500
0 0.234375 0.044922 0.050000 0.062500
0 0.239063 0.060547 0.050000 0.062500
0 0.196875 0.113281 0.050000 0.062500
0 0.354687 0.085938 0.050000 0.062500
0 0.557813 0.105469 0.050000 0.062500
0 0.579688 0.169922 0.050000 0.062500
0 0.075000 0.619141 0.050000 0.062500
0 0.198437 0.591797 0.050000 0.062500
0 0.234375 0.660156 0.050000 0.062500
0 0.209375 0.835938 0.050000 0.062500
0 0.173437 0.861328 0.050000 0.062500
0 0.139063 0.880859 0.050000 0.062500
0 0.040625 0.871094 0.050000 0.062500
0 0.090625 0.117188 0.050000 0.062500
0 0.325000 0.022461 0.050000 0.044922
0 0.493750 0.166016 0.050000 0.062500
0 0.231250 0.281250 0.050000 0.062500
0 0.275000 0.396484 0.050000 0.062500
0 0.317188 0.521484 0.050000 0.062500
0 0.675000 0.613281 0.050000 0.062500
0 0.679688 0.634766 0.050000 0.062500
0 0.760938 0.574219 0.050000 0.062500
0 0.812500 0.738281 0.050000 0.062500
0 0.842187 0.726562 0.050000 0.062500
0 0.965625 0.710938 0.050000 0.062500
0 0.903125 0.578125 0.050000 0.062500
0 0.954688 0.576172 0.050000 0.062500
0 0.909375 0.490234 0.050000 0.062500
0 0.820312 0.544922 0.050000 0.062500
0 0.825000 0.419922 0.050000 0.062500
0 0.809375 0.382812 0.050000 0.062500
0 0.912500 0.072266 0.050000 0.062500
0 0.959375 0.091797 0.050000 0.062500
0 0.812500 0.154297 0.050000 0.062500
0 0.812500 0.134766 0.050000 0.062500
0 0.812500 0.115234 0.050000 0.062500
0 0.896875 0.173828 0.050000 0.062500
0 0.718750 0.308594 0.050000 0.062500
0 0.743750 0.291016 0.050000 0.062500
0 0.750000 0.220703 0.050000 0.062500
0 0.751563 0.173828 0.050000 0.062500
0 0.889062 0.332031 0.050000 0.062500
0 0.845313 0.404297 0.050000 0.062500
0 0.851562 0.443359 0.050000 0.062500
0 0.940625 0.414062 0.050000 0.062500
0 0.895312 0.458984 0.050000 0.062500
0 0.946875 0.517578 0.050000 0.062500
0 0.895312 0.656250 0.050000 0.062500
0 0.662500 0.718750 0.050000 0.062500
0 0.717187 0.730469 0.050000 0.062500
0 0.665625 0.697266 0.050000 0.062500
0 0.737500 0.480469 0.050000 0.062500
0 0.740625 0.429688 0.050000 0.062500
0 0.775000 0.476562 0.050000 0.062500
0 0.775000 0.412109 0.050000 0.062500
0 0.784375 0.326172 0.050000 0.062500
0 0.781250 0.304688 0.050000 0.062500
0 0.773438 0.275391 0.050000 0.062500
0 0.762500 0.261719 0.050000 0.062500
0 0.764062 0.220703 0.050000 0.062500
0 0.715625 0.187500 0.050000 0.062500
0 0.578125 0.220703 0.050000 0.062500
0 0.471875 0.199219 0.050000 0.062500
0 0.950000 0.376953 0.050000 0.062500
0 0.909375 0.375000 0.050000 0.062500
0 0.896875 0.431641 0.050000 0.062500
0 0.917188 0.468750 0.050000 0.062500
0 0.932813 0.490234 0.050000 0.062500
0 0.864062 0.683594 0.050000 0.062500
0 0.860938 0.716797 0.050000 0.062500
0 0.778125 0.550781 0.050000 0.062500
0 0.668750 0.578125 0.050000 0.062500
0 0.635938 0.550781 0.050000 0.062500
0 0.539062 0.537109 0.050000 0.062500
0 0.554688 0.435547 0.050000 0.062500
0 0.978125 0.769531 0.043750 0.062500
0 0.940625 0.546875 0.050000 0.062500
0 0.882812 0.531250 0.050000 0.062500
0 0.862500 0.509766 0.050000 0.062500
0 0.853125 0.548828 0.050000 0.062500
0 0.912500 0.394531 0.050000 0.062500
0 0.823438 0.439453 0.050000 0.062500
0 0.735938 0.156250 0.050000 0.062500
0 0.275000 0.375000 0.050000 0.062500
0 0.271875 0.357422 0.050000 0.062500
0 0.243750 0.347656 0.050000 0.062500
0 0.282813 0.339844 0.050000 0.062500
