0 0.940625 0.089844 0.050000 0.062500
0 0.892188 0.054688 0.050000 0.062500
0 0.978906 0.134766 0.042188 0.062500
0 0.878125 0.173828 0.050000 0.062500
0 0.790625 0.152344 0.050000 0.062500
0 0.792188 0.132812 0.050000 0.062500
0 0.787500 0.113281 0.050000 0.062500
0 0.725000 0.177734 0.050000 0.062500
0 0.687500 0.187500 0.050000 0.062500
0 0.760938 0.238281 0.050000 0.062500
0 0.775000 0.226562 0.050000 0.062500
0 0.551562 0.167969 0.050000 0.062500
0 0.571875 0.218750 0.050000 0.062500
0 0.543750 0.101562 0.050000 0.062500
0 0.470313 0.166016 0.050000 0.062500
0 0.270313 0.398438 0.050000 0.062500
0 0.307812 0.517578 0.050000 0.062500
0 0.204687 0.595703 0.050000 0.062500
0 0.234375 0.660156 0.050000 0.062500
0 0.085938 0.634766 0.050000 0.062500
0 0.142187 0.845703 0.050000 0.062500
0 0.189062 0.837891 0.050000 0.062500
0 0.139063 0.880859 0.050000 0.062500
0 0.051562 0.886719 0.050000 0.062500
0 0.137500 0.957031 0.050000 0.062500
0 0.217188 0.281250 0.050000 0.062500
0 0.270313 0.380859 0.050000 0.062500
0 0.262500 0.365234 0.050000 0.062500
0 0.240625 0.351562 0.050000 0.062500
0 0.278125 0.347656 0.050000 0.062500
0 0.332813 0.080078 0.050000 0.062500
0 0.210938 0.044922 0.050000 0.062500
0 0.173437 0.113281 0.050000 0.062500
0 0.181250 0.167969 0.050000 0.062500
0 0.168750 0.091797 0.050000 0.062500
0 0.209375 0.064453 0.050000 0.062500
0 0.109375 0.085938 0.050000 0.062500
0 0.060937 0.054688 0.050000 0.062500
0 0.078125 0.125000 0.050000 0.062500
0 0.554688 0.439453 0.050000 0.062500
0 0.714063 0.312500 0.050000 0.062500
0 0.743750 0.291016 0.050000 0.062500
0 0.759375 0.263672 0.050000 0.062500
0 0.770312 0.275391 0.050000 0.062500
0 0.781250 0.304688 0.050000 0.062500
0 0.782813 0.322266 0.050000 0.062500
0 0.890625 0.337891 0.050000 0.062500
0 0.903125 0.378906 0.050000 0.062500
0 0.917188 0.402344 0.050000 0.062500
0 0.890625 0.427734 0.050000 0.062500
0 0.893750 0.455078 0.050000 0.062500
0 0.917188 0.470703 0.050000 0.062500
0 0.904687 0.492188 0.050000 0.062500
0 0.942187 0.513672 0.050000 0.062500
0 0.934375 0.546875 0.050000 0.062500
0 0.959375 0.578125 0.050000 0.062500
0 0.900000 0.582031 0.050000 0.062500
0 0.887500 0.658203 0.050000 0.062500
0 0.865625 0.685547 0.050000 0.062500
0 0.842187 0.726562 0.050000 0.062500
0 0.857812 0.712891 0.050000 0.062500
0 0.807813 0.742188 0.050000 0.062500
0 0.717187 0.728516 0.050000 0.062500
0 0.654687 0.724609 0.050000 0.062500
0 0.659375 0.697266 0.050000 0.062500
0 0.678125 0.632812 0.050000 0.062500
0 0.673438 0.611328 0.050000 0.062500
0 0.539062 0.537109 0.050000 0.062500
0 0.773438 0.402344 0.050000 0.062500
0 0.804688 0.384766 0.050000 0.062500
0 0.732812 0.425781 0.050000 0.062500
0 0.732812 0.490234 0.050000 0.062500
0 0.770312 0.470703 0.050000 0.062500
0 0.750000 0.576172 0.050000 0.062500
0 0.812500 0.554688 0.050000 0.062500
0 0.853125 0.544922 0.050000 0.062500
0 0.882812 0.531250 0.050000 0.062500
0 0.857812 0.503906 0.050000 0.062500
0 0.851562 0.451172 0.050000 0.062500
0 0.821875 0.449219 0.050000 0.062500
0 0.821875 0.425781 0.050000 0.062500
0 0.840625 0.402344 0.050000 0.062500
0 0.942187 0.417969 0.050000 0.062500
0 0.953125 0.388672 0.050000 0.062500
0 0.942187 0.365234 0.050000 0.062500
0 0.775000 0.552734 0.050000 0.062500
0 0.656250 0.492188 0.050000 0.062500
0 0.631250 0.554688 0.050000 0.062500
0 0.664062 0.580078 0.050000 0.062500
0 0.646875 0.576172 0.050000 0.062500
0 0.948438 0.722656 0.050000 0.062500
