0 0.032813 0.058594 0.050000 0.062500
0 0.073438 0.089844 0.050000 0.062500
0 0.175000 0.039062 0.050000 0.062500
0 0.182812 0.062500 0.050000 0.062500
0 0.128125 0.089844 0.050000 0.062500
0 0.053125 0.121094 0.050000 0.062500
0 0.139063 0.113281 0.050000 0.062500
0 0.129688 0.132812 0.050000 0.062500
0 0.156250 0.166016 0.050000 0.062500
0 0.434375 0.154297 0.050000 0.062500
0 0.532813 0.101562 0.050000 0.062500
0 0.517188 0.169922 0.050000 0.062500
0 0.700000 0.171875 0.050000 0.062500
0 0.631250 0.173828 0.050000 0.062500
0 0.753125 0.109375 0.050000 0.062500
0 0.756250 0.132812 0.050000 0.062500
0 0.757812 0.150391 0.050000 0.062500
0 0.857812 0.048828 0.050000 0.062500
0 0.921875 0.072266 0.050000 0.062500
0 0.970313 0.039062 0.050000 0.062500
0 0.920312 0.132812 0.050000 0.062500
0 0.860938 0.164062 0.050000 0.062500
0 0.292187 0.080078 0.050000 0.062500
0 0.420312 0.185547 0.050000 0.062500
0 0.557813 0.212891 0.050000 0.062500
0 0.553125 0.431641 0.050000 0.062500
0 0.531250 0.531250 0.050000 0.062500
0 0.625000 0.564453 0.050000 0.062500
0 0.673438 0.607422 0.050000 0.062500
0 0.681250 0.632812 0.050000 0.062500
0 0.657813 0.724609 0.050000 0.062500
0 0.657813 0.697266 0.050000 0.062500
0 0.715625 0.734375 0.050000 0.062500
0 0.248438 0.570312 0.050000 0.062500
0 0.306250 0.515625 0.050000 0.062500
0 0.248438 0.666016 0.050000 0.062500
0 0.223438 0.388672 0.050000 0.062500
0 0.110937 0.658203 0.050000 0.062500
0 0.173437 0.833984 0.050000 0.062500
0 0.092188 0.818359 0.050000 0.062500
0 0.060937 0.902344 0.050000 0.062500
0 0.160938 0.947266 0.050000 0.062500
0 0.664062 0.578125 0.050000 0.062500
0 0.646875 0.572266 0.050000 0.062500
0 0.753125 0.570312 0.050000 0.062500
0 0.771875 0.558594 0.050000 0.062500
0 0.817187 0.548828 0.050000 0.062500
0 0.810937 0.742188 0.050000 0.062500
0 0.840625 0.720703 0.050000 0.062500
0 0.851562 0.697266 0.050000 0.062500
0 0.865625 0.681641 0.050000 0.062500
0 0.929688 0.722656 0.050000 0.062500
0 0.893750 0.660156 0.050000 0.062500
0 0.904687 0.585938 0.050000 0.062500
0 0.956250 0.582031 0.050000 0.062500
0 0.940625 0.544922 0.050000 0.062500
0 0.946875 0.521484 0.050000 0.062500
0 0.853125 0.548828 0.050000 0.062500
0 0.882812 0.531250 0.050000 0.062500
0 0.859375 0.509766 0.050000 0.062500
0 0.773438 0.470703 0.050000 0.062500
0 0.726562 0.478516 0.050000 0.062500
0 0.737500 0.423828 0.050000 0.062500
0 0.771875 0.400391 0.050000 0.062500
0 0.803125 0.378906 0.050000 0.062500
0 0.840625 0.398438 0.050000 0.062500
0 0.820312 0.429688 0.050000 0.062500
0 0.818750 0.447266 0.050000 0.062500
0 0.792188 0.240234 0.050000 0.062500
0 0.784375 0.248047 0.050000 0.062500
0 0.764062 0.263672 0.050000 0.062500
0 0.770312 0.277344 0.050000 0.062500
0 0.742188 0.287109 0.050000 0.062500
0 0.781250 0.308594 0.050000 0.062500
0 0.790625 0.326172 0.050000 0.062500
0 0.718750 0.312500 0.050000 0.062500
0 0.893750 0.328125 0.050000 0.062500
0 0.909375 0.375000 0.050000 0.062500
0 0.851562 0.447266 0.050000 0.062500
0 0.904687 0.496094 0.050000 0.062500
0 0.914062 0.470703 0.050000 0.062500
0 0.893750 0.455078 0.050000 0.062500
0 0.914062 0.408203 0.050000 0.062500
0 0.893750 0.431641 0.050000 0.062500
0 0.950000 0.416016 0.050000 0.062500
0 0.950000 0.390625 0.050000 0.062500
0 0.946875 0.369141 0.050000 0.062500
0 0.264062 0.396484 0.050000 0.062500
0 0.267188 0.384766 0.050000 0.062500
0 0.270313 0.369141 0.050000 0.062500
0 0.292187 0.355469 0.050000 0.062500
0 0.214062 0.257812 0.050000 0.062500
0 0.643750 0.355469 0.050000 0.062500
