0 0.679688 0.582031 0.050000 0.062500
0 0.331250 0.699219 0.050000 0.062500
0 0.357812 0.705078 0.050000 0.062500
0 0.170313 0.494141 0.050000 0.062500
0 0.142187 0.460938 0.050000 0.062500
0 0.265625 0.179688 0.050000 0.062500
0 0.957812 0.287109 0.050000 0.062500
0 0.977344 0.218750 0.045312 0.062500
0 0.967187 0.167969 0.050000 0.062500
0 0.953125 0.148438 0.050000 0.062500
0 0.943750 0.119141 0.050000 0.062500
0 0.465625 0.070312 0.050000 0.062500
0 0.221875 0.025391 0.050000 0.050781
0 0.193750 0.103516 0.050000 0.062500
0 0.162500 0.085938 0.050000 0.062500
0 0.157812 0.029297 0.050000 0.058594
0 0.646875 0.613281 0.050000 0.062500
