0 0.106250 0.050781 0.050000 0.062500
0 0.112500 0.074219 0.050000 0.062500
0 0.076563 0.150391 0.050000 0.062500
0 0.203125 0.230469 0.050000 0.062500
0 0.296875 0.294922 0.050000 0.062500
0 0.262500 0.212891 0.050000 0.062500
0 0.104688 0.347656 0.050000 0.062500
0 0.353125 0.388672 0.050000 0.062500
0 0.423438 0.107422 0.050000 0.062500
0 0.464062 0.056641 0.050000 0.062500
0 0.635938 0.410156 0.050000 0.062500
0 0.531250 0.728516 0.050000 0.062500
0 0.523438 0.707031 0.050000 0.062500
0 0.810937 0.763672 0.050000 0.062500
0 0.640625 0.623047 0.050000 0.062500
0 0.376563 0.978516 0.050000 0.042969
0 0.268750 0.976562 0.050000 0.046875
0 0.268750 0.976562 0.050000 0.046875
0 0.281250 0.981445 0.050000 0.037109
0 0.201563 0.945312 0.050000 0.062500
0 0.154688 0.951172 0.050000 0.062500
0 0.134375 0.845703 0.050000 0.062500
0 0.150000 0.781250 0.050000 0.062500
0 0.096875 0.767578 0.050000 0.062500
0 0.106250 0.892578 0.050000 0.062500
0 0.067187 0.937500 0.050000 0.062500
0 0.270313 0.433594 0.050000 0.062500
0 0.145313 0.515625 0.050000 0.062500
0 0.017188 0.611328 0.034375 0.062500
0 0.273438 0.417969 0.050000 0.062500
0 0.848437 0.041016 0.050000 0.062500
0 0.837500 0.027344 0.050000 0.054688
