0 0.139063 0.028320 0.050000 0.056641
0 0.123438 0.030273 0.050000 0.060547
0 0.192188 0.015625 0.050000 0.031250
0 0.492188 0.033203 0.050000 0.062500
0 0.454688 0.117188 0.050000 0.062500
0 0.856250 0.060547 0.050000 0.062500
0 0.859375 0.026367 0.050000 0.052734
0 0.290625 0.212891 0.050000 0.062500
0 0.301563 0.228516 0.050000 0.062500
0 0.228125 0.236328 0.050000 0.062500
0 0.351562 0.333984 0.050000 0.062500
0 0.378125 0.437500 0.050000 0.062500
0 0.645312 0.419922 0.050000 0.062500
0 0.645312 0.648438 0.050000 0.062500
0 0.545312 0.687500 0.050000 0.062500
0 0.557813 0.705078 0.050000 0.062500
0 0.825000 0.751953 0.050000 0.062500
0 0.381250 0.971680 0.050000 0.056641
0 0.350000 0.982422 0.050000 0.035156
0 0.275000 0.970703 0.050000 0.058594
0 0.275000 0.970703 0.050000 0.058594
0 0.210938 0.931641 0.050000 0.062500
0 0.145313 0.837891 0.050000 0.062500
0 0.168750 0.941406 0.050000 0.062500
0 0.162500 0.773438 0.050000 0.062500
0 0.109375 0.753906 0.050000 0.062500
0 0.114062 0.876953 0.050000 0.062500
0 0.087500 0.921875 0.050000 0.062500
0 0.017188 0.599609 0.034375 0.062500
0 0.121875 0.490234 0.050000 0.062500
0 0.265625 0.406250 0.050000 0.062500
0 0.262500 0.378906 0.050000 0.062500
0 0.096875 0.316406 0.050000 0.062500
0 0.089063 0.148438 0.050000 0.062500
0 0.012500 0.755859 0.025000 0.062500
0 0.014063 0.785156 0.028125 0.062500
0 0.014063 0.832031 0.028125 0.062500
0 0.287500 0.978516 0.050000 0.042969
