1 0.5875 0.2978515625 0.05 0.048828125
1 0.578125 0.275390625 0.053125 0.04296875
1 0.55859375 0.2333984375 0.0484375 0.048828125
1 0.55390625 0.2119140625 0.0546875 0.048828125
1 0.53828125 0.1875 0.0578125 0.0546875
1 0.52578125 0.158203125 0.0578125 0.0546875
1 0.51328125 0.1416015625 0.0421875 0.041015625
1 0.50390625 0.119140625 0.0578125 0.0625
1 0.4921875 0.044921875 0.046875 0.046875
1 0.47421875 0.0234375 0.0484375 0.046875
1 0.4578125 0.0732421875 0.034375 0.056640625
1 0.409375 0.1025390625 0.046875 0.056640625
1 0.37265625 0.115234375 0.0390625 0.0625
1 0.28046875 0.1640625 0.0421875 0.05859375
1 0.21796875 0.1904296875 0.0484375 0.048828125
1 0.17734375 0.21484375 0.0390625 0.0546875
1 0.2765625 0.2294921875 0.05 0.052734375
1 0.29765625 0.28125 0.0453125 0.046875
1 0.34765625 0.2548828125 0.0578125 0.068359375
1 0.31875 0.3232421875 0.046875 0.064453125
1 0.36875 0.2978515625 0.046875 0.052734375
1 0.38359375 0.310546875 0.0546875 0.0625
1 0.396875 0.333984375 0.05 0.04296875
1 0.40546875 0.3505859375 0.0578125 0.048828125
1 0.4140625 0.37109375 0.05 0.046875
1 0.41953125 0.392578125 0.0546875 0.046875
1 0.2203125 0.466796875 0.040625 0.02734375
1 0.221875 0.4306640625 0.053125 0.052734375
1 0.2046875 0.412109375 0.040625 0.0390625
1 0.1953125 0.38671875 0.05 0.02734375
1 0.19296875 0.359375 0.0515625 0.046875
1 0.1859375 0.3291015625 0.053125 0.048828125
1 0.1640625 0.2783203125 0.046875 0.044921875
1 0.76796875 0.767578125 0.0734375 0.171875
1 0.74296875 0.9619140625 0.0546875 0.068359375
